1.666666666666666574e-01
5.976732345604318652e-01
8.604743029060767379e-01
1.105769922485772883e+00
1.280452306473291557e+00
1.400537107236588197e+00
1.514282516873227902e+00
1.575291296023059395e+00
1.633617311492519431e+00
1.709978902728262806e+00
1.738249256170276924e+00
1.733017170616508951e+00
1.755062229710500521e+00
1.770102557641113572e+00
1.770365543441870804e+00
1.779748535115564412e+00
1.803595232492995803e+00
1.802322644897316861e+00
1.802147533663203793e+00
1.835639886680584310e+00
1.851153403744882242e+00
1.824322617372674538e+00
1.789516993805774892e+00
1.816047958483789193e+00
1.800624217666617399e+00
1.821494035068569994e+00
1.812031946244679004e+00
1.827490166450840503e+00
1.858607633133924741e+00
1.841982126660260732e+00
1.824158144055799236e+00
1.829950107233659029e+00
1.769049328477726668e+00
1.778712164166690091e+00
1.760879142863372326e+00
1.801479653162622929e+00
1.822044493604236592e+00
1.824168696737785034e+00
1.839716905479610531e+00
1.815910274242670042e+00
1.820038052209896229e+00
1.815150923854271570e+00
1.850433712769808059e+00
1.835458263882942642e+00
1.799004329244733524e+00
1.803982958108075740e+00
1.843607219781358220e+00
1.805102796176688784e+00
1.818436075135166030e+00
1.810591702131317593e+00
1.796935641948467666e+00
1.850588786409568254e+00
1.833045086827182812e+00
1.877345487626333576e+00
1.829271068615741180e+00
1.827214439702235182e+00
1.775780138557943921e+00
1.788096394169139236e+00
1.775360597532616547e+00
1.766494120853188132e+00
1.752966909001593354e+00
1.742934046410932636e+00
1.767265814556613135e+00
1.784299947305820533e+00
1.794781370544759502e+00
1.818257934215025351e+00
1.817680476348011442e+00
1.811845221410748774e+00
1.843442324556958667e+00
1.840561014077094937e+00
1.831192792955636195e+00
1.821277918216572589e+00
1.825982167153952895e+00
1.862253972937777169e+00
1.856415963727122698e+00
1.828901690474067143e+00
1.829746051364666393e+00
1.835638622347974369e+00
1.819084816580633701e+00
1.837143612231034950e+00
1.806630814973791521e+00
1.805494171744637999e+00
1.824565884988959219e+00
1.839279542626997221e+00
1.827164242343315426e+00
1.805124420216472680e+00
1.800591062873244441e+00
1.850455930344821809e+00
1.855976453030864892e+00
1.830211277245842982e+00
1.843358546197278347e+00
1.847286032689837931e+00
1.869070624296462091e+00
1.841648721683329715e+00
1.809081415922507707e+00
1.777665704764281651e+00
1.744777278883730576e+00
1.758681560237874253e+00
1.798275735915131790e+00
1.845393926265692874e+00
1.846668517403070808e+00
1.857093875589646004e+00
1.843015827641714122e+00
1.805280992759286329e+00
1.812990116090754000e+00
1.832390470205969901e+00
1.807444765817215915e+00
1.816532687304541316e+00
1.768223727596764494e+00
1.792511000798537424e+00
1.784038081609452542e+00
1.773856904809281820e+00
1.778292452208199315e+00
1.784762313168839265e+00
1.799682021160118328e+00
1.860252392918946063e+00
1.822312042807593846e+00
1.775989387183678048e+00
1.776987756285302478e+00
1.788634233915978422e+00
1.809340148576166873e+00
1.801370066461492447e+00
1.770449366933406488e+00
1.751055911107626706e+00
1.754432844382054268e+00
1.750557896698842208e+00
1.749542466161059906e+00
1.714189484958052789e+00
1.739060783450810055e+00
1.785509650382723468e+00
1.774345349860481313e+00
1.802889156074259036e+00
1.792555697810240600e+00
1.785592618963872669e+00
1.812191286844787363e+00
1.776620413129336384e+00
1.794164296767903899e+00
1.764502243986960650e+00
1.769748969561458996e+00
1.793206194657455121e+00
1.802093706222080760e+00
1.829368581410244943e+00
1.815200942698016018e+00
1.808275416196188701e+00
1.795569724357770403e+00
1.814293487004763117e+00
1.856666278983242657e+00
1.841406872687125995e+00
1.884230665129127402e+00
1.875248835282510962e+00
1.824288183438917965e+00
1.833546465197985587e+00
1.830531344627270851e+00
1.837410218798763761e+00
1.798256081498506687e+00
1.763656342717215164e+00
1.730697183275343054e+00
1.753435136175635733e+00
1.756560128540081367e+00
1.762911477480153533e+00
1.777223500092606212e+00
1.757470063153339090e+00
1.753429584722932422e+00
1.766170789071108693e+00
1.784801496328061621e+00
1.786904087621815851e+00
1.791137750505507720e+00
1.787727941719784219e+00
1.789283251983847522e+00
1.790414987769093802e+00
1.811361234711996504e+00
1.817033022748788307e+00
1.846050875672744507e+00
1.836388548700063739e+00
1.819004931158136218e+00
1.794244485456911953e+00
1.832611701571843721e+00
1.802792163446087503e+00
1.799863473884066867e+00
1.774342039217256639e+00
1.800083136143585838e+00
1.807980917467189697e+00
1.815926328959241776e+00
1.799719834504762250e+00
1.807429890713151854e+00
1.808381690917490570e+00
1.802779014460919926e+00
1.796679448337265228e+00
1.810520181453776356e+00
1.819827616405846005e+00
1.824800515156150826e+00
1.835762491500734006e+00
1.827974668595886421e+00
1.805647262478378146e+00
1.813303934537142226e+00
1.833834937812949706e+00
1.803385204630172600e+00
1.807160727930614552e+00
1.808683757508842138e+00
1.827292392853026692e+00
1.838169808737004862e+00
1.811393982240809164e+00
1.813021844228245305e+00
1.822842660760108258e+00
1.828177928393935003e+00
1.795603124279690377e+00
1.826215696301300317e+00
1.873511374951525310e+00
1.822070068561170375e+00
1.844994935816328452e+00
1.834946614145525512e+00
1.844571449316388945e+00
1.877821680888863254e+00
1.851972815643056380e+00
1.838451290921542469e+00
1.810134168011304778e+00
1.810125165396195612e+00
1.826007414774684756e+00
1.834688552799941252e+00
1.832257280068927408e+00
1.833836048001339813e+00
1.802098689006631504e+00
1.814264886254277842e+00
1.821702916649088566e+00
1.785893448764786617e+00
1.779939853068778666e+00
1.803326270990352143e+00
1.787778688391823856e+00
1.821085322057344413e+00
1.819215574345944386e+00
1.802639063944405429e+00
1.774823498065554839e+00
1.753465348098539378e+00
1.735367032062190118e+00
1.784355525746220028e+00
1.779218962984128849e+00
1.829133540460573970e+00
1.828748345737015946e+00
1.828777998931761850e+00
1.851460721170680168e+00
1.826464959054062476e+00
1.865622826118120692e+00
1.889747014839393113e+00
1.865842507905362879e+00
1.818156214492476552e+00
1.790171992250480626e+00
1.824295757911710725e+00
1.829380472838438632e+00
1.809305201375723149e+00
1.798380619959027538e+00
1.795191094906495088e+00
1.826052507793302970e+00
1.820054916684807900e+00
1.836370369022324534e+00
1.815639031862934960e+00
1.843194148878637639e+00
1.836519565327436654e+00
1.819332880374575412e+00
1.863960124344608449e+00
1.836276931996349226e+00
1.816687981771050175e+00
1.822286292923635198e+00
1.866212731614305564e+00
1.801931530900156009e+00
1.776751698329324558e+00
1.823652804239729752e+00
1.799459235137244484e+00
1.802055332624933115e+00
1.800408289990802269e+00
1.771637105029893355e+00
1.775573042127758461e+00
1.776149101868700564e+00
1.821295909281937409e+00
1.854245699300437922e+00
1.847432134086182565e+00
1.820852339720176793e+00
1.885943143103057995e+00
1.870169671099153108e+00
1.852396380626727179e+00
1.821072767665379954e+00
1.810987321954789397e+00
1.814659054715167086e+00
1.799850946794974149e+00
1.786531150874642426e+00
1.768389124029069448e+00
1.759568794216409326e+00
1.759910507478843034e+00
1.753540516681046491e+00
1.751137397382261041e+00
1.749554579194334103e+00
1.798702825417452411e+00
1.797902651805378893e+00
1.793278564845121936e+00
1.844595933067493032e+00
1.845869700838848715e+00
1.822077277478744817e+00
1.819602424452355871e+00
1.805822793765507139e+00
1.818478843097825592e+00
1.848429372615803645e+00
1.833061341766185182e+00
1.817627384024281145e+00
1.786641162790460147e+00
1.767336492896273592e+00
1.825392179905819701e+00
1.827303397956929087e+00
1.792680266609874451e+00
1.779664326315199219e+00
1.767672291186822120e+00
1.784933634947169390e+00
1.758159287930035175e+00
1.801038139132177252e+00
1.811458330417021534e+00
1.811641769038188521e+00
1.802525267034216006e+00
1.803933918552527604e+00
1.745971997095835171e+00
1.753738808904312663e+00
1.800683522925655700e+00
1.821493426181183262e+00
1.819634831816501430e+00
1.803576339835815112e+00
1.817954468784597877e+00
1.844895550659085837e+00
1.817047891306085239e+00
1.782587184313588091e+00
1.792011806291644804e+00
1.775783366032572141e+00
1.792985023983431958e+00
1.840131058999722846e+00
1.829291757560638887e+00
1.829544956778116571e+00
1.803207679449014167e+00
1.785496234497304879e+00
1.783967553114689020e+00
1.803502678277385973e+00
1.789722284595973045e+00
1.778414275206666062e+00
1.741808089076455124e+00
1.763178570246121124e+00
1.762604420757659662e+00
1.755315547732202885e+00
1.775981437660381079e+00
1.773833089373862970e+00
1.789365574397167480e+00
1.800122798269016888e+00
1.831172126280582901e+00
1.810906574802747748e+00
1.788475488313306050e+00
1.817627339225030392e+00
1.785273619901878384e+00
1.741705911015866803e+00
1.753824240059287387e+00
1.771327616613962208e+00
1.782138237666387903e+00
1.782108495944200399e+00
1.812260825984864709e+00
1.799965458440748289e+00
1.800445291813844273e+00
1.781122929577999336e+00
1.767241244943801970e+00
1.765329872316718784e+00
1.763196015846911102e+00
1.749006505362499908e+00
1.797649480257327070e+00
1.817938480219337238e+00
1.823273246218804378e+00
1.832948776481505115e+00
1.869744626038970070e+00
1.871646538334420740e+00
1.864365488261608528e+00
1.877413667184171686e+00
1.921013705634265323e+00
1.887712371544151058e+00
1.852551622780640228e+00
1.815424947004334877e+00
1.816803520148008166e+00
1.819274617186960485e+00
1.849088584692426984e+00
1.849930024622653324e+00
1.852497847444482648e+00
1.836079649920592471e+00
1.828773458918593997e+00
1.813197093045791242e+00
1.828758985820073679e+00
1.844714910504148486e+00
1.790420194976632517e+00
1.827199175123908503e+00
1.785930717307139703e+00
1.769674275668456032e+00
1.784220556124041179e+00
1.798007357587734001e+00
1.770656766976163254e+00
1.778917433493425238e+00
1.787417692583886275e+00
1.810913386593411722e+00
1.791278434827869415e+00
1.783869772581246016e+00
1.789168169613978954e+00
1.790569989104792148e+00
1.838930682420411689e+00
1.791047878396693216e+00
1.752149648476479804e+00
1.793656502459260560e+00
1.772156970591196590e+00
1.783673351149920538e+00
1.784183037382958137e+00
1.767347358768378340e+00
1.727098045366438850e+00
1.764333937015188702e+00
1.754330070554569909e+00
1.782963753585856237e+00
1.764635818917685173e+00
1.808670643075052320e+00
1.790872436824704872e+00
1.785612347495537433e+00
1.804055930165419541e+00
1.838952522841507342e+00
1.857672683755461573e+00
1.905156602555049927e+00
1.861343794072384705e+00
1.806845578306893296e+00
1.779682531214031638e+00
1.808692289955931454e+00
1.835283054070440567e+00
1.805557560950420193e+00
1.838717985770498720e+00
1.819230650490430978e+00
1.788126432592162862e+00
1.792909400453383650e+00
1.802939984569056353e+00
1.818773483024225035e+00
1.841948431604422343e+00
1.851115660348229497e+00
1.818259319588592104e+00
1.855123110034194722e+00
1.896209317954669293e+00
1.826685304555724310e+00
1.767254383375132409e+00
1.750106133191215774e+00
1.729761699367997396e+00
1.764567622014185488e+00
1.772826313181569580e+00
1.765077847448811355e+00
1.755396388253746220e+00
1.767056106686244910e+00
1.752691878973761774e+00
1.767341262512176492e+00
1.800960260148347869e+00
1.809372803655913797e+00
1.810182048062115356e+00
1.795733242864088197e+00
1.764585916503078611e+00
1.727290878356433801e+00
1.711452052800047197e+00
1.730931962644850719e+00
1.766890086104478730e+00
1.755687863023411399e+00
1.765959501218419714e+00
1.779951238936063662e+00
1.726653134237196463e+00
1.724795954756996208e+00
1.729143841412245974e+00
1.725112157160460402e+00
1.741121312168702584e+00
1.740352574758857074e+00
1.820466682783008938e+00
1.822009655588098687e+00
1.800622736059597662e+00
1.828575734393627084e+00
1.833887637530879022e+00
1.851356503408406740e+00
1.806126536694189211e+00
1.805042592007178870e+00
1.793906318389643983e+00
1.784142428882635745e+00
1.783693672211024595e+00
1.766723034908044720e+00
1.814412144675461525e+00
1.828815887689320130e+00
1.840686301870417374e+00
1.851198559343541161e+00
1.804104212376446803e+00
1.829431868674146422e+00
1.836861501878182867e+00
1.863192832769746898e+00
1.865903263010214586e+00
1.839147132786584482e+00
1.828659520420513607e+00
1.830109164904607510e+00
1.792724275493648101e+00
1.831712441381233791e+00
1.807212806424761231e+00
1.772272486858630369e+00
1.761780802438328797e+00
1.772559702243764912e+00
1.782631325009178980e+00
1.791622305602740273e+00
1.793487486572694412e+00
1.824087222316318035e+00
1.829568958663819300e+00
1.790567237471496043e+00
1.784352271255242872e+00
1.841105791489825894e+00
1.837457235339966743e+00
1.833868274231695406e+00
1.769985181634297522e+00
1.763032799961609109e+00
1.781011850561165843e+00
1.773696842387658901e+00
1.773730605189411946e+00
1.775308783262983248e+00
1.795737233888970996e+00
1.810017899454942514e+00
1.803330027808964342e+00
1.811112642817491958e+00
1.795989645716604022e+00
1.801386562557233173e+00
1.830155440753243878e+00
1.829664120338657662e+00
1.784193794145477741e+00
1.809598278503983915e+00
1.769231057714767630e+00
1.814015692139808067e+00
1.831163439711771979e+00
1.820278651094831002e+00
1.838459022988015112e+00
1.823682737135846388e+00
1.841309770158421566e+00
1.811504832908776175e+00
1.790049412003302809e+00
1.799404771088627619e+00
1.765281772741145838e+00
1.774901339745561302e+00
1.759791198242525834e+00
1.777215125488751157e+00
1.787964417272569273e+00
1.814016825289093360e+00
1.814897101029336879e+00
1.818857785148616735e+00
1.828572831168396418e+00
1.822663715924827565e+00
1.835177181443726768e+00
1.856169767572904528e+00
1.810919177940597757e+00
1.788921505340699269e+00
1.798176073998702940e+00
1.784220830823257664e+00
1.821234604891120101e+00
1.830927461227585429e+00
1.818923401477421375e+00
1.808977510356642560e+00
1.823455968331332278e+00
1.831177655093449097e+00
1.837349496436282204e+00
1.825982039072802099e+00
1.821509868793687703e+00
1.840568417468311457e+00
1.841646023643768615e+00
1.817567759572420671e+00
1.832145460230086398e+00
1.781046211226892773e+00
1.783532359549763191e+00
1.769976861686954894e+00
1.752902890810625003e+00
1.756290578960232773e+00
1.755689340593489689e+00
1.750252474012103931e+00
1.792240165110822625e+00
1.784184192156600401e+00
1.789034145605501669e+00
1.840777819645927682e+00
1.857752389530810788e+00
1.829019922767763262e+00
1.829563132159695460e+00
1.832810476628106366e+00
1.813194048685324189e+00
1.782715628012353948e+00
1.780828854647817261e+00
1.748090416734562558e+00
1.755547496905549565e+00
1.771641158982098396e+00
1.803917621217257183e+00
1.761933504240988269e+00
1.780790732397411924e+00
1.805146187047384831e+00
1.765633537977344902e+00
1.761288778979063663e+00
1.799365970712557550e+00
1.775520409640986452e+00
1.727194147694260051e+00
1.752281092354663228e+00
1.736571614712482114e+00
1.752751198650891018e+00
1.790926432196864981e+00
1.792414817617374867e+00
1.827247324111535454e+00
1.818917537419092012e+00
1.767328196659849526e+00
1.763349459381446049e+00
1.769747025940342278e+00
1.779277560489949339e+00
1.796762697565547739e+00
1.765270140250728481e+00
1.752610268574171792e+00
1.757922981593426970e+00
1.791717290287924813e+00
1.815504746362309074e+00
1.824439055829509604e+00
1.787284151672944521e+00
1.775156496042785026e+00
1.794196256353801200e+00
1.771860166057694919e+00
1.787217732469837950e+00
1.844557682979074187e+00
1.867391533810147886e+00
1.878881435975471303e+00
1.889639126257332657e+00
1.886171646808125768e+00
1.905054836932359663e+00
1.850136580219917004e+00
1.806146087292267666e+00
1.844995372115686871e+00
1.812709076634764438e+00
1.849475077771549847e+00
1.811982465529481168e+00
1.824992591590516078e+00
1.853092400352191804e+00
1.863012920035215014e+00
1.862896305367321537e+00
1.823365707807074632e+00
1.814617058611458722e+00
1.785177717829953270e+00
1.775012812778568927e+00
1.730346787293191468e+00
1.715703243535958711e+00
1.699625194088126623e+00
1.750200576953134801e+00
1.772918397974888149e+00
1.799272187921198807e+00
1.812193978088905144e+00
1.811947048481824085e+00
1.785560595774122294e+00
1.792484177739883222e+00
1.798995817541005904e+00
1.755688834661479847e+00
1.798396626151052891e+00
1.803829218800241607e+00
1.856491376958173678e+00
1.830432417281040003e+00
1.830297662824117877e+00
1.848284341121064767e+00
1.852763751262986203e+00
1.799276984601627438e+00
1.821639564377621090e+00
1.777231166820423924e+00
1.715471623055719208e+00
1.720295519693016972e+00
1.734247308233331175e+00
1.747559334569803946e+00
1.753848895266821861e+00
1.782374221750641752e+00
1.815241376542175766e+00
1.810904486130251678e+00
1.817949418423743912e+00
1.799128196300952220e+00
1.793154177274914440e+00
1.813805781591953270e+00
1.816748559700135379e+00
1.825648476515068230e+00
1.821446000339943527e+00
1.847043331311447822e+00
1.820013300416049917e+00
1.815074241036974678e+00
1.848931065460699408e+00
1.857300947385030376e+00
1.842462494577517873e+00
1.837378958891048297e+00
1.780319708658348210e+00
1.782004772122928848e+00
1.775240871858522640e+00
1.794772421752557801e+00
1.843901851241787293e+00
1.817413286573862363e+00
1.805348383480087859e+00
1.793433834426621409e+00
1.811317061011336049e+00
1.847739991904110202e+00
1.834742142581352820e+00
1.819335805557413366e+00
1.848034729239224738e+00
1.846769757433132986e+00
1.814960529425108327e+00
1.813118789484220894e+00
1.817970319184595507e+00
1.792571718150082649e+00
1.800323708911439002e+00
1.779110586257894422e+00
1.791658523036679496e+00
1.779704225112914484e+00
1.788186318739672931e+00
1.801799165756635679e+00
1.804148227125351278e+00
1.839950685524586849e+00
1.854351516893711471e+00
1.861964297544220548e+00
1.883030952161898197e+00
1.911180919973507919e+00
1.875459038673766843e+00
1.843758372939154455e+00
1.814028364503474933e+00
1.829617438595862566e+00
1.822365139137836154e+00
1.861200894329779087e+00
1.850030270133386612e+00
1.852412994487919518e+00
1.830973727345686308e+00
1.856060225426260368e+00
1.872389968449800879e+00
1.839473391933478030e+00
1.822803767503897721e+00
1.851053814323739610e+00
1.850550880172187274e+00
1.810424480182875495e+00
1.800971148153591717e+00
1.804459185683582767e+00
1.813165128162811612e+00
1.832154142309130318e+00
1.819483744747754095e+00
1.825201430289737914e+00
1.790816720268996409e+00
1.806882733497036542e+00
1.832763763119355183e+00
1.845675419080419655e+00
1.872281651842995664e+00
1.860364185745756904e+00
1.867792073572650535e+00
1.845862862420699635e+00
1.843987306452553376e+00
1.817189511518487510e+00
1.816525670993448527e+00
1.855903045554445185e+00
1.863341778179244068e+00
1.838712649612112227e+00
1.862869852490060429e+00
1.835329570701931035e+00
1.840743082663358843e+00
1.839351903151737577e+00
1.854713468623743200e+00
1.827643630537679753e+00
1.844500616269005411e+00
1.794543145112628357e+00
1.787056833062837580e+00
1.757034530722131782e+00
1.749740803330499306e+00
1.799638136257822429e+00
1.817658491670726573e+00
1.829181709732509598e+00
1.802861769555150095e+00
1.810669925553321624e+00
1.831455652413669366e+00
1.796056205946236384e+00
1.740081569596796385e+00
1.766748226612253614e+00
1.785054901321770027e+00
1.822375618977031708e+00
1.836509099870132111e+00
1.859197766245609174e+00
1.820308529891387250e+00
1.842326062896801675e+00
1.808816530370588316e+00
1.789735585707408649e+00
1.786600051827814895e+00
1.794265406852454170e+00
1.778264769577624360e+00
1.756048713597843536e+00
1.726522830222591676e+00
1.720238961150617918e+00
1.760834904200388795e+00
1.772506410603126970e+00
1.753626119797554228e+00
1.784566149067479790e+00
1.808077670260466396e+00
1.782506234305811788e+00
1.798574773402056071e+00
1.811747392919448307e+00
1.789446370402491437e+00
1.803969822683559432e+00
1.802005283395227808e+00
1.767673998517809375e+00
1.791232408460028847e+00
1.798459899412333085e+00
1.745083770979670934e+00
1.753823502669616952e+00
1.785109690053271914e+00
1.769227096525446186e+00
1.769682395968900535e+00
1.787572771519012615e+00
1.787879064310614163e+00
1.771201011289195160e+00
1.807115742280926085e+00
1.813935967254421522e+00
1.809986097006767602e+00
1.768010414182775936e+00
1.794957736815170568e+00
1.764153458421946041e+00
1.769393449271945640e+00
1.785010823549890491e+00
1.786129699347413613e+00
1.849716192882923105e+00
1.783390860363042840e+00
1.774544412848935382e+00
1.749182420813210737e+00
1.788675635573151457e+00
1.805043174980310861e+00
1.779528535624918195e+00
1.763022788477119907e+00
1.758899064358249831e+00
1.748511217537727536e+00
1.732298494335817285e+00
1.750171342195670610e+00
1.758359656720645425e+00
1.743436545384962066e+00
1.798675748134594521e+00
1.808867837607218032e+00
1.824690029129039326e+00
1.806467953700702678e+00
1.774781468437720333e+00
1.811309356105094581e+00
1.772339122000907041e+00
1.790778437915047316e+00
1.761319178359554538e+00
1.729525636865999250e+00
1.714247398115793297e+00
1.723412039510122673e+00
1.743839081163669702e+00
1.762080852244817031e+00
1.739429662431105417e+00
1.726582593012075062e+00
1.725980146365920342e+00
1.768704325287866475e+00
1.801093958491973623e+00
1.821681683989100797e+00
1.849018684537996116e+00
1.856339985464088072e+00
1.821880996206240333e+00
1.878091455363664952e+00
1.796927653762562915e+00
1.783924388524211091e+00
1.777140388747826316e+00
1.796321194741408167e+00
1.796200033021250864e+00
1.842098247709536452e+00
1.804125014389689197e+00
1.820012811525629548e+00
1.817417874061512784e+00
1.798553693002048481e+00
1.815360010148447723e+00
1.807752293868066573e+00
1.763186360475331504e+00
1.776313400209773796e+00
1.832263870813920947e+00
1.843323539953427570e+00
1.882820357981033865e+00
1.905164074876059876e+00
1.863040001359494546e+00
1.874219138385301742e+00
1.867718631866420287e+00
1.889554021779214832e+00
1.872030247957599869e+00
1.871385301135767953e+00
1.846438455474359808e+00
1.858513321203531410e+00
1.841334914342438456e+00
1.811682814699874911e+00
1.837929046921206844e+00
1.889542785547534409e+00
1.848399476393379093e+00
1.832286297018730581e+00
1.830626152003157925e+00
1.839966274339097430e+00
1.798098707841376376e+00
1.792847884538694814e+00
1.789358369751566036e+00
1.803404103263865910e+00
1.784009087737987498e+00
1.771789410222498251e+00
1.796814085368243052e+00
1.809095556695123008e+00
1.830658345718648050e+00
1.807964641559267394e+00
1.815851912485693553e+00
1.797131997055237740e+00
1.751879763654984767e+00
1.758296039384218190e+00
1.787490626170911590e+00
1.827608641702111347e+00
1.819121103908491355e+00
1.817223442936800826e+00
1.865076414541187333e+00
1.839795015030492698e+00
1.889860108081368395e+00
1.858837634285988250e+00
1.852429011247853419e+00
1.827487868767522672e+00
1.825576586289683334e+00
1.857010227191119967e+00
1.808853188602366657e+00
1.821220478542281418e+00
1.872218758039424280e+00
1.880486770711095046e+00
1.910277379662344233e+00
1.884248470518627094e+00
1.896216588894900745e+00
1.881315205566042703e+00
1.865897447303903389e+00
1.792178143204099072e+00
1.784374508761853440e+00
1.790494014550762625e+00
1.822549872154017203e+00
1.807626591842822705e+00
1.838889710083655871e+00
1.829586124336151975e+00
1.834869079105660106e+00
1.850886012363097910e+00
1.850733116791977162e+00
1.817966397419657154e+00
1.797443583787526222e+00
1.787824973431057618e+00
1.805934296881893886e+00
1.816770814320844973e+00
1.823810999198185456e+00
1.803320193024816387e+00
1.808777348058354661e+00
1.805723220959483566e+00
1.828989417708843268e+00
1.865981644440692477e+00
1.830134029418267971e+00
1.843061475600652033e+00
1.842789193411080717e+00
1.806068459755827194e+00
1.767762569298443331e+00
1.778060887534330670e+00
1.788544553699479955e+00
1.776353021228868068e+00
1.812354126456884540e+00
1.805902465878830965e+00
1.793969542366618430e+00
1.823671412131427250e+00
1.836478472539905926e+00
1.785372953492774029e+00
1.817791168386820200e+00
1.857348675253237769e+00
1.840345073976488166e+00
1.817563517943701079e+00
1.857232088361462585e+00
1.855615609732637061e+00
1.842961257131585651e+00
1.872263747867909389e+00
1.873292646250535709e+00
1.813725020405319022e+00
1.815638861263408455e+00
1.801973580014739396e+00
1.782813509955073927e+00
1.809370488303348345e+00
1.773373349134629962e+00
1.787111568565159070e+00
1.792071179031191175e+00
1.827800343939466554e+00
1.797982369258782853e+00
1.790378988101789082e+00
1.778893799795711494e+00
1.748900025472058140e+00
1.803465192814612150e+00
1.783499768757025983e+00
1.822818579617708323e+00
1.835319320197727588e+00
1.835804868072000273e+00
1.854348481298085272e+00
1.875022117592042958e+00
1.839766014923880810e+00
1.865450870975744024e+00
1.875991954254762728e+00
1.819323857368478459e+00
1.828833834268311698e+00
1.806854768223998375e+00
1.723595984312131568e+00
1.721739654608386738e+00
1.753253806783990454e+00
1.763850428987184582e+00
1.779397967319496843e+00
1.716086795702656653e+00
1.781749496289522838e+00
1.793504110941338103e+00
1.799667380493123803e+00
1.836883673162685637e+00
1.862829974681255996e+00
1.834332900278894618e+00
1.799677679780239625e+00
1.795088152442908536e+00
1.792966505950948308e+00
1.780376500877743684e+00
1.777778607261075505e+00
1.758639357640894962e+00
1.753595983420917603e+00
1.795259194515246293e+00
1.773756944330426188e+00
1.754306707271699795e+00
1.765256913077775769e+00
1.748273644620952805e+00
1.756354172536687130e+00
1.758479668515352978e+00
1.772506890352147257e+00
1.750545100394069298e+00
1.779504760238322714e+00
1.797810363344837903e+00
1.843644566063765255e+00
1.851314285279255678e+00
1.817540092189617651e+00
1.833981689486401390e+00
1.825710611412191930e+00
1.858525878735489689e+00
1.822667897421263339e+00
1.804370069642366570e+00
1.820200900576986358e+00
1.816766374530057293e+00
1.787596985450704556e+00
1.799419253248327299e+00
1.797763857710121149e+00
1.808582671978272050e+00
1.834907711785912721e+00
1.826445876790239398e+00
1.871909884536789193e+00
1.815656400630465406e+00
1.809510357834084759e+00
1.806960072150774588e+00
1.803641030589508532e+00
1.813086057911567961e+00
1.819191296978675210e+00
1.814542703091146070e+00
1.830895668663417908e+00
1.804112483333157435e+00
1.854197527956980007e+00
1.795319765427147551e+00
1.834575265589263093e+00
1.839474405621729147e+00
1.832251007836707801e+00
1.855764267396852629e+00
1.857587464393803067e+00
1.865246319139974851e+00
1.853587058129733123e+00
1.855819224055462957e+00
1.821503435883806921e+00
1.819566089847776791e+00
1.813591399600842369e+00
1.792029854825382351e+00
1.799674546040948009e+00
1.809093640791422875e+00
1.801076325529613831e+00
1.782438922421752281e+00
1.775029654639561860e+00
1.796411519861927708e+00
1.800640545523998437e+00
1.802794967495064737e+00
1.789861361172377263e+00
1.789251119428588277e+00
1.793044478572004996e+00
1.795934304967633066e+00
1.767961315870109296e+00
1.777753075483869294e+00
1.807013796534834960e+00
1.815449853526525326e+00
1.835078292146196999e+00
1.811774209930629764e+00
1.814923307117784601e+00
1.818769887978982869e+00
1.801285442716685559e+00
1.821464582521062026e+00
1.850803150256187024e+00
1.876244939055494720e+00
1.872449467815695545e+00
1.895262689589008342e+00
1.863568044967158555e+00
1.878076829804143033e+00
1.864781322267518915e+00
1.882443496368241709e+00
1.847522589334531951e+00
1.870570851722622052e+00
1.855536036545967660e+00
1.859675956260172569e+00
1.830493643504266021e+00
1.849995224623994350e+00
1.852714874851643767e+00
1.816505496197061031e+00
1.832425791834043860e+00
1.842816933302158233e+00
1.857800028853925589e+00
1.835576615776315146e+00
1.791860080308835146e+00
1.817888310888986947e+00
1.856257885850259637e+00
1.823791504871004499e+00
1.828320802392364941e+00
1.856404386322696887e+00
1.854926954157060548e+00
1.844542391962448846e+00
1.884532127844461113e+00
1.863381506616305749e+00
1.833354652674808571e+00
1.812266073858936455e+00
1.812599158984819159e+00
1.800906890923816395e+00
1.799406903766618271e+00
1.786613895412447972e+00
1.784119926842870019e+00
1.829942899145534208e+00
1.821693039242998857e+00
1.832278201533168671e+00
1.820672217603439558e+00
1.791959422065414920e+00
1.827895708341227055e+00
1.842123844212033346e+00
1.790186502529299339e+00
1.785237589781593526e+00
1.801179958976871331e+00
1.802797171248369468e+00
1.790051926085923784e+00
1.790753373133003423e+00
1.807411270157156524e+00
1.820127822810488905e+00
1.830537144482881073e+00
1.818616959190895166e+00
1.760380087353488943e+00
1.789096727431813694e+00
1.754572297547825066e+00
1.786806896750936069e+00
1.757268101249012782e+00
1.784093805791385989e+00
1.781102594229706515e+00
1.769684725120625357e+00
1.777173675619106108e+00
1.806201921076087569e+00
1.794736633762757272e+00
1.781163551861570937e+00
1.767966919460203234e+00
1.792346423258374122e+00
1.788948081881011953e+00
1.791851611240694586e+00
1.827642901473491177e+00
1.869433770690070995e+00
1.847636115242698107e+00
1.821754774524865006e+00
1.846231421555304841e+00
1.798253536572849587e+00
1.811082456751666792e+00
1.828033644404807534e+00
1.832559642231325947e+00
1.803787609644030399e+00
1.822044129139909874e+00
1.842235818811977843e+00
1.863666384954937305e+00
1.857293175057582957e+00
1.813655235269353350e+00
1.851386956310157039e+00
1.840255993096000298e+00
1.847066020055326607e+00
1.830308435395878730e+00
1.881014821724460440e+00
1.830239582972497558e+00
1.837180295836337685e+00
1.824055358704927965e+00
1.854355800965160617e+00
1.838251850750322713e+00
1.862427522448401263e+00
1.872877877862206830e+00
1.875408779440457252e+00
1.809972406605187434e+00
1.793388952165986927e+00
1.830451729970652419e+00
1.818742823496528827e+00
1.801401445634106757e+00
1.820331935919030864e+00
1.784887671614147298e+00
1.842569501673258170e+00
1.857954666288146317e+00
1.832300594243347236e+00
1.877726612335032019e+00
1.913702142285923724e+00
1.882303239830696251e+00
1.896422303489756933e+00
1.852997704696138559e+00
1.870469349934466230e+00
1.850739549713467547e+00
1.832729380634940508e+00
1.822749001192580431e+00
1.848817796349947695e+00
1.804099355799010596e+00
1.795337353526917701e+00
1.799369598899352773e+00
1.799637017324567267e+00
1.783982460938762893e+00
1.781136443678336123e+00
1.791737292778214696e+00
1.762991461230801749e+00
1.799318168919731287e+00
1.853049492491886552e+00
1.849969534529513515e+00
1.876934440968400564e+00
1.855738883310402931e+00
1.853039083234321760e+00
1.876731528661589321e+00
1.850719938620087657e+00
1.851839161639984077e+00
1.872153314236646215e+00
1.815493789100206090e+00
1.783983946196525672e+00
1.805610849102873949e+00
1.787877649757350085e+00
1.822206003027585286e+00
1.800392200945375221e+00
1.827784832968248452e+00
1.831906886537064683e+00
1.830695197539784935e+00
1.813075259078480883e+00
1.780254914396289578e+00
1.771131808934579999e+00
1.782731570205179139e+00
1.817689644474630439e+00
1.853460979690098043e+00
1.868629320069006283e+00
1.921559880568799450e+00
1.916282488667178097e+00
1.905970265927168894e+00
1.885165227592881632e+00
1.846339395518649784e+00
1.848121039998272597e+00
1.823682584696868725e+00
1.773910982803483583e+00
1.785562966254561346e+00
1.797789836023458099e+00
1.806579425269415173e+00
1.842275485116846578e+00
1.832943340327679138e+00
1.802130745831164838e+00
1.806210400208165812e+00
1.815547896005099693e+00
1.776252538763061439e+00
1.771638925100572637e+00
1.810790713330556301e+00
1.843222131479928416e+00
1.836939215555485116e+00
1.865045029900353590e+00
1.841285818442242928e+00
1.882656107331149631e+00
1.863424787010378836e+00
1.879339786284466518e+00
1.882142685510409530e+00
1.844124565069266364e+00
1.830368473400738383e+00
1.837704897962149531e+00
1.825812240618436944e+00
1.842365978992690723e+00
1.845112238959258244e+00
1.841979820250471356e+00
1.802479512156484276e+00
1.802632255344048584e+00
1.775800730134133421e+00
1.782542157210581957e+00
1.806711428016937182e+00
1.794217104611056879e+00
1.780021121389860683e+00
1.786217055662919329e+00
1.789351613900524329e+00
1.803971376451875663e+00
1.781995923926404934e+00
1.812868618862332859e+00
1.783837645638627567e+00
1.768952280884743766e+00
1.807670994061084002e+00
1.777336315405713574e+00
1.812349105468504584e+00
1.841176426983244241e+00
1.853172686232788635e+00
1.847916875537093384e+00
1.803767274232816353e+00
1.834416512352086581e+00
1.827420787103399391e+00
1.838926028382682265e+00
1.868044159803508242e+00
1.862202713759776973e+00
1.857672015976822744e+00
1.822548749660250822e+00
1.852011869672459010e+00
1.812853859633996922e+00
1.800079784490026480e+00
1.780203641646081136e+00
1.780913423393571282e+00
1.813074588612122451e+00
1.788187506565006135e+00
1.795817615631446706e+00
1.854446509121807418e+00
1.808778352626192909e+00
1.841989364398068485e+00
1.815589481613473888e+00
1.827603678509920337e+00
1.848374335856116879e+00
1.819142016155005814e+00
1.788645010164180649e+00
1.830587217986480386e+00
1.818428754332714892e+00
1.825398969018770856e+00
1.837805505750484070e+00
1.845665191807039029e+00
1.810971722254265615e+00
1.828269397854770384e+00
1.806252783365532855e+00
1.803541932864280106e+00
1.792946978889342180e+00
1.739256566005592086e+00
1.791615485538661900e+00
1.757720298126500769e+00
1.734211589234137652e+00
1.734134559001276665e+00
1.770718747753377453e+00
1.777205040284744797e+00
1.788910289462116276e+00
1.782627201898079328e+00
1.803386825757059553e+00
1.836271111107867116e+00
1.861533625738815756e+00
1.850706917909203941e+00
1.817928802770446328e+00
1.817599810074250311e+00
1.789351566424987938e+00
1.758667769730825281e+00
1.805826419663872473e+00
1.785741777183054158e+00
1.831937114116332976e+00
1.852646854389928155e+00
1.886527759694697659e+00
1.889048253069213645e+00
1.913425527006962223e+00
1.929020630155058758e+00
1.916506435984467682e+00
1.895966945068560117e+00
1.905732356911961523e+00
1.842124795573906404e+00
1.838185013228120557e+00
1.777588616745705119e+00
1.794364526613309474e+00
1.824978465858928534e+00
1.808449438268005860e+00
1.808671683417367726e+00
1.768820832525471953e+00
1.794663050644384583e+00
1.825156673462983159e+00
1.841868078147972820e+00
1.860899684519438546e+00
1.846246726007176875e+00
1.823803226593660343e+00
1.790241451624407620e+00
1.793930278412690038e+00
1.759749405806703582e+00
1.762760590035843178e+00
1.760072694746050992e+00
1.764133332063954507e+00
1.789608086019516042e+00
1.776224300764142283e+00
1.781372527412789619e+00
1.776768021262629782e+00
1.794817167949828152e+00
1.770015700853435625e+00
1.777077187086500532e+00
1.793472668069658660e+00
1.791970063518237177e+00
1.817050420718461234e+00
1.766875983994018462e+00
1.767410984330566093e+00
1.776000766466211855e+00
1.778624856296771917e+00
1.776802214887625686e+00
1.772220376256745000e+00
1.765320067597798470e+00
1.804712404760051569e+00
1.791836100759169437e+00
1.737145861367557664e+00
1.801733331987863451e+00
1.794992217945039936e+00
1.786311227988921502e+00
1.806136113938211274e+00
1.783426835721249049e+00
1.811244263086255746e+00
1.823811888615019638e+00
1.803854442518897594e+00
1.838406626638015018e+00
1.875786038938115352e+00
1.834441144132564538e+00
1.788281003190644647e+00
1.761933267284382820e+00
1.760515685264357089e+00
1.762565603540902526e+00
1.799773330362800294e+00
1.794471333932106338e+00
1.792298841828051881e+00
1.816184147420267569e+00
1.805581580011611953e+00
1.809718739808233945e+00
1.812433510766032541e+00
1.803700441971655799e+00
1.829246408412820379e+00
1.843764929192195146e+00
1.845768908601903346e+00
1.827793246251883108e+00
1.870863025598965113e+00
1.865304424583946741e+00
1.838529203327317507e+00
1.809881964524826969e+00
1.842270269885891931e+00
1.872865733298436863e+00
1.868959108283601678e+00
1.875114346470532656e+00
1.860390307057050885e+00
1.885016907793823027e+00
1.849766338018356215e+00
1.854673609325140138e+00
1.849578236249174168e+00
1.833508880487381809e+00
1.833181866406333071e+00
1.878484072706381180e+00
1.869319486882124348e+00
1.851945678712392684e+00
1.842935401777591631e+00
1.875987022205799049e+00
1.843103140538851825e+00
1.848986259533039966e+00
1.829187318572024656e+00
1.815069987071093793e+00
1.818185620410421643e+00
1.859333904750122057e+00
1.806136230610119631e+00
1.790317833556403837e+00
1.771249112093482347e+00
1.766857368109538973e+00
1.745898000055512433e+00
1.768114903395421988e+00
1.770357967868857907e+00
1.790162545839583341e+00
1.784130241029228348e+00
1.758904202618443602e+00
1.779182788676732185e+00
1.757473569345056053e+00
1.802679962869205843e+00
1.780098458037917553e+00
1.770029021628229726e+00
1.767607996205630583e+00
1.748697404988520887e+00
1.754965852054277686e+00
1.723021022424974236e+00
1.759383726544722526e+00
1.777084525663768622e+00
1.775724302014378919e+00
1.767735095551997260e+00
1.761239072684448459e+00
1.762172061541364521e+00
1.778260786124030490e+00
1.799818529084399321e+00
1.835169148652561422e+00
1.843174073298588400e+00
1.808829065842303407e+00
1.827333603056954248e+00
1.776851263229933142e+00
1.775740438474867622e+00
1.753107001439164758e+00
1.748856497583499925e+00
1.759744687258921081e+00
1.724461753033882827e+00
1.757064926000418303e+00
1.797730441845970750e+00
1.796532182567138980e+00
1.780051210445114052e+00
1.788124367194525277e+00
1.769762093974091899e+00
1.813016540739318838e+00
1.826229130687320179e+00
1.808856413336969338e+00
1.828580457410518667e+00
1.865406562387069034e+00
1.864270562186036928e+00
1.826904381270454847e+00
1.832416381058452393e+00
1.814726638953430893e+00
1.825947258832654629e+00
1.844585733701790575e+00
1.829444840569278252e+00
1.833891961821749295e+00
1.811291061495466481e+00
1.784523495199375365e+00
1.786245514438214332e+00
1.780774123972196366e+00
1.791777955957450930e+00
1.783456678760101166e+00
1.821505090236242852e+00
1.822402789762407549e+00
1.834157109887186721e+00
1.790754814829157882e+00
1.814243399965867809e+00
1.799500163215920878e+00
1.835289650193385746e+00
1.824348984140623520e+00
1.806822968940371643e+00
1.802839095606422859e+00
1.798505549378797364e+00
1.780778802562320351e+00
1.814015859427628774e+00
1.773395047766370469e+00
1.768705852622934893e+00
1.771060326116840500e+00
1.782204720454146907e+00
1.753441258651869283e+00
1.746009920622551004e+00
1.725901554030833784e+00
1.722756137942095922e+00
1.732649104697016273e+00
1.719515387374965121e+00
1.749404199619965183e+00
1.749532037508049642e+00
1.692143948798247033e+00
1.717847279965994733e+00
1.766936276060423472e+00
1.755137763023409958e+00
1.743337908044451323e+00
1.761128764747316167e+00
1.779117800417883810e+00
1.734154975432815160e+00
1.737565395021327452e+00
1.758407987888233270e+00
1.788707268119673843e+00
1.812814330662799067e+00
1.772392150856902049e+00
1.748176431219359728e+00
1.768677733988725853e+00
1.779768294109901561e+00
1.757597124055650051e+00
1.756333952166241330e+00
1.782440432102418759e+00
1.736951599626283871e+00
1.737938025864412817e+00
1.792284600646846249e+00
1.816150329582802314e+00
1.784291980357278096e+00
1.832082593963632045e+00
1.826855771195542655e+00
1.851454141991374813e+00
1.857570238819516772e+00
1.872764077687947504e+00
1.828000600275384580e+00
1.818360975674439217e+00
1.793582224781126833e+00
1.779930810098231619e+00
1.819904803392273340e+00
1.786087653998619018e+00
1.842108703455368035e+00
1.779404800399722264e+00
1.800655504715801269e+00
1.797034586677999535e+00
1.752290359470257686e+00
1.780961788843357763e+00
1.811041910257690901e+00
1.826301461078988941e+00
1.831164765095050662e+00
1.821212472911124758e+00
1.807574869606875856e+00
1.876153409556496010e+00
1.884773128647950768e+00
1.850404676995126785e+00
1.846007882971551384e+00
1.825644804395851084e+00
1.854143525309110530e+00
1.832669481238869968e+00
1.825713543789309279e+00
1.816529804536501036e+00
1.844606085096441417e+00
1.820678037096604474e+00
1.835888151189400963e+00
1.847953295192317880e+00
1.794234337980526117e+00
1.750692858852131550e+00
1.784568949889976608e+00
1.791663404360394507e+00
1.826177778645384997e+00
1.804695568760302349e+00
1.819527225766167211e+00
1.833784978197280591e+00
1.838424346321833935e+00
1.814952715405587336e+00
1.816907146092902492e+00
1.794558058028617342e+00
1.791283513836084751e+00
1.803681928503996668e+00
1.800399225615509469e+00
1.820336715044968967e+00
1.852761454411633313e+00
1.828652474105120662e+00
1.819752902661174065e+00
1.793922421840741688e+00
1.772957483045231264e+00
1.751484856195442363e+00
1.780159023958107323e+00
1.786637382251769157e+00
1.760082463401917652e+00
1.745978695245961720e+00
1.780671513178053722e+00
1.810020516443192617e+00
1.801557867331951224e+00
1.853972316241704998e+00
1.840987785249557307e+00
1.798322896968143514e+00
1.811542590691474608e+00
1.809849849068020378e+00
1.887338314962704988e+00
1.903074882882462626e+00
1.859714396721811935e+00
1.844493522940582553e+00
1.861002587943202169e+00
1.856072239800371504e+00
1.825618430989109475e+00
1.814936506968258811e+00
1.818896604902329184e+00
1.827851737580648672e+00
1.799772092473857166e+00
1.826372313663489289e+00
1.844383400509757687e+00
1.820296210778411750e+00
1.870603622747056161e+00
1.840073125563191692e+00
1.832900506011269748e+00
1.852351135427354079e+00
1.837434376048724172e+00
1.868562626350195099e+00
1.867435342685978439e+00
1.875600621602388829e+00
1.842024231216363939e+00
1.848810785992697214e+00
1.821210505775030963e+00
1.797413609749588748e+00
1.832444787039179568e+00
1.838575586309810550e+00
1.791870146914049000e+00
1.799238236600356977e+00
1.782059390228623252e+00
1.792948860361752494e+00
1.797975243126693545e+00
1.765541011450271203e+00
1.772777603395078394e+00
1.783461107082018327e+00
1.739096866562968691e+00
1.802808712304462269e+00
1.795238631364328930e+00
1.798134680673253660e+00
1.798196391890475532e+00
1.817139987487068842e+00
1.844620539541939497e+00
1.841746774080097904e+00
1.829960875206622539e+00
1.810457913755336712e+00
1.853725769376334487e+00
1.832785044393728136e+00
1.827798844276654844e+00
1.879756802624941381e+00
1.824373290118764368e+00
1.809833912062383199e+00
1.825787145080442375e+00
1.812038243500110779e+00
1.849756779537622409e+00
1.823070790867030944e+00
1.803121259319351299e+00
1.837451162255694603e+00
1.782467855536238988e+00
1.790586315389430583e+00
1.824750476315846415e+00
1.801484927133170100e+00
1.805687915381620989e+00
1.827130095993919401e+00
1.817673734557873733e+00
1.816153492311734619e+00
1.817578165762920861e+00
1.842003978328236480e+00
1.844729134025957951e+00
1.852399993571308467e+00
1.845030246062534518e+00
1.867619772407531853e+00
1.861276754050745108e+00
1.810025319401098454e+00
1.802942618947668052e+00
1.822370812149866293e+00
1.838211953893830852e+00
1.825658573081540226e+00
1.814944611454483381e+00
1.787934138938439332e+00
1.778598723235613521e+00
1.795371403734646876e+00
1.764885861261160649e+00
1.779946822782266347e+00
1.754466075975848804e+00
1.788845155577341473e+00
1.791562418226728681e+00
1.854587909402776402e+00
1.826955286067184714e+00
1.818635849138674709e+00
1.813439169510932647e+00
1.801923397784326086e+00
1.785971362895068415e+00
1.735916058929249273e+00
1.749214984815626206e+00
1.722119775374129524e+00
1.736776235207205143e+00
1.746406170313496320e+00
1.765434368724721814e+00
1.780543387008181488e+00
1.798822351368640327e+00
1.792687185465889455e+00
1.773034198009715512e+00
1.723122138758381272e+00
1.739455092042832884e+00
1.786657711389616709e+00
1.795653105667690097e+00
1.847959487825101332e+00
1.829004042953995324e+00
1.832796774662375672e+00
1.809993637435057812e+00
1.833670308241517333e+00
1.858545238684857992e+00
1.894744096752534190e+00
1.871212249414888174e+00
1.871190717124638470e+00
1.871181538757241025e+00
1.874528102112097860e+00
1.898661076418680871e+00
1.895710680340422893e+00
1.828433185619595447e+00
1.878971546897000522e+00
1.838470342360577048e+00
1.790140993775091172e+00
1.771001771522940915e+00
1.761779323653108076e+00
1.782622369924637296e+00
1.778104575002997789e+00
1.781887145341621626e+00
1.788416416514675200e+00
1.783962108144716785e+00
1.789117776916839597e+00
1.811993104203933891e+00
1.790254449647439294e+00
1.793515242158168821e+00
1.772317853441242264e+00
1.828989988587332194e+00
1.780430249183805769e+00
1.800909613517128083e+00
1.821448232583922300e+00
1.810048000323932760e+00
1.850518872342181709e+00
1.808232251954409175e+00
1.784331318118140164e+00
1.728494058067949757e+00
1.710858153000913484e+00
1.748497417457666181e+00
1.812615495848939551e+00
1.780333590163531543e+00
1.823855428022618241e+00
1.834929579868039839e+00
1.804598737829885113e+00
1.819072974838319201e+00
1.811860647650413103e+00
1.816174230714761473e+00
1.840062459012808738e+00
1.835971942201363394e+00
1.774946684207431291e+00
1.799104055050881890e+00
1.843499949291476536e+00
1.824947894876694177e+00
1.771025666205821913e+00
1.762049313246066840e+00
1.738557065163132132e+00
1.737443955138592067e+00
1.750877456255471643e+00
1.764855614979858878e+00
1.757396258129315658e+00
1.747581698211535306e+00
1.760818089386376073e+00
1.779054465045683875e+00
1.765355607428900964e+00
1.783782768356403148e+00
1.784643525353939886e+00
1.869388720737511722e+00
1.828422532209576179e+00
1.855304702123806715e+00
1.865319561452214669e+00
1.854312918781942932e+00
1.825899989094490916e+00
1.841689017060213596e+00
1.840815025830424556e+00
1.800956222489183745e+00
1.792558630174037937e+00
1.807870709413365695e+00
1.851360979446132093e+00
1.832612653426395566e+00
1.814973178183346691e+00
1.763956744280735123e+00
1.756953121952831820e+00
1.822956745301733461e+00
1.782224695753403365e+00
1.805567558132043615e+00
1.847950195714408439e+00
1.836928209883984309e+00
1.849146337287951747e+00
1.847249564868835181e+00
1.823088177344258876e+00
1.799069539584176924e+00
1.810829586547989978e+00
1.804445292500393538e+00
1.772407735693185771e+00
1.827962084284847410e+00
1.857750507346337177e+00
1.878275195530197061e+00
1.900073494210209546e+00
1.871074052985195024e+00
1.831452563976957659e+00
1.821660909198499212e+00
1.820627555130844621e+00
1.836593615909232424e+00
1.819085114313942597e+00
1.813984495035481315e+00
1.825733916735820861e+00
1.826263962504634852e+00
1.793356813285360785e+00
1.821302116214469358e+00
1.802602181304773898e+00
1.831259368581554359e+00
1.805962442776692711e+00
1.817779703822486326e+00
1.804779435167805923e+00
1.844527175543040798e+00
1.813199499837995443e+00
1.830048235047816441e+00
1.812199323727274880e+00
1.772187671344908733e+00
1.800251061703883826e+00
1.827646810062266702e+00
1.817821277855664386e+00
1.871330764429231630e+00
1.873106423529212305e+00
1.849050404426232364e+00
1.829620581631064224e+00
1.820312663258753849e+00
1.820504016769280753e+00
1.822400875618144012e+00
1.804869899398320099e+00
1.858426331355258476e+00
1.826953309998867070e+00
1.790551961433429984e+00
1.777401147170471152e+00
1.805763917348562453e+00
1.824709173132299300e+00
1.834753801909476678e+00
1.855945176447160394e+00
1.818462486546761125e+00
1.809371447804458022e+00
1.817653964455293591e+00
1.784198316649226124e+00
1.831310008691638513e+00
1.840892069669510800e+00
1.886512602513536141e+00
1.892870606505498987e+00
1.885359077175127407e+00
1.838895457842654846e+00
1.851377516890905017e+00
1.838078865185376776e+00
1.834978529241006129e+00
1.802851738830580031e+00
1.772249759661303159e+00
1.816901256314246593e+00
1.818448723083565088e+00
1.815907849674117891e+00
1.806398235748048586e+00
1.825311624286064305e+00
1.812900584540988236e+00
1.782709460221250986e+00
1.802925906430310254e+00
1.779838976850386389e+00
1.784464621340601465e+00
1.820810790355698039e+00
1.822763795681964671e+00
1.823831516491823956e+00
1.846341749379818209e+00
1.854897897956355957e+00
1.862561876016750828e+00
1.861507432831322806e+00
1.817591022765503661e+00
1.855471450821369661e+00
1.868821875067641747e+00
1.861668866780383347e+00
1.864305006441450141e+00
1.835061015153055086e+00
1.841077927162297012e+00
1.828013491742579433e+00
1.826360977531161778e+00
1.802471729066607020e+00
1.826419900885997372e+00
1.771114143080953829e+00
1.776206445548414115e+00
1.774094634170981122e+00
1.782542836412448040e+00
1.808178902185699988e+00
1.809936089063133524e+00
1.782772872346955362e+00
1.792543617918131105e+00
1.796518592771800371e+00
1.794338092374073712e+00
1.856287420194692617e+00
1.847666694184333380e+00
1.795732886234665759e+00
1.763991858307217164e+00
1.761056612835513402e+00
1.773370750952343755e+00
1.782502175976800274e+00
1.770637405755653759e+00
1.772564749074712287e+00
1.761039447835833105e+00
1.743838839783886874e+00
1.745266979806047170e+00
1.733578743568318536e+00
1.748372805624985205e+00
1.791778188418413187e+00
1.768138253703450236e+00
1.806279823702663601e+00
1.819004235055532215e+00
1.814964747252109767e+00
1.835135047903565297e+00
1.829799685855068248e+00
1.800823845845288762e+00
1.780379666378078651e+00
1.806822374523061603e+00
1.759370989703487265e+00
1.769133960675122186e+00
1.779538136515453450e+00
1.824477755508680188e+00
1.857236615349474151e+00
1.855513728072206270e+00
1.857915041037569770e+00
1.833688427464986059e+00
1.823152728348049756e+00
1.788041606246660642e+00
1.821299459046062497e+00
1.790154984570352825e+00
1.833792171991193154e+00
1.814076182619883459e+00
1.793254932710032445e+00
1.802066767691778093e+00
1.800560098498479089e+00
1.818747424654652001e+00
1.806459319662567120e+00
1.780786555797743143e+00
1.766085959571446651e+00
1.787074788923002311e+00
1.836326040242158619e+00
1.861387925270500121e+00
1.836554399464268128e+00
1.859140250670889616e+00
1.884445050799111510e+00
1.875002847543066009e+00
1.874610078755066578e+00
1.892737612083015941e+00
1.881380792225552767e+00
1.858824314963520852e+00
1.842561003997063684e+00
1.804360037508387471e+00
1.771629118794156188e+00
1.801303898855438623e+00
1.835213760713955145e+00
1.806764718307176443e+00
1.832382489520093527e+00
1.802009814066213300e+00
1.759146410176910535e+00
1.753258320585584507e+00
1.785708454851624438e+00
1.774621277361463134e+00
1.797110559851698097e+00
1.807745674804724922e+00
1.758755736508679890e+00
1.742810334750681145e+00
1.736655312338646118e+00
1.745099742987710645e+00
1.761887545891584805e+00
1.826263920579920264e+00
1.833706986653949933e+00
1.839293703456788887e+00
1.832920482628843217e+00
1.841262541873939673e+00
1.840107198221084372e+00
1.855824341191193438e+00
