1.666666666666666574e-01
1.268346278431448759e+00
2.190007116914072682e+00
2.942386272528909164e+00
3.561535471760977067e+00
4.031243651115429039e+00
4.415149432473121749e+00
4.704542653816608855e+00
4.885141383891784983e+00
5.024171350316026796e+00
5.196025719628215356e+00
5.135989621879620159e+00
5.236797141901051944e+00
5.352938258320506293e+00
5.207853840692545866e+00
5.264736115273095152e+00
5.301586948599452676e+00
5.455865919707411749e+00
5.394605512675692438e+00
5.333577418632182265e+00
5.415639799471036575e+00
5.536241030719069478e+00
5.609945436489305770e+00
5.582147426792528400e+00
5.418708128782162348e+00
5.395304961741451244e+00
5.383981037748197807e+00
5.332776144831105292e+00
5.363303018526029753e+00
5.475956239205761023e+00
5.481981689178365258e+00
5.361068719100791746e+00
5.357839144562612788e+00
5.419171080506194116e+00
5.391129386446984917e+00
5.528206946495617835e+00
5.492025810443259992e+00
5.533566007192326275e+00
5.529319755591851404e+00
5.468341597641559026e+00
5.627155340549700568e+00
5.595617406789181736e+00
5.640027677018072616e+00
5.578879793864203407e+00
5.664865597975679457e+00
5.648289988989418475e+00
5.628014593568825497e+00
5.494706483618855941e+00
5.659248193904765856e+00
5.585887846483418073e+00
5.610470803162971976e+00
5.551828023640650756e+00
5.574471123875243350e+00
5.548622044188728175e+00
5.530811882829383741e+00
5.453678540857618273e+00
5.417276615558094477e+00
5.457531658272601227e+00
5.450983589824022424e+00
5.410590129140651072e+00
5.409154100234336404e+00
5.536129370051783738e+00
5.585228514408772327e+00
5.625566822869753736e+00
5.659829756795356381e+00
5.640648560101923614e+00
5.598229536395034955e+00
5.531482258918414274e+00
5.427232905698378573e+00
5.420956664789386537e+00
5.481696756421954753e+00
5.386258346631076499e+00
5.363736514249551668e+00
5.326168448507889508e+00
5.342056000508595304e+00
5.480230275585000754e+00
5.647582644567688881e+00
5.638812915978733464e+00
5.600462227981235053e+00
5.580310582130768360e+00
5.585372841484260498e+00
5.514367111345727324e+00
5.565320907936010641e+00
5.613588034328598653e+00
5.597455369918165502e+00
5.640963300085378052e+00
5.592974043130666928e+00
5.537930047769172859e+00
5.643860701040466665e+00
5.589077647370542579e+00
5.554313099523109365e+00
5.478571552021349156e+00
5.414488531223133450e+00
5.505409641448969715e+00
5.503676060244156787e+00
5.531737336406496119e+00
5.556732463581818493e+00
5.506649649527446400e+00
5.518502713461322706e+00
5.537947301276497925e+00
5.476549465825415908e+00
5.525598291856301358e+00
5.495204064982393000e+00
5.390784148909854245e+00
5.474126247550556990e+00
5.558563783937134239e+00
5.566351760642753277e+00
5.507793547563660574e+00
5.536073890159157074e+00
5.599677128885454103e+00
5.474837004589254263e+00
5.406742783368784444e+00
5.482116471317376671e+00
5.479376527048841261e+00
5.488783183115355513e+00
5.616104193282667190e+00
5.488713305842001233e+00
5.624226892030969260e+00
5.702664188256661326e+00
5.656971096800032406e+00
5.554047534999349445e+00
5.666332979205174425e+00
5.587122270878111863e+00
5.460821549311009271e+00
5.552847149947692351e+00
5.608470858827634409e+00
5.546144763835420655e+00
5.461017912201945101e+00
5.349881282710213348e+00
5.353871478581615051e+00
5.320961005659643916e+00
5.289162317146460346e+00
5.270035931516184213e+00
5.334560773397671873e+00
5.347124249646936889e+00
5.265656825975147726e+00
5.363899227973537798e+00
5.350850760426543395e+00
5.396295810071050525e+00
5.644206236013604716e+00
5.662492485186586322e+00
5.567744527902189766e+00
5.612658275807357988e+00
5.563348450313530869e+00
5.545299258673887621e+00
5.494576326107321940e+00
5.538191967193514920e+00
5.589220219306551662e+00
5.623852079746812116e+00
5.605066059214234286e+00
5.601930511404726865e+00
5.573005351528168561e+00
5.630180810669407343e+00
5.547127341093930575e+00
5.476004488042676144e+00
5.358464317121934606e+00
5.558392078603829667e+00
5.487559651214172440e+00
5.554521488138374430e+00
5.568512176946458503e+00
5.567817620612803609e+00
5.648556001953430439e+00
5.586210696867128789e+00
5.418373193122168807e+00
5.571834667909683958e+00
5.494395467279998613e+00
5.519458983055296031e+00
5.603258096665800103e+00
5.744756173701683011e+00
5.687783194941837372e+00
5.760147814728129312e+00
5.697767082247115589e+00
5.593751013991680843e+00
5.632180582574535244e+00
5.676118615402316436e+00
5.624442544766004026e+00
5.570031296931977849e+00
5.637291192992771371e+00
5.722146995281692128e+00
5.640920847687276307e+00
5.641499471048183167e+00
5.567753012178473959e+00
5.455488761044432700e+00
5.422276577113315454e+00
5.385153840898973421e+00
5.455875710864492412e+00
5.424977617821524767e+00
5.555729923805277082e+00
5.599040222612187812e+00
5.610340694700027164e+00
5.605970738327937575e+00
5.729929378408402663e+00
5.624627284656519954e+00
5.587106550912432468e+00
5.414228099279544182e+00
5.381311472244913574e+00
5.434807500119582357e+00
5.443085891358409256e+00
5.518193568841875951e+00
5.529891132014435939e+00
5.586986025492643115e+00
5.633185378022682599e+00
5.624689935452220624e+00
5.551656422260950130e+00
5.571846737142500672e+00
5.501728846299621445e+00
5.584838016845701247e+00
5.567194807038130300e+00
5.531253832743848520e+00
5.581658540735663365e+00
5.570687215224602085e+00
5.613955294039579158e+00
5.602398116730899602e+00
5.556874726964462496e+00
5.499371234920274354e+00
5.428006082252500697e+00
5.518343975724563144e+00
5.659753176729043211e+00
5.627449417821781985e+00
5.699627066955897270e+00
5.661718977030620437e+00
5.613846912298031455e+00
5.474933080957463005e+00
5.577987428480758680e+00
5.457194184512673019e+00
5.387118446615405176e+00
5.508819533619464082e+00
5.445490452700862960e+00
5.426043261389517092e+00
5.391982311079015489e+00
5.422379481624965969e+00
5.392535541707257352e+00
5.456573081804492631e+00
5.414207576518223597e+00
5.451939107127754092e+00
5.512781775661001582e+00
5.396713255089060191e+00
5.409090072489705747e+00
5.524336505146511200e+00
5.629797195161474477e+00
5.616852089568754813e+00
5.531616898170618413e+00
5.686185275153981422e+00
5.678137125603967661e+00
5.782138842769252385e+00
5.635932614513555983e+00
5.721814032440662778e+00
5.664397074814790045e+00
5.695051463512493584e+00
5.514427584109332869e+00
5.512354964795596501e+00
5.461968025506324764e+00
5.453465485973032045e+00
5.511147296341206037e+00
5.422425374388085473e+00
5.413924419078581352e+00
5.461174063015993951e+00
5.371825614466573029e+00
5.441341359114248988e+00
5.476978033439438676e+00
5.587500634191219007e+00
5.609384594112262867e+00
5.657196161638671228e+00
5.591458900023633660e+00
5.723295885330668575e+00
5.541339480988074051e+00
5.693133745945083035e+00
5.728324453671324257e+00
5.542968898623857221e+00
5.757177978744038249e+00
5.683225651644730370e+00
5.480308895510164646e+00
5.437310109782512946e+00
5.423827855554115729e+00
5.236560564200070544e+00
5.295365975673032466e+00
5.318871242481337802e+00
5.275182350666841380e+00
5.369232451415348883e+00
5.461823134111924993e+00
5.510513031118143168e+00
5.497196869533737207e+00
5.604036644974403458e+00
5.664458086107621249e+00
5.739593171348065681e+00
5.725797654120335700e+00
5.750520862653964116e+00
5.737174957876329806e+00
5.741826829608998928e+00
5.739385013763892651e+00
5.778467337595215803e+00
5.723091640932932656e+00
5.650436415333428997e+00
5.671375887264331617e+00
5.655921368510048453e+00
5.761470794369099480e+00
5.797135949363737772e+00
5.905701645251587806e+00
5.857591514314717251e+00
5.492557028601733116e+00
5.474413774130100663e+00
5.373648126286194149e+00
5.497192176767019767e+00
5.466168789903044889e+00
5.535433948744851840e+00
5.517530054062552480e+00
5.465366187177426838e+00
5.385152843476181062e+00
5.530093338400687841e+00
5.596547967724640138e+00
5.579851470859232165e+00
5.601549963399725662e+00
5.676441880436751575e+00
5.758940846280230730e+00
5.800000386371677585e+00
5.739651852194802117e+00
5.541735141775772533e+00
5.655105054694441691e+00
5.510655363358764269e+00
5.768770753817990204e+00
5.685163655697185625e+00
5.587161803181301956e+00
5.498652564060853898e+00
5.432084867604384470e+00
5.352652526040621694e+00
5.394738366512711103e+00
5.390977549370020938e+00
5.530047978698907407e+00
5.525651861803935638e+00
5.531202276275784868e+00
5.565675230068840129e+00
5.662820092743244160e+00
5.785110271885822719e+00
5.660880447648544589e+00
5.813167939357692937e+00
5.658716824310874749e+00
5.649080454004992369e+00
5.530731001902985611e+00
5.442514194166700570e+00
5.390339495713329043e+00
5.379617514311302529e+00
5.397761940727577645e+00
5.401066411545199841e+00
5.416782741933859668e+00
5.392730942607463440e+00
5.480727417550210312e+00
5.387533406877119901e+00
5.412280690286625173e+00
5.496342443818686974e+00
5.402125722911848449e+00
5.492728552255526253e+00
5.466824251449908800e+00
5.594230297963250109e+00
5.695355707924043109e+00
5.759278328846677120e+00
5.814684099180487564e+00
5.907864580977705948e+00
5.986446416697169148e+00
5.849913739542819791e+00
5.861020353228204804e+00
5.825153413925724166e+00
5.867520726193056646e+00
5.818526426915871852e+00
5.859698997626247241e+00
5.815165115694696851e+00
5.674994608232733384e+00
5.674561212174861424e+00
5.627657126145430233e+00
5.638882122095895788e+00
5.646121272940232139e+00
5.762486336872042259e+00
5.742045487640221602e+00
5.921474825527973884e+00
5.856585936023363637e+00
5.782005385942278863e+00
5.886815265356681870e+00
5.914077408797603574e+00
5.924364834988439910e+00
5.926955975446415614e+00
5.957001772182832333e+00
5.775653381231260042e+00
5.963748883605552109e+00
5.859125713009210479e+00
5.897981781668526935e+00
5.875138238931363333e+00
5.661320563315160648e+00
5.699042585010944073e+00
5.743408310455001775e+00
5.702971695249559936e+00
5.749356630180900041e+00
5.803513675621454482e+00
5.712842167161768181e+00
5.563582292031693299e+00
5.580183033659241509e+00
5.591362476717936403e+00
5.538585503329603199e+00
5.625746786988551129e+00
5.608700363154555113e+00
5.591066176428564738e+00
5.436390088186940694e+00
5.398070316536416335e+00
5.492590024638118074e+00
5.518550996908945017e+00
5.518304657560005211e+00
5.597926338362511522e+00
5.564615658441821822e+00
5.602626466232240254e+00
5.626587737938979927e+00
5.740683452100649120e+00
5.554347461338720038e+00
5.577408065838580065e+00
5.567496936680860209e+00
5.594498600093984031e+00
5.549436700546419132e+00
5.567697643199577939e+00
5.731326650613348228e+00
5.857894901631725659e+00
5.882123762642445186e+00
5.738461234184393689e+00
5.753939063755871608e+00
5.811842286484919740e+00
5.862885020850181483e+00
5.686523415857496211e+00
5.607249551097861939e+00
5.513424072717695523e+00
5.521605505363928579e+00
5.559051283363189100e+00
5.564509871960790832e+00
5.552177084886440461e+00
5.508976926577657807e+00
5.416143727952995590e+00
5.612425930534104879e+00
5.707551679879286688e+00
5.630812205116024316e+00
5.571360970402316148e+00
5.693593717318962355e+00
5.756146543497164814e+00
5.752599694987607037e+00
5.747741747121323463e+00
5.739437635907307822e+00
5.735036931636273927e+00
5.636391002006156725e+00
5.669597403014646098e+00
5.841780570525769711e+00
5.686520645766330873e+00
5.605553338561703569e+00
5.556414806075766322e+00
5.663175269097183495e+00
5.650605949966084118e+00
5.528420246628567902e+00
5.578538640159626638e+00
5.603040036990420525e+00
5.613276477658472707e+00
5.442937157459182274e+00
5.405067695181719145e+00
5.429994069520682309e+00
5.562326828857172778e+00
5.660454277111357513e+00
5.633783644113171896e+00
5.642101126326060090e+00
5.591444655118175788e+00
5.596472444813946900e+00
5.526259132234808469e+00
5.547830000665004313e+00
5.538860185396767832e+00
5.574269052921355438e+00
5.609672340652073430e+00
5.427166560497529879e+00
5.364863123626227193e+00
5.428398200929794193e+00
5.349348621613469135e+00
5.365787521551978578e+00
5.441531781613233143e+00
5.601543795460407260e+00
5.560786874327192209e+00
5.562515526684287615e+00
5.646399075811627810e+00
5.624644965695872578e+00
5.556717806534854809e+00
5.581750430117192963e+00
5.624591742498564528e+00
5.429603415908387021e+00
5.492395075844816787e+00
5.636492614317143435e+00
5.582227010666566791e+00
5.410210824912362604e+00
5.414748565052683205e+00
5.600724711658433996e+00
5.735539185959876107e+00
5.669246736300780576e+00
5.712007832925861450e+00
5.789322299741261446e+00
5.684347800832841635e+00
5.569393973452369195e+00
5.669811980649997807e+00
5.514160121277124738e+00
5.561849294877927896e+00
5.555468745925701057e+00
5.596586529590734216e+00
5.514797018868543788e+00
5.599158206773768853e+00
5.560306307322235853e+00
5.554468110322408947e+00
5.460115855651986649e+00
5.685313256103116331e+00
5.519818194103378595e+00
5.440434315534742105e+00
5.482730686059266390e+00
5.468250629246861116e+00
5.574445214351044342e+00
5.517061265656226787e+00
5.493703061128986320e+00
5.495884172383009414e+00
5.481862780727480455e+00
5.448529264286026574e+00
5.568402868829396724e+00
5.503260956937982229e+00
5.386515482517076236e+00
5.442246691703961581e+00
5.414868425037037802e+00
5.485410595207892648e+00
5.540699141362963154e+00
5.569522694684551745e+00
5.545262037160407331e+00
5.503539210052324826e+00
5.582620515006403217e+00
5.616914245089619229e+00
5.550242553519628252e+00
5.549518631248797185e+00
5.524943313380666687e+00
5.602577544533862586e+00
5.591591910666267928e+00
5.682160847789869074e+00
5.651944701214342892e+00
5.605177333821762531e+00
5.466728152436915344e+00
5.574094829447904687e+00
5.539787988483433345e+00
5.540951854184370085e+00
5.576678435434047287e+00
5.535947352494622997e+00
5.495492639458218420e+00
5.552692463953453839e+00
5.677786912456467050e+00
5.701198668066297159e+00
5.707409825867280517e+00
5.658438698962394930e+00
5.704113996550467469e+00
5.630745505966718412e+00
5.568240888305279412e+00
5.511257840233188432e+00
5.493840314350184606e+00
5.495828537734491093e+00
5.344778997321103731e+00
5.239193821526747286e+00
5.183400788747188237e+00
5.245934761658773482e+00
5.295588294150189057e+00
5.296558571991509368e+00
5.294622032143151635e+00
5.324440723309366241e+00
5.514373656622781894e+00
5.508264838440990019e+00
5.492033492357493607e+00
5.567908795424189705e+00
5.468686635638898785e+00
5.551228871040049029e+00
5.642986218717589431e+00
5.694035816231774128e+00
5.573577632111317293e+00
5.623759653027882166e+00
5.807428056929023086e+00
5.757085298724608613e+00
5.706300764939587822e+00
5.620225058024610476e+00
5.621544708200344687e+00
5.543749024728667152e+00
5.609076539058388988e+00
5.714112760229795640e+00
5.735373010512846648e+00
5.659251299217506137e+00
5.742802853369735949e+00
5.733736572750326665e+00
5.586835204364628105e+00
5.600621381369325746e+00
5.650555252761662040e+00
5.696261350675720259e+00
5.631433101997664004e+00
5.570616497249273102e+00
5.522399786737644867e+00
5.568842699579858113e+00
5.721172177274640447e+00
5.625665543701593663e+00
5.710247610392056750e+00
5.691741355089662946e+00
5.707029210222482440e+00
5.687696302452178720e+00
5.603630386195229462e+00
5.615502614844192664e+00
5.677527418743965271e+00
5.609294126713950668e+00
5.625834736868110753e+00
5.564775843150546741e+00
5.453109604982388170e+00
5.527287975714783030e+00
5.608703783128485831e+00
5.541780542928033348e+00
5.602209396315962486e+00
5.605243745319497428e+00
5.546009075713478786e+00
5.565862130243525385e+00
5.630551074620915308e+00
5.617656132551306136e+00
5.610236389888910047e+00
5.574068057305370694e+00
5.601422157110292233e+00
5.700558740545223380e+00
5.741095465626933958e+00
5.583757870638371479e+00
5.728769543017755872e+00
5.686671836551730586e+00
5.552892692362965121e+00
5.515572998292731732e+00
5.603896979196461459e+00
5.624108829693744482e+00
5.603385968472091250e+00
5.717468070837162131e+00
5.608719535698028835e+00
5.639897713063147577e+00
5.646648078730962084e+00
5.651352022072432035e+00
5.655226780675667975e+00
5.662245685435403963e+00
5.624065602070276171e+00
5.582016025769585887e+00
5.572926311574268432e+00
5.575967156319765472e+00
5.627922986779294590e+00
5.712044742258774122e+00
5.701608194764919979e+00
5.769884182660113048e+00
5.846665063436013554e+00
5.734730811541821183e+00
5.734819597104295674e+00
5.698528982745748372e+00
5.502548994456400777e+00
5.512106677096842766e+00
5.468629192665344974e+00
5.249519592238114818e+00
5.306101818917308144e+00
5.410435940506577168e+00
5.318184526955252345e+00
5.457532487957352352e+00
5.508314708060594533e+00
5.560474643365128422e+00
5.551327739429145147e+00
5.661879630915241712e+00
5.754634696291251572e+00
5.847063232910664432e+00
5.894254579879084410e+00
5.754757845521578652e+00
5.816996508241547126e+00
5.833599996151586531e+00
5.806101192776295328e+00
5.800817930425453461e+00
5.788459368855389364e+00
5.676761309518281173e+00
5.614169961302299505e+00
5.434913058652955264e+00
5.445611660759921868e+00
5.416097234743381783e+00
5.443342783745301894e+00
5.506292841920839898e+00
5.504440229485701330e+00
5.600322203957174949e+00
5.665622304148638655e+00
5.760868525229721371e+00
5.629546370722706250e+00
5.628361794805969431e+00
5.640154211938305018e+00
5.422924045172750063e+00
5.517831832469994424e+00
5.471845740362027755e+00
5.656683259744610837e+00
5.460688041538832138e+00
5.418361106675660288e+00
5.404875037670668902e+00
5.459092638803888953e+00
5.492439534975514626e+00
5.444552836729894096e+00
5.490755236280089768e+00
5.691573952194329600e+00
5.698535714216025561e+00
5.615863843236081010e+00
5.521450524108624691e+00
5.488540143200610011e+00
5.557520322826607462e+00
5.563112372252457583e+00
5.531960292177311445e+00
5.620047424422024207e+00
5.739438969233886745e+00
5.694632953181944401e+00
5.659314570765171304e+00
5.751857258860431976e+00
5.882674746148764733e+00
5.769544858299380685e+00
5.599000954976093958e+00
5.628843916451402585e+00
5.582402633351595256e+00
5.504051506470226229e+00
5.430159156401090925e+00
5.334152481726572859e+00
5.373838262692998136e+00
5.459285996191601598e+00
5.437198815431839805e+00
5.515391967736976930e+00
5.508525540855746527e+00
5.650795042240183363e+00
5.683301000073558207e+00
5.495570340625420158e+00
5.471411174558702406e+00
5.512994344537218261e+00
5.457072001689467378e+00
5.425765465196482396e+00
5.300592912912228449e+00
5.285365414771645121e+00
5.311917316690376367e+00
5.305675667961680553e+00
5.323403709931336714e+00
5.386367112515243250e+00
5.433345253491150828e+00
5.375695718866021267e+00
5.502592855991777832e+00
5.398518003553558486e+00
5.431716218908620775e+00
5.441151521319759432e+00
5.362304848509905852e+00
5.365098043627772206e+00
5.461974388405705483e+00
5.525326219832034980e+00
5.678741484905451387e+00
5.642218758581491578e+00
5.702024823681999699e+00
5.796073401624901145e+00
5.762787750549352772e+00
5.815899303108708729e+00
5.751562518379121691e+00
5.655401234267370292e+00
5.658696411709895457e+00
5.539803031875810468e+00
5.426525366034446130e+00
5.617642632565289951e+00
5.623253922781079162e+00
5.675286519764311421e+00
5.783307328081893850e+00
5.635642823243570021e+00
5.651943090946137893e+00
5.663559981974279012e+00
5.679306654615203342e+00
5.610433410842585289e+00
5.554785562938894472e+00
5.452663817032886051e+00
5.450332424219985761e+00
5.444436062760078521e+00
5.560413104726716682e+00
5.600806184824597800e+00
5.712982436729925340e+00
5.788040340692234942e+00
5.935972024383707080e+00
5.824577603370169498e+00
5.720750422654642620e+00
5.741420878201583200e+00
5.735580524740917063e+00
5.635800640691835284e+00
5.523130818560363586e+00
5.439241456968946231e+00
5.348918583803593307e+00
5.487089157334485101e+00
5.488426952392030600e+00
5.354099750602736130e+00
5.408514800784521626e+00
5.187068380247621846e+00
5.251088196277244435e+00
5.191815381573574584e+00
5.100224780331780394e+00
5.260041191027431395e+00
5.203640034795133928e+00
5.107927695470880103e+00
5.412315643557099598e+00
5.350067226372848594e+00
5.365821094189178631e+00
5.426245228248075314e+00
5.463817581779994548e+00
5.521704146943566371e+00
5.551692998640701759e+00
5.644649379105284304e+00
5.555000612184334052e+00
5.625009101703028591e+00
5.538903971689545180e+00
5.748010450040109909e+00
5.693159575559120888e+00
5.612304356529463689e+00
5.789011889997778049e+00
5.747016159076151709e+00
5.924700029462191431e+00
5.866378369523454595e+00
5.969339225217821898e+00
5.942942019959170707e+00
5.902556968868149845e+00
5.762199108469045150e+00
5.937577588253822647e+00
5.836818530610016431e+00
5.663174136859623786e+00
5.479748778998656533e+00
5.630330593992090904e+00
5.755571611756384875e+00
5.644866888017770812e+00
5.645838103665107965e+00
5.618814856953670223e+00
5.642009645261319761e+00
5.686950233327105586e+00
5.699358309758747687e+00
5.711130612115899119e+00
5.736710441163580754e+00
5.756282644054584452e+00
5.693563517025300946e+00
5.877524677755628701e+00
5.760618904629979831e+00
5.685045036581399813e+00
5.699587729207848064e+00
5.755270466729879075e+00
5.812845853303279853e+00
5.812245529993487203e+00
5.792966398355138047e+00
5.694849171298125512e+00
5.646443555604345299e+00
5.617341386164729222e+00
5.598147113123728147e+00
5.473618442253337157e+00
5.428247427173694462e+00
5.502149179509078003e+00
5.516152539473276661e+00
5.535082016518958703e+00
5.635100152610342583e+00
5.670199957691721693e+00
5.728140728805862558e+00
5.861763797101673390e+00
5.745213975146738150e+00
5.723554193576609883e+00
5.609834188765177920e+00
5.470411209568479372e+00
5.309699372722276323e+00
5.288525641338901906e+00
5.309171300382797831e+00
5.366751910255477043e+00
5.381259284614848148e+00
5.467844432630795559e+00
5.613902088403574631e+00
5.735887618419974743e+00
5.648220561520285621e+00
5.625383034638974600e+00
5.777211581231287418e+00
5.631329011901031301e+00
5.548926752658685402e+00
5.553232512489017836e+00
5.617485449734797243e+00
5.553774110887312432e+00
5.613496765434561553e+00
5.582595570254835771e+00
5.559344425830096803e+00
5.515887638234453938e+00
5.461597336721550455e+00
5.517708213160957165e+00
5.533554901261660497e+00
5.463549298142574173e+00
5.583915035273237848e+00
5.542593902522336968e+00
5.591942743188370812e+00
5.657094369701818337e+00
5.498562299469807790e+00
5.505346130017201745e+00
5.341194943419389496e+00
5.436918353017981431e+00
5.457338614361949780e+00
5.540797501517733537e+00
5.437138708511922047e+00
5.494097534196765942e+00
5.556700857347723677e+00
5.394271876432273238e+00
5.536476539704826116e+00
5.359573081128557348e+00
5.328083346273013277e+00
5.348693857520713912e+00
5.329030069106340584e+00
5.431313746906646145e+00
5.466800071651611859e+00
5.466553951053264804e+00
5.452003693968683784e+00
5.351932594391161757e+00
5.464499074461709682e+00
5.490178233063795155e+00
5.488697886302949414e+00
5.547991125920880506e+00
5.529626340613823743e+00
5.672688584507602272e+00
5.666642980967510290e+00
5.596757550629780198e+00
5.454173872577896098e+00
5.400312442920622402e+00
5.416198276263268774e+00
5.400186326770484158e+00
5.520534550050717471e+00
5.566040700187608437e+00
5.391425628725194485e+00
5.462727733512263484e+00
5.608215879844969720e+00
5.505232305361149159e+00
5.430243923532941608e+00
5.429609247467384492e+00
5.496157195613933233e+00
5.380599472620545498e+00
5.448549226151369496e+00
5.466159565564027822e+00
5.479194270649926146e+00
5.464433492991568997e+00
5.550784117476109003e+00
5.591987058741829664e+00
5.562764636720862299e+00
5.489727788786388452e+00
5.515593549202952417e+00
5.483738969228644677e+00
5.711107907638903747e+00
5.643771623459746145e+00
5.497622305708410373e+00
5.413667765649462282e+00
5.524015929449700657e+00
5.543404923553147512e+00
5.530542438491165669e+00
5.672428634003216175e+00
5.644062873952270465e+00
5.689792084134972505e+00
5.652891294906079445e+00
5.797715877920235350e+00
5.780149671937388156e+00
5.859525532097461742e+00
5.677572051364954575e+00
5.709715777842845341e+00
5.738044729909518082e+00
5.774859338993231894e+00
5.744352404616515528e+00
5.715875919569649355e+00
5.684022546716223090e+00
5.701582389986187493e+00
5.508429446592820966e+00
5.415976910916527665e+00
5.402624878392535024e+00
5.596210704768314059e+00
5.458308021324719483e+00
5.410202953291892491e+00
5.528485688842999402e+00
5.512560731081729060e+00
5.550058131137970641e+00
5.563995713942391674e+00
5.515178903960899603e+00
5.534409044284675616e+00
5.533180866944871212e+00
5.527118082397704413e+00
5.571292671213794456e+00
5.637820159018019694e+00
5.688129250247509816e+00
5.549728094677583989e+00
5.463567375254331893e+00
5.362654275491048672e+00
5.317786119979286852e+00
5.347443777695559675e+00
5.287443647614566089e+00
5.445465932670863651e+00
5.457289948894279874e+00
5.564626684048738170e+00
5.522646211163302787e+00
5.589163931820457343e+00
5.639463841867017990e+00
5.879795398553170571e+00
5.731428767215715148e+00
5.864120984398399017e+00
5.926758949331094151e+00
5.865708642224388036e+00
5.695615143896634258e+00
5.689658086254367753e+00
5.727584683584659331e+00
5.673863108082443318e+00
5.790206927565544781e+00
5.744760397541290864e+00
5.764542203048131697e+00
5.723288106224805105e+00
5.810601114699109893e+00
5.939640813278000309e+00
5.898168195667706115e+00
5.954710030047021263e+00
6.055394146742039574e+00
5.871486376174321897e+00
5.772959298436402875e+00
5.727369554027297305e+00
5.594759759223578932e+00
5.610080627000115783e+00
5.515478457962286640e+00
5.535546575890093912e+00
5.465501993268364167e+00
5.466062331286265952e+00
5.533093516140823453e+00
5.638107818569853436e+00
5.539617520296960862e+00
5.534664930321365084e+00
5.583444161585759957e+00
5.412054410877455979e+00
5.472941046240157092e+00
5.437703118143437209e+00
5.281959447782727857e+00
5.330170674109958817e+00
5.356459112701875469e+00
5.354396588047296568e+00
5.403395925982174219e+00
5.403124734029299603e+00
5.337754781680289717e+00
5.487004516520083364e+00
5.528421766030082729e+00
5.523945602568828939e+00
5.528211283713897473e+00
5.575328301817940257e+00
5.593951557297284438e+00
5.542008581247786836e+00
5.721298116521089661e+00
5.817976503317627390e+00
5.834398714156690424e+00
5.894320794414125153e+00
5.756259889065651336e+00
5.680994366377809079e+00
5.734054085556864244e+00
5.756236131695202651e+00
5.659497577794129874e+00
5.619518531698830976e+00
5.649450136490766994e+00
5.633449157482137259e+00
5.716677311960463470e+00
5.733015614240468238e+00
5.687919204061668843e+00
5.548139455632994377e+00
5.675758461222426554e+00
5.604723286986834196e+00
5.565770024728952770e+00
5.722153904901897015e+00
5.705268249751911824e+00
5.747755796950607454e+00
5.784081146343984514e+00
5.857645251798389907e+00
5.846873963159993082e+00
5.776272424358812607e+00
5.859396823097257290e+00
5.677233268739306560e+00
5.532203716928851378e+00
5.462131032288613852e+00
5.448003927674306190e+00
5.394965390464026456e+00
5.404989944029289006e+00
5.422963108186416470e+00
5.425256824710537273e+00
5.354463764402246362e+00
5.355864705507357826e+00
5.354513536028401965e+00
5.446514476523825365e+00
5.536823852295165160e+00
5.564478137807869373e+00
5.462458255146697361e+00
5.570119604420653125e+00
5.639461593577474119e+00
5.805864398575900864e+00
5.638725105451069197e+00
5.744146749405416585e+00
5.652641649227823528e+00
5.450913774237323928e+00
5.443463720788955129e+00
5.413555633348599905e+00
5.406365719790580116e+00
5.465692456268612887e+00
5.612951913515034974e+00
5.526531918617987316e+00
5.702881644905581915e+00
5.654599926632791096e+00
5.751788750596625199e+00
5.700117594466487247e+00
5.624991461630969525e+00
5.521037395071444642e+00
5.476035243457379131e+00
5.523907945189696633e+00
5.563828552944162453e+00
5.537606020728782497e+00
5.473978652791891442e+00
5.548660865989639923e+00
5.551649887758651758e+00
5.540188100787758252e+00
5.501830196332710976e+00
5.627695280747849083e+00
5.673845404485764021e+00
5.640042556608919178e+00
5.632156969122454448e+00
5.468693961106295021e+00
5.423631894878977455e+00
5.540628214133096918e+00
5.662032637144008618e+00
5.566658110868687892e+00
5.519044356886387170e+00
5.554865853166768730e+00
5.491105064765585908e+00
5.548439137151794043e+00
5.477875668177584423e+00
5.481504513147579694e+00
5.541026952385807114e+00
5.641188421169528233e+00
5.696551094655908365e+00
5.640088926636416922e+00
5.558299419331921065e+00
5.346871870373951730e+00
5.375742394039357386e+00
5.225961721416412686e+00
5.289331999672210571e+00
5.331622651325353068e+00
5.380267789440368098e+00
5.360997948344563113e+00
5.430230342516399134e+00
5.477221973871762017e+00
5.502568444806396286e+00
5.446355939401639645e+00
5.382074082879199750e+00
5.552901430223751156e+00
5.470232049827915333e+00
5.534397200657042326e+00
5.528462460763521769e+00
5.596882526009570924e+00
5.613807063680348541e+00
5.508356202514995026e+00
5.741381789978965422e+00
5.608917899450420741e+00
5.708763700761108062e+00
5.671747764639280653e+00
5.671029054705747363e+00
5.599919225893035701e+00
5.537432879936901031e+00
5.431940785344210099e+00
5.455785739635517828e+00
5.534245372030690113e+00
5.700701183894000934e+00
5.730022868206706477e+00
5.721936567290473619e+00
5.649675431350113186e+00
5.712759582527519697e+00
5.705643186026705393e+00
5.726383676625038888e+00
5.786938118822165578e+00
5.834499742350143237e+00
5.782091935146027595e+00
5.804492398915004792e+00
5.549765159224928190e+00
5.617780234377192983e+00
5.702229027410548490e+00
5.706428891897584066e+00
5.603117426297218984e+00
5.607325342155379921e+00
5.448497215689987350e+00
5.473555405370421845e+00
5.548942895884934501e+00
5.594806631707310629e+00
5.623763951445334364e+00
5.589411132466989507e+00
5.540631913830226907e+00
5.620471464093950154e+00
5.618236715028022132e+00
5.659894704739200755e+00
5.631722511036579171e+00
5.620340283672136117e+00
5.561761751058718062e+00
5.599371332825308301e+00
5.583558474254882498e+00
5.463488095432524005e+00
5.480956299010834698e+00
5.400721138516988873e+00
5.451533611091836207e+00
5.477961970039629591e+00
5.398215648357084895e+00
5.519995107156175251e+00
5.497279216382171541e+00
5.591125319916500302e+00
5.522758156813980079e+00
5.657715698059653242e+00
5.772284177896928270e+00
5.794704812984130093e+00
5.699338149352091598e+00
5.700420642078745992e+00
5.725669100699650294e+00
5.773737743671455647e+00
5.569632484719614141e+00
5.604151615768870442e+00
5.726160579151372332e+00
5.749118172873462385e+00
5.806815600121819188e+00
5.881993377774773712e+00
5.750574774359608732e+00
5.780613233900536940e+00
5.726330597178181492e+00
5.773786189903463040e+00
5.790026022096102842e+00
5.685256786721838651e+00
5.740507750405695830e+00
5.769552453323849583e+00
5.586609802697041438e+00
5.562292345151179873e+00
5.442067785810287717e+00
5.576004570928724036e+00
5.448865951140090758e+00
5.476418984859613204e+00
5.479137934336448801e+00
5.518095193548687050e+00
5.507292126281342348e+00
5.630231965694007634e+00
5.832012308382694243e+00
5.924644041735853683e+00
5.722497048349526771e+00
5.690059552816117083e+00
5.690122743308919873e+00
5.757978186266813125e+00
5.892026091029864965e+00
5.880703412249177475e+00
5.738858886390277192e+00
5.716306839296488640e+00
5.691394313039769948e+00
5.614669031187410120e+00
5.643098508086159981e+00
5.708835386394844669e+00
5.676545942406979961e+00
5.657301255225012149e+00
5.703351769234132895e+00
5.654989362036997314e+00
5.728059336709641514e+00
5.592042256704902847e+00
5.594090723999456394e+00
5.554924294668279749e+00
5.584726294788112000e+00
5.681907203448565369e+00
5.680597876129367840e+00
5.596653290321063068e+00
5.549133696460157417e+00
5.465770497747890921e+00
5.509097313359867520e+00
5.569934170005853780e+00
5.622223883861652283e+00
5.641955318075130954e+00
5.614579103766331514e+00
5.549841258514695674e+00
5.685853815868254557e+00
5.727857388381425885e+00
5.607384455290329583e+00
5.600542771424975363e+00
5.629756408438899129e+00
5.633061011601401269e+00
5.709515670420659994e+00
5.786061784382982687e+00
5.688370654250632263e+00
5.709944528957040077e+00
5.620896493211672507e+00
5.572672742664582124e+00
5.457352649927120325e+00
5.551568381616622361e+00
5.699973674180253802e+00
5.644529664449454920e+00
5.571340056218994974e+00
5.596755391541495150e+00
5.602811626390397315e+00
5.686969273915893908e+00
5.704073870971615001e+00
5.792485938209523511e+00
5.716508054664446448e+00
5.679826545855505060e+00
5.794420954765816312e+00
5.744721347039176251e+00
5.680093642064905524e+00
5.663292744248735744e+00
5.689452686898717637e+00
5.852502809719368315e+00
5.856788149511523045e+00
5.930446955283010801e+00
5.858973332508920606e+00
5.694226770731296128e+00
5.633930691305375049e+00
5.491293021550100129e+00
5.555364794919642080e+00
5.614247845479924059e+00
5.590540322347026247e+00
5.459311953070854706e+00
5.581978424021365903e+00
5.649518773480282086e+00
5.661260887728634117e+00
5.728813042215060491e+00
5.837053995611152679e+00
5.776211005626535666e+00
5.720251773455861333e+00
5.760081920435341729e+00
5.730244555133853446e+00
5.794598749086590672e+00
5.752267118653216826e+00
5.718597842064156112e+00
5.644252580119458962e+00
5.537226281591610899e+00
5.539280000915888458e+00
5.434389741344952007e+00
5.354689670051897110e+00
5.508159896430809610e+00
5.404090860981537681e+00
5.486712843948136964e+00
5.371702671376815452e+00
5.392039978693883739e+00
5.459026951398413985e+00
5.485604706502693162e+00
5.533405051423916809e+00
5.543339806181858620e+00
5.574303451505270957e+00
5.534393919605635759e+00
5.614006790830591065e+00
5.703466843145077014e+00
5.730314725231679063e+00
5.563047914609897227e+00
5.451189088640465030e+00
5.511635531702970603e+00
5.654018145449287047e+00
5.776384100768900964e+00
5.823647573972425384e+00
5.727659404975265822e+00
5.532626498847797336e+00
5.621781935563753052e+00
5.605460323364159336e+00
5.606079596143866084e+00
5.733252739961350208e+00
5.669686188735937549e+00
5.663023101753993593e+00
5.601919062850487130e+00
5.618788878083138982e+00
5.502096726123480330e+00
5.528757714849773741e+00
5.561123582843292112e+00
5.677114385468922109e+00
5.693511049530941115e+00
5.702930757384331528e+00
5.743915317425652312e+00
5.694672833429069492e+00
5.712529887155606723e+00
5.730778934816662229e+00
5.705612848157978867e+00
5.720444949016481928e+00
5.769421278267898856e+00
5.677339357039434375e+00
5.654985705206691193e+00
5.637198324510328540e+00
5.749047052131723845e+00
5.524005030227153945e+00
5.519123629023916067e+00
5.651398554556898546e+00
5.648841003633387814e+00
5.663763890049366978e+00
5.639518418487546647e+00
5.592951008012011727e+00
5.546155752154055207e+00
5.511225494658271273e+00
5.476260841779952315e+00
5.540654309354162699e+00
5.667096074570840969e+00
5.413713193705191884e+00
5.475715787718066885e+00
5.558673028831434770e+00
5.554845109822500682e+00
5.574405950549109257e+00
5.550629043353301206e+00
5.478606786226718484e+00
5.475497790506806517e+00
5.557611177804744784e+00
5.641823923094337445e+00
5.620649410974420057e+00
5.679490578337054174e+00
5.674621695530158938e+00
5.698598635690517611e+00
5.607826505957126173e+00
5.725933690912288654e+00
5.697534811656524312e+00
5.773752344604138997e+00
5.810567148066365206e+00
5.759026209188690792e+00
5.734833194677928958e+00
5.693228359748479406e+00
5.711160660653062493e+00
5.789911018109255458e+00
5.661650817938960856e+00
5.677394698279184304e+00
5.724855128256679748e+00
5.702701649773693759e+00
5.694124210789336615e+00
5.631196431960344029e+00
5.692320974978065884e+00
5.608862176584796799e+00
5.568616677970847917e+00
5.564295125697949373e+00
5.555122057221135279e+00
5.607690261493800676e+00
5.729203795974702196e+00
5.703932455478957664e+00
5.614705795285447998e+00
5.649726771006247539e+00
5.706380678742975832e+00
5.586551328173669617e+00
5.546987128781524667e+00
5.610951588948956292e+00
5.631936508163972732e+00
5.720499208838728755e+00
5.738525457345581948e+00
5.819574946750172728e+00
5.703832219139508553e+00
5.589028247949061168e+00
5.704235477873018212e+00
5.673868681908697198e+00
5.678178965232055120e+00
5.614080340223529753e+00
5.592268186118867668e+00
5.656322333523085888e+00
5.728819580286901747e+00
5.656978035523485993e+00
5.565130471162252235e+00
5.592150943193978208e+00
5.686571282590038301e+00
5.605078307309241836e+00
5.610351495093488516e+00
5.694556174784061398e+00
5.629340145737734780e+00
5.742347728718498523e+00
5.671850844599878094e+00
5.558838646701164343e+00
5.571879537774118596e+00
5.667940545632539795e+00
5.626455155086877546e+00
5.606396581424899495e+00
5.532476942799805286e+00
5.676041276105325828e+00
5.592839480396311735e+00
5.716307969078902929e+00
5.642193720344190311e+00
5.712686465220806475e+00
5.704638883588285303e+00
5.765716854960854398e+00
5.660712169680058636e+00
5.690430965246739525e+00
5.532646049765078011e+00
5.503339459957810043e+00
5.533455131805380844e+00
5.522112305415893374e+00
5.475516338837123520e+00
5.386659881816876272e+00
5.372192249349159177e+00
5.417748336651198926e+00
5.323638425820446329e+00
5.396171564628723161e+00
5.389640958781494184e+00
5.429649082464933052e+00
5.400287191403945641e+00
5.474720511317078042e+00
5.442135042240289877e+00
5.579811047896827247e+00
5.599846695427364907e+00
5.618085745530764008e+00
5.637283703702169468e+00
5.682601206863197696e+00
5.655963068846451058e+00
5.638748301001105467e+00
5.698139708658981561e+00
5.784798341414086664e+00
5.718031983277447772e+00
5.646354238088491684e+00
5.643101347068930629e+00
5.590825064919037857e+00
5.595154550991788156e+00
5.598694312016743169e+00
5.590411339324459661e+00
5.519072382344666572e+00
5.530937906102950663e+00
5.670152422333436526e+00
5.624835087776399511e+00
5.835019591770145730e+00
5.907493384189656638e+00
5.819172590677239576e+00
5.781646267269041850e+00
5.867807874594633155e+00
5.836925607076898004e+00
5.848208407869657677e+00
5.793344135465677169e+00
5.692142480478801225e+00
5.590901400165996016e+00
5.518027278349212139e+00
5.478463249183501027e+00
5.440536411781552673e+00
5.472406166166575048e+00
5.424365867218554627e+00
5.430654899505371169e+00
5.417527495295919593e+00
5.423792923913963726e+00
5.521316540266392181e+00
5.657050098358082479e+00
5.739422917827638138e+00
5.797705813110709983e+00
5.671934641822004686e+00
5.595464945689404779e+00
5.620753341847802176e+00
5.638628023318842608e+00
5.729767437988601664e+00
5.758644529697475534e+00
5.659924662285471975e+00
5.503429104973085018e+00
5.570692951566756257e+00
5.457856249107178037e+00
5.663359037893104464e+00
5.692828443746955180e+00
5.712901507092233544e+00
5.655945342531622622e+00
5.665855928025566257e+00
5.596065306083591651e+00
5.730920389779491586e+00
5.574205165346626245e+00
5.565431912389635194e+00
5.565123898296784333e+00
5.461948976587286175e+00
5.590508157107205278e+00
5.576296573642372856e+00
5.700710431826854219e+00
5.671154616210259292e+00
5.680352892302188650e+00
5.640669981646158071e+00
5.668306861132630381e+00
5.634472748048758639e+00
5.557378296738132661e+00
5.758547926297196362e+00
5.728194297365676313e+00
5.817740736001817403e+00
5.762837451303813197e+00
5.721329039069756206e+00
5.817100263217287015e+00
5.804205482257636994e+00
5.813695116531600426e+00
5.666277212420660625e+00
5.710330435125761994e+00
5.710133705623029243e+00
5.707860919324610371e+00
5.629829817023371596e+00
5.557479136129623853e+00
5.510440863961941105e+00
5.437776067507567035e+00
5.445968171365092481e+00
5.493006794164621454e+00
5.617991365003919491e+00
5.730138686805828385e+00
5.733296623394436686e+00
5.721387615169375884e+00
5.624037191236353372e+00
5.598972192583097751e+00
5.521838115324760210e+00
5.442216053343131854e+00
5.463644614494468144e+00
5.373287815832156866e+00
5.428228750040707595e+00
5.507162630924213431e+00
5.507255097275901790e+00
5.472824256557540679e+00
5.511647611169657068e+00
5.561296774080402017e+00
5.555558384716380971e+00
5.461564229852571728e+00
5.506147938513859863e+00
5.392580349700924813e+00
5.424575289296899250e+00
5.491634890178469952e+00
5.480403504818185390e+00
5.680199953987105310e+00
5.594516476522757742e+00
5.653380199915925886e+00
5.652149094556251363e+00
5.683923539875658903e+00
5.748912349545017619e+00
5.705231258192748456e+00
5.559405357244025403e+00
5.499893713540392248e+00
5.450135936901777889e+00
5.432995358497118232e+00
5.437667518493290331e+00
5.375646068593161964e+00
5.367738374720480543e+00
5.380590511883399429e+00
5.304033860861752991e+00
5.321414730254090841e+00
5.434420091625540294e+00
5.357821038444688710e+00
5.412168003368962310e+00
5.288392649904989362e+00
5.220763246921876544e+00
5.307569604791053663e+00
5.319836680903311077e+00
5.331035452184992529e+00
5.218696266305395071e+00
5.222418343240703642e+00
5.257536311585619515e+00
5.319016250891276165e+00
5.344844646891697693e+00
5.494076289479423281e+00
5.429234636868901731e+00
5.334359687249422777e+00
5.331037372434329846e+00
5.441995438211542080e+00
5.575767412551007496e+00
5.641082263044054024e+00
5.763718575699987134e+00
5.615090650044695764e+00
5.644769628202163325e+00
5.774433811764134283e+00
5.735960451900671941e+00
5.711886043115706357e+00
5.628637218378888640e+00
5.616881858746957334e+00
5.610110327864833657e+00
5.601454896394879590e+00
5.629504315801663772e+00
5.737676580735120879e+00
5.732191902386857052e+00
5.886514638563254742e+00
5.931836783831960780e+00
5.762335386092029665e+00
5.717125344397063991e+00
5.725051315206469482e+00
5.776267694212732451e+00
5.778767059366360925e+00
5.755313468482926353e+00
5.732944390281444313e+00
5.748586586298305434e+00
5.613320370955663385e+00
5.485515560710956251e+00
5.386683520486204024e+00
5.272990294308079307e+00
5.403066230150446181e+00
5.410388485479717957e+00
5.568719229173718865e+00
5.615227124798210845e+00
5.473361299210906417e+00
5.510680827691075478e+00
5.456122525044386329e+00
5.438228444020563934e+00
5.460043334999165943e+00
5.362172194664799996e+00
5.396642255078009320e+00
5.236176437672259709e+00
5.298687845020610965e+00
5.379027873158727324e+00
5.408536502593354278e+00
5.489244899230446784e+00
5.538969448870382450e+00
5.533125614903889655e+00
5.504646999525179218e+00
5.532792093211982731e+00
5.598076823552427861e+00
5.448002352652062008e+00
5.559345817375924703e+00
5.616710064028915816e+00
5.574114191204638580e+00
5.524728121856367302e+00
5.478815007185717789e+00
5.510900265263402709e+00
5.474567440064025625e+00
5.423765470362017282e+00
5.578163614154293626e+00
5.702581677952363037e+00
5.635968396131712410e+00
5.753990766514355037e+00
5.758488952832076180e+00
5.903783004922117605e+00
5.861079415914338675e+00
5.877341812188006998e+00
5.747756791940483723e+00
5.736884934595993357e+00
5.814199079191948449e+00
5.813001781315481509e+00
5.796206782726737394e+00
5.968508313020134182e+00
5.926123288242099996e+00
5.835905949205658416e+00
5.864839687158727166e+00
5.735922172431752841e+00
5.837900593992570109e+00
5.777425664320124277e+00
5.823087808991301628e+00
5.811997255920532623e+00
5.904947024721108662e+00
5.888783029483497522e+00
5.881634535592481505e+00
5.812687454485721439e+00
5.694870343997224360e+00
5.691086766647431183e+00
5.656756430139751934e+00
5.639729733587124372e+00
5.683851271829242435e+00
5.650808032226201760e+00
5.705377194105667904e+00
5.789087508937641680e+00
5.753112611592537284e+00
5.845191116508395623e+00
5.757444861120777801e+00
5.632138747448357741e+00
5.764350184384549713e+00
5.800042611823870153e+00
5.721777281939090187e+00
5.723237464303584154e+00
5.702439992598425711e+00
5.637470845380068596e+00
5.525679439354131084e+00
5.535786896464600204e+00
5.574136584886477230e+00
5.562046250935852143e+00
5.656414476399437952e+00
5.583179014127826356e+00
5.479370384630985136e+00
5.462608435046337974e+00
5.481388589631702501e+00
5.378314692429411181e+00
5.491921162044477889e+00
5.525407109808726958e+00
5.407729280786671922e+00
5.442501215919302027e+00
5.597437462603334524e+00
5.576335880583509486e+00
5.602003862255839017e+00
5.605632899138306868e+00
5.608560883472009984e+00
5.432732647719490160e+00
5.497806155609732848e+00
5.600636115357578326e+00
5.628828445823981674e+00
5.655454008317009951e+00
5.797485322707395028e+00
5.899107031830939540e+00
5.925427109112624713e+00
5.863295359855683841e+00
5.777973294130000603e+00
5.632965468209031101e+00
5.685461671245067627e+00
5.735318765262720220e+00
5.693554077772090771e+00
5.609706165957048185e+00
5.492272101029096021e+00
5.585069038026643895e+00
5.580792375754052514e+00
5.480710954775893207e+00
5.496232074825608827e+00
5.512438442220116919e+00
5.542919686837952220e+00
5.482986223859201758e+00
5.662010509284457704e+00
5.636989241895796532e+00
5.633717738504258499e+00
5.464838562279672907e+00
5.395065360603513938e+00
5.526957029163074075e+00
5.601734163719933157e+00
5.673761692761326358e+00
5.616062162314531925e+00
5.717499063352136979e+00
5.586804662672091304e+00
5.668757283085128940e+00
5.609456544201323780e+00
5.551117389989503437e+00
5.558550493553551242e+00
5.485455164325756527e+00
5.529739165546576629e+00
5.564432452158429854e+00
5.609500590407058063e+00
5.651444424179384640e+00
5.837778209220079617e+00
5.842647063289711618e+00
5.823169559223035918e+00
5.810710449609802986e+00
5.639213767455776960e+00
5.564458233848372792e+00
5.551843157521513916e+00
5.633440276523343115e+00
5.692168430661858736e+00
5.660722361716428175e+00
5.655249581221778676e+00
5.603344574748533979e+00
5.593237976266754785e+00
5.729746672008458219e+00
5.754076555083982747e+00
5.687962447280575873e+00
5.664402961630801592e+00
5.686621795351365805e+00
5.679571120334276024e+00
5.588623862189947999e+00
5.621693443088131126e+00
5.661933876767974105e+00
5.614245850824097772e+00
5.498517918826999029e+00
5.540052511469802710e+00
5.456114834317075335e+00
5.453240863448860054e+00
5.537381379328653708e+00
5.618798244972786904e+00
5.699326767724008036e+00
5.744119805666445089e+00
5.709473521965533038e+00
5.724418691812428683e+00
5.766769136151007835e+00
5.831645634616789309e+00
5.816465261513502405e+00
5.901429657772314208e+00
5.937527607671775343e+00
5.828062213456397522e+00
5.758005103191079499e+00
5.840650829386114573e+00
5.743620376063458544e+00
5.612215045646846256e+00
5.602496820358829233e+00
5.730305978248471099e+00
5.717574569924052774e+00
5.545921111613781207e+00
5.587307748622204251e+00
5.713044923806719133e+00
5.810651801214303802e+00
5.763262172562341412e+00
5.675986790854720354e+00
5.594227312120445106e+00
5.745584672629194145e+00
5.518486839754415563e+00
5.521420783832376777e+00
5.546196099757142228e+00
5.643314428197959920e+00
5.659700616979187693e+00
5.663417062520204937e+00
5.631503119550143488e+00
5.681979918514874051e+00
5.677057027723257043e+00
5.657300548049753353e+00
5.641964279506997748e+00
5.660019657792149772e+00
5.694730591872279035e+00
5.680169041660273699e+00
5.675975405787584194e+00
5.748494148244745361e+00
5.770707684237753377e+00
5.608002433170852896e+00
5.608229763107877019e+00
5.591119135412247587e+00
5.648742986905610941e+00
5.686227098298250127e+00
5.711320259053624504e+00
5.712505111044464456e+00
5.675324347321605956e+00
5.689011913002135934e+00
5.654845058148699088e+00
5.622425634671307293e+00
5.724012326437929232e+00
5.750969263842916845e+00
5.640636345908367488e+00
5.607649011088788882e+00
5.659955787349648659e+00
5.660134328681659888e+00
5.631463197734779769e+00
5.657475547551485739e+00
5.804222540896780913e+00
5.697696722058452679e+00
5.733448027937074976e+00
5.682155551472897415e+00
5.816957295845579523e+00
5.806363405358184515e+00
5.661936196147807188e+00
5.644236243430751365e+00
5.785335368694310532e+00
5.791959103513692142e+00
5.878647014992075981e+00
6.015128029590943726e+00
5.942460068427662279e+00
5.855253542574972769e+00
5.664947453212425543e+00
5.791351716143931405e+00
5.679489005116642453e+00
5.699506098670759968e+00
5.705457231649384120e+00
5.707124880399042866e+00
5.781509175825184421e+00
5.722662145555410085e+00
5.734680053261631549e+00
5.838007107480277291e+00
5.720205392298755243e+00
5.572612865399524829e+00
5.487685691390042031e+00
5.573785080261000502e+00
5.518356421240312670e+00
5.533586325708519382e+00
5.448983066712313139e+00
5.448446466486815076e+00
5.510669250848716949e+00
5.593031589956701133e+00
5.610953348549059250e+00
5.590734796897134373e+00
5.705326993877251063e+00
5.694319760565134558e+00
5.685647949778982024e+00
5.681234376303524236e+00
5.620229047568915171e+00
5.603830041025734232e+00
5.705132059133156908e+00
5.759712816417125403e+00
5.623707049353266818e+00
5.564890893217039114e+00
5.661789870431021221e+00
5.604128285118542330e+00
5.622660484735788167e+00
5.653859131193316401e+00
5.648089247029986382e+00
5.578522167988780645e+00
5.681934663416757125e+00
5.595552967545510015e+00
5.625912829133723037e+00
5.714592014292683153e+00
5.832565969922206328e+00
5.771651698125587870e+00
5.891267256311823353e+00
5.977480376671781670e+00
5.921712017768370195e+00
5.944131033135266584e+00
5.803666110419752222e+00
5.859624851781426003e+00
5.775727076284407957e+00
5.705177023619404153e+00
5.715459235838478591e+00
5.678056324960500056e+00
5.694270114790412229e+00
5.673206430321645399e+00
5.621399925682511345e+00
5.610675533307083462e+00
5.600006296844925124e+00
5.474890181568274450e+00
5.378089524096415275e+00
5.299707257813898842e+00
5.386492803403546858e+00
5.393334533537154307e+00
5.433681532255207003e+00
5.379743271530339044e+00
5.390960222619193054e+00
5.381967178238705962e+00
5.406822878338602756e+00
5.502349586356513278e+00
5.475747743545777091e+00
5.539001853652436580e+00
5.458023564665021254e+00
5.438757833198399005e+00
5.524888079719259437e+00
5.400213450495400913e+00
5.475373379051442946e+00
5.279599275380186363e+00
5.272264817771477929e+00
5.358066380617763080e+00
5.421299385502656776e+00
5.466977635377026523e+00
5.414906817415194418e+00
5.454647733956982769e+00
5.556643817483642778e+00
5.558960875475126961e+00
5.728355152188919774e+00
5.695151366371097978e+00
5.680601938113573723e+00
5.710848933283221740e+00
5.647791592317585874e+00
5.607073504142843667e+00
5.668721860877557361e+00
5.582471567158949100e+00
5.531978531135775867e+00
5.600765011748944922e+00
5.685965466382030264e+00
5.620801348105525008e+00
5.589126846863111453e+00
5.687793459459368428e+00
5.738265747151924501e+00
5.532518216070068995e+00
5.622022845878213104e+00
5.612249624032016548e+00
5.553390595048314005e+00
5.526276158424049179e+00
5.446547103400424916e+00
5.450725870041495114e+00
5.512757587631738510e+00
5.584739095157773114e+00
5.527188387017782034e+00
5.613310449325726204e+00
5.590254347534431290e+00
