1.666666666666666574e-01
2.287581699346405151e-01
2.939233817701453200e-01
3.544574425171440057e-01
4.073193916349809873e-01
4.491693880448672238e-01
4.784533155169534147e-01
5.048279741258085984e-01
5.118386144065675269e-01
5.319810326659641930e-01
5.391251113089937652e-01
5.398748577929465275e-01
5.412922306904789371e-01
5.403417449360642388e-01
5.531235485369252469e-01
5.543653880677398282e-01
5.497613365155131770e-01
5.507642895378576098e-01
5.594071385359951076e-01
5.616421417089155765e-01
5.559666975023126456e-01
5.566448134305496120e-01
5.516588256858312445e-01
5.552313210529515874e-01
5.424389658688740790e-01
5.489765648175615187e-01
5.489241495372040314e-01
5.498942278634028069e-01
5.551562404824267327e-01
5.434887362968316982e-01
5.490876458271014560e-01
5.498848345253970482e-01
5.553454900286637352e-01
5.437473582513133730e-01
5.424352055038254017e-01
5.412604042806182791e-01
5.383037336615673629e-01
5.420023696682464420e-01
5.378760851468664672e-01
5.384752193502490014e-01
5.499607084567490478e-01
5.516131029785126261e-01
5.509544239258844511e-01
5.479248092313419027e-01
5.489795918367347261e-01
5.502493765586035090e-01
5.554014000126127337e-01
5.554136058767167317e-01
5.556697059201233246e-01
5.522980412239150150e-01
5.413965087281795707e-01
5.519326683291770896e-01
5.485393545095037515e-01
5.525795548753268394e-01
5.501211580155592751e-01
5.529933196300103049e-01
5.525651808242220131e-01
5.551750872205711840e-01
5.513910355486862924e-01
5.543401325526028378e-01
5.469748821592302912e-01
5.625696492953130567e-01
5.478289473684210265e-01
5.595677214780301334e-01
5.606821787414066893e-01
5.629103577649738899e-01
5.750739390604581169e-01
5.615337043908472658e-01
5.565043362241494096e-01
5.562673358869369977e-01
5.537926965187176531e-01
5.621746293245469817e-01
5.588176552826044086e-01
5.549683564950740333e-01
5.564489981194474799e-01
5.610687022900763266e-01
5.641179610354950524e-01
5.519416518825153162e-01
5.558211655252616179e-01
5.514493219358570508e-01
5.515621031242062822e-01
5.542399999999999549e-01
5.533968090581574684e-01
5.493874425727411914e-01
5.452253387960920294e-01
5.477994115069179104e-01
5.556976595472566949e-01
5.498295052435180352e-01
5.383212826155296948e-01
5.475626480488716696e-01
5.491022937831449013e-01
5.533936942143453663e-01
5.557655954631379736e-01
5.547507178282432561e-01
5.508715300193672837e-01
5.495512820512820085e-01
5.450284990500317006e-01
5.393522818750386971e-01
5.442075996292863316e-01
5.464020470573550670e-01
5.516368011144178185e-01
5.526063319475535973e-01
5.485449231160248740e-01
5.613661308025049701e-01
5.558842866535174121e-01
5.567313345091122745e-01
5.512529948844137051e-01
5.538451670835738971e-01
5.540024590694363482e-01
5.637393767705382031e-01
5.651006711409396477e-01
5.596262929596262925e-01
5.592761376395217754e-01
5.601629756193731158e-01
5.580266351768025102e-01
5.617999736460667082e-01
5.637143239983920529e-01
5.640802092414995972e-01
5.540039708802118046e-01
5.513043478260869490e-01
5.534153963900758644e-01
5.555983811909809278e-01
5.660709626924080862e-01
5.662473233404711204e-01
5.598994509492624116e-01
5.511907843644835436e-01
5.450824833144439774e-01
5.463378176382660545e-01
5.401392397264493939e-01
5.415471029977410033e-01
5.452870739944734035e-01
5.430349331526092005e-01
5.424764698692091658e-01
5.483851160505955891e-01
5.450347842147386102e-01
5.478736479842674090e-01
5.403279887825397365e-01
5.403551008125188071e-01
5.372497143887919879e-01
5.366072496710132533e-01
5.483673718967836397e-01
5.455617628801986418e-01
5.559680362423708999e-01
5.612732438016528880e-01
5.411049933548509605e-01
5.464327199364186205e-01
5.481047765793528592e-01
5.554724973525198006e-01
5.550785935231361545e-01
5.509038413256339695e-01
5.479958130656978899e-01
5.551964196916956418e-01
5.557096916577337620e-01
5.507401574803149069e-01
5.458480183021084953e-01
5.402005469462169973e-01
5.421216848673946487e-01
5.479751915359357683e-01
5.508490389998134118e-01
5.566939032055311376e-01
5.525028227324049190e-01
5.560471057386753291e-01
5.574353851916593605e-01
5.613249211356466928e-01
5.499437429678709632e-01
5.413492595526845363e-01
5.485067818259230510e-01
5.437624239503644485e-01
5.438407746100053508e-01
5.550256786500367134e-01
5.581863979848866730e-01
5.499842915488533102e-01
5.560987840040115815e-01
5.556678882851004975e-01
5.546943367920990076e-01
5.458539264140581659e-01
5.512369633761824428e-01
5.543812215804350130e-01
5.528899251441894425e-01
5.534459376155838051e-01
5.622963148658811638e-01
5.523274174193141262e-01
5.623776135430484935e-01
5.572763343146038828e-01
5.504736809084634919e-01
5.510980783628649515e-01
5.486648906511368828e-01
5.398138572905895050e-01
5.436221419975932889e-01
5.406790905253000545e-01
5.494171928120447079e-01
5.499473586424722393e-01
5.486703924338266480e-01
5.505333908861071990e-01
5.411649654666584874e-01
5.485548433909783750e-01
5.413153456998314184e-01
5.504509412263179913e-01
5.458182041971814114e-01
5.466691068814055754e-01
5.479864740239778209e-01
5.544281598396593180e-01
5.481197815305417498e-01
5.492114941095804781e-01
5.457086076263818475e-01
5.380818912990494862e-01
5.440072639225181916e-01
5.397295012679628190e-01
5.437244037581305811e-01
5.454545454545454142e-01
5.429706601466992577e-01
5.437052324875562004e-01
5.517748758506528794e-01
5.554513628407101722e-01
5.598935226264418752e-01
5.508112187146271266e-01
5.524484215759383199e-01
5.625039439641572603e-01
5.617410200690272637e-01
5.608896295346750271e-01
5.551960411115340888e-01
5.540498149193801014e-01
5.488259411106969354e-01
5.562456866804692535e-01
5.616843458694953384e-01
5.592101003561023020e-01
5.586971853561581991e-01
5.603609410248147071e-01
5.550825593395253277e-01
5.482249450204209618e-01
5.525804226500282690e-01
5.509012439705508468e-01
5.485822306238185009e-01
5.534659127009340374e-01
5.480640428653441587e-01
5.542260692464358041e-01
5.465736040609137092e-01
5.409099419584347812e-01
5.427271609492192450e-01
5.381168671740731435e-01
5.388114008489993667e-01
5.413021179026127339e-01
5.421129503407984274e-01
5.511353090391635234e-01
5.463724756918474368e-01
5.522657857009287685e-01
5.560762459628902921e-01
5.530928489775180923e-01
5.457597612534195175e-01
5.426535955671923928e-01
5.445852113533926619e-01
5.405635171241195414e-01
5.458257160268129571e-01
5.580127803533392328e-01
5.589191256134089514e-01
5.574628294301575693e-01
5.612531969309463298e-01
5.559644670050761794e-01
5.577262414923115363e-01
5.465181405190117081e-01
5.443223443223442759e-01
5.518448032414512427e-01
5.474564802854154921e-01
5.484108028660664713e-01
5.462962962962962798e-01
5.405714974680492224e-01
5.427253116011505618e-01
5.549670505635277973e-01
5.555485258762494771e-01
5.525380710659898442e-01
5.475220850823883101e-01
5.429648862512364005e-01
5.544330802534981339e-01
5.533324755532681438e-01
5.575714378280308692e-01
5.559319825395790948e-01
5.526838966202782810e-01
5.502742230347349439e-01
5.504037345445369489e-01
5.526866713189113600e-01
5.500158378207158361e-01
5.620428589760041449e-01
5.577647823261858706e-01
5.615244536940686704e-01
5.654663945757356647e-01
5.645472061657033080e-01
5.501770196330866280e-01
5.513224181360201204e-01
5.518703715425027356e-01
5.495040121311682846e-01
5.505980634137079832e-01
5.382945736434108230e-01
5.471674800766046509e-01
5.401780195326987277e-01
5.404144449830343699e-01
5.467017823237582119e-01
5.492529911350815253e-01
5.471509704799351059e-01
5.525985438111975512e-01
5.612683740933307464e-01
5.563904903802552315e-01
5.603793058960133688e-01
5.536392303237016588e-01
5.529359989940902942e-01
5.637596775225541812e-01
5.588841644118025531e-01
5.607845634592115713e-01
5.605502809533036146e-01
5.596097560975610286e-01
5.534193548387096317e-01
5.490246079306387861e-01
5.479685039370079114e-01
5.506599622878692868e-01
5.390707170698508799e-01
5.556739811912225768e-01
5.585929908661009247e-01
5.536419553253479897e-01
5.437401450646484058e-01
5.482728628230616463e-01
5.534231059652655604e-01
5.546780459843322353e-01
5.488148622677770927e-01
5.493874425727411914e-01
5.488030641557612999e-01
5.630548302872062649e-01
5.578926414969146430e-01
5.562161102763442111e-01
5.513854559646156339e-01
5.468659408619468421e-01
5.497621190690498150e-01
5.489032258064515668e-01
5.450597176981542002e-01
5.411312673217435476e-01
5.483891465971912904e-01
5.541870316063864932e-01
5.520525451559934460e-01
5.613182423435419954e-01
5.556302069336199745e-01
5.569764327798607528e-01
5.652085727807450999e-01
5.670547945205479667e-01
5.670492817375765160e-01
5.637328254659229598e-01
5.576514346439958025e-01
5.561528879564675565e-01
5.502977731745209988e-01
5.488566827697262118e-01
5.494210223274262894e-01
5.593220338983050377e-01
5.502535431023274359e-01
5.531983079092424038e-01
5.543232961506222578e-01
5.499358974358974361e-01
5.502316430792663082e-01
5.451380096226893235e-01
5.409318730276592158e-01
5.429510636978229776e-01
5.481691919191918894e-01
5.502886465683130002e-01
5.493703584113658334e-01
5.459556467119599521e-01
5.468680303319951586e-01
5.501511934632953293e-01
5.554464519507724685e-01
5.495401474137369124e-01
5.481661652691544040e-01
5.476735316552250321e-01
5.478844692171269681e-01
5.568511241383753418e-01
5.513867288750647910e-01
5.503790578630207708e-01
5.473322973322973795e-01
5.488920381345013810e-01
5.484452456061288395e-01
5.528392187297891391e-01
5.536995954586976243e-01
5.460122699386502632e-01
5.520739113580566126e-01
5.528805376133620886e-01
5.435522177289942025e-01
5.448722014333734487e-01
5.433931278423446143e-01
5.444606877264348554e-01
5.507900677200903150e-01
5.472999349381912904e-01
5.468508002065048945e-01
5.351005136660536010e-01
5.449277208176781517e-01
5.455896607431340861e-01
5.576885018800712412e-01
5.581836665537106557e-01
5.549671537739643279e-01
5.416096448354512649e-01
5.398541614282121870e-01
5.499871663244353392e-01
5.501305483028721133e-01
5.496749622430888715e-01
5.531212881087501643e-01
5.595261995583216130e-01
5.672454182168940040e-01
5.709487825356842627e-01
5.688426055353648092e-01
5.676892181981857410e-01
5.528694836938324864e-01
5.568686341081222624e-01
5.529281480033874097e-01
5.526128342938547711e-01
5.553309422888816904e-01
5.565613849610149266e-01
5.608991462113126492e-01
5.582224015059835676e-01
5.648498782796862461e-01
5.620270270270270041e-01
5.618129088824441730e-01
5.587758411025537386e-01
5.477982071582804258e-01
5.483705743005313771e-01
5.425293250432664527e-01
5.538540728348989584e-01
5.669645857133257527e-01
5.625382574984697515e-01
5.596788340867687728e-01
5.540305302624530803e-01
5.526505944951717320e-01
5.528917609046849480e-01
5.469669823393907837e-01
5.475797230339219945e-01
5.462974643623060844e-01
5.425445451703657662e-01
5.393630729582131744e-01
5.419687845643357260e-01
5.516762421870067268e-01
5.455066191446028556e-01
5.485696122059758872e-01
5.540926190167336784e-01
5.472530323668677310e-01
5.443741613954380387e-01
5.485031478864190735e-01
5.569844498392494403e-01
5.496198217094913074e-01
5.488687782805430349e-01
5.534820209376422051e-01
5.530924116219584352e-01
5.431606050852912926e-01
5.461469534050179542e-01
5.518758085381629819e-01
5.492150348511497526e-01
5.476376415462710368e-01
5.399273468867503700e-01
5.412954186413901914e-01
5.424159623816483533e-01
5.455938697318007957e-01
5.478771454381210493e-01
5.549511763549380694e-01
5.496118468262769508e-01
5.540173373010738311e-01
5.584389987517245357e-01
5.455548345230369911e-01
5.593571798859512390e-01
5.588604666534470189e-01
5.569445358247253619e-01
5.523580615824347229e-01
5.490462334303265468e-01
5.471649484536083019e-01
5.560543952111393073e-01
5.540291836466412212e-01
5.552922590837282568e-01
5.525570986638583815e-01
5.501496032262260805e-01
5.491146439188315798e-01
5.487551867219917501e-01
5.491461347933777049e-01
5.555335446381405307e-01
5.514501390544298554e-01
5.475207964891596335e-01
5.542744841139862766e-01
5.533897185146028352e-01
5.547661338069863612e-01
5.579322638146168023e-01
5.590814755305616446e-01
5.534186617149677856e-01
5.463287849252761452e-01
5.548248469852845588e-01
5.462529274004683799e-01
5.514573123549135758e-01
5.454898157129001168e-01
5.575598556903902381e-01
5.597205427918849896e-01
5.531405782652043523e-01
5.555186170212765839e-01
5.595626958202786216e-01
5.599919608762644607e-01
5.623654467168999194e-01
5.603581767992997786e-01
5.653665097511768600e-01
5.611331673507838902e-01
5.595896342682032953e-01
5.550816875533101102e-01
5.504610820919584313e-01
5.484076433121019001e-01
5.514476614699331813e-01
5.582718923813219103e-01
5.547761096177801221e-01
5.455069493370908740e-01
5.492537313432835910e-01
5.421648835745751516e-01
5.468514801806322323e-01
5.463206719318038918e-01
5.474884981407953655e-01
5.456720176266918187e-01
5.457633515757690512e-01
5.490109613203981720e-01
5.372439478584729589e-01
5.411953767229124024e-01
5.331091409354937749e-01
5.377826139523637083e-01
5.444732297063903381e-01
5.508829881844746756e-01
5.617425483131346375e-01
5.623122621987851621e-01
5.631983941117431058e-01
5.731308729402151414e-01
5.609672791857367447e-01
5.519064296570409534e-01
5.633774834437086376e-01
5.582540421851087675e-01
5.584833749507162048e-01
5.551854754440961326e-01
5.550855729810633132e-01
5.527102560769531214e-01
5.577414912453275697e-01
5.640096618357487435e-01
5.557054221742648847e-01
5.559101183353277742e-01
5.600377129773048690e-01
5.512666666666666826e-01
5.552537432092221614e-01
5.539984059511158243e-01
5.584935897435897578e-01
5.578897912611584520e-01
5.638599810785240862e-01
5.649934766188284829e-01
5.585921605859216488e-01
5.506930693069307381e-01
5.409888767440365065e-01
5.445525783619817872e-01
5.479731886370891036e-01
5.464414182939363318e-01
5.464712688006170271e-01
5.433827742058692234e-01
5.426120114394661353e-01
5.438998029118189415e-01
5.425477380494680979e-01
5.463106295149638969e-01
5.509979263867288424e-01
5.560953193724151866e-01
5.517832421385721053e-01
5.652465166130761220e-01
5.575329438934927273e-01
5.560672807368842729e-01
5.622476446837146868e-01
5.578501278084219139e-01
5.490635716169876002e-01
5.429396662387676598e-01
5.422174435519574454e-01
5.410447761194029370e-01
5.499396020090279169e-01
5.517420359436838728e-01
5.585211546065638188e-01
5.526490505908909778e-01
5.585812964930924052e-01
5.548870169808798325e-01
5.658810022286756558e-01
5.601845475829775323e-01
5.484687083888148962e-01
5.511553315441513057e-01
5.506466224643865592e-01
5.441290824261275638e-01
5.507997150812665721e-01
5.540602942146579668e-01
5.567413495956515801e-01
5.503245688807291147e-01
5.479123443983402453e-01
5.561061485296994178e-01
5.485262401150251543e-01
5.490617670054730448e-01
5.455015177937092563e-01
5.428625978489148851e-01
5.388861013547415757e-01
5.447652745308649846e-01
5.456696942561084507e-01
5.472959938267635271e-01
5.562504114278190581e-01
5.540414783302313184e-01
5.546367395156527325e-01
5.531552762503273435e-01
5.535889229965383906e-01
5.576039889778244829e-01
5.498992263181847751e-01
5.527228358592345403e-01
5.458034800409417020e-01
5.522838080574801189e-01
5.465994962216624842e-01
5.489981315636879300e-01
5.469681264576314872e-01
5.450767263427109821e-01
5.563998427878946718e-01
5.533133533133532955e-01
5.430606377417668273e-01
5.518338201882505567e-01
5.518674937310280582e-01
5.505536514632217715e-01
5.505544255626271255e-01
5.471439749608764114e-01
5.406698564593301892e-01
5.470107307102708427e-01
5.434362934362934050e-01
5.456820223277299986e-01
5.574543311726576356e-01
5.565836772733324667e-01
5.627107215104517612e-01
5.570163487738419850e-01
5.590240641711230474e-01
5.654432600188908919e-01
5.689476948521811073e-01
5.587273470500068173e-01
5.476268412438625166e-01
5.450602717010013532e-01
5.341398017085490224e-01
5.472668004012035681e-01
5.437764389180874680e-01
5.493312657491762341e-01
5.534591194968553340e-01
5.467464964800315963e-01
5.563259376650818711e-01
5.532471014007104282e-01
5.571294307196562601e-01
5.452666666666666773e-01
5.438834951456310574e-01
5.477475134889163710e-01
5.553702468312208262e-01
5.489894257796814614e-01
5.462301587301586769e-01
5.524105548574829161e-01
5.458812640486578882e-01
5.502527407601917053e-01
5.520427694541614194e-01
5.537113877362840331e-01
5.542725173210161227e-01
5.510618772941793253e-01
5.559929147805550143e-01
5.561522142667727486e-01
5.596079477263634638e-01
5.561197220737573721e-01
5.531227329684099692e-01
5.505998956703181957e-01
5.480756854163985059e-01
5.571530341299139044e-01
5.558635253745133342e-01
5.526627218934910823e-01
5.471819645732689530e-01
5.505444236840409955e-01
5.489700738437621741e-01
5.481908214123891732e-01
5.505043973098809884e-01
5.475057855489843250e-01
5.508277289187790693e-01
5.507340522281408690e-01
5.500227523890008907e-01
5.517822423849643165e-01
5.437731985152950420e-01
5.457592815128707864e-01
5.454312771947785743e-01
5.453675954855575769e-01
5.457319010995995701e-01
5.505740491309089046e-01
5.513094083414160629e-01
5.510270200220307446e-01
5.584509829792848601e-01
5.652822006911036867e-01
5.550881410256410797e-01
5.510858189429618248e-01
5.516792501952616501e-01
5.556789236496636475e-01
5.502638608378396246e-01
5.412387574153217917e-01
5.446259020129130546e-01
5.460165710643721804e-01
5.463719979560551776e-01
5.379357913217958087e-01
5.373263888888888395e-01
5.320366836954514289e-01
5.399506781750924578e-01
5.424537182303106331e-01
5.461382884591076126e-01
5.451837769328263805e-01
5.485335856196783544e-01
5.564583736377120005e-01
5.592270149056852713e-01
5.607178464606181745e-01
5.654932870215750862e-01
5.613362909188680527e-01
5.639313614208453229e-01
5.626515763945028059e-01
5.529893097532004864e-01
5.548374461417939774e-01
5.489596879063719514e-01
5.469439999999999857e-01
5.428264848829136291e-01
5.436288088642659000e-01
5.407271345325563860e-01
5.509748948642793076e-01
5.527745440434613799e-01
5.522031270189946550e-01
5.515304145679968961e-01
5.600942655145325633e-01
5.544014200249819391e-01
5.606189758048653049e-01
5.571428571428571619e-01
5.499329116350393232e-01
5.588969223878686998e-01
5.620727817199401288e-01
5.574100532536693242e-01
5.448661555862762684e-01
5.433678153883821915e-01
5.479198767334360065e-01
5.491823742354262627e-01
5.501191820348764194e-01
5.509386733416771209e-01
5.593327836620790583e-01
5.614711934156378925e-01
5.585055338749920217e-01
5.628969144909872213e-01
5.552992438805587350e-01
5.643310468619783249e-01
5.526907992027261241e-01
5.563051702395964693e-01
5.533974479854170125e-01
5.572788600970934869e-01
5.554152194505841411e-01
5.538026398491514568e-01
5.510178593730485908e-01
5.574307304785893757e-01
5.602918586789554789e-01
5.523876494278591176e-01
5.586827493777521969e-01
5.491289198606271738e-01
5.553741838272224784e-01
5.605239385727190937e-01
5.558781778293973019e-01
5.445432903144968861e-01
5.560274828232354416e-01
5.536172396100564885e-01
5.530341662417134208e-01
5.511751326762699410e-01
5.520393368215343877e-01
5.550666411580894577e-01
5.526013771996939328e-01
5.528460420746730275e-01
5.426855692441032719e-01
5.464383980434117660e-01
5.592435108205876526e-01
5.539028649033176377e-01
5.535930625518077353e-01
5.528085569717543502e-01
5.578419394251173946e-01
5.543800799896787534e-01
5.565155716035850020e-01
5.501153550371699064e-01
5.505169023910699844e-01
5.494999367008481794e-01
5.576652601969057654e-01
5.522128454551310517e-01
5.498441376677906112e-01
5.418236623963827991e-01
5.405792587978822672e-01
5.453970262575134065e-01
5.504438540789218237e-01
5.465131492869291785e-01
5.416209234743299961e-01
5.330722092362120135e-01
5.400881057268722696e-01
5.474207502098262790e-01
5.510015814443858240e-01
5.433270493401807233e-01
5.530762706335224932e-01
5.525263298226903430e-01
5.500561686380757154e-01
5.549633577614923041e-01
5.542643424831362742e-01
5.517447260183097058e-01
5.582537154989384298e-01
5.606385833109739369e-01
5.557853997063926244e-01
5.549359357365730716e-01
5.523885456115872339e-01
5.554370291352757061e-01
5.448284908506590973e-01
5.468275995610920592e-01
5.447674418604651070e-01
5.399031106578275896e-01
5.463204012953203348e-01
5.452335252719129333e-01
5.350234741784037906e-01
5.380673047236801398e-01
5.397748592870543760e-01
5.408864510434399087e-01
5.450415866922584396e-01
5.464024350754485004e-01
5.445415416721012258e-01
5.418287937743190286e-01
5.440692193452573155e-01
5.579024520255863040e-01
5.513131313131313105e-01
5.521883289124668304e-01
5.488657346346610399e-01
5.479965787222843554e-01
5.459721222433087107e-01
5.438768186859790355e-01
5.507919884801675270e-01
5.550166112956810283e-01
5.627596540216577292e-01
5.553198768388641904e-01
5.601419117145390869e-01
5.493996914615333349e-01
5.489575085774610619e-01
5.512351022038750603e-01
5.540041619117943572e-01
5.503907302613850749e-01
5.581190201533554607e-01
5.456014000134616904e-01
5.503793424730467621e-01
5.372068649285994812e-01
5.367285723402897002e-01
5.457484642741674552e-01
5.508120649651971901e-01
5.554656416481219550e-01
5.556767814524378180e-01
5.523212216238325700e-01
5.581743869209809805e-01
5.525472277160199397e-01
5.500876365107185695e-01
5.633208574345015540e-01
5.616153205661947867e-01
5.655526992287918109e-01
5.540716389288404820e-01
5.651876666438777619e-01
5.583578918511411526e-01
5.482517482517482721e-01
5.439937291789143092e-01
5.471550544222121282e-01
5.551307847082495028e-01
5.603978175288348851e-01
5.541631857421330798e-01
5.555173125903489773e-01
5.502966650753597921e-01
5.571321372535643635e-01
5.610216934919524112e-01
5.611772950245269564e-01
5.601485321936523487e-01
5.547450326524940856e-01
5.554180418041804179e-01
5.457613390928726105e-01
5.445838837516512321e-01
5.518908536989204361e-01
5.545637583892617517e-01
5.541192230408573671e-01
5.555106984255147040e-01
5.514567035338548973e-01
5.508678237650200815e-01
5.444856348470806795e-01
5.455080423695566338e-01
5.571038069204613530e-01
5.582091583316323158e-01
5.392819289878113542e-01
5.472691807542262588e-01
5.441543104579451562e-01
5.436526048118928145e-01
5.497900813434793976e-01
5.409707724425887321e-01
5.537995522191492270e-01
5.554501727525235077e-01
5.575544527157429986e-01
5.593928422225317165e-01
5.600641427874224476e-01
5.597501734906314974e-01
5.657462425725270361e-01
5.550490399226412075e-01
5.693127552079728648e-01
5.635791681230338801e-01
5.657894736842105088e-01
5.571940463065049309e-01
5.564537860414981996e-01
5.539843174049996488e-01
5.527524462490847057e-01
5.565689759238146017e-01
5.482841181165203359e-01
5.539254559873116879e-01
5.626234420758700061e-01
5.591742181644749898e-01
5.629270292429625622e-01
5.539734201247626943e-01
5.514359620614180946e-01
5.541744216963573333e-01
5.480572597137014501e-01
5.438402497723429097e-01
5.444365331089391358e-01
5.432896196254974885e-01
5.502568831510999958e-01
5.499966646654659286e-01
5.538926174496644483e-01
5.504495504495504621e-01
5.443548387096773800e-01
5.359568390986988451e-01
5.471818413669982117e-01
5.442251698479456667e-01
5.503566520515672522e-01
5.396290050590218934e-01
5.330090340514246350e-01
5.397369925671812174e-01
5.454663972361645241e-01
5.473739773027184174e-01
5.495006367719016405e-01
5.466764745218670729e-01
5.549554415338914248e-01
5.549533479692645432e-01
5.485637039540385285e-01
5.520608836206896131e-01
5.476287262872628903e-01
5.517545645829091683e-01
5.516080263881253387e-01
5.465796273629810464e-01
5.543707124906608330e-01
5.534768553545635905e-01
5.508937099194979314e-01
5.576392719249861907e-01
5.473075333976036294e-01
5.418837675350701710e-01
5.549215406562054698e-01
5.521934369602763404e-01
5.529817304377800946e-01
5.561175003464042810e-01
5.599944126274619682e-01
5.697500534073915990e-01
5.626342161775232942e-01
5.623944850872256707e-01
5.556793648582770695e-01
5.500544069640913580e-01
5.484131253362022340e-01
5.413319168713897067e-01
5.487821289193917096e-01
5.556246975039756952e-01
5.517408458503495483e-01
5.530089892266519813e-01
5.479920640350277594e-01
5.537343117755983979e-01
5.568619217579956482e-01
5.545550474850510225e-01
5.514710972654898180e-01
5.530460008288438090e-01
5.571738673762341998e-01
5.547767575523936401e-01
5.612424991175432032e-01
5.613922241280732139e-01
5.581560788219392943e-01
5.649585371039761439e-01
5.658434732522139576e-01
5.571317114688985050e-01
5.577921167064104901e-01
5.630150610969025804e-01
5.603516043736154195e-01
5.637233890555793936e-01
5.541871921182266458e-01
5.523605446879104042e-01
5.489216021910304777e-01
5.527290181020295678e-01
5.473770942048887811e-01
5.482725658882970921e-01
5.568858083035777007e-01
5.526925507266727822e-01
5.459328487365870952e-01
5.467768369298006137e-01
5.513528437327442910e-01
5.502502085070892779e-01
5.469407463613161768e-01
5.542562817568037481e-01
5.540455341506129727e-01
5.516639921858648155e-01
5.557884440718228181e-01
5.459750293164102874e-01
5.453068958516613662e-01
5.426808824515523266e-01
5.344543356412793100e-01
5.451097804391217272e-01
5.508660984327742316e-01
5.500590564857916753e-01
5.433119278589971790e-01
5.489640278058985912e-01
5.523371542315875793e-01
5.595577498087754842e-01
5.535614133482894550e-01
5.444323292899004851e-01
5.456249581575952634e-01
5.393763213530655687e-01
5.397756911841419258e-01
5.508253692441354987e-01
5.429223437814618691e-01
5.477941176470588758e-01
5.336189848384970125e-01
5.417234885382167242e-01
5.483437479002889470e-01
5.455531453362255645e-01
5.526351720371381893e-01
5.560581808059016362e-01
5.474247308140730572e-01
5.502588583338936523e-01
5.410926998070140215e-01
5.374305328538737658e-01
5.261856454476286915e-01
5.328852314843897098e-01
5.399665336594156040e-01
5.497197010144153628e-01
5.600834492350487137e-01
5.574631101021566559e-01
5.567690234735125365e-01
5.385663668574542928e-01
5.488140831821541887e-01
5.461380724538619225e-01
5.439437951766533663e-01
5.433331085182437903e-01
5.472890338361190432e-01
5.569567337838778887e-01
5.455113952195663751e-01
5.496792684591237377e-01
5.567247386759581751e-01
5.541499754023473390e-01
5.537056550755180551e-01
5.554385225756618416e-01
5.488154308477182219e-01
5.468064692982456121e-01
5.398785425101214619e-01
5.473278832511316860e-01
5.536356096212330380e-01
5.498595505617978052e-01
5.523041634809202627e-01
5.491241431835490738e-01
5.529854385842680742e-01
5.537422622397298877e-01
5.443116667817917698e-01
5.505168849069607129e-01
5.454920853406745040e-01
5.500205846027171885e-01
5.568054779206260685e-01
5.491036906854129818e-01
5.522503516174401827e-01
5.623471882640587172e-01
5.507936507936508352e-01
5.565916856492026943e-01
5.557616839100962824e-01
5.548767493073808454e-01
5.479566887879846471e-01
5.479196853653487409e-01
5.475450590428837527e-01
5.476108628394636968e-01
5.519579355195793902e-01
5.570209464701318947e-01
5.478787025962147395e-01
5.526426764127073676e-01
5.480098626276858065e-01
5.533987435589751147e-01
5.504326854873031749e-01
5.634909195733640574e-01
5.641821946169772728e-01
5.560915004019586494e-01
5.542142703168786433e-01
5.571480014404033287e-01
5.559001731102135579e-01
5.449855113435578824e-01
5.546501826355717535e-01
5.508757002056300367e-01
5.480404551201011332e-01
5.534172916371868922e-01
5.425197400600936248e-01
5.432064844071987642e-01
5.378746594005449078e-01
5.504328706884705769e-01
5.609004229693884680e-01
5.602899187349000831e-01
5.643680693251083014e-01
5.536242336819329202e-01
5.577281191806331417e-01
5.508619461461746747e-01
5.569764949632064477e-01
5.620464441219158447e-01
5.598780664827986975e-01
5.549917816050882191e-01
5.598855917053986442e-01
5.549664192294097020e-01
5.606531881804043271e-01
5.589612601106853651e-01
5.602465112984345019e-01
5.459395787139689205e-01
5.396983589130290859e-01
5.410340314136126150e-01
5.457323148455662798e-01
5.448585000334514872e-01
5.484436059830211097e-01
5.479684739774426383e-01
5.428320497230103570e-01
5.517006339036193419e-01
5.532732480961364274e-01
5.514731611729302152e-01
5.484116547857983415e-01
5.486939141222689775e-01
5.602380119005950787e-01
5.619740407930394754e-01
5.630162346909712845e-01
5.595110443920222609e-01
5.555165144061841032e-01
5.516240497581202940e-01
5.514710925176600220e-01
5.505154639175258158e-01
5.534812971029523521e-01
5.559300610912154550e-01
5.496347826086956934e-01
5.605202433396265782e-01
5.561173621991168936e-01
5.526204564666102881e-01
5.417633410672854088e-01
5.464651257371382354e-01
5.474883337908317271e-01
5.502547156822249486e-01
5.413753309347634213e-01
5.445705024311182640e-01
5.452138492871690945e-01
5.516250427642832577e-01
5.446459117345193723e-01
5.382712748178354323e-01
5.400039970688161883e-01
5.436336660372268481e-01
5.520898315658141486e-01
5.621793482188018887e-01
5.658425647421319038e-01
5.623848478148720798e-01
5.723835697838520753e-01
5.659587197128327363e-01
5.590504887190416161e-01
5.467931473877956083e-01
5.443893024538185577e-01
5.341349365397461968e-01
5.344714809000523648e-01
5.512149281782789956e-01
5.477948788736283214e-01
5.496429552320790668e-01
5.500137400384721431e-01
5.594219166549740940e-01
5.585636933599316123e-01
5.627637508046634540e-01
5.586221651690200796e-01
5.533399098083426892e-01
5.534647965560338667e-01
5.515539178196482428e-01
5.583128295254833340e-01
5.547752808988763995e-01
5.460004141072537509e-01
5.604114885390776291e-01
5.519738216250087426e-01
5.532060963888507654e-01
5.597659515185288148e-01
5.528749217826600670e-01
5.576282940360610674e-01
5.537253266611065206e-01
5.570132588974180399e-01
5.575829882798792880e-01
5.507165715875886880e-01
5.579196217494090115e-01
5.585369298121733994e-01
5.551661292583766061e-01
5.483053748716193443e-01
5.460892917086270781e-01
5.566842746850874102e-01
5.426439948921298884e-01
5.486719831279246451e-01
5.525046879185641080e-01
5.535170266061878452e-01
5.601231190150478545e-01
5.662944870900209482e-01
5.620499195972872286e-01
5.532758856517576707e-01
5.586220926290093036e-01
5.482332392852344860e-01
5.498855086686293969e-01
5.541439009940095639e-01
5.598488865323435482e-01
5.576589788028263328e-01
5.549072313643217402e-01
5.577126254622292167e-01
5.456852791878172848e-01
5.405065677832945337e-01
5.396677244726526546e-01
5.511985326671304808e-01
5.564364156215478863e-01
5.550120654796842912e-01
5.477183749438419014e-01
5.502675840978593635e-01
5.483477702919473673e-01
5.523270763692466057e-01
5.510138189332299818e-01
5.492658423493045339e-01
5.591927956353118789e-01
5.561447699854169535e-01
5.557819998685161744e-01
5.577163952798470659e-01
5.580995235574377489e-01
5.545828359198832214e-01
5.562438220757824903e-01
5.483598021348606855e-01
5.455591054313099209e-01
5.557276540819618971e-01
5.470417070805043691e-01
5.455585935016213917e-01
5.368604723624353925e-01
5.427828992142548215e-01
5.498222899212997783e-01
5.459393472115137147e-01
5.505914116739522024e-01
5.429252270238938971e-01
5.404995257666772579e-01
5.494088923156000837e-01
5.428571428571428159e-01
5.473121051953074856e-01
5.554075652637187055e-01
5.445984481729557736e-01
5.393784043575776677e-01
5.389927146024706683e-01
5.491898148148147696e-01
5.520833333333333703e-01
5.586690017513135098e-01
5.558114332159306281e-01
5.533903360509047076e-01
5.530864197530863668e-01
5.487565445026177935e-01
5.478458049886620884e-01
5.469163706813044978e-01
5.455649284253578646e-01
5.473158871328940300e-01
5.504972232984631786e-01
5.509543836945972606e-01
5.552135184700026649e-01
5.558053425019836569e-01
5.568513119533528011e-01
5.610814419225633731e-01
5.654139396801834971e-01
5.558968879390944196e-01
5.610805800172151692e-01
5.531340531998946153e-01
5.548538316296633965e-01
5.513667573519885901e-01
5.448551321879160358e-01
5.451793934043760448e-01
5.451401986671696731e-01
5.484386997696442112e-01
5.455881413328221852e-01
5.469932042569559671e-01
5.541142557651991263e-01
5.492541236774659552e-01
5.394787520862754926e-01
5.372590871994475936e-01
5.469652252021044436e-01
5.537414066631412002e-01
5.579208918138472972e-01
5.537013550497296155e-01
5.500327439423706721e-01
5.480750375841558775e-01
5.477380326144134504e-01
5.424491392801251699e-01
5.380007728970758185e-01
5.289951305887561350e-01
5.313789223652957139e-01
5.394307643108410266e-01
5.461855265738380094e-01
5.492901685020564750e-01
5.441099132264002325e-01
5.553641243125041482e-01
5.611332691514234750e-01
5.578543536343084641e-01
5.552084748064647357e-01
5.636538329558712368e-01
5.595707857390100903e-01
5.575087550642038314e-01
5.616032008830021960e-01
5.515710382513661081e-01
5.462218382401807792e-01
5.433029567953845396e-01
5.432307592219114412e-01
5.405597569646435341e-01
5.435499515033948015e-01
5.502200617486697753e-01
5.538440932226091906e-01
5.514950166112956298e-01
5.481761175915312867e-01
5.471256684491978550e-01
5.565718157181571701e-01
5.499522965789832574e-01
5.438060445034872403e-01
5.468192038090199381e-01
5.458283591988327688e-01
5.581347855684138937e-01
5.510752688172042557e-01
5.515919205751455001e-01
5.490410958904109462e-01
5.444407121263016291e-01
5.487804878048780921e-01
5.472808441558441039e-01
5.510231738717983330e-01
5.493454520789526896e-01
5.473201026056433438e-01
5.532856656452161959e-01
5.467899891186072114e-01
5.487318227933716264e-01
5.444257325698887984e-01
5.513450771541718032e-01
5.507396654223697396e-01
5.552931369824951613e-01
5.530613663214956066e-01
5.552409888136997651e-01
5.629297039427528793e-01
5.620984254748288000e-01
5.654816594812354102e-01
5.536028119507908629e-01
5.546148507980569464e-01
5.605327725201542099e-01
5.576909489154242561e-01
5.532003904615813150e-01
5.552760307477289103e-01
5.586216556940748479e-01
5.557107928746070069e-01
5.611938212064024878e-01
5.459829059829059972e-01
5.432221339687582917e-01
5.516068809174556886e-01
5.604123711340206482e-01
5.550509221029452656e-01
5.666341054981858250e-01
5.619141588554513733e-01
5.540493569690649878e-01
5.438300741739716671e-01
5.507149090420889737e-01
5.554714384033034857e-01
5.598122986412662483e-01
5.589855891494772688e-01
5.544734813984446564e-01
5.586529728219101765e-01
5.626187961985216202e-01
5.678242586819400861e-01
5.717643602174232731e-01
5.693668866487779923e-01
5.655068728522336663e-01
5.653859964093357338e-01
5.594757350336521107e-01
5.576441102756892754e-01
5.558024862837697144e-01
5.627272727272727426e-01
5.552749719416386620e-01
5.447558155353012799e-01
5.465684633411449500e-01
5.499730240086323496e-01
5.554036502836831035e-01
5.604342077795561039e-01
5.611790485615324453e-01
5.660216882840739538e-01
5.532927426691860440e-01
5.562999931633281214e-01
5.610919143054595715e-01
5.610330263795609840e-01
5.656361225486774558e-01
5.627142357467646017e-01
5.589645254074784297e-01
5.607787274453941428e-01
5.639319522568253529e-01
5.575044710414087668e-01
5.630627534538455992e-01
5.541566883339035243e-01
5.638421160269957433e-01
5.472690492245448901e-01
5.508168755331015465e-01
5.515235640161280095e-01
5.598820454393137469e-01
5.468655917575433456e-01
5.449601864439697074e-01
5.578329928161867013e-01
5.580826940050240825e-01
5.555555555555555802e-01
5.615233714401677290e-01
5.541840005455909157e-01
5.559537494083440778e-01
5.567585743106926444e-01
5.532518403457824530e-01
5.558166073706115595e-01
5.618827055377698665e-01
5.642847383522339166e-01
5.536188465990331542e-01
5.497222956889711298e-01
5.470466589117228828e-01
5.405234142323046553e-01
5.513724987172908820e-01
5.484123872990983584e-01
5.522212029878128536e-01
5.521684266454141010e-01
5.563595326606478597e-01
5.534064473246925742e-01
5.456210347308522168e-01
5.476573044540137269e-01
5.445646573930963408e-01
5.463480439391019683e-01
5.440189246211879492e-01
5.443013645973476811e-01
5.444643772424397898e-01
5.482888255120560439e-01
5.538471647283002008e-01
5.552002132054101313e-01
5.601615074024226537e-01
5.567600323188796052e-01
5.598707679881537169e-01
5.572753352458469367e-01
5.644720165432592918e-01
5.672086720867208776e-01
5.644830415754923392e-01
5.644724366788568259e-01
5.690896739130434367e-01
5.596533655783958450e-01
5.595182955071792419e-01
5.641643249029840712e-01
5.524073707152763468e-01
5.582344934862920605e-01
5.598450528527345593e-01
5.605360443622920963e-01
5.552234927234926953e-01
5.476903472443452880e-01
5.475181789440404234e-01
5.511338230597253585e-01
5.439924314096499236e-01
5.483182730923694681e-01
5.588405424513143149e-01
5.565043017012742954e-01
5.483215940097722063e-01
5.463783381870004341e-01
5.401442013931321284e-01
5.466083682516548192e-01
5.441508512845548706e-01
5.401402961808261516e-01
5.476578043045758903e-01
5.372083308468103002e-01
5.445029274350937643e-01
5.486061043018505279e-01
5.546798631476050900e-01
5.573821339950372211e-01
5.562430392278183700e-01
5.625232832484787782e-01
5.552046566350857804e-01
5.557668711656441607e-01
5.579031661944068299e-01
5.527261462205700360e-01
5.519429024583664134e-01
5.526734369264652003e-01
5.567837954671771561e-01
5.573011203605182651e-01
5.475149350249430835e-01
5.517283498228899852e-01
5.591384539209011129e-01
5.558052434456929314e-01
5.528887789187183488e-01
5.545113936490387863e-01
5.510543840177580810e-01
5.447306509018519094e-01
5.388928234183191224e-01
5.440828402366864047e-01
5.410020753038837782e-01
5.456015330259297302e-01
5.463115003344888310e-01
5.440916570174904043e-01
5.378302282393817579e-01
5.468562514998800417e-01
5.465690759377859198e-01
5.485167813851495877e-01
5.499723230210959990e-01
5.583400533465665561e-01
5.501301276490271341e-01
5.452723629076334788e-01
5.390541024722321772e-01
5.468042730400144436e-01
5.424824752235919423e-01
5.409747939314298870e-01
5.488481485948618621e-01
5.516753765754688343e-01
5.545386626821068310e-01
5.483292079207920944e-01
5.555832502492522584e-01
5.587008719828130410e-01
5.521437578814627489e-01
5.540726817042606056e-01
5.590058183657981017e-01
5.556614563476934832e-01
5.652313418468843942e-01
5.555340806597087733e-01
5.595146871008940259e-01
5.630202913631633388e-01
5.598223615464994474e-01
5.669280959599287684e-01
5.659506123268419620e-01
5.584680068322165347e-01
5.559144647587053178e-01
5.566896372383305369e-01
5.544644599076542502e-01
5.513285806869734351e-01
5.694527165640923538e-01
5.576717455225875808e-01
5.502389254810796659e-01
5.510774903057656937e-01
5.524124340474222405e-01
5.447859702055439790e-01
5.491752061984503941e-01
5.527263536993745063e-01
5.556483205959796834e-01
5.505495211774535935e-01
5.499904537643989233e-01
5.666972116769211087e-01
5.524383848977451050e-01
5.532920365285139974e-01
5.520194274028630277e-01
5.586739620212423096e-01
5.560041677520187742e-01
5.556782027141095037e-01
5.630477436232831367e-01
5.553366174055829330e-01
5.602953781235576747e-01
5.612619222303741884e-01
5.633669395764260290e-01
5.702086633151987050e-01
5.588998088998089475e-01
5.574559059326563704e-01
5.563506261180679591e-01
5.609854063462310636e-01
5.622847883329957774e-01
5.680829015544041072e-01
5.655925951701580301e-01
5.633384040934863446e-01
5.590723055934515573e-01
5.601945683015808752e-01
5.668737625452311413e-01
5.601049506317752336e-01
5.550678641366736388e-01
5.556000266826762735e-01
5.540676263809842794e-01
5.500166168162180513e-01
5.470502837534644280e-01
5.445336139981581391e-01
5.505894891094385013e-01
5.451885349471303766e-01
5.507322865813432111e-01
5.452216748768472510e-01
5.428332367895990496e-01
5.489954633830200770e-01
5.429294568109546137e-01
5.450975342818515923e-01
5.575262388733891461e-01
5.574450717638256281e-01
5.622800358843420554e-01
5.618369625907314591e-01
5.540141473799876648e-01
5.544319261571875046e-01
5.421111921012523593e-01
5.505359373972512627e-01
5.544100801832760883e-01
5.532448177753691576e-01
5.533256491965556911e-01
5.463205205608103743e-01
5.485985684661180972e-01
5.515603799185888612e-01
5.517524644030668002e-01
5.651961127036285726e-01
5.651210973780095292e-01
5.571408391015679751e-01
5.618438434262671421e-01
5.590270496959530711e-01
5.507098007098006898e-01
5.497178177909164409e-01
5.584854631507775169e-01
5.621195351411178986e-01
5.450057482924189900e-01
5.496228662167527146e-01
5.543911838280035642e-01
5.585740881196993302e-01
5.573349972268440977e-01
5.528142395711634904e-01
5.561906073543588791e-01
5.672704207484671191e-01
5.762390670553936278e-01
5.727845754542083556e-01
5.608385562999783636e-01
5.525984911986588921e-01
5.456875042147144583e-01
5.526617637136495009e-01
5.518649605227334831e-01
5.577276752264832549e-01
5.613644274277758139e-01
5.532956425813568835e-01
5.550134011408150991e-01
5.581200167855644434e-01
5.597780275358246183e-01
5.572567114093959217e-01
5.624824880919024883e-01
5.553618742155905785e-01
5.621606571070583147e-01
5.567699269056735067e-01
5.568118756936737412e-01
5.600803379735438403e-01
5.620924198864034604e-01
5.754798052134059150e-01
5.676653640179476490e-01
5.536987833869388975e-01
5.564721248367361373e-01
5.685108764076379773e-01
5.641879917771319697e-01
5.620827770360480313e-01
5.610420449783489749e-01
5.593816851839072957e-01
5.548876289364027548e-01
5.556610169491525975e-01
5.619709586401486767e-01
5.588437715072264167e-01
5.485829959514170184e-01
5.507851321804809741e-01
5.556227734086173209e-01
5.594008617741604850e-01
5.591227828956414347e-01
5.704637237153600271e-01
5.643529328521899036e-01
5.627125702783368766e-01
5.716193421422547383e-01
5.727682726036222860e-01
5.605409593576107241e-01
5.552901023890784993e-01
5.525944821104920024e-01
5.551742699502085765e-01
5.550690468171101122e-01
5.606999387213181807e-01
5.567329525906556942e-01
5.505853691547675233e-01
5.590235278117775541e-01
5.612983254083109275e-01
5.459642012833502145e-01
5.384416089124943738e-01
5.470936666015752126e-01
5.374547846103255866e-01
5.372261835934990515e-01
5.437896526914774986e-01
5.467495987158909054e-01
5.503960666484567499e-01
5.440795748739610804e-01
5.507911500787725512e-01
5.461490811480487206e-01
5.467181990778410272e-01
5.386003609384399926e-01
5.449141347424042436e-01
5.461960155100948899e-01
5.476772616136919014e-01
5.372393912985184983e-01
5.328595644803755249e-01
5.346411232121768276e-01
5.436502614992624327e-01
5.385454297593892381e-01
5.462893167957240115e-01
5.495094287105977138e-01
5.399152365733342895e-01
5.437470118161328303e-01
5.477834553238503101e-01
5.519585172727909939e-01
5.534153102565925186e-01
5.463728191000918333e-01
5.419013600769336803e-01
5.437948717948718480e-01
5.404180477575593056e-01
5.568426163556912112e-01
5.556668574699484831e-01
5.541948198198197728e-01
5.581246442800227303e-01
5.651509639869043422e-01
5.589691322073383484e-01
5.580893460902093262e-01
5.612171147730558030e-01
5.699933515549974183e-01
5.703166326607722603e-01
5.518881733021077096e-01
5.488588991733200917e-01
5.529070589899561794e-01
5.556433084434233560e-01
5.553139045962012244e-01
5.542992942532046774e-01
5.581918444347699904e-01
5.512477396021699949e-01
5.536876743686959257e-01
5.501322089616236255e-01
5.517094017094017477e-01
5.540024497442178619e-01
5.544982698961937739e-01
5.394811054709531817e-01
5.489690721649485017e-01
5.616180620884290153e-01
5.562427240977880771e-01
5.565594506685941356e-01
5.600552566526101339e-01
5.546426234276158329e-01
5.554755043227666000e-01
5.405880697805289792e-01
5.438912772153654540e-01
5.494544174586413199e-01
5.535471886832892263e-01
5.646764337775159737e-01
5.607666290868095205e-01
5.677570093457944278e-01
5.588235294117647189e-01
5.502828178946594928e-01
5.452001721911321486e-01
5.489507985389958655e-01
5.543557566029476691e-01
5.505511351193518310e-01
5.556609971530768188e-01
5.550847457627118287e-01
5.615401736033830415e-01
5.575992255566312172e-01
5.549115985621010383e-01
5.513053596102102105e-01
5.469299820466786421e-01
5.530678148546824824e-01
5.530998851894374235e-01
5.459619868579099755e-01
5.514908014379361623e-01
5.562121648890170356e-01
5.529300567107749975e-01
5.406602829784192821e-01
5.491791678460231640e-01
5.513789875423057429e-01
5.469437829255971995e-01
5.522678185745140134e-01
5.609502598366741255e-01
5.667628740695731526e-01
5.683342326370153241e-01
5.647004323656578118e-01
5.654954538449683543e-01
5.657530027717893040e-01
5.673939956669761253e-01
5.595894607843137081e-01
5.599727911722469642e-01
5.490298119098951934e-01
5.447864367314269041e-01
5.511401129115037767e-01
5.570897503983005539e-01
5.487545565006075599e-01
5.503713149801214843e-01
5.515533543448897236e-01
5.512198761471311936e-01
5.557151496824916936e-01
5.554877583708336397e-01
5.533053114252961535e-01
5.504000000000000004e-01
5.596210137112925809e-01
5.578104346473835573e-01
5.570212439604264043e-01
5.624664055901098525e-01
5.630343541116119566e-01
5.522730751568957208e-01
5.572207084468664418e-01
5.598862238622386300e-01
5.501824817518248256e-01
5.499146441030208221e-01
5.536643377434220525e-01
5.517396184062850484e-01
5.465124898080201410e-01
5.434846266471449194e-01
5.502622054804638951e-01
5.474447101016138850e-01
5.411029411764706198e-01
5.456599373223526284e-01
5.466185885642799169e-01
5.591977248914833387e-01
5.600305693542223517e-01
5.567637442019618410e-01
5.512647807214489104e-01
5.444738000880668949e-01
5.500653025685676711e-01
5.499484308236334273e-01
5.534475121807175269e-01
5.528655757304042906e-01
5.566521018532469833e-01
5.578174663235961894e-01
5.566394434361766619e-01
5.605408263464007890e-01
5.598644578313253239e-01
5.534600425625596509e-01
5.458968305072618987e-01
5.650655021834061209e-01
5.640967838893898856e-01
5.544473995271868016e-01
5.598190837467172942e-01
5.595786701777485384e-01
5.552888112905572937e-01
5.492967751101008878e-01
5.499363417739425719e-01
5.512520394410158620e-01
5.508784258608573348e-01
5.432645715076838133e-01
5.439522764673614397e-01
5.456752445030172982e-01
5.458548860617922216e-01
5.535144336477764160e-01
5.474980313551435218e-01
5.469703419894991203e-01
5.474737439682089146e-01
5.526960784313725839e-01
5.556781406295969727e-01
5.502949852507375006e-01
5.598717566358485387e-01
5.593386682772157892e-01
5.641200545702591551e-01
5.566073172564044436e-01
5.582517067379044740e-01
5.526701877934272478e-01
5.539599651871192076e-01
5.614823546747218508e-01
5.651487826871055553e-01
5.696367112810707400e-01
5.611242288064589578e-01
5.551125876707272422e-01
5.587436706538490006e-01
5.523900433218298378e-01
5.495475931958017091e-01
5.528294998174516639e-01
5.423655604348138759e-01
5.441658355891152432e-01
5.509996364958197335e-01
5.570810326816892921e-01
5.541840212040893832e-01
5.612299261739858158e-01
5.567807642239068766e-01
5.548752834467119976e-01
5.583428354237932600e-01
5.470362280635685526e-01
5.490487514863258145e-01
5.468123049487293441e-01
5.458082513580971851e-01
5.511140721000814535e-01
5.611136260751471427e-01
5.524364406779661563e-01
5.551228280407429772e-01
5.534402638285114140e-01
5.510066611780555235e-01
5.615378782133919611e-01
5.468432538189480496e-01
5.510309278350515871e-01
5.546187136248320604e-01
5.569038287609285875e-01
5.571752265861027453e-01
5.574860250793171046e-01
5.394187833979943170e-01
5.491081022995916161e-01
5.475307295076005110e-01
5.464334754643347392e-01
5.484434099505383076e-01
5.435496824122070247e-01
5.471093636231251223e-01
5.561022888242749262e-01
5.594078392268160282e-01
5.526852481305234432e-01
5.557055030739240786e-01
5.540755316733519953e-01
5.539336776704842924e-01
5.481585356852903823e-01
5.484650890175104543e-01
5.507974010632014084e-01
5.591876792994111556e-01
5.626600450065958325e-01
5.547146497799058107e-01
5.575072552314036534e-01
5.560073653521558912e-01
5.531996325780771384e-01
5.541181873851805939e-01
5.543419736943312470e-01
5.573770491803278215e-01
5.577800108216742769e-01
5.637683421792070160e-01
5.652104718707726683e-01
5.593742593031524324e-01
5.497888675623799903e-01
5.481263221517074236e-01
5.601304215953897270e-01
5.559306429338652933e-01
5.582412523020258144e-01
5.594669542443383436e-01
5.532790006855053955e-01
5.540936771671303163e-01
5.583527466746824874e-01
5.517241379310344751e-01
5.504426073597190605e-01
5.400989034616211493e-01
5.454996105091707292e-01
5.435230583386626568e-01
5.474116563982720507e-01
5.451202263083451127e-01
5.403018290562625614e-01
5.427232635060639243e-01
5.400607818759497469e-01
5.484970776509879853e-01
5.546773961776116924e-01
5.628133294013565324e-01
5.555064130915524645e-01
5.500829306987812251e-01
5.514879040890601214e-01
5.453968253968254354e-01
5.491820543424840162e-01
5.558097962102251932e-01
5.589535473585042213e-01
5.483570763834204609e-01
5.523501266535322252e-01
5.453078973208023150e-01
5.495942921096810263e-01
5.430620343939288608e-01
5.503552026744672476e-01
5.571621910392478005e-01
5.525032276574379786e-01
5.560394060536836269e-01
5.538450522697980771e-01
5.474226077145476488e-01
5.412641457355782393e-01
5.449233518938613186e-01
5.475646088824221991e-01
5.450688551954374628e-01
5.432930181418361704e-01
5.437370242214533134e-01
5.492339832869080896e-01
5.485794458084882752e-01
5.455560206502023668e-01
5.531523890302516566e-01
5.517757809157038951e-01
5.474746049661399772e-01
5.611190817790531193e-01
5.568107280810437043e-01
5.588256614715476633e-01
5.499820595622533226e-01
5.522079772079772075e-01
5.468440418907444256e-01
5.484441301272984237e-01
5.433004822814007095e-01
5.494728021786188243e-01
5.489041776012483220e-01
5.439113355780021974e-01
5.526613017083157331e-01
5.541419690617319649e-01
5.421746880570409433e-01
5.427233983092293323e-01
5.435176159309288435e-01
5.438522278623801887e-01
5.471388869094278018e-01
5.494173500215796535e-01
5.473283539212869808e-01
5.495191617625950764e-01
5.596478356566397805e-01
5.572649572649572836e-01
5.578962875662935028e-01
5.594374537379718237e-01
5.565842097467041949e-01
5.521401060969406416e-01
5.567362981294126101e-01
5.494900158023272585e-01
5.489401052781334167e-01
5.415875694297968002e-01
5.409449909934875844e-01
5.511904761904762307e-01
5.451197053406998672e-01
5.477832512315270463e-01
5.527347928403337773e-01
5.665365638117682012e-01
5.639582864430939813e-01
5.607869142351901148e-01
5.551671400480664431e-01
5.587377933245882833e-01
5.635432895615402060e-01
5.496779795933135482e-01
5.510131784044211001e-01
5.498899225907251109e-01
5.562491031711866984e-01
5.645161290322581182e-01
5.566177560397214119e-01
5.559600961188377877e-01
5.519602190833092781e-01
5.581006399069226021e-01
5.522366522366521924e-01
5.396880415944540488e-01
5.437132302640580450e-01
5.397202607278652753e-01
