1.666666666666666574e-01
2.222222222222222099e-01
2.773972602739726012e-01
3.174919585013364909e-01
3.587705766339263080e-01
3.902579761017478943e-01
4.171102131809948377e-01
4.277949125110697137e-01
4.442488836739350022e-01
4.527248285133225192e-01
4.593768872784113055e-01
4.650635042641191874e-01
4.708172662947849307e-01
4.753091160433146611e-01
4.774266365688487612e-01
4.758626055160072865e-01
4.734528629265471467e-01
4.726200505475989799e-01
4.700779912497622393e-01
4.685354259412963240e-01
4.720914337788578163e-01
4.703402703934376206e-01
4.734762121903025034e-01
4.800978602772708048e-01
4.768737537631465573e-01
4.763057225388399041e-01
4.765344369826644000e-01
4.798771363314168759e-01
4.787549994060111835e-01
4.798095993653312408e-01
4.812866196341025748e-01
4.795821462488129017e-01
4.760992769200703689e-01
4.746525890846983731e-01
4.787291958313890095e-01
4.780316344463971800e-01
4.771974919188378683e-01
4.754630882864766539e-01
4.789660415610745292e-01
4.735428104193435406e-01
4.764657948857242697e-01
4.739084957192112313e-01
4.779514157511991490e-01
4.736740224545102351e-01
4.760787631720637125e-01
4.736923195439488588e-01
4.733333333333333282e-01
4.763758285802374148e-01
4.781632336998606347e-01
4.757842490984528494e-01
4.765483485566732180e-01
4.791351854004416988e-01
4.816774446404076260e-01
4.843576746396325294e-01
4.846623319637799465e-01
4.820490540700659854e-01
4.850503546377208930e-01
4.902203416892862986e-01
4.828108797958043930e-01
4.874266222433761842e-01
4.862964728312678675e-01
4.827138643067846457e-01
4.799968927211993863e-01
4.803125241742089990e-01
4.745983666270465196e-01
4.753306978865744492e-01
4.747409572247314746e-01
4.797036697598044963e-01
4.826380797017012503e-01
4.821623305810873727e-01
4.826809568188878408e-01
4.812325147653093160e-01
4.762747739080238629e-01
4.734369079196665275e-01
4.730744556398354672e-01
4.714119019836639501e-01
4.742677665935063902e-01
4.708342753787022605e-01
4.736861918385785186e-01
4.760401612535178906e-01
4.788514973757332371e-01
4.763310207367089655e-01
4.817068474158515134e-01
4.815230864580105630e-01
4.800602828657546950e-01
4.779728897104127960e-01
4.738632021398547778e-01
4.696408317580340053e-01
4.720247996370784960e-01
4.735818105520162025e-01
4.795126493869315554e-01
4.741416100872938855e-01
4.711990669325407111e-01
4.721070134140417651e-01
4.759316188048286489e-01
4.763812259088504031e-01
4.753715018480802468e-01
4.728777541662006478e-01
4.776713615023474024e-01
4.738803161460293789e-01
4.750983698707139102e-01
4.800576828203863000e-01
4.754235674852465010e-01
4.759884865929404629e-01
4.752152311601623436e-01
4.747234492392494176e-01
4.701232532873786951e-01
4.672294308463579848e-01
4.713792206827384090e-01
4.747053696616014284e-01
4.740610954521216058e-01
4.729714393796103922e-01
4.761959171237050703e-01
4.760213822069492284e-01
4.819084712755598576e-01
4.809758016919142287e-01
4.787172011661807725e-01
4.752880823858198212e-01
4.807581629129417111e-01
4.826819564708635379e-01
4.767818574514038898e-01
4.783471326643519150e-01
4.781659388646288256e-01
4.771768461860058652e-01
4.835450788305525882e-01
4.811474140600805471e-01
4.809301608113840665e-01
4.768654720513506029e-01
4.790571929022922615e-01
4.736901620806633906e-01
4.721923746711623182e-01
4.736221198156682077e-01
4.806784992136598489e-01
4.839254200874702483e-01
4.799447280543507333e-01
4.775656775656775821e-01
4.799027429526631638e-01
4.801750278278892892e-01
4.816003668462685017e-01
4.782293731889583621e-01
4.823731400228919997e-01
4.772413793103448265e-01
4.803671401911870920e-01
4.791490992717516439e-01
4.755548833516088925e-01
4.755457205010876764e-01
4.760457700243856949e-01
4.778986866791745114e-01
4.731455890042578494e-01
4.707292780995241399e-01
4.723323058858065471e-01
4.742761692650334093e-01
4.677574235485300602e-01
4.687647636006831986e-01
4.689856128209797803e-01
4.688723785821469203e-01
4.759338550125498113e-01
4.753358208955223985e-01
4.716085989621942032e-01
4.753439940498326299e-01
4.772906867356538352e-01
4.790815554546830057e-01
4.756157728946069918e-01
4.747736579135204416e-01
4.726885258159793657e-01
4.679864586399764548e-01
4.723793432748108478e-01
4.753822572806459812e-01
4.741827985172426541e-01
4.739828294139604159e-01
4.820785131803527190e-01
4.840006243658784291e-01
4.843149556897498043e-01
4.899382031373791802e-01
4.843230403800475314e-01
4.881056220759654174e-01
4.854349718989947049e-01
4.855788071165451636e-01
4.788276128037022850e-01
4.786585365853658347e-01
4.757414448669201601e-01
4.792399984860527540e-01
4.800593652484968499e-01
4.802867383512544608e-01
4.746921507894538150e-01
4.758464002383701597e-01
4.729779547297795483e-01
4.720797303239044340e-01
4.754871265976647332e-01
4.798332582244254074e-01
4.844982010257980476e-01
4.856655157698723801e-01
4.803740475640729812e-01
4.868905154719027073e-01
4.781537513954652319e-01
4.760241823438849385e-01
4.795379039565085821e-01
4.800865636508599432e-01
4.790232398919782586e-01
4.771665410700828835e-01
4.812443164595331946e-01
4.804022790715460345e-01
4.784567620778433783e-01
4.812414733969986314e-01
4.796003330557868649e-01
4.771891648533053143e-01
4.789934846101999710e-01
4.811292156119742480e-01
4.805037171901077042e-01
4.805898855106527923e-01
4.820415159017329976e-01
4.782079098625861002e-01
4.805687203791469408e-01
4.805655056779208900e-01
4.804119778752622416e-01
4.795871907724996164e-01
4.770145211045068168e-01
4.816366587400445209e-01
4.738672050246747203e-01
4.761236473760017684e-01
4.762416604892513172e-01
4.743239249298064064e-01
4.723555490418788749e-01
4.793862081715659085e-01
4.795168067226890929e-01
4.736725582081842134e-01
4.748519628627823619e-01
4.736016346188929860e-01
4.739370995923121721e-01
4.757348913638853594e-01
4.797518204785257701e-01
4.771009503853925193e-01
4.761691319288809399e-01
4.765759045132413330e-01
4.732864023712486379e-01
4.755787846442636746e-01
4.794141821714115181e-01
4.785090537935206001e-01
4.803407103201764450e-01
4.770770922604375963e-01
4.699624297883420732e-01
4.771319853764082741e-01
4.782510109217338878e-01
4.756526009595406501e-01
4.710423270557523856e-01
4.679130689301916890e-01
4.713211442052491762e-01
4.744492562605912012e-01
4.718365504007224209e-01
4.748280293295033538e-01
4.737221568701855401e-01
4.694305956441878758e-01
4.739616434259224520e-01
4.753549271114832497e-01
4.780135888235743091e-01
4.752009707265281158e-01
4.716101852887447099e-01
4.709226710267176985e-01
4.747210924965486467e-01
4.775351073091335663e-01
4.755358630614254234e-01
4.752866002631084275e-01
4.762799083499230091e-01
4.784149606002337518e-01
4.731952993844432132e-01
4.770185412254300816e-01
4.751137974778001372e-01
4.732093126879803879e-01
4.752063071028588270e-01
4.799940391923105398e-01
4.782608695652174058e-01
4.729560674074619331e-01
4.728704784130688399e-01
4.769061179496600911e-01
4.766693780965762239e-01
4.696298984034832924e-01
4.675944050966295285e-01
4.652753171284813027e-01
4.703173526576946428e-01
4.666068544769423898e-01
4.747795924266512424e-01
4.725939505041246713e-01
4.705581531268264173e-01
4.708348523514400141e-01
4.699211224601068659e-01
4.761501344432575999e-01
4.745391019922687859e-01
4.726184317493163922e-01
4.749093898292418570e-01
4.680125949249860917e-01
4.742598320813080082e-01
4.707210541901095668e-01
4.756223683238531286e-01
4.778572230749073557e-01
4.815235929505400914e-01
4.776385725132877846e-01
4.762387768135542543e-01
4.783177081387965379e-01
4.801419510721836037e-01
4.726966922070641175e-01
4.776507276507276356e-01
4.715329011103658874e-01
4.734315571803109357e-01
4.785137924563708234e-01
4.755913247185067361e-01
4.773735247688491445e-01
4.753601496725912146e-01
4.807275715246134284e-01
4.735923987677689850e-01
4.737035000916254290e-01
4.744252557474425425e-01
4.780357935216684173e-01
4.789631995246759755e-01
4.781430903963188594e-01
4.728314780116830152e-01
4.705285289639672408e-01
4.726521439704229888e-01
4.688618209419163629e-01
4.691985538891076390e-01
4.724537876042044227e-01
4.702111477309767751e-01
4.716005640117140740e-01
4.752685029590121846e-01
4.724504326870412885e-01
4.711920769175160784e-01
4.765568032667347187e-01
4.758253851797505374e-01
4.766300366300366131e-01
4.830630564072254662e-01
4.795421606154074978e-01
4.790449954086317685e-01
4.796426479203280691e-01
4.809406757897053963e-01
4.780366482571961617e-01
4.771144639489336980e-01
4.782750853738284014e-01
4.754098360655737432e-01
4.779680654621818459e-01
4.787101957347356107e-01
4.732439059570171525e-01
4.741119273217644370e-01
4.696304686393883432e-01
4.750837670207457286e-01
4.793662356583500150e-01
4.764241829352528490e-01
4.753602305475504441e-01
4.834497640905599525e-01
4.855342629184997150e-01
4.812118972843155151e-01
4.802043892217769949e-01
4.793167770015727136e-01
4.769740434671811968e-01
4.803140978816654583e-01
4.839881393624907435e-01
4.803624260355029429e-01
4.779376935689561012e-01
4.769437289119471957e-01
4.768125879678082879e-01
4.793415458410552610e-01
4.760240305843801423e-01
4.693950432111991811e-01
4.718372266137322302e-01
4.741329893952421770e-01
4.721289216036589909e-01
4.691441361423953071e-01
4.636030054167394887e-01
4.708289611752360937e-01
4.714158186038207576e-01
4.742629938747000007e-01
4.754982329580646483e-01
4.755638410644442149e-01
4.786586490574390451e-01
4.808800029729830006e-01
4.803211060318876013e-01
4.802314013043958996e-01
4.754470829668718812e-01
4.750281092452214304e-01
4.801235612106056760e-01
4.863220736038691427e-01
4.804492512479201505e-01
4.774104785631949066e-01
4.733136332129437296e-01
4.771043893895720034e-01
4.732436581621463634e-01
4.749371149429477690e-01
4.756883421206795637e-01
4.806270996640537585e-01
4.810902896081771796e-01
4.730503308304215282e-01
4.791496016084593190e-01
4.795956995760145558e-01
4.792195491570372945e-01
4.724890179435634052e-01
4.745924862935570476e-01
4.754976180804313390e-01
4.779176286586728217e-01
4.783571723542440757e-01
4.791925582796670580e-01
4.746607691731014045e-01
4.715141591932422993e-01
4.747504841352599425e-01
4.748822310156396997e-01
4.643082285756665595e-01
4.673585044527857613e-01
4.693953627078207846e-01
4.760875336594986296e-01
4.771277212791462108e-01
4.816205224464257806e-01
4.800611093701034338e-01
4.716995563714241890e-01
4.767023718439173940e-01
4.756140011603171569e-01
4.810092135442988748e-01
4.799169246443826253e-01
4.721515081385481705e-01
4.765005554065959159e-01
4.725980015372789889e-01
4.774193548387096753e-01
4.740671569199642055e-01
4.766745255671935855e-01
4.768320224281598074e-01
4.758190939018654975e-01
4.739593417231364736e-01
4.739033227970086970e-01
4.757026326980322573e-01
4.713324669367785491e-01
4.738229899113420851e-01
4.721605269204258160e-01
4.725672483426046067e-01
4.695036535039563974e-01
4.745185128460389645e-01
4.705452868616223916e-01
4.705252695160180298e-01
4.682297235374980882e-01
4.729874913667408420e-01
4.769098309329993790e-01
4.782073674182280021e-01
4.773991102637432649e-01
4.734502831969792380e-01
4.779749643479638821e-01
4.767173445833001733e-01
4.753954655934972129e-01
4.770591046678349656e-01
4.780981204205160817e-01
4.780283376571542453e-01
4.802562656136675212e-01
4.781104136488009138e-01
4.762457010317523998e-01
4.742259846587973393e-01
4.783923597294070795e-01
4.808656957928802433e-01
4.792537010748326720e-01
4.781152930735406703e-01
4.784428461132106403e-01
4.717860155026306068e-01
4.782066245421982553e-01
4.817038307604345482e-01
4.762697413828102522e-01
4.732352823946749387e-01
4.744691706895874939e-01
4.715078558586727198e-01
4.720168132637970193e-01
4.764195213514781924e-01
4.713767974747671841e-01
4.727562235426618353e-01
4.778660612939841235e-01
4.784469096671949417e-01
4.809974823162690427e-01
4.797505297245432399e-01
4.823760314027076834e-01
4.882737877494614520e-01
4.838657171922685629e-01
4.795987691323981839e-01
4.820827320827320572e-01
4.810587858401409456e-01
4.734244195229821428e-01
4.731483640320198747e-01
4.751660744631546196e-01
4.769583462853590472e-01
4.796690585421323205e-01
4.763152747897516082e-01
4.725003851486673789e-01
4.713034833479906593e-01
4.738355376653248796e-01
4.672772879294618265e-01
4.703346568349404677e-01
4.689383315013455622e-01
4.708693673190714746e-01
4.716490906312089115e-01
4.699798471424769253e-01
4.705859984028596399e-01
4.690460789163273803e-01
4.681404911910061473e-01
4.697915484432338418e-01
4.720643758819266789e-01
4.754238274430693800e-01
4.770406174475715355e-01
4.709818853121033877e-01
4.704969531811816208e-01
4.694755271370937288e-01
4.729069722724301150e-01
4.750878563061304294e-01
4.751037344398340023e-01
4.790065752990572689e-01
4.820267993260049511e-01
4.796571290595195158e-01
4.765640555931663358e-01
4.820823534101327246e-01
4.786866821867223343e-01
4.740131318724784548e-01
4.735238987816307588e-01
4.669359492210040652e-01
4.697527816807807732e-01
4.728246215477061587e-01
4.771285085841087126e-01
4.730025823616871294e-01
4.804253643166601084e-01
4.805122494432071401e-01
4.808442211055276583e-01
4.815391370294974660e-01
4.860485686715985687e-01
4.773310865029690153e-01
4.807380132240566817e-01
4.791032383061167854e-01
4.816899175649968501e-01
4.797897980955391217e-01
4.735108320737898557e-01
4.735411242150405764e-01
4.736922840926522382e-01
4.779597712329299863e-01
4.764521193092621787e-01
4.748016798880074774e-01
4.704999422699457368e-01
4.734062906558506034e-01
4.713663124092056234e-01
4.681523809523809310e-01
4.697096381878990701e-01
4.697881743370923568e-01
4.679126065773446808e-01
4.697183367000800636e-01
4.727475399753997554e-01
4.768726335922557347e-01
4.811107138600881905e-01
4.795807734007950796e-01
4.809068253075006183e-01
4.759108341323106672e-01
4.697053045186640463e-01
4.724537665258015662e-01
4.707539418600101833e-01
4.746837936876945330e-01
4.730978153126362828e-01
4.732386565924284749e-01
4.741242669202726523e-01
4.711618175358256444e-01
4.740308396103640187e-01
4.752112227004622880e-01
4.728542914171656730e-01
4.710385101010101105e-01
4.658361061672985914e-01
4.686540822590546385e-01
4.724038611240853336e-01
4.756218118549567220e-01
4.806107610276296738e-01
4.785074747802131045e-01
4.704253214638971503e-01
4.745302065538127279e-01
4.707134837985366693e-01
4.713818950605420111e-01
4.739601537923802677e-01
4.739803094233474012e-01
4.735896233786529019e-01
4.734518460636842896e-01
4.716833847234690458e-01
4.712428982800218047e-01
4.794639680594536824e-01
4.805852560495216808e-01
4.785956513066028095e-01
4.762317698068584959e-01
4.692556634304206886e-01
4.718537382644722444e-01
4.718058803235327670e-01
4.721253687880761496e-01
4.755822981366459867e-01
4.756403227069789241e-01
4.788737940539476434e-01
4.761529985833464762e-01
4.786934043553188189e-01
4.855581265459187890e-01
4.827210335082761650e-01
4.784141318124207620e-01
4.795001182685484364e-01
4.763569240436729135e-01
4.789225798917908783e-01
4.754966375512096888e-01
4.748060526922190383e-01
4.750528135202611857e-01
4.734491315136476475e-01
4.796716636479247953e-01
4.822059863304266059e-01
4.743156668608037307e-01
4.762687251605013938e-01
4.776417303189651742e-01
4.762489919741945132e-01
4.744120125641614893e-01
4.761631904652761649e-01
4.739565367368058224e-01
4.701311500265332177e-01
4.731109340012903952e-01
4.748503222362048803e-01
4.740675768438715743e-01
4.750383435582822278e-01
4.768659889451509204e-01
4.771976206212822369e-01
4.710816607936264555e-01
4.675022515761032560e-01
4.669570721173535999e-01
4.719641984129968604e-01
4.729961504745207046e-01
4.744396684065090297e-01
4.729896588979780603e-01
4.751899519305318731e-01
4.772424075963274115e-01
4.758524980174464458e-01
4.709730492008774583e-01
4.712536443148688248e-01
4.672571848528217497e-01
4.730067093150257529e-01
4.743861050109802191e-01
4.748210071597135928e-01
4.734180239735574225e-01
4.711174242424242542e-01
4.754346182917611463e-01
4.720457433290978222e-01
4.746243606138107474e-01
4.746097688863792352e-01
4.754704710807625134e-01
4.791452640230121074e-01
4.797757475083056500e-01
4.730474858036375352e-01
4.791333906704345336e-01
4.746320203930597947e-01
4.783160653589418332e-01
4.827529021558872313e-01
4.807116727635517006e-01
4.717511821294635421e-01
4.692182345693732270e-01
4.744375453592452052e-01
4.750551155384992175e-01
4.764998560796085414e-01
4.764524738246766478e-01
4.776591375770020687e-01
4.754891906305123706e-01
4.706379893668438674e-01
4.724241815625627727e-01
4.738849884339109697e-01
4.801941507959359701e-01
4.763284224466147743e-01
4.799983469708240524e-01
4.729846865067899309e-01
4.708640867756799797e-01
4.682264819587628746e-01
4.634503502592314250e-01
4.603370960259780542e-01
4.652661825806702067e-01
4.626192064675640481e-01
4.679517502365184711e-01
4.647926303720397168e-01
4.665474060822897839e-01
4.694621330449757490e-01
4.713239162990245923e-01
4.753823505356996604e-01
4.748058813811333323e-01
4.733640249917790421e-01
4.815136836003808818e-01
4.832797155435150649e-01
4.790135968245924913e-01
4.785412217895574361e-01
4.816888365044620368e-01
4.812083930226678796e-01
4.772518190181483377e-01
4.742831133363678009e-01
4.751561788920607432e-01
4.750520616409829033e-01
4.770404971430954877e-01
4.744880972199100877e-01
4.700458941157187320e-01
4.718373002934463378e-01
4.728932929326017387e-01
4.722645472141003831e-01
4.751062162273645972e-01
4.689748756116616790e-01
4.688519308984013256e-01
4.722380294285017377e-01
4.771828665568368932e-01
4.801395485687864895e-01
4.757411833773640408e-01
4.727767695099818757e-01
4.695359402888203970e-01
4.690183055240563781e-01
4.695687386110548589e-01
4.734165886995078121e-01
4.724815724815724649e-01
4.668870168084163219e-01
4.642192388420260385e-01
4.611150152260482527e-01
4.603383531415740637e-01
4.632240928088746656e-01
4.688298212005108656e-01
4.685996198794937229e-01
4.687892922328127931e-01
4.678835957420973690e-01
4.674097407317664432e-01
4.702700504311045915e-01
4.800184316353887648e-01
4.800445357999315044e-01
4.761116768499660812e-01
4.711341499101208141e-01
4.726143655557855650e-01
4.749267475931351901e-01
4.734994148135763248e-01
4.716707423218800543e-01
4.730375989445910201e-01
4.726302288054946565e-01
4.782426603007077781e-01
4.704380936440855088e-01
4.756563642406114734e-01
4.802106335994564268e-01
4.774936828129684452e-01
4.768819258693159924e-01
4.756528777744643000e-01
4.687146389505888466e-01
4.700016550810989790e-01
4.697969859260182068e-01
4.736205530299870681e-01
4.809752335247235999e-01
4.787234042553191737e-01
4.755292125317527319e-01
4.789040174819297335e-01
4.814170555791260075e-01
4.788774253810554882e-01
4.726169699991689677e-01
4.795309521836413347e-01
4.754562880240020273e-01
4.699571690801550017e-01
4.782608695652174058e-01
4.750382595028332933e-01
4.711216403888571214e-01
4.730206348562857044e-01
4.683961127620271392e-01
4.756161510225485056e-01
4.734242325277596142e-01
4.763637850658378747e-01
4.714563736620175360e-01
4.706919347730277869e-01
4.693910192330760789e-01
4.756721893014068669e-01
4.677244861161197198e-01
4.682894060931758196e-01
4.670946398330116933e-01
4.720818243323914309e-01
4.690491384811742437e-01
4.739849744245524521e-01
4.771849985778716663e-01
4.760063494647726601e-01
4.770660904309536599e-01
4.797654680388699910e-01
4.788412265476485463e-01
4.820410371665210247e-01
4.778282050214431309e-01
4.775155279503105477e-01
4.819466898810264022e-01
4.759472817133443279e-01
4.803588252160734262e-01
4.738650306748466434e-01
4.788726649808304203e-01
4.820685638209352697e-01
4.776932352085152544e-01
4.759587628865979414e-01
4.789523691494195767e-01
4.784211398277004590e-01
4.809711558414608845e-01
4.799849416488894405e-01
4.717019794270726485e-01
4.751946516652398866e-01
4.779183081069873773e-01
4.786421617992615007e-01
4.786952688803996492e-01
4.775631625256630541e-01
4.818711489290354866e-01
4.768717413972888286e-01
4.774985628644164981e-01
4.808033320961689339e-01
4.789797858707783851e-01
4.845236611408866301e-01
4.799384640971269267e-01
4.773753798144041993e-01
4.768809737766522283e-01
4.767099779357685807e-01
4.776738511590077341e-01
4.731847185203134076e-01
4.797305522866534000e-01
4.807890718501093841e-01
4.802523087071239871e-01
4.777855124687768740e-01
4.756043063172862295e-01
4.756300474818392354e-01
4.731051344743276155e-01
4.706001539895449115e-01
4.672941927249521510e-01
4.719038300251607310e-01
4.725822128624656004e-01
4.756937370115317254e-01
4.763881468085980897e-01
4.777133388566694450e-01
4.774089537431275843e-01
4.781002200357039045e-01
4.800873802722231409e-01
4.794801928316914652e-01
4.770767700215552964e-01
4.751825416359012344e-01
4.740035014860958240e-01
4.723492050649298335e-01
4.733117670845127245e-01
4.712980036879659829e-01
4.723591902184806623e-01
4.783224136536439186e-01
4.840456552528534795e-01
4.769945649919097308e-01
4.758530824985747754e-01
4.718888441401530298e-01
4.780197538860103679e-01
4.823895457373988949e-01
4.800857971989738182e-01
4.833002575687201929e-01
4.771426166021215942e-01
4.722602030246529914e-01
4.709949271804941828e-01
4.755393621811929150e-01
4.697038349054660777e-01
4.698936947171954981e-01
4.640760413754542735e-01
4.638745923859662890e-01
4.672387203922654386e-01
4.663682459198225105e-01
4.676892430278884460e-01
4.680749111528171302e-01
4.757676956911297550e-01
4.717684150186299830e-01
4.728014690879412396e-01
4.721687487200491584e-01
4.714659471833864690e-01
4.697727832007218551e-01
4.704971475142624149e-01
4.688886175884100505e-01
4.711127397092952362e-01
4.713104690185806467e-01
4.727964956810087327e-01
4.745602498767055866e-01
4.743895420537696528e-01
4.734571452050291840e-01
4.740377482897881745e-01
4.770459081836327386e-01
4.707317073170731447e-01
4.712723698759163082e-01
4.659338004348876350e-01
4.661050942639390349e-01
4.697621560191573842e-01
4.758598019476517060e-01
4.747970863683662612e-01
4.780081946651058011e-01
4.819789187351241067e-01
4.820876288659793896e-01
4.817468148084595447e-01
4.798240744694478588e-01
4.700700532740467175e-01
4.680641991483786568e-01
4.759016120990526844e-01
4.740868395611785857e-01
4.770765798004462654e-01
4.793448202510104394e-01
4.748320721027123326e-01
4.721895973154362491e-01
4.753685271513166111e-01
4.776487601548211614e-01
4.810208576240445622e-01
4.856868563449118770e-01
4.834085828255819117e-01
4.841820482611162157e-01
4.849080504957847260e-01
4.742699391795712205e-01
4.775883433747810103e-01
4.709156575313362958e-01
4.700145863721608697e-01
4.705295535788511230e-01
4.725348563749370290e-01
4.750169376693766932e-01
4.756212108274271988e-01
4.739563466836194117e-01
4.751497763901780247e-01
4.776233259874554937e-01
4.764776323667778701e-01
4.764397905759162333e-01
4.721667021050393598e-01
4.694979079497907937e-01
4.696566630642613482e-01
4.776742421048193465e-01
4.760888129803586555e-01
4.771160679881834010e-01
4.731732243229432866e-01
4.767200913435107879e-01
4.818957021039551036e-01
4.756499764423694487e-01
4.735555649205613338e-01
4.771431003660508985e-01
4.759020618556700777e-01
4.782159017453135319e-01
4.763648899039082951e-01
4.803282228460376002e-01
4.747893713545042194e-01
4.708176153943966491e-01
4.746693708539316270e-01
4.735385532422191068e-01
4.710037646461655569e-01
4.768524422905241478e-01
4.703369922692521299e-01
4.683777118254399685e-01
4.727706207127321258e-01
4.719115244438858991e-01
4.720790917850111179e-01
4.725832145552108510e-01
4.690575479566305162e-01
4.689197594857972273e-01
4.717280547899440624e-01
4.682237914177077576e-01
4.677840932663983597e-01
4.695974047579437594e-01
4.737065669866621365e-01
4.773334482461432660e-01
4.660144619310931380e-01
4.621886854692396351e-01
4.702804520719966463e-01
4.741308749407659451e-01
4.707206232417225911e-01
4.727093003266288340e-01
4.693666967625435560e-01
4.743356703886436598e-01
4.760061579063118442e-01
4.746122232533474539e-01
4.729622441778404962e-01
4.714172813487881863e-01
4.741709604967631053e-01
4.695207892882311551e-01
4.661951050164901966e-01
4.641144227475162976e-01
4.700821274931560323e-01
4.733910891089108675e-01
4.710612353097110572e-01
4.703099438475483174e-01
4.727876106194690009e-01
4.727694090382387193e-01
4.716475266991375648e-01
4.743979948079849462e-01
4.721572508096437693e-01
4.760544217687074919e-01
4.764295167252315943e-01
4.786466234542361975e-01
4.746643369505241794e-01
4.751006957158550037e-01
4.755443502177401083e-01
4.795019598801014693e-01
4.827001835898884208e-01
4.828778477715151562e-01
4.783933258342706885e-01
4.791802212101496372e-01
4.724726557136972871e-01
4.745383068202596588e-01
4.707650273224043835e-01
4.799797263051190921e-01
4.778839431367979396e-01
4.813606710158434554e-01
4.814448525948950008e-01
4.774897042306252559e-01
4.773223155842347132e-01
4.728218345836976977e-01
4.730070058152845980e-01
4.769287559985234681e-01
4.746138906871358309e-01
4.740215152208743232e-01
4.736818078064368720e-01
4.716151265076630184e-01
4.715711511538634992e-01
4.734771401438068184e-01
4.760669760669760664e-01
4.786438500711107102e-01
4.765194010477029618e-01
4.740354726641067828e-01
4.746434592427211108e-01
4.769118784404713374e-01
4.767888147674312349e-01
4.761623414988865322e-01
4.824702476680604590e-01
4.771757581318530339e-01
4.772944224737488139e-01
4.767669412460747158e-01
4.758188912076943833e-01
4.796072162594199328e-01
4.774049827241316768e-01
4.779548653680243397e-01
4.714736367733213251e-01
4.659804605722260851e-01
4.684331897489448782e-01
4.665396110365140347e-01
4.715376226826608619e-01
4.761777659148538899e-01
4.839195979899497679e-01
4.848597956422339150e-01
4.843406207574551536e-01
4.874152723135991017e-01
4.827212806026365266e-01
4.827150084317032297e-01
4.840608372180628116e-01
4.798424901556347377e-01
4.753931544865864778e-01
4.805194805194805130e-01
4.793488937742644840e-01
4.756813801963843402e-01
4.764987462958741871e-01
4.690894279507603071e-01
4.606206293706293642e-01
4.647735131396957264e-01
4.653745644599303066e-01
4.613519248257047511e-01
4.631519764726234611e-01
4.653878231859883141e-01
4.677999201100705440e-01
4.719527054469966898e-01
4.699819168173598460e-01
4.697276614899842384e-01
4.728022102450292197e-01
4.709151368833416895e-01
4.724045818807443564e-01
4.734117433359066318e-01
4.753387781174430726e-01
4.693886819874648064e-01
4.702271607150858013e-01
4.746953015268904896e-01
4.839701770736253295e-01
4.816042426251243014e-01
4.776028772945957179e-01
4.739710841147397047e-01
4.861671199474819627e-01
4.756482047903627941e-01
4.775555350723568737e-01
4.715032977029793293e-01
4.750711928761922054e-01
4.738072322287913973e-01
4.701615110867780056e-01
4.756366645214673006e-01
4.769071583106010981e-01
4.765419330575404455e-01
4.772153083185178279e-01
4.760243292941675475e-01
4.770128354725787778e-01
4.742114336299678712e-01
4.776355596928089642e-01
4.766764527703993837e-01
4.782082887576166175e-01
4.735113126359135616e-01
4.762521988704749298e-01
4.756267409470751883e-01
4.871819172629484052e-01
4.857212713936430171e-01
4.884506215131643181e-01
4.873290524974265847e-01
4.804898197191311282e-01
4.837227301310888516e-01
4.852475006096074184e-01
4.857337950543823002e-01
4.861334503094994486e-01
4.777522056003068451e-01
4.736223986470615710e-01
4.760877719429857380e-01
4.747785724435182320e-01
4.743498649992894944e-01
4.793732930861003272e-01
4.772463206816421333e-01
4.738942467575656958e-01
4.780764464779334588e-01
4.783926852743022318e-01
4.847165843400009777e-01
4.819844110005392368e-01
4.766936884771279526e-01
4.724905303030302872e-01
4.750735878147923086e-01
4.778879146016012380e-01
4.755198172907646459e-01
4.764023668639053022e-01
4.789750957854406188e-01
4.794183012851483405e-01
4.747643878869061695e-01
4.729196050775740234e-01
4.727392058506398875e-01
4.711165162074933410e-01
4.734020234043544995e-01
4.740611600621966737e-01
4.772413135694199560e-01
4.762245092433771698e-01
4.735094626001992157e-01
4.742015897652979706e-01
4.756421192304047252e-01
4.820416786708921486e-01
4.736463478969833441e-01
4.756867024052374160e-01
4.760835284560615555e-01
4.764207401733135394e-01
4.743088655862726655e-01
4.719586660403945477e-01
4.723406248536231034e-01
4.751472320376913805e-01
4.741468947915681853e-01
4.785762000190857957e-01
4.844874538027620914e-01
4.794613776675902828e-01
4.751144164759725230e-01
4.793628150261531329e-01
4.736642308057321671e-01
4.728525881470367342e-01
4.707658013281939557e-01
4.707946622339197473e-01
4.747408721636007245e-01
4.739878925463488213e-01
4.751823434687884595e-01
4.749964314602464488e-01
4.739511074965315762e-01
4.795111779254158657e-01
4.728588075354437925e-01
4.730034015234992339e-01
4.708393285371702541e-01
4.739274880832008985e-01
4.741525218821026066e-01
4.672099895148222326e-01
4.737471308339709086e-01
4.789223143740491961e-01
4.763406940063091288e-01
4.687711169031759662e-01
4.765379596965157449e-01
4.703340454457176079e-01
4.754729697203100014e-01
4.728846153846154032e-01
4.767839099263821434e-01
4.729380208832263399e-01
4.674752962113051802e-01
4.712186447023586910e-01
4.721087142449871821e-01
4.770282545298082932e-01
4.818105945309048010e-01
4.808071837379119806e-01
4.847637126586072376e-01
4.842458548314381717e-01
4.801825487375365742e-01
4.874528863320769512e-01
4.868487352615136765e-01
4.792770487744490993e-01
4.749189764427030336e-01
4.774423419519476242e-01
4.763313609467455523e-01
4.777308271407061935e-01
4.785318219736002798e-01
4.784613874987734272e-01
4.810765349032800620e-01
4.840478564307078568e-01
4.779550183295352972e-01
4.781672214607401439e-01
4.703154436983720821e-01
4.740715958514553630e-01
4.751731538386498865e-01
4.801200669225469952e-01
4.745386361393467145e-01
4.790472425380509769e-01
4.764960453663632522e-01
4.760282427294721952e-01
4.776141529946629771e-01
4.798560431870438903e-01
4.801104972375690449e-01
4.737286452125546443e-01
4.715870055942683048e-01
4.689418475371006090e-01
4.749733759318424120e-01
4.768362700455355263e-01
4.786110972131885632e-01
4.787142929114817091e-01
4.805684307034075453e-01
4.837182982663717490e-01
4.810683585755218816e-01
4.779683310568118570e-01
4.815226171243942033e-01
4.820531045336853282e-01
4.754559614128523459e-01
4.705595632676934925e-01
4.715035985216883829e-01
4.735992959812261871e-01
4.684314767402540935e-01
4.665427509293680330e-01
4.680032305572711104e-01
4.716808623261632971e-01
4.707955203707279157e-01
4.666762424590634728e-01
4.704365268889101337e-01
4.657744519595145571e-01
4.674694207795916379e-01
4.777393085287950369e-01
4.782500373710698027e-01
4.735768312101910626e-01
4.798562228545754094e-01
4.786041132398048958e-01
4.773330661724189961e-01
4.805324792313081517e-01
4.749353491147801920e-01
4.747539056760859966e-01
4.705281090289608059e-01
4.733323644819066867e-01
4.699453551912568527e-01
4.697070890182234448e-01
4.688889951695442426e-01
4.742401690113794421e-01
4.711446130209333560e-01
4.785008715862870687e-01
4.677036390948296485e-01
4.771453420950908519e-01
4.781672214607401439e-01
4.803068299159167776e-01
4.767579279101831768e-01
4.750875827170105148e-01
4.765257076273243797e-01
4.774603174603174738e-01
4.719906958712928868e-01
4.744134401853818406e-01
4.747317830962667906e-01
4.763873352463401378e-01
4.749854566608493478e-01
4.734481261756620096e-01
4.768970517158047095e-01
4.808815589260295731e-01
4.816083395383469745e-01
4.782394643560456959e-01
4.743490089389817421e-01
4.757757998556651491e-01
4.786477728877496784e-01
4.828485653821546486e-01
4.793127283499555857e-01
4.772815912636505509e-01
4.819229632548517328e-01
4.828606658446362720e-01
4.759657487593655922e-01
4.719079760433501081e-01
4.737366075661325615e-01
4.756132617861249523e-01
4.735104091888011624e-01
4.793113425925926152e-01
4.750410350487592748e-01
4.716963226571767587e-01
4.679227727378459933e-01
4.718604541821430076e-01
4.689570319893999750e-01
4.677555222763010168e-01
4.696363892939460771e-01
4.727151940780108252e-01
4.673464548257054707e-01
4.683997581732781690e-01
4.727563349160829320e-01
4.757633587786259666e-01
4.740275198781126464e-01
4.765796768951343076e-01
4.773724034893248036e-01
4.801958597954137931e-01
4.813673708920187533e-01
4.815248694293942644e-01
4.785829150626187967e-01
4.796230630980716225e-01
4.751786749082479999e-01
4.761950332551797005e-01
4.740293437750625061e-01
4.697905540333441876e-01
4.707430840992010146e-01
4.763469119579500921e-01
4.779611050354238833e-01
4.707439266471311057e-01
4.737162954279015015e-01
4.765100671140939381e-01
4.782461240310077466e-01
4.843903880244238569e-01
4.776792277159798150e-01
4.849106358042777343e-01
4.703444953023367958e-01
4.727564102564102422e-01
4.729608038295654016e-01
4.687675858187957401e-01
4.712188301095315834e-01
4.753322927013859389e-01
4.741412213740457959e-01
4.772824996416797916e-01
4.704789135096497654e-01
4.711129991503823500e-01
4.723086496577473814e-01
4.621411146556577143e-01
4.626097347979960528e-01
4.654478130062485453e-01
4.686682853940978832e-01
4.755268039765970789e-01
4.730719517449375466e-01
4.787182704372164865e-01
4.742552676192782757e-01
4.700162850847782181e-01
4.704540052293795793e-01
4.693530079455164317e-01
4.717302774883985195e-01
4.713783937725460338e-01
4.700587454993367387e-01
4.760334528076463623e-01
4.678903456495828173e-01
4.695749859576858198e-01
4.732953743353253695e-01
4.713114754098360892e-01
4.620122259502688622e-01
4.645604770792552407e-01
4.664741738851459485e-01
4.671177642860453449e-01
4.731520059922288413e-01
4.762452107279693259e-01
4.757789620241010264e-01
4.799093145530847759e-01
4.738789830345556675e-01
4.830938697318007402e-01
4.781664656212303854e-01
4.751204618100281496e-01
4.769429062440328493e-01
4.772498923496483192e-01
4.786793724131292449e-01
4.780024920923991449e-01
4.750624639630982027e-01
4.798110174857532773e-01
4.836929501839514756e-01
4.818359472866663440e-01
4.745053647012500986e-01
4.749841979870666475e-01
4.755497050363219902e-01
4.779480609077021436e-01
4.785457411695157592e-01
4.732303795001704949e-01
4.709680505069829826e-01
4.746308853941230144e-01
4.763368462138953818e-01
4.717319627618308808e-01
4.752686090407511332e-01
4.742192463711450978e-01
4.791263340779349789e-01
4.809483062364725559e-01
4.828997221520586192e-01
4.820318423047763590e-01
4.828962659794856505e-01
4.740085478580657874e-01
4.733566705562037846e-01
4.793510324483775675e-01
4.741995495936551230e-01
4.745976955612815629e-01
4.763451976566730472e-01
4.740959409594096008e-01
4.735340417158598880e-01
4.764627594025730994e-01
4.850608077673790319e-01
4.772875899190099913e-01
4.828377569347435672e-01
4.757682920755093026e-01
4.800138005815959286e-01
4.819673766648376323e-01
4.807509861686722896e-01
4.834463702587289413e-01
4.817746407864885172e-01
4.783544367148791499e-01
4.773512286588374454e-01
4.792987321711568716e-01
4.827018121911038073e-01
4.768228389535462131e-01
4.709406251509734576e-01
4.738934661812607696e-01
4.767131270943615884e-01
4.731004961572137235e-01
4.757888614221317258e-01
4.802374474400197824e-01
4.797482894671128428e-01
4.713632564770660061e-01
4.741608950452850246e-01
4.718471213376883022e-01
4.765360662972588646e-01
4.776134171078019186e-01
4.767010920590996625e-01
4.728697355533790225e-01
4.789577187807276260e-01
4.746763232303189417e-01
4.708576998050682527e-01
4.732121329025413270e-01
4.677714616051642516e-01
4.686591353258020010e-01
4.700991969768540391e-01
4.703981754252589687e-01
4.728281668580175956e-01
4.776655661293455202e-01
4.780273437500000000e-01
4.760862161241667945e-01
4.718326827622765229e-01
4.733775846425672396e-01
4.782587642843308395e-01
4.817600786627335152e-01
4.798285798729126639e-01
4.784394250513346880e-01
4.768579354650314128e-01
4.828856258900947607e-01
4.777208201892744754e-01
4.804176265869319895e-01
4.805983412322274995e-01
4.875781054736316178e-01
4.870297984669272329e-01
4.833257884412253125e-01
4.821852731591448893e-01
4.808965618715974055e-01
4.814165327098251512e-01
4.819859402460456854e-01
4.777955348927308554e-01
4.774472168905949943e-01
4.731044960357024265e-01
4.768352519343272422e-01
4.783229429400847055e-01
4.700164357830476369e-01
4.690588343954927297e-01
4.664306079278947581e-01
4.652580438170317856e-01
4.635585853502310338e-01
4.670480549199084730e-01
4.715827504747788224e-01
4.673565031785067991e-01
4.693972322838302347e-01
4.737434886667605261e-01
4.768633837899980965e-01
4.781196995396171379e-01
4.746422053597156854e-01
4.773411011890549838e-01
4.716543630512965990e-01
4.716848892626857026e-01
4.733925132685172232e-01
4.664631325747062851e-01
4.701822197680839421e-01
4.731850882930019875e-01
4.774903530084321779e-01
4.811102544333076270e-01
4.798048120591361654e-01
4.843505477308294171e-01
4.830409356725146042e-01
4.755570495582020496e-01
4.717122869618292080e-01
4.686622150587151925e-01
4.713642213642213474e-01
4.689883304235964445e-01
4.697228243324263475e-01
4.757222456337500405e-01
4.721030042918454850e-01
4.711403097137494278e-01
4.710940786091508126e-01
4.775127286441636643e-01
4.752916627145973849e-01
4.695335481159826352e-01
4.738193018480492680e-01
4.693972538980684117e-01
4.765391791044776282e-01
4.746937612762320846e-01
4.734898693429274719e-01
4.757935386644061571e-01
4.728240391861341374e-01
4.721963052808360040e-01
4.692884936075597535e-01
4.691329586289505471e-01
4.745002802167009315e-01
4.766081871345029253e-01
4.737114371708051053e-01
4.700672385810341081e-01
4.745415619473145052e-01
4.733856481043774433e-01
4.779712627271862080e-01
4.753154536295158827e-01
4.783005719229105335e-01
4.809733869794948768e-01
4.798126147010528531e-01
4.771607595542162739e-01
4.756340837845540181e-01
4.820476190476190581e-01
4.779682054709504802e-01
4.794618237139868788e-01
4.723139326478634215e-01
4.676120768526990101e-01
4.709548287312923520e-01
4.655896024188816984e-01
4.658729803517880352e-01
4.679544639655790483e-01
4.699592206615315071e-01
4.748912794689860162e-01
4.707474877254164136e-01
4.751929437706725601e-01
4.775868509525588168e-01
4.762349862130205169e-01
4.755553490101310787e-01
4.715402298850574492e-01
4.752675331833003947e-01
4.757525083612040295e-01
4.745370370370370350e-01
4.666484417714598099e-01
4.695432616438973694e-01
4.699699699699699806e-01
4.684904297580353982e-01
4.697290718117477226e-01
4.701519536903038810e-01
4.728176593997993060e-01
4.788666976312122570e-01
4.763988893594992557e-01
4.755068748543462842e-01
4.722028378692719186e-01
4.772385252069225037e-01
4.760908831637988281e-01
4.828015713327584724e-01
4.793256690174862444e-01
4.785175939705246795e-01
4.794244604316546532e-01
4.775807141838238623e-01
4.805281471948138483e-01
4.825463986921819659e-01
4.748627357364526014e-01
4.788195425021180562e-01
4.796401515151514916e-01
4.715275826543036675e-01
4.659786281852223988e-01
4.633402135870052785e-01
4.672687244462416234e-01
4.779731605738083977e-01
4.797934334580944982e-01
4.822516178149980903e-01
4.827701572432251398e-01
4.811231265414532277e-01
4.748285902132056147e-01
4.748923959827833774e-01
4.720582177674035318e-01
4.692421591062054254e-01
4.723590833069655770e-01
4.709879059654844546e-01
4.757254973535316456e-01
4.713483402584356941e-01
4.686049132296596920e-01
4.744591892383203113e-01
4.718967953685553884e-01
4.757036765380031063e-01
4.733725094114406562e-01
4.751495628163828755e-01
4.774637480373141174e-01
4.764724934067459672e-01
4.760280287663654630e-01
4.730350885177262987e-01
4.753532324746717608e-01
4.767383233258468134e-01
4.734594544953623085e-01
4.684957512203941632e-01
4.721383846119194816e-01
4.726736268724466838e-01
4.662562904385334495e-01
4.695694542877392186e-01
4.757713207886109519e-01
4.772228320526893386e-01
4.797066691264643690e-01
4.763321735945797442e-01
4.721674435281462689e-01
4.686728939020091689e-01
4.678923063518340975e-01
4.685308593579859959e-01
4.687036875599337460e-01
4.739866507536577567e-01
4.743899168677929712e-01
4.708287047322817220e-01
4.737542707547588439e-01
4.732534215940603084e-01
4.701211126391908190e-01
4.729717734777205695e-01
4.743503734514065706e-01
4.750045036930282683e-01
4.808131566925537004e-01
4.797400082976075453e-01
4.711899696736522869e-01
4.684820086641322545e-01
4.647492108032269531e-01
4.702501989214039613e-01
4.734310375831685125e-01
4.712150629882150832e-01
4.758020415603353981e-01
4.727939491175796594e-01
4.749432591920109137e-01
4.782330052643625762e-01
4.701899481959465610e-01
4.710324059508292360e-01
4.758252294206273270e-01
4.767490573942186893e-01
4.711542888714950195e-01
4.695588771418155449e-01
4.750617735883591042e-01
4.778144310737350575e-01
4.826315043244009395e-01
4.845341110101831217e-01
4.783376276362248380e-01
4.732760231732386358e-01
4.741606243938484289e-01
4.799851225068575977e-01
4.740048363095238360e-01
4.740845974061683732e-01
4.727564838191415930e-01
4.791561336581330321e-01
4.755276773041527405e-01
4.745762711864406902e-01
4.789371060626672061e-01
4.741003271537622688e-01
4.814458933882406755e-01
4.788589364844904050e-01
4.785746916400182571e-01
4.778298240029105193e-01
4.773193526327786373e-01
4.790667945030361308e-01
4.754255028670246741e-01
4.711577248890681524e-01
4.686530105524518985e-01
4.684408649216493248e-01
4.717717191198386728e-01
4.786155302176754445e-01
4.731534478059416515e-01
4.686750199946680961e-01
4.711730504638054207e-01
4.784203613966758750e-01
4.760164458656920838e-01
4.690712353471596097e-01
4.676583875680701552e-01
4.652832848709137492e-01
4.693913658881812001e-01
4.647152458436505373e-01
4.713189299498691254e-01
4.648404279128060534e-01
4.638337141852698076e-01
4.666519823788546351e-01
4.732920369871622124e-01
4.806811346073758817e-01
4.770629370629370647e-01
4.739222745315240237e-01
4.717333819640740500e-01
4.739469862018881874e-01
4.741163055872291698e-01
4.686936124142908611e-01
4.775870613145920540e-01
4.771791822921430670e-01
4.714634587554269451e-01
4.688539126579472360e-01
4.688617204395992277e-01
4.711825181360986270e-01
4.786398510918418170e-01
4.733492078029123418e-01
4.804433156314938946e-01
4.782730455075845932e-01
4.730301914580264944e-01
4.729316094842158091e-01
4.660706303084488078e-01
4.753519553072625969e-01
4.771642808452624673e-01
4.728885670317733436e-01
4.740973312401883799e-01
4.741733207019443452e-01
4.770725096001807164e-01
4.762764660737664468e-01
4.728630185979971201e-01
4.697739618012966578e-01
4.735265615364285252e-01
4.776274244474514874e-01
4.788300081249435847e-01
4.805342297733157797e-01
4.794638409636372001e-01
4.753825382538253708e-01
4.785339374635503296e-01
4.763896384241770310e-01
4.769642857142857295e-01
4.800143234412067583e-01
4.816379736593697780e-01
4.773750612990950160e-01
4.787967783562497304e-01
4.796839222376869105e-01
4.770357720654322953e-01
4.789111979517585160e-01
4.764949567723342772e-01
4.761754354300153369e-01
4.783041942204909747e-01
4.728734393245306866e-01
4.730932677253411045e-01
4.760257043994068349e-01
4.795308292638400527e-01
4.700500292964348570e-01
4.759837056269304867e-01
4.725532683279162205e-01
4.653482828639534108e-01
4.640044994375703280e-01
4.644796965255625354e-01
4.664007630278331762e-01
4.728083340690386049e-01
4.761732688920005674e-01
4.738233015901945344e-01
4.764125316914161745e-01
4.841906342182890621e-01
4.813326480071024593e-01
4.810572687224669575e-01
4.807496999353707001e-01
4.822088724584103758e-01
4.833464950991777642e-01
4.805773425534877186e-01
4.824188026279263575e-01
4.818130945719082403e-01
4.815004183322487696e-01
4.844034130647643099e-01
4.835386128412869633e-01
4.795446131062569561e-01
4.769588404211677624e-01
4.709486961578029374e-01
4.712242916409215554e-01
4.735141832986679566e-01
4.760071620411817639e-01
4.819567690557451378e-01
4.872224549643904279e-01
4.815422093132202819e-01
4.753326322527547942e-01
4.772603485838780024e-01
4.758006151619323387e-01
4.748198198198197995e-01
4.743975227752098012e-01
4.696499778466991515e-01
4.754810676598386077e-01
4.737499442437218544e-01
4.764397905759162333e-01
4.783943649252720420e-01
4.763414081956078849e-01
4.699937393793041651e-01
4.698795180722891707e-01
4.721007052941701421e-01
4.760072430964237267e-01
4.801563299678965335e-01
4.719075250990144577e-01
4.759795415106402583e-01
4.790710610485328647e-01
4.828913400610185258e-01
4.718564540059347334e-01
4.771873568483738226e-01
4.764539073032402205e-01
4.799496409586869183e-01
4.795324382687071729e-01
4.800677742740151466e-01
4.760818985574685747e-01
4.794399888739511173e-01
4.793713163064832750e-01
4.789449112978524936e-01
4.738742074327764175e-01
4.773253123553909960e-01
4.795966228893058236e-01
4.791744840525328231e-01
4.826287543545805248e-01
4.789543223858059862e-01
4.755477489137469038e-01
4.762716549944710498e-01
4.793407613741875739e-01
4.715765247410816929e-01
4.723681826417829299e-01
4.750892938913819918e-01
4.818118466898954622e-01
4.693625206081700196e-01
4.738461538461538614e-01
4.731945259925026126e-01
4.809982207217482486e-01
4.741728484958813161e-01
4.722234577236134045e-01
4.728888888888889142e-01
4.706945975744211697e-01
4.817521520803443313e-01
4.749536178107606754e-01
4.750787224471434977e-01
4.700048917152132577e-01
4.734068464638412910e-01
4.690452128828155876e-01
4.694868238557559081e-01
4.667848035613951785e-01
4.725494457726581166e-01
4.734710052397516633e-01
4.740291369614311745e-01
4.737980663105381685e-01
4.769019329668380824e-01
4.701436794235247518e-01
4.735950664466255788e-01
4.727764921625987604e-01
4.704863366679658543e-01
4.728006246746486174e-01
4.792750683481788454e-01
4.764690123236292041e-01
4.785295163584637468e-01
4.775175852550975208e-01
4.817944799065000394e-01
4.774228332659388174e-01
4.726372557687207321e-01
4.728668567668348199e-01
4.740789763953232039e-01
4.710380592423309976e-01
4.725207245931838940e-01
4.772808109550062405e-01
4.800450450450450268e-01
4.864157870582836440e-01
4.776269943150559527e-01
4.783470776440899574e-01
4.757551313076991972e-01
4.706322978629653986e-01
4.794727264657582810e-01
4.805360561582642243e-01
4.778399018137188259e-01
4.783691959229898205e-01
4.777611194402798800e-01
4.771495664739884290e-01
4.814543120443812718e-01
4.786540580242379939e-01
4.833738476356464475e-01
4.832489196598671044e-01
4.835200746965452878e-01
4.833325541166019756e-01
4.809890366223466551e-01
4.802537154497893424e-01
4.786095017381228334e-01
4.800167107645174625e-01
4.839801548662308051e-01
4.791271785862881716e-01
4.795562889622295710e-01
4.761818099094590195e-01
4.725139817214568105e-01
4.704769625726253346e-01
4.720944910287620533e-01
4.712919744414736933e-01
4.737654320987654266e-01
4.677927927927927887e-01
4.682314313603691547e-01
4.722197449389101687e-01
4.763428571428571234e-01
4.822436884595641682e-01
4.811502800395349722e-01
4.803554724041160240e-01
4.823129893406282176e-01
4.682184835215487673e-01
4.734439271346562172e-01
4.686873290793072133e-01
4.766445106578042767e-01
4.709294359442794953e-01
4.729079687783626640e-01
4.781326328402230597e-01
4.717494580508279078e-01
4.712732566073784546e-01
4.707351405348953466e-01
4.662274962775797560e-01
4.662305516265912164e-01
4.670215125304945647e-01
4.678446497443716767e-01
4.692422259331137102e-01
4.714344619049800622e-01
4.730929264909847221e-01
4.755062050947093666e-01
4.760965530196299422e-01
4.772277227722772075e-01
4.777024785555186726e-01
4.766131304592843287e-01
4.805121446055357071e-01
4.794274646889319369e-01
4.733500185391175119e-01
4.712581098861213236e-01
4.760147601476014678e-01
4.729512340855816510e-01
4.708022557758777538e-01
4.722423802612482069e-01
4.712695683648538414e-01
4.781077000503271002e-01
4.726822331299601054e-01
4.723140308778919771e-01
4.715267106571454647e-01
4.757099808236690541e-01
4.755299539170507184e-01
4.786522040156935276e-01
4.802526906878801793e-01
4.788091889357712350e-01
4.781877627276973630e-01
4.747343510741960926e-01
4.826294596872366394e-01
4.741629935290255782e-01
4.782649166899376469e-01
4.866041527126590549e-01
4.857697911607576358e-01
4.792797942269219624e-01
4.805268375584194618e-01
4.783425725829183461e-01
4.749031186565786933e-01
4.733463832111803882e-01
4.784141372522089375e-01
4.721254355400696934e-01
4.769153410129822745e-01
4.796763005780346756e-01
4.730530668504479563e-01
4.741673104012359974e-01
4.724793652241324193e-01
4.755963302752293509e-01
4.794431854969245510e-01
4.766316179535874942e-01
4.724542425487242570e-01
4.706730985978990756e-01
4.711318469337400505e-01
4.693510695667805210e-01
4.671806069248251037e-01
4.657836644591611397e-01
4.733005366726297236e-01
4.744343891402714730e-01
4.708572453371592803e-01
4.753522711925449173e-01
4.749139648614381648e-01
4.749657377798081059e-01
4.796534402507027783e-01
4.807468454625878906e-01
4.806784729685528723e-01
4.790245725497523921e-01
4.834586466165413654e-01
4.783283189168860416e-01
4.768484288354898348e-01
4.762650935570098554e-01
4.703320631464343871e-01
4.706906558328496915e-01
4.635721141261670009e-01
4.664315513311255157e-01
4.658272605752231676e-01
4.693230207699661261e-01
4.715906601831164613e-01
4.695119262819099637e-01
4.657450345612039744e-01
4.679302832244008892e-01
4.750927397986221545e-01
4.716837874050915369e-01
4.751401031158932753e-01
4.712452897900591964e-01
4.708528167446003332e-01
4.668111263432538904e-01
4.692182625126334883e-01
4.671933289444810122e-01
4.711204813985154227e-01
4.743635872987316815e-01
4.800881907124155967e-01
4.837226756731400901e-01
4.787243991396240572e-01
4.795766110230346158e-01
4.772674283049662125e-01
4.791393826005612699e-01
4.716118906942393108e-01
4.736938420715527398e-01
4.749826749826749905e-01
4.784088789404961628e-01
4.777156812097872463e-01
4.761127181114117590e-01
4.760911871003614126e-01
4.767096594599610215e-01
4.752607772546847409e-01
4.711741485357568981e-01
4.722727272727272885e-01
4.769427449547986586e-01
4.754668025761015770e-01
4.778781561269400124e-01
4.778065470686147509e-01
4.836436604601241362e-01
4.814189980786353629e-01
4.789488294623854836e-01
4.753926223520817951e-01
4.762120115774240436e-01
4.723764326647564293e-01
4.713771816849491314e-01
4.674080939141180280e-01
4.730861777025220372e-01
4.708956568751126448e-01
4.766604790148050719e-01
4.738612601145558711e-01
4.733309468408806175e-01
4.725849731663684938e-01
4.712730841288250705e-01
4.732615522655899687e-01
4.679478624493972339e-01
4.734662986376992344e-01
4.735418732534030228e-01
4.723624887285843288e-01
4.749615140813184810e-01
4.758388037928519276e-01
4.715011798874568782e-01
