1.666666666666666574e-01
3.157356380855087519e-01
4.428255572825184894e-01
5.412568173677955174e-01
6.179584125822187302e-01
6.703410029575658236e-01
7.135875508231570574e-01
7.365768381751788274e-01
7.547852770810026257e-01
7.774333499937553515e-01
7.930109831880330917e-01
8.091671394500200565e-01
8.130678836229893180e-01
8.192119475891346259e-01
8.289927143436552903e-01
8.262401200379203559e-01
8.339475037443534466e-01
8.451724939252682756e-01
8.501583687937083189e-01
8.566682954730346911e-01
8.687056396492086607e-01
8.712177153158600085e-01
8.574485318389950539e-01
8.475088910401619158e-01
8.544494485672040618e-01
8.534772999930233528e-01
8.492479244749299161e-01
8.429169176790616280e-01
8.335631839299895152e-01
8.339705679006044203e-01
8.349559464792731811e-01
8.334534884206982186e-01
8.281667161358579055e-01
8.324094152704395455e-01
8.194043171789837654e-01
8.314690741091051995e-01
8.271584237360212200e-01
8.297621885642840756e-01
8.259573090705579768e-01
8.296764614734695176e-01
8.246808742964468752e-01
8.311356413509124463e-01
8.306558280841429553e-01
8.264794566999887904e-01
8.247552175045007594e-01
8.347982208290231076e-01
8.463264507412341375e-01
8.426758192014739413e-01
8.398398420712527290e-01
8.411960449163685682e-01
8.411495926187516625e-01
8.489745504022820910e-01
8.430388291949264534e-01
8.376534473705956607e-01
8.514168850028553948e-01
8.538266865505347303e-01
8.496402960784171787e-01
8.438017331199419990e-01
8.393749829782288785e-01
8.353556848020403658e-01
8.268311457250123730e-01
8.215600263639978307e-01
8.296553151948560245e-01
8.299024853172521921e-01
8.367599125863707243e-01
8.460764541656266013e-01
8.449924817654631548e-01
8.362854403620444410e-01
8.383818505633710005e-01
8.400844906344667740e-01
8.403232930139631351e-01
8.322374102288213615e-01
8.224956052952179242e-01
8.189689083991743557e-01
8.240273097944983416e-01
8.205954448170426074e-01
8.308944224295137237e-01
8.294919785550215474e-01
8.166913683229517495e-01
8.196313470646727772e-01
8.338915977712627603e-01
8.430882783270111647e-01
8.517716702351508795e-01
8.483314076859344022e-01
8.545782857030894686e-01
8.501125242534117721e-01
8.451943020092116399e-01
8.537651229745524262e-01
8.501703183649651496e-01
8.510613117169061326e-01
8.364305790328546708e-01
8.280576721583337019e-01
8.318138897318526626e-01
8.317183324882627682e-01
8.447678942226712895e-01
8.463244194699409695e-01
8.497896812044700710e-01
8.542592264737390861e-01
8.462959514046458631e-01
8.461508831667232666e-01
8.322586745940803166e-01
8.362626170319630292e-01
8.307423782623128972e-01
8.329479405980741991e-01
8.397575930989693571e-01
8.337228171064712257e-01
8.393389260347940972e-01
8.349863677963340614e-01
8.419361232943189943e-01
8.365515287903532160e-01
8.330734424863512899e-01
8.363607134362430751e-01
8.297546299831967120e-01
8.331100986138703091e-01
8.329694525931820026e-01
8.330700335743040919e-01
8.319932077161985573e-01
8.282634927559429094e-01
8.314423683588284542e-01
8.356019073675755582e-01
8.294697074436910844e-01
8.364405481756078675e-01
8.271503117029651575e-01
8.331864776959954089e-01
8.347048432190889988e-01
8.244375740805062192e-01
8.157810762772462754e-01
8.182957602052584045e-01
8.224415637564482795e-01
8.275575338427217931e-01
8.290819594250686819e-01
8.221873721256022227e-01
8.247058681831533899e-01
8.312907362874689676e-01
8.349379958484014486e-01
8.422825589779454614e-01
8.454761137015491812e-01
8.333724276263120290e-01
8.353108071981566463e-01
8.425943665089035139e-01
8.513164061591715903e-01
8.567168617138848363e-01
8.388405611778987359e-01
8.390968033467133269e-01
8.497138076459439526e-01
8.327332776138327564e-01
8.452595710274827256e-01
8.513095703340786136e-01
8.452348528908758540e-01
8.386939860300791638e-01
8.399960393515933932e-01
8.397088058048145509e-01
8.498423558985590542e-01
8.417670723672353583e-01
8.389574042871443815e-01
8.334358281726612638e-01
8.317624798835501210e-01
8.474095186829060378e-01
8.597489404277103286e-01
8.596259484033904608e-01
8.453779528703482260e-01
8.319282172558400967e-01
8.315016019733527664e-01
8.237965109040419343e-01
8.290045617136510003e-01
8.269587071581087079e-01
8.281468820182662505e-01
8.303242307309446346e-01
8.342849066470197084e-01
8.304130727750185237e-01
8.334676539841920917e-01
8.291319157863710210e-01
8.314101412263693591e-01
8.300443649263838930e-01
8.330123242168482323e-01
8.312122207715388900e-01
8.355547855212043240e-01
8.308051287032579557e-01
8.277711380055992052e-01
8.257094620752916114e-01
8.260023472546296208e-01
8.375353099095230736e-01
8.463695520738572231e-01
8.434041973421283478e-01
8.457464127062480630e-01
8.416332235698904540e-01
8.367305520805572439e-01
8.349818786741408649e-01
8.370101695691061217e-01
8.387248142341963142e-01
8.317334241064463507e-01
8.149473441017525133e-01
8.271072559971089921e-01
8.335236442804776491e-01
8.260084813439574347e-01
8.305846359485475894e-01
8.260583627503762516e-01
8.217502198006352288e-01
8.204960462249580866e-01
8.308678179109877382e-01
8.287734872493197624e-01
8.197622930394470320e-01
8.237710883464040013e-01
8.307420327687915496e-01
8.433647528011590788e-01
8.428050840276632982e-01
8.384785303187304306e-01
8.423582251416885658e-01
8.431119387984270519e-01
8.373421500624198544e-01
8.246423516967991141e-01
8.234696826995048236e-01
8.300699314926025529e-01
8.315956508059850760e-01
8.434301221523591297e-01
8.364736917620068102e-01
8.417520102839978202e-01
8.372339665145511756e-01
8.337578462059385132e-01
8.451814883943852275e-01
8.438314608658847860e-01
8.486031366551827215e-01
8.532572689758058937e-01
8.518637515781052327e-01
8.499818028116583601e-01
8.459898687216393931e-01
8.580707726924707845e-01
8.621337074125139388e-01
8.585475416742117671e-01
8.602815900079268108e-01
8.408613218650199395e-01
8.376612085751258263e-01
8.375856727369613841e-01
8.374113982821187463e-01
8.272744252884165483e-01
8.430003575411090244e-01
8.359355461969266710e-01
8.421430508720967323e-01
8.488044295931557182e-01
8.388809140543480591e-01
8.435416317322447233e-01
8.480874972030881809e-01
8.395177041961051634e-01
8.354572502216012220e-01
8.351384190048996015e-01
8.246442630100019322e-01
8.282318687459616635e-01
8.319927038602716873e-01
8.391206088034988131e-01
8.429883246242907413e-01
8.441888810142738064e-01
8.429289146435701152e-01
8.395464832649406350e-01
8.448973567126503159e-01
8.465540133687864399e-01
8.477895607030464520e-01
8.447786386390397917e-01
8.587892321186674227e-01
8.495501432851850776e-01
8.448872600751609063e-01
8.367985145882467224e-01
8.453910241935778114e-01
8.509349134758715794e-01
8.488133417197645247e-01
8.591065061370476430e-01
8.562946399960555954e-01
8.510216126534784209e-01
8.502788079067535865e-01
8.423062110829042659e-01
8.329598755149293376e-01
8.193163965322486364e-01
8.211840301778122742e-01
8.190504208678700548e-01
8.271820580567688097e-01
8.222265254244696120e-01
8.176870678387824221e-01
8.133366653735251139e-01
8.161670852411861965e-01
8.177298956593418433e-01
8.165934906267632298e-01
8.228892862694918708e-01
8.252658148891045542e-01
8.393991866360555054e-01
8.425233151603369608e-01
8.444218751291340253e-01
8.531402330544552992e-01
8.388915600504498471e-01
8.228319144703678534e-01
8.298191308891856854e-01
8.286831958270916010e-01
8.283028553023573659e-01
8.339313371590416635e-01
8.434647207276845249e-01
8.485261934568527620e-01
8.574178303825099601e-01
8.526796271596279730e-01
8.355205528778498758e-01
8.390880729700476159e-01
8.383087504445392302e-01
8.320936580931621585e-01
8.154891418573390061e-01
8.235430754028243427e-01
8.270150227781850605e-01
8.298072747825014917e-01
8.347064231206117180e-01
8.354935014324786913e-01
8.405656392057553328e-01
8.476795447407192707e-01
8.520933127123168083e-01
8.465423926555638579e-01
8.381482851495812847e-01
8.434543884144483084e-01
8.482403150438989625e-01
8.304390374258124874e-01
8.341616461745285926e-01
8.401327181429019131e-01
8.411486313662346337e-01
8.429526863807286219e-01
8.488195382724532667e-01
8.502109374060673463e-01
8.468156316119263005e-01
8.631635592167107296e-01
8.474104718503152611e-01
8.351945824454968248e-01
8.380578669953471227e-01
8.323557784425519301e-01
8.316193368690587562e-01
8.359300114000582926e-01
8.382032819833462600e-01
8.398142594899186131e-01
8.410923443721910475e-01
8.347396178865291727e-01
8.343069019458078106e-01
8.391418702309449973e-01
8.397918905664832900e-01
8.600782755815388203e-01
8.541111983573367317e-01
8.513604591350879547e-01
8.484190913974063442e-01
8.442163379828669934e-01
8.398359342445029796e-01
8.321332299016130918e-01
8.327302081043906901e-01
8.385306249908878184e-01
8.400343369846070551e-01
8.395016508763679663e-01
8.508092972180587577e-01
8.566054762451433824e-01
8.519545854793781903e-01
8.528466335618188898e-01
8.503685671582768002e-01
8.599505973603576159e-01
8.481222892587577666e-01
8.450307254239376453e-01
8.525232991721282128e-01
8.513239515712757166e-01
8.496042480240424410e-01
8.518778986609322201e-01
8.544271819879677432e-01
8.597452600846829940e-01
8.640539840377626790e-01
8.598773633502183600e-01
8.473762664733830441e-01
8.400234174482544836e-01
8.527945901775633164e-01
8.463169890607246115e-01
8.430939707369869973e-01
8.463909686460228121e-01
8.494447269789833221e-01
8.444741306222957045e-01
8.429997627089931278e-01
8.444541359125325997e-01
8.346824753304779021e-01
8.316801566852484173e-01
8.299805040261876155e-01
8.350698844662225451e-01
8.453911307856113444e-01
8.477689269735857458e-01
8.364909888045313213e-01
8.410386404080361089e-01
8.534012910698882681e-01
8.430687282149811335e-01
8.350452907272992720e-01
8.270531097683858635e-01
8.306204079892308689e-01
8.328112030938404908e-01
8.472329616669352914e-01
8.554494889133065216e-01
8.556274858377410641e-01
8.485341351480851779e-01
8.549913170698472120e-01
8.506946323679707156e-01
8.530434414334362447e-01
8.484081201351605372e-01
8.474471501345044455e-01
8.357046759751713960e-01
8.410157852590646188e-01
8.464953184159643707e-01
8.395650901857649728e-01
8.344922324855376106e-01
8.420745858654044014e-01
8.496680225450143897e-01
8.414813019798805804e-01
8.362476282744709666e-01
8.403345819975588382e-01
8.493419285981097522e-01
8.451574251813013250e-01
8.450949788935812057e-01
8.426618502213402140e-01
8.403013537049387471e-01
8.466836947341946917e-01
8.350036796657905880e-01
8.340837184750458100e-01
8.343863302858793851e-01
8.333782972860175331e-01
8.426830596369926374e-01
8.477856068663899292e-01
8.437566804658988007e-01
8.454997940004143064e-01
8.444590595701888525e-01
8.445220283794451221e-01
8.472253505171311039e-01
8.458597180291098638e-01
8.500719873041929775e-01
8.560190578356723368e-01
8.520683261805754860e-01
8.373348758803713654e-01
8.431839916772362331e-01
8.350347907001988146e-01
8.332559489601616409e-01
8.179535829290339732e-01
8.185343308460153455e-01
8.248421916975963164e-01
8.365121401371857779e-01
8.367191189391588457e-01
8.367015107021172904e-01
8.330996791045192085e-01
8.366480018893711623e-01
8.389165136495881914e-01
8.291260750435937021e-01
8.394591353761022834e-01
8.261403116929865176e-01
8.338660037666899560e-01
8.336829419561269106e-01
8.378660621743694303e-01
8.406537018726243371e-01
8.441299260875987365e-01
8.420935445712687262e-01
8.334960031805271896e-01
8.340014708637581986e-01
8.403446518969792667e-01
8.381631039057690913e-01
8.443257224170060971e-01
8.411503486660798501e-01
8.461747735646500956e-01
8.385482712210653444e-01
8.380154368599124215e-01
8.350894142044310575e-01
8.370655560821158581e-01
8.346385344568459930e-01
8.374563328847104415e-01
8.419300618259075719e-01
8.459372478328025524e-01
8.344129336758091542e-01
8.357404921467027625e-01
8.423328394084166337e-01
8.448393568763771233e-01
8.447140153012082653e-01
8.440927205607773320e-01
8.451529014998959699e-01
8.377277838814279898e-01
8.414211996470994936e-01
8.418207826732330146e-01
8.338453110193663198e-01
8.364307612188177643e-01
8.387457327357981107e-01
8.492401066042332136e-01
8.600593086365529993e-01
8.534932620772328615e-01
8.585559006701305451e-01
8.730632805308681244e-01
8.719672701357917832e-01
8.566669546110174949e-01
8.472338684591061986e-01
8.458700469879461004e-01
8.512100622042158005e-01
8.405178503745854846e-01
8.448092325221038257e-01
8.490806611311128016e-01
8.476172269302130191e-01
8.346285152561476739e-01
8.307907488541663721e-01
8.344002950678336417e-01
8.322841354271769410e-01
8.486930279949034261e-01
8.459441651441815813e-01
8.478783794153286202e-01
8.487492756663321813e-01
8.474716015329317731e-01
8.484984601683187577e-01
8.507016265426825541e-01
8.449457896214250807e-01
8.355337517463875541e-01
8.425987981103459923e-01
8.444229976149023598e-01
8.365808074532179450e-01
8.380528672651764710e-01
8.339252634033644807e-01
8.266349696786524648e-01
8.187443530185917195e-01
8.078387696688174024e-01
8.214057587504549618e-01
8.142573565451693973e-01
8.203586283782213773e-01
8.316934866923357816e-01
8.289100331557938128e-01
8.250970891706156385e-01
8.250495358331563223e-01
8.246518044051622809e-01
8.205934916207058283e-01
8.279392717911975286e-01
8.255002611287447500e-01
8.333993585816532601e-01
8.244763253231048861e-01
8.327180164521844619e-01
8.284416784361819941e-01
8.202242016020980797e-01
8.175956510042298175e-01
8.334575465000250150e-01
8.407971835870291510e-01
8.446593969565545645e-01
8.514103070453824529e-01
8.563659792529518811e-01
8.549469472220448951e-01
8.382968595784601185e-01
8.448228389001326555e-01
8.318061841306483295e-01
8.425724115930399716e-01
8.313103514740802780e-01
8.300044663178248738e-01
8.241692584329108895e-01
8.272798234073956980e-01
8.164563746488631146e-01
8.191168113434118547e-01
8.258868820140194966e-01
8.283433867843497111e-01
8.190350639305887803e-01
8.180260093743380034e-01
8.284052469594317403e-01
8.227766011825868864e-01
8.275606076156540869e-01
8.297875625423618562e-01
8.315537395805641108e-01
8.376782519043374231e-01
8.292816363723156670e-01
8.328445007825271418e-01
8.266303739854362620e-01
8.272917020881962458e-01
8.379315117007267721e-01
8.495085513484189610e-01
8.495642559422582618e-01
8.436027830646827264e-01
8.330672995703251038e-01
8.220049175609229763e-01
8.251117947822392829e-01
8.275237762570718525e-01
8.296559240399821178e-01
8.155578825890242856e-01
8.197139764950251983e-01
8.276181476752950683e-01
8.312835165430692008e-01
8.326522533738066612e-01
8.325176867304100448e-01
8.454703612059293327e-01
8.391123456720391838e-01
8.332491087090139192e-01
8.289171287922509901e-01
8.256457940063851586e-01
8.247989671421762647e-01
8.305670282673431881e-01
8.382286419673926625e-01
8.489347907723648889e-01
8.277263619594192878e-01
8.399761791863554761e-01
8.415312862684508621e-01
8.279969238283257926e-01
8.278786159876210249e-01
8.329115091467046428e-01
8.391325317462158262e-01
8.371916743061313948e-01
8.445817171552651992e-01
8.521817527157458105e-01
8.449642941351797054e-01
8.437853347138357663e-01
8.515519621493442548e-01
8.483827918151507497e-01
8.532102805344355945e-01
8.319964061755268370e-01
8.378082132038402463e-01
8.408145509477897850e-01
8.543326813785495633e-01
8.492975689351930368e-01
8.516669876646182358e-01
8.556749113128805373e-01
8.651429555301143326e-01
8.675825162942097935e-01
8.721851203118825557e-01
8.617246278133873227e-01
8.569417510957056949e-01
8.529519692665271657e-01
8.542214836823478485e-01
8.478912899858156438e-01
8.482706194899936047e-01
8.372589351796024815e-01
8.430907904055681135e-01
8.442637562075631097e-01
8.487189226396641972e-01
8.531023023188321064e-01
8.509390391768575368e-01
8.595054881648241940e-01
8.552577896359201404e-01
8.597268943034017674e-01
8.486534934777529848e-01
8.463649604152166939e-01
8.485822019812938599e-01
8.392793321169255139e-01
8.394652658980925608e-01
8.369644017642594580e-01
8.421397049189008888e-01
8.506645577528836322e-01
8.534482607233169205e-01
8.443628412040672382e-01
8.331906979583904027e-01
8.405616308813410598e-01
8.503514971378984821e-01
8.448533218946256973e-01
8.453987808377091406e-01
8.508752713881889695e-01
8.445188297705769065e-01
8.516357349894337903e-01
8.403487228080596116e-01
8.278099907749800757e-01
8.394071766586105321e-01
8.404396547038127663e-01
8.429055361201691632e-01
8.479864221970748739e-01
8.418955538054714305e-01
8.425354256837344069e-01
8.564293345600501040e-01
8.466322970735320474e-01
8.522360223624297904e-01
8.416092848377375590e-01
8.471014598514738925e-01
8.358469546270371753e-01
8.393029093245779615e-01
8.408603492723694117e-01
8.452400548750065301e-01
8.370851252839671686e-01
8.295272361732608513e-01
8.330951281494323180e-01
8.283150249114419328e-01
8.282741588678772526e-01
8.374366349287053479e-01
8.391349613193945789e-01
8.298038267794889400e-01
8.309688006715574282e-01
8.208967684756572902e-01
8.157365099010187581e-01
8.086579994091807055e-01
8.054304514962160599e-01
8.227871061691107712e-01
8.169820885911578401e-01
8.073004618744962224e-01
8.153369954218684379e-01
8.208370637392172764e-01
8.227233065957191283e-01
8.269788508818276540e-01
8.322924144545660319e-01
8.468146021767758436e-01
8.280968711643161839e-01
8.251552677744903308e-01
8.137590345506463541e-01
8.097836999726195639e-01
8.084671711750082146e-01
8.227808617782268463e-01
8.361367659686572695e-01
8.315276264720702359e-01
8.325587224008026421e-01
8.425278930628111729e-01
8.203285222631818696e-01
8.368930882238699853e-01
8.409790522331643814e-01
8.673716956654986543e-01
8.612901772329935035e-01
8.507237689881128606e-01
8.449678614533444598e-01
8.382703290866390100e-01
8.347779845335471238e-01
8.424541045777929060e-01
8.337468438896682432e-01
8.351416564914428964e-01
8.349201599421134379e-01
8.394845489373977676e-01
8.288643473987507004e-01
8.379073158112857467e-01
8.264269746718247989e-01
8.337540509961756108e-01
8.340002587608593698e-01
8.302554391941073808e-01
8.240878706370416973e-01
8.362727971004282335e-01
8.306685217750339190e-01
8.401272269861587150e-01
8.323959940037569671e-01
8.426193170821892897e-01
8.419986203107260314e-01
8.401109409503347836e-01
8.428081220754712888e-01
8.509072110106522535e-01
8.438209933463727275e-01
8.494115070974330717e-01
8.482465820753216645e-01
8.520266586110466500e-01
8.583510228919442042e-01
8.550498128412885590e-01
8.566112687003902826e-01
8.425927394127330494e-01
8.455289304786872684e-01
8.503452961345653316e-01
8.484784102218020374e-01
8.471528720427756731e-01
8.414067164036684865e-01
8.386147827390584286e-01
8.320286438174834265e-01
8.350559784172113531e-01
8.497494879302435189e-01
8.387704786505536525e-01
8.437803953838908244e-01
8.536108544841333190e-01
8.577495035444054894e-01
8.475028797767154565e-01
8.400565690940814401e-01
8.371271012506830145e-01
8.303082490695762319e-01
8.351977897757912883e-01
8.315890400787234737e-01
8.253857417297819632e-01
8.279371262842170065e-01
8.197415811244166406e-01
8.192830933601359389e-01
8.097322958664261439e-01
8.164476445049597686e-01
8.117937402270448688e-01
8.285443146597233355e-01
8.284285542934746172e-01
8.427203948182567794e-01
8.507155958942458351e-01
8.414960465126338773e-01
8.425581948715943348e-01
8.283413372878799530e-01
8.295587137519447873e-01
8.396475829102145738e-01
8.356169460840502383e-01
8.262888428431840460e-01
8.359406323388598459e-01
8.277576266957307194e-01
8.359497487818883243e-01
8.312683123079394054e-01
8.359371486501165904e-01
8.405226906902664163e-01
8.506893506608045330e-01
8.434308374346038972e-01
8.378352877959621692e-01
8.299162096742231931e-01
8.426814803080171501e-01
8.375077992586786868e-01
8.408835296164067774e-01
8.446857676907250090e-01
8.364288857970199054e-01
8.442590805575460600e-01
8.549309478703088772e-01
8.497410491081480721e-01
8.426697448839426396e-01
8.307933618053312541e-01
8.357633804284352319e-01
8.370820545014352465e-01
8.344031318376936568e-01
8.322753489834462393e-01
8.307319772560743942e-01
8.289433520883096040e-01
8.431105079057119589e-01
8.200890106327352047e-01
8.183474732469336876e-01
8.366240509870203068e-01
8.394726288386632485e-01
8.406753429957376511e-01
8.417963841712756690e-01
8.368209879393901929e-01
8.379372539665204123e-01
8.351156891336126709e-01
8.267652723015647132e-01
8.362080963614512141e-01
8.450635040838587742e-01
8.344298896287520861e-01
8.436026564128218386e-01
8.375409007046307197e-01
8.264701263735991787e-01
8.326893260997734192e-01
8.311714392117138805e-01
8.299979823076423235e-01
8.308756689078355961e-01
8.389605439995169167e-01
8.402044876202680035e-01
8.312063993769184256e-01
8.252969852284236518e-01
8.255483235219936988e-01
8.218673549344296392e-01
8.230081570780543032e-01
8.257938433820846136e-01
8.353762197800808087e-01
8.419756691768510715e-01
8.370490966259449550e-01
8.340910798368088575e-01
8.397567758846956609e-01
8.412606301289244914e-01
8.399522296534167598e-01
8.384239142059195515e-01
8.408942607260562196e-01
8.446171952308979547e-01
8.398018385471223146e-01
8.391461004372874344e-01
8.504118036068012421e-01
8.405392418589734405e-01
8.450128017534331848e-01
8.514116075931245087e-01
8.356488113904274595e-01
8.464160403169185276e-01
8.483800341418774593e-01
8.556839765327777236e-01
8.576885180937566799e-01
8.502238107654843668e-01
8.557974397472914996e-01
8.625075619641378033e-01
8.595187554515230088e-01
8.540991191903829494e-01
8.496402506791209674e-01
8.606569094887753790e-01
8.561658546099061295e-01
8.615278549813332187e-01
8.510347888397324922e-01
8.423840705381668847e-01
8.451559770726065901e-01
8.542584294616768492e-01
8.599546709234293651e-01
8.462810601702709379e-01
8.379860216266620254e-01
8.520945644365290894e-01
8.628985815792429293e-01
8.758212831114650099e-01
8.684167219703935459e-01
8.561952833790918982e-01
8.505664694255239411e-01
8.369229296453150058e-01
8.372559181345111678e-01
8.337533450604150964e-01
8.331280269113279235e-01
8.282033196554557941e-01
8.254163475491106405e-01
8.240877444016695419e-01
8.289827750046943056e-01
8.272768123091081005e-01
8.299093885702399920e-01
8.315551402993555108e-01
8.356741763262406364e-01
8.415010658044981273e-01
8.461826659672382345e-01
8.389868440745917866e-01
8.298540687434705632e-01
8.252382026642938184e-01
8.216352960078896484e-01
8.307037538256260012e-01
8.314306996709761588e-01
8.351465696404944961e-01
8.404844403240261386e-01
8.446618450001787126e-01
8.570507755530903937e-01
8.522754881681907646e-01
8.479570322489470291e-01
8.499954369990377900e-01
8.610874619791635265e-01
8.427902835677087978e-01
8.453794441752003896e-01
8.298462844016615270e-01
8.257612773052438460e-01
8.233166353208175581e-01
8.296954671605777376e-01
8.293201518852771903e-01
8.299857289376179059e-01
8.283271167854950878e-01
8.359838185476714534e-01
8.409029665372107498e-01
8.410315170275779462e-01
8.349858152787518195e-01
8.390460414393423605e-01
8.279935488923948483e-01
8.406717702442045859e-01
8.436338587742011619e-01
8.399075792592941569e-01
8.544758900075957175e-01
8.588907052970620182e-01
8.492790654721560362e-01
8.354464186624689370e-01
8.251347949256150338e-01
8.243887978281347895e-01
8.265809651036832850e-01
8.414534723712525643e-01
8.398648354928994753e-01
8.419900558737325458e-01
8.460480007888834253e-01
8.507757381180265366e-01
8.494460907814314066e-01
8.496328041964751332e-01
8.420748696683185708e-01
8.410843387391693238e-01
8.242192467221965968e-01
8.352090460213958956e-01
8.489553905966006342e-01
8.486658529841897280e-01
8.573060991946910292e-01
8.521581175017520771e-01
8.530042487980938892e-01
8.451218000843927491e-01
8.404799873906921848e-01
8.451532518835437324e-01
8.473358704471490865e-01
8.445665955763870247e-01
8.535561713375748871e-01
8.525870172025084015e-01
8.485625559642849813e-01
8.502432374979448371e-01
8.618045924235805400e-01
8.598191882948800213e-01
8.650668579134722647e-01
8.663796526660192399e-01
8.585365394533767125e-01
8.560759666014711167e-01
8.561977958829565249e-01
8.411383478563790872e-01
8.383537038469811575e-01
8.398231852930135855e-01
8.250845460486049276e-01
8.281424338430395382e-01
8.182535111112185788e-01
8.220549782858757037e-01
8.321927619809444954e-01
8.241705840512183467e-01
8.220691007441537357e-01
8.224324167524357243e-01
8.279545486487539518e-01
8.300800663502935217e-01
8.309162217753874868e-01
8.199748865695387634e-01
8.194719125022866812e-01
8.276495800498812061e-01
8.331755454648660519e-01
8.299817119885368744e-01
8.343121634177657064e-01
8.431538420658388766e-01
8.524216857321561536e-01
8.417225200334035318e-01
8.357765529491644196e-01
8.317363711865269904e-01
8.266601603882111071e-01
8.139886574526883356e-01
8.255714854032562000e-01
8.350809689809550740e-01
8.446969712451904977e-01
8.465718542935691815e-01
8.503885113408160557e-01
8.403000457427565184e-01
8.206291562483739588e-01
8.223508107532817579e-01
8.148909717290691024e-01
8.221344087954411961e-01
8.202966462150014237e-01
8.337525003634849163e-01
8.440881818870310527e-01
8.363917151180429999e-01
8.403659612236076271e-01
8.353797649207317377e-01
8.229776570424750526e-01
8.264684192533456875e-01
8.330114387224025752e-01
8.347299977838946727e-01
8.395738899152248580e-01
8.341073618155903091e-01
8.258842537221224855e-01
8.186609870365910702e-01
8.281821376258273748e-01
8.248112329930603615e-01
8.179896144272605918e-01
8.232728453349290598e-01
8.181528512331600611e-01
8.357105917061931066e-01
8.402147331882586778e-01
8.438250379844306481e-01
8.547321700386315557e-01
8.715557892052824274e-01
8.703065331938611981e-01
8.590951757205517181e-01
8.484965733898506279e-01
8.459069331245305801e-01
8.479624149807566402e-01
8.386912971486938373e-01
8.260660974703200043e-01
8.217368783895685480e-01
8.234774400026829699e-01
8.352174257029276738e-01
8.376512491814779304e-01
8.429912761858877612e-01
8.412250559371892145e-01
8.450257300695417362e-01
8.433554689345500455e-01
8.343712575501737172e-01
8.351394585609550614e-01
8.257883575061997217e-01
8.360729248881119124e-01
8.357069435935416957e-01
8.251790545180986980e-01
8.330099465103237844e-01
8.233164526556142615e-01
8.273089142910337035e-01
8.256945383320276610e-01
8.288289297639841458e-01
8.436506151969346279e-01
8.483702050380618198e-01
8.408618104795646531e-01
8.511269831559594712e-01
8.529019227053538099e-01
8.506765017162809528e-01
8.465416015227470448e-01
8.429936579841138533e-01
8.420751810236806190e-01
8.444132133141103447e-01
8.435230174162384742e-01
8.457306613587718402e-01
8.443723860532890146e-01
8.332149030290332270e-01
8.413067799664958324e-01
8.488310653027836272e-01
8.437131158933939279e-01
8.471960567690324240e-01
8.323615850523503612e-01
8.526172041993983486e-01
8.386077143504374609e-01
8.469369610697270456e-01
8.410286894023553117e-01
8.357771054474378847e-01
8.264543567243333166e-01
8.261111515009303963e-01
8.290333653332039310e-01
8.251733772596971939e-01
8.238180315814463972e-01
8.243647384141601364e-01
8.246003086992702569e-01
8.445115991377546427e-01
8.421826731234882679e-01
8.371864698814228678e-01
8.283514987250527595e-01
8.380379477412815969e-01
8.332591105605988702e-01
8.229361442144541572e-01
8.315580567447109495e-01
8.342035445544382366e-01
8.330093908221574139e-01
8.425401002338714918e-01
8.520662437517776411e-01
8.552072524264612285e-01
8.663580976410373280e-01
8.383684925887552319e-01
8.324840872540552050e-01
8.325909723951202546e-01
8.183065655127366167e-01
8.215450322015606099e-01
8.312219771337626684e-01
8.281102947294197714e-01
8.339486466507949336e-01
8.349464502956818190e-01
8.336675562419200158e-01
8.237220174032151565e-01
8.178994361374675170e-01
8.203804616805797645e-01
8.363622619693650284e-01
8.215352534415240049e-01
8.309298487102617647e-01
8.311142497301329257e-01
8.346144347297524968e-01
8.293915622041642122e-01
8.313480993611821468e-01
8.464890617376124027e-01
8.467986895967993810e-01
8.549403060212615868e-01
8.552921213437706394e-01
8.494548098058503083e-01
8.420907883302377606e-01
8.341164418835486094e-01
8.365104125395232959e-01
8.348382158161520294e-01
8.316689621696229384e-01
8.378020712192812969e-01
8.560379114536353917e-01
8.449192437874439854e-01
8.329422128176027229e-01
8.328096816626138210e-01
8.384028764687252444e-01
8.248144695655597047e-01
8.199855244992498848e-01
8.372041184073100162e-01
8.174150393751371535e-01
8.178804699025388203e-01
8.225370168797671022e-01
8.399796907299109661e-01
8.550202456678667184e-01
8.457155907003570672e-01
8.286296978305185412e-01
8.431164911897747194e-01
8.505709016760094610e-01
8.416064594352586914e-01
8.314513243616565852e-01
8.309764380666280204e-01
8.335856184905158228e-01
8.206281461581663716e-01
8.368524019236893707e-01
8.348799366897714513e-01
8.404292249766995848e-01
8.408016387158704363e-01
8.334039433566307054e-01
8.382285648763355690e-01
8.430200595767941563e-01
8.380537682683537604e-01
8.341328143910637927e-01
8.232752376169846231e-01
8.233005773276252937e-01
8.316203127142338669e-01
8.464919586642550842e-01
8.375372654083936830e-01
8.501473357674750320e-01
8.494218628044333252e-01
8.562735224459311345e-01
8.573636084600171348e-01
8.543887009704387303e-01
8.598483571643698031e-01
8.607893974579776675e-01
8.606504070870399925e-01
8.492608014174179987e-01
8.477199708127053368e-01
8.568020484465868059e-01
8.461102907527489059e-01
8.531888289036851925e-01
8.398464653648356482e-01
8.354160872061330290e-01
8.277929901977939542e-01
8.391955421015544481e-01
8.383966653169572236e-01
8.385380148944439060e-01
8.436447678559588770e-01
8.462223336394987250e-01
8.303874647555377075e-01
8.287045994318977815e-01
8.458803981308911091e-01
8.498563570386122867e-01
8.530823546211799835e-01
8.553247875977909587e-01
8.575899972506297875e-01
8.421310986787395869e-01
8.384916288686802277e-01
8.361494650165312015e-01
8.354311453754571515e-01
8.231085976455673192e-01
8.299048195052767252e-01
8.168095606380403328e-01
8.131548530320439339e-01
8.203432764770846042e-01
8.184812212411494148e-01
8.254940817427582900e-01
8.301593305694049407e-01
8.304897241469011426e-01
8.340303674429063729e-01
8.379117955448694977e-01
8.354051909176299917e-01
8.441261585170501958e-01
8.464106934885171629e-01
8.453197164534650421e-01
8.380188942261515006e-01
8.332900111981942359e-01
8.408426553322033703e-01
8.367512954047300333e-01
8.497200552455657085e-01
8.509910967578505625e-01
8.513019351780345412e-01
8.462025585916614911e-01
8.487662940275322310e-01
8.618529120361770879e-01
8.580217041469279105e-01
8.562417391546508494e-01
8.439571153802732928e-01
8.413345388147082105e-01
8.332043471457888373e-01
8.354026588534033682e-01
8.327617979193308040e-01
8.466757135084282959e-01
8.408559864047676635e-01
8.489301210862727487e-01
8.439867887141765390e-01
8.345596541592065210e-01
8.262721449564951470e-01
8.384315208930058771e-01
8.351101459461915955e-01
8.356097231782174672e-01
8.365222081387372333e-01
8.372780486408709644e-01
8.341991329662239441e-01
8.205077124412391010e-01
8.230453295153906668e-01
8.370397665221276373e-01
8.469137901475621844e-01
8.396462126483902333e-01
8.311854991404216131e-01
8.359585488603601400e-01
8.304217098947020981e-01
8.193736258052179977e-01
8.236423556919626465e-01
8.123855923415764790e-01
8.184559849943465748e-01
8.302184609689070571e-01
8.310751899953621180e-01
8.349397494895718363e-01
8.524016396689000352e-01
8.584326983893697527e-01
8.533554347586399524e-01
8.488721348896570706e-01
8.366487761488933250e-01
8.354238517760623761e-01
8.271347871463076151e-01
8.453498027012193994e-01
8.521233786742912208e-01
8.611531006832184865e-01
8.512154375801087580e-01
8.453838297528774026e-01
8.370482955794318336e-01
8.384851737366575408e-01
8.397590015834158761e-01
8.581141924462661885e-01
8.590271654639839438e-01
8.608137630804781892e-01
8.583948130205560911e-01
8.637997598315659831e-01
8.610530031336419698e-01
8.550201959556800180e-01
8.461889022992328258e-01
8.409496822290700724e-01
8.378562289213447034e-01
8.351589188323704782e-01
8.358131831128463585e-01
8.393050772907295620e-01
8.344057038347852950e-01
8.346941868409158971e-01
8.411252280177577978e-01
8.466371553884483037e-01
8.435858342820486966e-01
8.339293205221313121e-01
8.451238260767302002e-01
8.365456464324962926e-01
8.381169904351484234e-01
8.340381120670180559e-01
8.392358792653316080e-01
8.350419674369359280e-01
8.467915578418713229e-01
8.371346883915273818e-01
8.359151628131266110e-01
8.337930155555930423e-01
8.327497826770360323e-01
8.398099405553642871e-01
8.422817460077935969e-01
8.317053909335853090e-01
8.295677065934101702e-01
8.117416574049258760e-01
8.160698992952276631e-01
8.335822520373575850e-01
8.333189781240343263e-01
8.318402786245236991e-01
8.350555797008235581e-01
8.350049799650968163e-01
8.366258561739442490e-01
8.312585892480701677e-01
8.294886337787272801e-01
8.233887540923476855e-01
8.104882967882692801e-01
8.283803545149488468e-01
8.387266474607040223e-01
8.382555490762062522e-01
8.393606054300642993e-01
8.403248112163790307e-01
8.269421685852317294e-01
8.345399291131522235e-01
8.414545858827513491e-01
8.319407815796319161e-01
8.348964404125789329e-01
8.409617623528216068e-01
8.473796673581799332e-01
8.466372166211618699e-01
8.501777993271608658e-01
8.445507189224246147e-01
8.376104262685230006e-01
8.295480959706169610e-01
8.404025823194521960e-01
8.464272799147981585e-01
8.508207013625705972e-01
8.493050382085191030e-01
8.485593771996794432e-01
8.445712672783567410e-01
8.588083625554245870e-01
8.375197223363350929e-01
8.262708324493682754e-01
8.264825268477158371e-01
8.335453438744054866e-01
8.455904697224035926e-01
8.328473827061683155e-01
8.373593031580840451e-01
8.345594582353160762e-01
8.412017746439084398e-01
8.390997699154967293e-01
8.455218648125172320e-01
8.471017155474692695e-01
8.398312803144660776e-01
8.463809872742886764e-01
8.470508038689305019e-01
8.476322424232713981e-01
8.433915159758161861e-01
8.413141492204069261e-01
8.329320637745747380e-01
8.288784534666880921e-01
8.385389034986444612e-01
8.398228101708986593e-01
8.417574119116236764e-01
8.522176980838177540e-01
8.505864285954909398e-01
8.533641579548298939e-01
8.406505432797585220e-01
8.495728107538528251e-01
8.589009327567913576e-01
8.554078136580814951e-01
8.460485617637968359e-01
8.392049990903380774e-01
8.343380578351511367e-01
8.284704401447384736e-01
8.308579351132974189e-01
8.398654916268551984e-01
8.504092196359076539e-01
8.430633293855620547e-01
8.466341980848318682e-01
8.548851608359014920e-01
8.604689098934795721e-01
8.516700881137376777e-01
8.622241596234595518e-01
8.519658891853750804e-01
8.574719874574547873e-01
8.534345820300793806e-01
8.406145584063732246e-01
8.380307809629614635e-01
8.423082278113277477e-01
8.343541458707620651e-01
8.256025992235918043e-01
8.307092057283929076e-01
8.355754268545396712e-01
8.316617126878999011e-01
8.283075205758939630e-01
8.304195056879838388e-01
8.464976598725467705e-01
8.447415711312417086e-01
8.493354204220968651e-01
8.506409496628869471e-01
8.533826596986476831e-01
8.547598414216877050e-01
8.465170612212288281e-01
8.531277480848674655e-01
8.440845247750966562e-01
8.396808443474806927e-01
8.381312753301979335e-01
8.473186838258800480e-01
8.489648475078349632e-01
8.398431662645788887e-01
8.312775882181488996e-01
8.222489546099714941e-01
8.242316126391009412e-01
8.380983055452329022e-01
8.494392797782798210e-01
8.444002436862684258e-01
8.344947817391167311e-01
8.378664432997693368e-01
8.313895721234235703e-01
8.281381116286612443e-01
8.202412265850105300e-01
8.208229431814914046e-01
8.282493802072163902e-01
8.324984755061257680e-01
8.230389566536611134e-01
8.244762593099865811e-01
8.236428058242297734e-01
8.324865813797999170e-01
8.330543906992846637e-01
8.407423267988496374e-01
8.463920506327173854e-01
8.448608801063285378e-01
8.370454176782133882e-01
8.231492469310170979e-01
8.334715818107174545e-01
8.343986077842074911e-01
8.447520686547485003e-01
8.408362692247657311e-01
8.372962798996148592e-01
8.373483414636333499e-01
8.483086717776507912e-01
8.483143592448069148e-01
8.447812514012391638e-01
8.456408991921012808e-01
8.429290112781748778e-01
8.527865288875877692e-01
8.544138752496676092e-01
8.639906189952265558e-01
8.448988792883501686e-01
8.331548943096263038e-01
8.355960570146427902e-01
8.254281327336688845e-01
8.359667586060604005e-01
8.356111432871233813e-01
8.267575673967439975e-01
8.187103008039378071e-01
8.074413520879214490e-01
8.193232555953150476e-01
8.126958565734730966e-01
8.158391677570370204e-01
8.218349888991798302e-01
8.266598363881925149e-01
8.418444488643965773e-01
8.475208615193358108e-01
8.464058872995328109e-01
8.336675012304496368e-01
8.392542523280799305e-01
8.280537716684692739e-01
8.246242983525537973e-01
8.181714405773599097e-01
8.194091921537400847e-01
8.293565479207751778e-01
8.322973985148505172e-01
8.249690748493115899e-01
8.183051497670082997e-01
8.247855202427319954e-01
8.270113433555896787e-01
8.435346979742859297e-01
8.385723722113809231e-01
8.403671827384925352e-01
8.366448151360507124e-01
8.364981818048682349e-01
8.276908272243820308e-01
8.319919190592620639e-01
8.491917232807189020e-01
8.409091723817310182e-01
8.315951669579280114e-01
8.355565879378878957e-01
8.424288280990378519e-01
8.410773674874774120e-01
8.538037443644943547e-01
8.570936098763110023e-01
8.544183668514854224e-01
8.360269128120487725e-01
8.275272827999126113e-01
8.331811201555955337e-01
8.231663762651628691e-01
8.236661350190155328e-01
8.167425585478649275e-01
8.265877580297491534e-01
8.304844458209074132e-01
8.326512879652532284e-01
8.435848697399365159e-01
8.396590971291930661e-01
8.386022229680448747e-01
8.552453752763387040e-01
8.416932827840249987e-01
8.474015504505261198e-01
8.477314044116782688e-01
8.453898453719421724e-01
8.326498228580975214e-01
8.311444115177593073e-01
8.351853801443527292e-01
8.401756762600793849e-01
8.386239593549651428e-01
8.303269209769561510e-01
8.429244286076571502e-01
8.406437709385397028e-01
8.431439453494907754e-01
8.520681486692451845e-01
8.421283035604877343e-01
8.420012518712068905e-01
8.495275534347426216e-01
8.359802690420520266e-01
8.297629649689853837e-01
8.294549510505346834e-01
8.339777430616852616e-01
8.340616823417893455e-01
8.371425956093789811e-01
8.443927462946833051e-01
8.418391405531784333e-01
8.281068118651657706e-01
8.217769429314695229e-01
8.265502213815143495e-01
8.139314629075975471e-01
8.105755106893164363e-01
8.106432291812948332e-01
8.102138544198000947e-01
8.179976908242062583e-01
8.182449618687516191e-01
8.327394441985671580e-01
8.316540015462144941e-01
8.433499294504668287e-01
8.478151240081548412e-01
8.506517462546512309e-01
8.543052687513351673e-01
8.549115777445152053e-01
8.555444166956981400e-01
8.548042401464935880e-01
8.584908870493876965e-01
8.636970399070424964e-01
8.579247968415917303e-01
8.665569611426108265e-01
8.573259752624614594e-01
8.544921496008179851e-01
8.369304866124106512e-01
8.322219275449486142e-01
8.236700428473497926e-01
8.228917313793406851e-01
8.166888078872477363e-01
8.196039256308388365e-01
8.120578878902595665e-01
8.120521255952400930e-01
8.027816824144303753e-01
8.157830548182604113e-01
8.144890225274994400e-01
8.256719597627475427e-01
8.477782529081039353e-01
8.402710439554573751e-01
8.398916283804979122e-01
8.341262171479525422e-01
8.430907034960877233e-01
8.301159960569127749e-01
8.362005940437993168e-01
8.356210324399282463e-01
8.238551647142566825e-01
8.265361279026873786e-01
8.262804409558781593e-01
8.180088882872021960e-01
8.221181990085605351e-01
8.245362922357339919e-01
8.212451399084887971e-01
8.212480316855002016e-01
8.246041116328189924e-01
8.200065180779737561e-01
8.264025292566703484e-01
8.293200112036156479e-01
8.280330824024750846e-01
8.221611336900137568e-01
8.347139929214176801e-01
8.451373993341112500e-01
8.493376609198790561e-01
8.404131675571521187e-01
8.435303141654038050e-01
8.430370646388823941e-01
8.433192217757766729e-01
8.396602235713099827e-01
8.386568640120803941e-01
8.371750881111716946e-01
8.406142671536739330e-01
8.389623259629226393e-01
8.403307964149745457e-01
8.504922137083835709e-01
8.501245325189196178e-01
8.410469264026968483e-01
8.295909223568761481e-01
8.410454234373629934e-01
8.506960558258011007e-01
8.594084603472091910e-01
8.531979983007075274e-01
8.527781732059110942e-01
8.416583025561594766e-01
8.397753078278634709e-01
8.470645820192882480e-01
8.371442974697754780e-01
8.366110229138197241e-01
8.377852806185136503e-01
8.447415823540453950e-01
8.526990569413784860e-01
8.447392611139813434e-01
8.451500717947189045e-01
8.344862575835427787e-01
8.345887513453205120e-01
8.448196353603973918e-01
8.630777134614299184e-01
8.618485922132848032e-01
8.546755438563564677e-01
8.504578019632097474e-01
8.500763654508000089e-01
8.472996829605347058e-01
8.376044917026661540e-01
8.385445724806587231e-01
8.358122645207100021e-01
8.301882684792505351e-01
8.318289461786616545e-01
8.292127630889730705e-01
8.300236234839781790e-01
8.354444186481152501e-01
8.306478931644954988e-01
8.375669139141015407e-01
8.491355579664536801e-01
8.272745157897491985e-01
8.220568290472702877e-01
8.331132298710915984e-01
8.387992402430232142e-01
8.290333797124506132e-01
8.321485516071305266e-01
8.380268778291691811e-01
8.388723684672676484e-01
8.370234141421105667e-01
8.526168924426272833e-01
8.482366051408279928e-01
8.510422635575086714e-01
8.484361045931408940e-01
8.473088984578404093e-01
8.367667523397187557e-01
8.443379041698014786e-01
8.368472771800581356e-01
8.290616363366274388e-01
8.367740007661721435e-01
8.565123398593337267e-01
8.641349580090516014e-01
8.585223392073326742e-01
8.572357973191429004e-01
8.596066726048888773e-01
8.484461919749822778e-01
8.599222754531608004e-01
8.603998705269803038e-01
8.598198087742744411e-01
8.569336167098754453e-01
8.522178485634550604e-01
8.472380840215509856e-01
8.312406085148632551e-01
8.392071771718948581e-01
8.421295275525411128e-01
8.415272555344557315e-01
8.505600619265566431e-01
8.512477242705126512e-01
8.603956834729296066e-01
8.647824487675628280e-01
8.615214617310473777e-01
8.605479814933869598e-01
8.532923399851640722e-01
8.557785765698716629e-01
8.566882226718504079e-01
8.463132437622945536e-01
8.517742697456328616e-01
8.466485148875572131e-01
8.592495850718165906e-01
8.551769786678973251e-01
8.507432111758675974e-01
8.398152481025885630e-01
8.492229170717898734e-01
8.556295509025366730e-01
8.454410727124169744e-01
8.324764909654472911e-01
8.412118615242509811e-01
8.276789762005217765e-01
8.347291578361905051e-01
8.379697383858720761e-01
8.301541714513956949e-01
8.377932590203494012e-01
8.438155740461665832e-01
8.308377027042249674e-01
8.297613711254671065e-01
8.221753998771887950e-01
8.179489126962935508e-01
8.344247606255537075e-01
8.296742478923083697e-01
8.296872119327997064e-01
8.465285607095203169e-01
8.408324901397637996e-01
8.308191141950425074e-01
8.264669795602632707e-01
8.311590911707431584e-01
8.186704858261435458e-01
8.183794759256848295e-01
8.240534101951499935e-01
8.295079678727319550e-01
8.346459091943266850e-01
8.349079714136304897e-01
8.274260805702577937e-01
8.316678857681955028e-01
8.415830300099715888e-01
8.426884861138383975e-01
8.446140390297812717e-01
8.491999782142272135e-01
8.420315857767012302e-01
8.464039256252617882e-01
8.327146650586924048e-01
8.495034081841921214e-01
8.592201748954805263e-01
8.677166821883789405e-01
8.616880656609087197e-01
8.383186710802127406e-01
8.382999181489378948e-01
8.291763634472637534e-01
8.254026137202855606e-01
8.267572089766908050e-01
8.266148377188924368e-01
8.379460893434987900e-01
8.357141721736175421e-01
8.301832072647358229e-01
8.328314497017444973e-01
8.399984764470311838e-01
8.478450997399181732e-01
8.421907150529812647e-01
8.514729811814240046e-01
8.461636987051378567e-01
8.442584105636902203e-01
8.526237141851545909e-01
8.306954119154246197e-01
8.229994860217595409e-01
8.186015930588599332e-01
8.281724895624648086e-01
8.418939232473927614e-01
8.304634783554679656e-01
8.311036078526796711e-01
8.351926865978250847e-01
8.364747542250106083e-01
8.422333841918733244e-01
8.563069434997577778e-01
8.596016601485809705e-01
8.604375887767558018e-01
8.576915649452270252e-01
8.485300682089489399e-01
8.401532222101313341e-01
8.306244548088604907e-01
8.423758781568800869e-01
8.396853429245234590e-01
8.399402614971446246e-01
8.397055684651769658e-01
8.260883450045310994e-01
8.295621508653032716e-01
8.195717771681693131e-01
8.273465555038593822e-01
8.191613360838705393e-01
8.257481866399424275e-01
8.264928088086360702e-01
8.313348034656161678e-01
8.256193575556047826e-01
8.335965605017232605e-01
8.491732821694918387e-01
8.497658414521817027e-01
8.413201423307660187e-01
8.499132577352045415e-01
8.515063857822373627e-01
8.465041492666414147e-01
8.500413247091950231e-01
8.485213264364805941e-01
8.521163275027520134e-01
8.484956438075786922e-01
8.502790679254920159e-01
8.513173747817517345e-01
8.558456765009436751e-01
8.505037395501133801e-01
8.390038524353246041e-01
8.352033396106258722e-01
8.333579922720492084e-01
8.305679593349180045e-01
8.335990198202617441e-01
8.306924751239632698e-01
8.325219836564881071e-01
8.282989492598378245e-01
8.274600564003102843e-01
8.407021311749762749e-01
8.417090058097922434e-01
8.431466022602532862e-01
8.368548143505166736e-01
8.346999448850539460e-01
8.264120305398933164e-01
8.341354294162350858e-01
8.282134514163862482e-01
8.359745547109330710e-01
8.453442091559213445e-01
8.460087047442172992e-01
8.440990710387271667e-01
8.324240081762174226e-01
8.403585530694677175e-01
8.385733684075197258e-01
8.491013124972932591e-01
8.517714310856150384e-01
8.579213892436143851e-01
8.674304297873998149e-01
8.758159632711900455e-01
8.688667968563965616e-01
8.579389737619300682e-01
8.429360066115051398e-01
8.351060967361517706e-01
8.331378595302422196e-01
8.363305030639437421e-01
8.481390219548016196e-01
8.435273662992633925e-01
8.375775903387977506e-01
8.281901895290925131e-01
8.101335283300572510e-01
8.036726535496042656e-01
8.034814418436131422e-01
8.082600851169601253e-01
8.175944934829675326e-01
8.180803552056495898e-01
8.266103536359142856e-01
8.410112150625153049e-01
8.487195574490645766e-01
8.617228651205064427e-01
8.567450966114178446e-01
8.423687743004297790e-01
8.392996719501156777e-01
8.431840779845093392e-01
8.347943952933590817e-01
8.325421499098299982e-01
8.315697882355479464e-01
8.353684830418943719e-01
8.292242046369491248e-01
8.207937336531793138e-01
8.162711684424268643e-01
8.257519544155340618e-01
8.371574811388032833e-01
8.543136637106962805e-01
8.495165971700098240e-01
8.442740182083888767e-01
8.327624932399604329e-01
8.274485614660247457e-01
8.366011151619454633e-01
8.312979141638933145e-01
8.451009383620484705e-01
8.496530121075573927e-01
8.417785159018870145e-01
8.301964788265263628e-01
8.288464652844949043e-01
8.223560302667205502e-01
8.179474015354516458e-01
8.161506708628807338e-01
8.281961611810183532e-01
8.436673108567106505e-01
8.393308188811914317e-01
8.350786251445664332e-01
8.487027239740845275e-01
8.632996972766798782e-01
8.561772000370356794e-01
8.591324573160491473e-01
8.547994357363746243e-01
8.530113930577710724e-01
8.530858947332877751e-01
8.603898330440641340e-01
8.582895773873916445e-01
8.540841706675958989e-01
8.438578873938930025e-01
8.496462975160342657e-01
8.538833993119763210e-01
8.658943922727964093e-01
8.861247878875105899e-01
8.803494481049072284e-01
8.943886599871861964e-01
8.901923254741188618e-01
8.860116752537779972e-01
8.712709974942809410e-01
8.605489061917803717e-01
8.564975148563405138e-01
8.503526131636029994e-01
8.449979714275647202e-01
8.559074542015102649e-01
8.617624121329313658e-01
8.587311247621020049e-01
8.509622840062355253e-01
8.467714584822821910e-01
8.516360633128060575e-01
8.469364525728663162e-01
8.428585288889778315e-01
8.502555842348109572e-01
8.475639571595945387e-01
8.424645188276320695e-01
8.394392581266161280e-01
8.395642745844040800e-01
8.524468580645406801e-01
8.431492331909720139e-01
8.330495948019266406e-01
8.442834840481288072e-01
8.503165319157197644e-01
8.617246304943199098e-01
8.760406417803694445e-01
8.794934366537692227e-01
8.731300727052806465e-01
8.703891807684712711e-01
8.558460183399381194e-01
8.561081475042674471e-01
8.574786488735588463e-01
8.490986523195016566e-01
8.480734422532884009e-01
8.433047531997522883e-01
8.337607629928255326e-01
8.176850176503158707e-01
8.210845350139220900e-01
8.241559715822743826e-01
8.252334807415047102e-01
8.236365598421692136e-01
8.251493798786198042e-01
8.179628320365975869e-01
8.132612459385265558e-01
8.173388949954986105e-01
8.337223506914236415e-01
8.355052443182382493e-01
8.375564150704611910e-01
8.305025475564511428e-01
8.299364358328271685e-01
8.341646645900017143e-01
8.304294247278750651e-01
8.372052105502796326e-01
8.416318671307627675e-01
8.375268215268292238e-01
8.475469626509138932e-01
8.510355537270528625e-01
8.496210490396223225e-01
8.427918814650734447e-01
8.441538165669439930e-01
8.369568281580613833e-01
8.363016494786918997e-01
8.445532046767565415e-01
8.466290226774852989e-01
8.400577204120680541e-01
8.437105560625020040e-01
8.293786020773206147e-01
8.347117363217595454e-01
8.318010330808902619e-01
8.360447871404481646e-01
8.436535584436494206e-01
8.428060545122461056e-01
8.479254496826483800e-01
8.533833174390935694e-01
8.518801624050093002e-01
8.453258731167605511e-01
8.404265911350146112e-01
8.321931987161214073e-01
8.360741396385312774e-01
8.375952577717329373e-01
8.368833191043387743e-01
8.457532891785124463e-01
8.358330006334532269e-01
8.421092848724465174e-01
8.549117073527542354e-01
8.508826759730432343e-01
8.478711729602508296e-01
8.395514529057157560e-01
8.450993738991462445e-01
8.408009651021435271e-01
8.469713573014268082e-01
8.361161533208403274e-01
8.290072695290056082e-01
8.445411833607912033e-01
8.375070216865784234e-01
8.335484337176177760e-01
8.348335569373175336e-01
8.343016516771850632e-01
8.356104100774391918e-01
8.425923671346385868e-01
8.288516643726567823e-01
8.320080978497942370e-01
8.330132609417997269e-01
8.243008068771621177e-01
8.205390536322273443e-01
8.401894722650539160e-01
8.423902038943958948e-01
8.247782437909285669e-01
8.275041163125906873e-01
8.197868732475029896e-01
8.189240226473506468e-01
8.284133817368661834e-01
8.382135807172442776e-01
8.374853432226349037e-01
8.502794448746411327e-01
8.434202919499744766e-01
8.506288218549251656e-01
8.574122870788963846e-01
8.485593970665633590e-01
8.700393475383415565e-01
8.591774578138411389e-01
8.481625338185567742e-01
8.510825263095325166e-01
