1.666666666666666574e-01
5.954198473282442672e-01
1.017931858936043099e+00
1.210968819599109070e+00
1.327640090122828687e+00
1.455863092639483103e+00
1.543101691461177927e+00
1.611626328884867787e+00
1.671940152072602492e+00
1.678005115089514110e+00
1.688467492260061986e+00
1.712055621146530315e+00
1.785674547983310045e+00
1.754606484787887499e+00
1.709103353867214237e+00
1.741751527494908247e+00
1.703524347592144217e+00
1.675109847505815486e+00
1.686496209687781134e+00
1.694462456231357717e+00
1.697953330726111432e+00
1.680154639175257758e+00
1.735538279088153946e+00
1.705574210879785113e+00
1.733252785608806468e+00
1.719541778975741231e+00
1.743899132321041323e+00
1.737240335672031843e+00
1.721081962756558337e+00
1.723796610169491483e+00
1.735684023506901763e+00
1.688585939588345353e+00
1.693615907901622197e+00
1.730222579780101855e+00
1.771460579750735231e+00
1.795992449542616498e+00
1.801510887275959094e+00
1.810971973762671494e+00
1.793067539422790846e+00
1.752261956053425163e+00
1.796405463695183391e+00
1.766777793883171466e+00
1.778944340572414795e+00
1.814046525411171951e+00
1.771407407407407320e+00
1.780859715364507601e+00
1.766284636587842849e+00
1.767631880733945060e+00
1.746815737333710761e+00
1.745421501467915526e+00
1.734941438929169077e+00
1.691545664269235916e+00
1.723877578535796040e+00
1.736286626857380888e+00
1.745734029050909575e+00
1.756201881950384847e+00
1.722261384463555700e+00
1.673537679025565605e+00
1.739772419398536885e+00
1.703744645571369398e+00
1.702757502027574921e+00
1.742601514108740535e+00
1.681047347714014428e+00
1.728606027987082960e+00
1.762340036563071255e+00
1.748256724064323420e+00
1.737152485256950207e+00
1.707109525116662141e+00
1.689572192513368876e+00
1.677250065599580120e+00
1.699523683514157169e+00
1.684469244054736192e+00
1.700504916290193957e+00
1.723721687237216971e+00
1.760146046903524830e+00
1.760361393948085551e+00
1.779051211373857466e+00
1.807463574189711597e+00
1.760968451944240565e+00
1.780124403298134039e+00
1.771527979124383867e+00
1.731499858236461575e+00
1.752975773701162199e+00
1.781534460338101367e+00
1.755401901469317183e+00
1.810200791440715218e+00
1.786716417910447774e+00
1.733733733733733740e+00
1.690776107273466167e+00
1.718237980123556330e+00
1.763608305274972032e+00
1.732336764913270377e+00
1.679435483870967749e+00
1.719999999999999973e+00
1.681290838778503716e+00
1.702150112122411185e+00
1.764363837740551055e+00
1.733745260497121299e+00
1.726112026359143403e+00
1.696879643387815717e+00
1.651601239669421517e+00
1.648567496559489642e+00
1.672168613509395607e+00
1.679303675048355871e+00
1.678001030396702786e+00
1.679361811631497670e+00
1.740235420010700862e+00
1.764021312394840058e+00
1.766141620547750923e+00
1.763281583819968690e+00
1.776315789473684292e+00
1.736279200675485468e+00
1.766629245018243033e+00
1.756775933021143654e+00
1.784748201438848936e+00
1.781527272727272626e+00
1.783032596041909112e+00
1.811873895109015864e+00
1.798597642846486711e+00
1.772118742724097862e+00
1.751347517730496461e+00
1.780906102615406494e+00
1.729748900553270019e+00
1.738121546961326036e+00
1.752056895830428118e+00
1.716920943134535360e+00
1.691188251001335185e+00
1.738440677966101688e+00
1.708704592186429005e+00
1.691517738063483600e+00
1.683112452434063711e+00
1.711034665255358522e+00
1.781228143796335095e+00
1.752228932988208143e+00
1.769131924614506080e+00
1.781978849775459839e+00
1.789742840444184635e+00
1.791471277842907384e+00
1.830256641152633978e+00
1.813333333333333242e+00
1.764886164623467701e+00
1.816815063494380489e+00
1.702939513849632602e+00
1.800616073928871463e+00
1.783079625292740111e+00
1.824717765894236399e+00
1.760035288928098796e+00
1.767796127562642372e+00
1.776531492666091561e+00
1.730014025245441900e+00
1.800198244123477842e+00
1.758352534562211966e+00
1.774769666902905829e+00
1.773660205245153998e+00
1.738553880513679539e+00
1.761028903332872320e+00
1.784327617967975010e+00
1.721197837238319650e+00
1.747757542810546294e+00
1.753057578672529981e+00
1.733851185609157852e+00
1.747650823913931672e+00
1.719573146021883048e+00
1.703537486800422496e+00
1.706361724500525812e+00
1.726465128613099864e+00
1.726065969428801194e+00
1.762786233374468603e+00
1.756501182033096908e+00
1.729379686434901142e+00
1.745550161812297718e+00
1.778115501519756947e+00
1.740817453742060206e+00
1.736062483167250203e+00
1.762626262626262541e+00
1.814551655535029173e+00
1.789360172537742599e+00
1.714633816163530611e+00
1.745015185527531987e+00
1.768581540974680122e+00
1.737578061363019177e+00
1.848321767455034736e+00
1.817938817938817841e+00
1.838847858197931950e+00
1.871404656825445212e+00
1.826468806783767329e+00
1.861933534743202445e+00
1.853654791154791148e+00
1.818059299191374656e+00
1.829988193624557224e+00
1.808201058201058142e+00
1.734453081621321502e+00
1.757874814113829842e+00
1.739200863930885577e+00
1.791701130410807918e+00
1.758169934640522847e+00
1.771153846153846079e+00
1.803785845458398152e+00
1.819805430521271861e+00
1.768014810595271991e+00
1.808998302207130759e+00
1.765392184425077282e+00
1.805610098176718026e+00
1.854031783402001254e+00
1.761555075593952413e+00
1.757798665032012098e+00
1.810693843361719901e+00
1.763425861347468260e+00
1.713569165786694937e+00
1.729056408932490019e+00
1.752048638646576784e+00
1.781615447375577865e+00
1.803299314972738765e+00
1.764616237184815750e+00
1.746779388083735896e+00
1.688897455666923619e+00
1.656573026875836074e+00
1.723191094619666019e+00
1.722336328626444146e+00
1.693833982167524788e+00
1.699182966080712953e+00
1.695894138016324604e+00
1.708090695081154742e+00
1.689945517582961854e+00
1.692345316703350422e+00
1.698744769874477090e+00
1.666465256797583061e+00
1.697306437975600879e+00
1.693385788050159713e+00
1.732493702770780963e+00
1.751652624756967036e+00
1.775954096610621757e+00
1.742686170212766061e+00
1.787493304767005853e+00
1.781828148554200464e+00
1.740256273358248729e+00
1.711977430110284581e+00
1.706318301720889385e+00
1.728640040444893833e+00
1.724265644955300214e+00
1.735055919784033840e+00
1.723223480947476904e+00
1.745456905503634415e+00
1.754999337836048223e+00
1.732798316011051165e+00
1.707257858420649033e+00
1.732950191570881149e+00
1.709149072296864968e+00
1.725650178480367058e+00
1.738116824245564018e+00
1.746992677824267703e+00
1.741245901639344229e+00
1.771124417831004605e+00
1.750266951414842564e+00
1.750627725650852451e+00
1.732423651721897384e+00
1.787225548902195538e+00
1.784843086199808138e+00
1.780816326530612281e+00
1.798986717787210754e+00
1.776780859162588433e+00
1.809973969036854369e+00
1.771934642317726238e+00
1.778168062685760553e+00
1.783057290252511473e+00
1.765891681225641774e+00
1.831673582295988867e+00
1.838110326948005246e+00
1.776753283039955278e+00
1.736925515055467439e+00
1.708349170150766483e+00
1.719172932330827130e+00
1.700024925224326910e+00
1.686010995723885131e+00
1.668264046962980807e+00
1.696374804287606786e+00
1.742573011077542811e+00
1.704091942409699412e+00
1.727170095333667943e+00
1.722474747474747492e+00
1.656064101007648448e+00
1.725485436893203994e+00
1.694523779957779697e+00
1.749243188698284657e+00
1.776534105873057712e+00
1.826989143877971733e+00
1.781288638549251235e+00
1.770194614769394770e+00
1.757047331847384264e+00
1.764198981590285875e+00
1.795381740523224856e+00
1.761168155754100573e+00
1.738181818181818272e+00
1.757870190439176028e+00
1.753172007848266878e+00
1.758043421396808803e+00
1.814428803465078399e+00
1.801221543586896123e+00
1.795800741045697757e+00
1.761776942692256043e+00
1.735800232889118888e+00
1.765237603305785052e+00
1.735014149729868782e+00
1.755096807282984894e+00
1.692384769539078126e+00
1.742984852247330574e+00
1.747445068983137562e+00
1.744376278118609402e+00
1.734950469900939707e+00
1.717919799498746958e+00
1.706042258742122897e+00
1.722662048490846143e+00
1.713558480258256855e+00
1.715505506744214870e+00
1.677668963849594963e+00
1.736977256052824714e+00
1.757185204278902013e+00
1.775354703100367804e+00
1.767555438225976827e+00
1.780320063483666226e+00
1.769362939466032181e+00
1.746303501945525305e+00
1.778358599059069567e+00
1.769821310390469860e+00
1.725775318491828525e+00
1.751305233668661643e+00
1.747228667182263440e+00
1.689401496259351543e+00
1.678236848426615468e+00
1.738080495356037147e+00
1.768750812426881591e+00
1.774210665959140343e+00
1.780728680101427930e+00
1.735428347894119261e+00
1.788327868852459090e+00
1.777956556717618763e+00
1.803198698834372449e+00
1.771737660581473861e+00
1.781028724114896544e+00
1.750823560416392199e+00
1.781904385618332753e+00
1.757290562036055048e+00
1.743443261490521978e+00
1.736227045075125153e+00
1.783829676071055470e+00
1.818766242648064635e+00
1.808124220158048079e+00
1.788569090165052611e+00
1.763510821935997841e+00
1.763392857142857206e+00
1.764589645632986370e+00
1.774197808002112797e+00
1.751384858876285922e+00
1.770827858081471806e+00
1.780915417558886604e+00
1.719225269725724647e+00
1.755185659411011567e+00
1.759863678070520354e+00
1.746706664927611952e+00
1.765374069721895811e+00
1.786346566523605128e+00
1.789430783860888496e+00
1.775399620698997483e+00
1.710461657830078863e+00
1.730070635721493444e+00
1.754072924747866580e+00
1.748367720031339667e+00
1.731732374470271063e+00
1.708652517895265621e+00
1.725671455340412219e+00
1.719723618090452266e+00
1.709007215725304896e+00
1.699816289038579287e+00
1.683910831112187978e+00
1.700991056321005557e+00
1.729877216916780425e+00
1.729634300126103419e+00
1.724592220828105482e+00
1.739410797825262422e+00
1.781853785900783249e+00
1.760095326360386681e+00
1.756373569198751206e+00
1.734492901905614559e+00
1.738672420357913362e+00
1.749423224814150135e+00
1.717848101265822880e+00
1.746039728438521399e+00
1.746415770609319074e+00
1.731014271151885886e+00
1.686576354679802936e+00
1.701447527141133786e+00
1.704892033670855289e+00
1.738027117800721388e+00
1.822295952222959592e+00
1.802999037006465910e+00
1.739560005269398024e+00
1.758958494457334432e+00
1.720983564785322883e+00
1.704980842911877348e+00
1.700692672256653326e+00
1.692993017096075192e+00
1.705889452087859137e+00
1.753615960099750515e+00
1.796274432638069074e+00
1.777866453844107575e+00
1.788492063492063577e+00
1.794799999999999951e+00
1.849758120248790494e+00
1.838174861839308560e+00
1.758806130680290458e+00
1.760690365790829492e+00
1.737846780351234521e+00
1.771008939974457297e+00
1.751573538856775913e+00
1.743534754636054007e+00
1.749370594159113779e+00
1.698603283508943962e+00
1.692664368089406679e+00
1.690257136117008674e+00
1.716824786837996886e+00
1.727205701646596259e+00
1.724469659595461168e+00
1.701213592233009608e+00
1.703965496585599704e+00
1.766463338727747967e+00
1.789350039154267824e+00
1.803062583222370119e+00
1.786735504368546446e+00
1.798390288956326799e+00
1.707948944774421829e+00
1.692133221917154096e+00
1.721751754173723725e+00
1.740676280457483793e+00
1.705773272345160185e+00
1.685607880826525795e+00
1.706351122917169727e+00
1.688500727802037860e+00
1.703954528963598891e+00
1.714566204442262931e+00
1.723636815302446834e+00
1.751493580780475456e+00
1.741121976325270104e+00
1.732626469085334797e+00
1.722236276245889153e+00
1.708780244449987551e+00
1.713610350833540741e+00
1.708432229856339690e+00
1.724024744350460825e+00
1.720726441452882893e+00
1.780427092886152307e+00
1.765783841626538342e+00
1.715628218331616939e+00
1.729579598535538443e+00
1.745007680491551527e+00
1.771586279405966691e+00
1.743643788697141428e+00
1.733943770956925423e+00
1.755189413596263570e+00
1.762011320257996561e+00
1.751940023674865232e+00
1.735271217233324670e+00
1.789208537717088765e+00
1.809800664451827190e+00
1.780932784636488408e+00
1.754034947312258286e+00
1.749378353618636250e+00
1.784896110815130443e+00
1.782408035835482574e+00
1.731742683891378753e+00
1.753118503118503035e+00
1.744923359098650595e+00
1.737346278317152048e+00
1.722600539637671790e+00
1.748162475822050199e+00
1.787508394895903185e+00
1.820053213835597150e+00
1.846665702300014367e+00
1.811786797631084855e+00
1.790935877648379471e+00
1.766429353778751432e+00
1.722536508354163942e+00
1.752870563674321591e+00
1.737847450928731385e+00
1.738437418343349972e+00
1.733612455841946787e+00
1.723407005299211647e+00
1.729868793413943839e+00
1.707183026584867092e+00
1.653907107155918599e+00
1.669089609151573006e+00
1.681073206264416697e+00
1.650066161433898726e+00
1.661917873817789992e+00
1.667350881429606302e+00
1.718137560853826074e+00
1.697948328267477214e+00
1.692912403294235091e+00
1.685173735625077329e+00
1.661493695441319085e+00
1.674401740391588067e+00
1.697501855058125120e+00
1.703136762860727682e+00
1.677744585511575792e+00
1.682322485207100593e+00
1.715277777777777679e+00
1.737267161651686820e+00
1.761471571906354505e+00
1.785960557164528950e+00
1.806401359580795951e+00
1.808354866494401358e+00
1.763513513513513598e+00
1.779752812109429261e+00
1.729751840741750701e+00
1.735610793566396470e+00
1.723172834593447389e+00
1.748425987943737381e+00
1.724151857835218182e+00
1.732166711194229158e+00
1.673901741616844241e+00
1.709158734242346211e+00
1.695036382536382558e+00
1.705396333591531199e+00
1.696022727272727293e+00
1.734565473849783768e+00
1.645543797016447707e+00
1.692250464972101742e+00
1.719647942013978748e+00
1.777566797775667951e+00
1.763568567877364934e+00
1.760284269509361676e+00
1.786021953591774292e+00
1.759788947514579371e+00
1.791498257839721164e+00
1.782038629634851157e+00
1.804180887372013542e+00
1.767258382642997949e+00
1.787861915367483290e+00
1.755028933590520701e+00
1.765695527287648670e+00
1.741106452049235864e+00
1.753914686825053915e+00
1.730118216012896282e+00
1.722156320021088760e+00
1.719905894654293554e+00
1.720359984348506677e+00
1.686782342434294479e+00
1.709611970580775964e+00
1.696378114564603079e+00
1.696271790304110016e+00
1.718883288096161310e+00
1.740716092107014612e+00
1.671296897312735341e+00
1.684838588117070657e+00
1.720025839793281719e+00
1.718114602587800466e+00
1.777397260273972712e+00
1.799742157284056621e+00
1.770910648015986188e+00
1.754517653600222493e+00
1.790426726558113524e+00
1.783309557774607645e+00
1.789278585685771361e+00
1.781312410841654703e+00
1.855746445497630237e+00
1.819132807762280146e+00
1.816083395383469856e+00
1.798824393828067691e+00
1.811119239209948883e+00
1.797429531181539364e+00
1.741935483870967749e+00
1.720749665327978573e+00
1.723955579058699117e+00
1.719173575470456683e+00
1.696961828096598346e+00
1.711093891256618926e+00
1.728095487932843621e+00
1.740211145262595238e+00
1.712350597609561653e+00
1.710887465690759335e+00
1.746150756460034703e+00
1.764202978488692786e+00
1.682684670373312263e+00
1.714009786247746581e+00
1.706925785835398557e+00
1.734125412541254185e+00
1.723880597014925353e+00
1.737656792100346959e+00
1.744537361748044191e+00
1.736636069114470882e+00
1.677091477716966317e+00
1.690400508582326822e+00
1.712542196831991603e+00
1.756498316498316559e+00
1.779360424521714945e+00
1.749407995542554772e+00
1.740776168352008657e+00
1.756782680186352419e+00
1.760293913766809881e+00
1.748895027624309373e+00
1.743376126741327470e+00
1.747776105104694055e+00
1.804922902815108143e+00
1.755711022272986810e+00
1.732074438970990782e+00
1.732145267989739335e+00
1.738455251328157036e+00
1.748222100656455114e+00
1.749690381175175391e+00
1.674957231214633468e+00
1.736300924118183042e+00
1.760669685741731882e+00
1.795483596080102329e+00
1.768836348098561384e+00
1.749444135630906061e+00
1.793521126760563300e+00
1.760318815826928507e+00
1.753966045087670400e+00
1.727906976744186140e+00
1.757293521435419725e+00
1.750662020905923377e+00
1.758337965536409087e+00
1.756199498467539755e+00
1.761181552180576926e+00
1.775753328661527686e+00
1.734353460159911764e+00
1.690357330530740887e+00
1.648422889913975897e+00
1.645626362975527002e+00
1.639567047504509878e+00
1.644884647904336195e+00
1.668138337012509131e+00
1.681355932203389747e+00
1.733612455841946787e+00
1.745937161430119122e+00
1.742787152966793762e+00
1.753278688524590123e+00
1.786455412226584327e+00
1.736468623904271702e+00
1.741271140207310442e+00
1.775845139570767284e+00
1.730613949603229784e+00
1.754021724185343079e+00
1.694406917049446015e+00
1.741360835788909656e+00
1.739501583367754289e+00
1.760990539788536369e+00
1.767059814658803685e+00
1.738888888888888928e+00
1.733550842849374662e+00
1.720412813295804755e+00
1.736820979395236719e+00
1.726941747572815489e+00
1.711034207373885341e+00
1.739814441306978710e+00
1.767009164121077447e+00
1.752518186905428044e+00
1.748613422074320578e+00
1.780701754385964897e+00
1.750636492220650542e+00
1.774252679075014161e+00
1.777299469077342486e+00
1.731460674157303314e+00
1.723189983669025649e+00
1.698549953438871940e+00
1.698118139048614639e+00
1.701230688661953483e+00
1.675665252603162347e+00
1.713691868017666931e+00
1.706325102337250765e+00
1.740576198169089928e+00
1.764616025552006695e+00
1.734036646307606899e+00
1.725652883569096741e+00
1.693443277031520200e+00
1.697735305668281125e+00
1.704243857574563092e+00
1.691874918225827473e+00
1.722921914357682605e+00
1.751099505222649899e+00
1.745464617089045767e+00
1.740924775707384464e+00
1.753679533462926932e+00
1.718286655683690212e+00
1.734122127022983850e+00
1.732893652102225790e+00
1.735141057244590446e+00
1.680797342192690946e+00
1.756833176248821848e+00
1.790777602749534569e+00
1.755835600744665603e+00
1.707390648567119085e+00
1.755656108597285048e+00
1.764538603725295030e+00
1.735066760365425065e+00
1.769133192389006348e+00
1.709098497495826319e+00
1.756111034387515479e+00
1.757837991204426187e+00
1.754309126871997693e+00
1.775193798449612448e+00
1.748570611778158979e+00
1.766690391459074805e+00
1.734985835694051071e+00
1.815348769477209911e+00
1.803409776704888445e+00
1.799284223083805534e+00
1.780936947554508043e+00
1.783736263736263705e+00
1.748524542968187712e+00
1.774086856485475927e+00
1.804396257240457491e+00
1.765499851676060494e+00
1.750684931506849340e+00
1.727362482369534602e+00
1.751900872993523040e+00
1.724574483049655438e+00
1.741304651487638022e+00
1.701531668276528242e+00
1.730320098914686078e+00
1.722540125610607209e+00
1.757100466299279296e+00
1.757361431870669843e+00
1.755603759942154785e+00
1.699525272270315579e+00
1.665916611515552592e+00
1.709849393575902932e+00
1.704806116876024014e+00
1.714168490153172852e+00
1.719712667495510328e+00
1.730560578661844540e+00
1.740725126475548112e+00
1.661844240129799921e+00
1.662289172138534887e+00
1.703464629166117739e+00
1.682699973425458406e+00
1.715293491281778326e+00
1.668963689371852688e+00
1.681924577373211882e+00
1.741259692558835503e+00
1.768579626972740293e+00
1.771830577313606048e+00
1.808243462845324334e+00
1.794695039712273399e+00
1.775206367924528239e+00
1.747959329800945261e+00
1.728374425407438464e+00
1.730372611027086505e+00
1.734702372693214922e+00
1.653391742997477820e+00
1.662721140384370688e+00
1.728424703214619162e+00
1.727524587893060071e+00
1.659375833555614799e+00
1.718304278922345496e+00
1.752584520815870350e+00
1.694211467069984822e+00
1.717903812474740777e+00
1.687105863410707007e+00
1.732121212121212173e+00
1.730853994490358039e+00
1.710641200545702567e+00
1.728259394926061621e+00
1.669841269841269904e+00
1.726584296532483132e+00
1.760520061512651946e+00
1.736272995365819360e+00
1.780732776913283244e+00
1.734029050909603686e+00
1.735193074068984487e+00
1.700324412003244134e+00
1.729926025554808344e+00
1.710789616008653313e+00
1.732693347755543511e+00
1.725527569775357373e+00
1.759761838825810054e+00
1.784897025171624740e+00
1.695562577277098582e+00
1.715870081858991369e+00
1.755664755664755772e+00
1.729158082680950503e+00
1.690911499735029189e+00
1.712838726650881327e+00
1.762211855104280911e+00
1.787696709585121502e+00
1.854969879518072240e+00
1.762661517896925600e+00
1.736695845491176948e+00
1.729630135116691614e+00
1.741613035738737603e+00
1.726089339545080925e+00
1.723519826181423076e+00
1.686251157866878403e+00
1.744672295938882289e+00
1.718827075911208535e+00
1.751965788384604705e+00
1.771331058020477744e+00
1.766561514195583493e+00
1.721124408572223707e+00
1.720272108843537318e+00
1.730243368881597021e+00
1.712805127505795610e+00
1.718978102189780977e+00
1.733907339073390785e+00
1.695329373650108051e+00
1.711045891141942388e+00
1.726754445500203516e+00
1.716094771241829964e+00
1.748853370396108442e+00
1.767908309455587412e+00
1.756717919241270298e+00
1.718365061590145570e+00
1.732630703092497670e+00
1.787494597320270939e+00
1.745234977447984948e+00
1.747546579433935321e+00
1.728388097588492434e+00
1.731710728773254937e+00
1.666307422874848454e+00
1.706426871198095663e+00
1.747781475318912925e+00
1.750495049504950495e+00
1.707553707553707500e+00
1.751763241598672360e+00
1.686011497399397818e+00
1.732990666847017414e+00
1.740395322939866318e+00
1.757767468016308232e+00
1.749363507779349458e+00
1.704259967231021244e+00
1.673290626225650390e+00
1.767762890783597163e+00
1.732969646104350225e+00
1.758390196351482970e+00
1.785396643236264458e+00
1.757944460349269988e+00
1.743897335751150690e+00
1.711056976586818212e+00
1.705145118733509157e+00
1.649714648065947920e+00
1.633280661237389131e+00
1.623413933445056356e+00
1.662911717889065777e+00
1.710910264686894777e+00
1.692682284811792615e+00
1.707099816609903176e+00
1.679532163742690098e+00
1.704807567707658400e+00
1.754617055947854443e+00
1.788752497858977941e+00
1.735819625638116870e+00
1.777997179125528904e+00
1.757034709327238930e+00
1.783106657122405236e+00
1.785703887028679659e+00
1.708025122121423545e+00
1.710205176344374411e+00
1.771920011187246624e+00
1.782608695652173836e+00
1.776728646135967482e+00
1.739272520602443972e+00
1.772933182332955937e+00
1.792952185992104042e+00
1.783176746917204847e+00
1.807789130756700668e+00
1.777008106116433339e+00
1.833158604163546590e+00
1.800425596595227162e+00
1.762835472578763163e+00
1.782896631154621270e+00
1.734153933220147215e+00
1.708915728049938965e+00
1.745711952082766194e+00
1.736754737861391673e+00
1.739905973451327359e+00
1.778532993486264591e+00
1.766284074605452004e+00
1.827657378740970007e+00
1.784743991640543426e+00
1.756327756327756395e+00
1.751230487976374706e+00
1.762946239593622177e+00
1.751929283008278437e+00
1.723291035611952626e+00
1.748676889672954315e+00
1.715614886731391620e+00
1.761084745762711901e+00
1.713666531220371159e+00
1.678011816080143825e+00
1.697234906139015731e+00
1.675276752767527633e+00
1.721268850754030133e+00
1.755407427560875977e+00
1.743022136669874822e+00
1.722431414739107103e+00
1.737476560407179127e+00
1.741379310344827624e+00
1.760899369344666843e+00
1.745437079731027907e+00
1.790700921530298695e+00
1.746500559910414418e+00
1.805889848506300410e+00
1.815214180206794703e+00
1.785150540777550532e+00
1.742596491228070255e+00
1.763792625450512963e+00
1.769046613153077097e+00
1.739697516303593705e+00
1.791784302653867789e+00
1.836856207204525138e+00
1.799820466786355544e+00
1.854213779586914024e+00
1.823583180987202956e+00
1.804457652303120385e+00
1.844220349187236652e+00
1.821907488323037505e+00
1.827863961813842586e+00
1.770313406848520010e+00
1.713877551020408063e+00
1.740572345546937738e+00
1.755255255255255165e+00
1.738577291381669054e+00
1.764722069345074251e+00
1.743173943173943252e+00
1.706486919380672651e+00
1.655509065550906600e+00
1.728691166989039241e+00
1.720802675585284325e+00
1.699080157687253623e+00
1.722339304531085302e+00
1.718294801550180440e+00
1.729315215928965532e+00
1.750583390528483108e+00
1.756997632641693396e+00
1.773303294846522160e+00
1.770491803278688492e+00
1.726918798665183497e+00
1.706386397108046626e+00
1.705944517833553498e+00
1.707869634340222653e+00
1.695251874260160552e+00
1.683214517174335789e+00
1.686347814876885343e+00
1.719789612097304410e+00
1.700786352125816414e+00
1.681485355648535629e+00
1.690708252111760901e+00
1.650630011454753632e+00
1.643967431532198376e+00
1.659248269040553891e+00
1.672496831432192632e+00
1.677311786584583908e+00
1.712559117183394708e+00
1.745320398961606845e+00
1.769945124525116098e+00
1.749152542372881314e+00
1.766418225284769994e+00
1.777841397079874097e+00
1.757033248081841359e+00
1.726269315673289118e+00
1.723637842233667561e+00
1.732977850697292821e+00
1.771244575108497754e+00
1.824282560706401712e+00
1.785841232227488140e+00
1.742642897566496929e+00
1.782602545968882568e+00
1.717898832684824795e+00
1.734768480909829380e+00
1.716292893812483067e+00
1.705352411234764221e+00
1.758044806517311542e+00
1.702885787833626985e+00
1.687239039665970664e+00
1.711868887126618999e+00
1.709180942184154173e+00
1.714934544483035062e+00
1.726084613311775762e+00
1.760773480662983337e+00
1.728214335036597049e+00
1.729248743377258535e+00
1.766090833101142454e+00
1.740964702573477796e+00
1.748681654177074662e+00
1.741702541313706387e+00
1.769585898153329673e+00
1.752810567734682357e+00
1.736063079264075215e+00
1.700508974015537023e+00
1.683860883157483501e+00
1.649968533668974224e+00
1.680035313406482489e+00
1.696069529121805752e+00
1.761878754778809286e+00
1.790650699754725128e+00
1.812008895478131931e+00
1.777401296405421327e+00
1.798423587797401746e+00
1.769868995633187669e+00
1.761170592433975779e+00
1.736834714225530041e+00
1.733111849390919224e+00
1.708099986340663845e+00
1.689373661670235505e+00
1.724729729729729710e+00
1.675003343587000204e+00
1.718133333333333290e+00
1.739870004148803773e+00
1.739221724524076196e+00
1.727146814404432185e+00
1.795282344531808461e+00
1.808055098068573230e+00
1.825510515086863794e+00
1.779312415553220283e+00
1.759878419452887588e+00
1.779959572624891795e+00
1.751762843574615092e+00
1.739706711787930127e+00
1.729526462395543085e+00
1.730055401662049963e+00
1.744478613363153574e+00
1.770077164904258371e+00
1.773762879117689817e+00
1.740576813249571586e+00
1.729192719188550775e+00
1.680376344086021545e+00
1.642181911088400614e+00
1.648122566871782047e+00
1.665777777777777802e+00
1.688917692806221726e+00
1.677432008368200833e+00
1.678846404802296854e+00
1.678078625357979803e+00
1.672703751617076406e+00
1.692689295039164543e+00
1.733054844360598201e+00
1.749442586399108102e+00
1.754311563471868896e+00
1.699643738010413907e+00
1.708183632734530999e+00
1.698936170212765884e+00
1.717243221584079160e+00
1.698854555141182665e+00
1.703106411103767259e+00
1.713446388035785750e+00
1.713097155126140692e+00
1.754927636113025491e+00
1.736012278498674455e+00
1.735838629455650706e+00
1.704640779326207500e+00
1.727930341594105856e+00
1.700879765395894472e+00
1.700052438384897835e+00
1.716510492279266220e+00
1.757228587015821075e+00
1.704523841869311163e+00
1.729729729729729826e+00
1.702670226969292377e+00
1.728421332624019202e+00
1.695973597359736074e+00
1.720188902007083742e+00
1.686013071895424931e+00
1.662128088754412536e+00
1.682035175879396993e+00
1.676670870113493139e+00
1.676828503324551578e+00
1.673978440711957782e+00
1.697435246317927859e+00
1.671020925808497148e+00
1.703293908177540450e+00
1.769842339307371004e+00
1.750932964754664756e+00
1.745568584674120460e+00
1.726602306248324004e+00
1.789148351648351731e+00
1.738998062551895929e+00
1.715517241379310276e+00
1.720774970545883020e+00
1.735578835698183164e+00
1.739165329052969611e+00
1.727369259357578901e+00
1.664927462458640983e+00
1.691964285714285809e+00
1.736495218402688057e+00
1.755776464266523451e+00
1.756509884117246179e+00
1.678338974225462188e+00
1.731560010280133621e+00
1.684339842234578999e+00
1.725286026481552826e+00
1.732936507936507997e+00
1.734074956959343217e+00
1.751240445219257147e+00
1.764865968158933152e+00
1.745735174654752253e+00
1.770948964396913405e+00
1.810446503791069972e+00
1.794693530079455090e+00
1.801558073654391023e+00
1.786097767730997488e+00
1.796507534150119767e+00
1.763190867325630018e+00
1.743617452384168542e+00
1.762691214295383890e+00
1.754433464193854153e+00
1.766330974414806798e+00
1.727114327838091379e+00
1.705745341614906874e+00
1.670881321982974566e+00
1.682165762210162896e+00
1.734922861150070217e+00
1.761130365235937134e+00
1.771167982575551303e+00
1.772595556782116777e+00
1.741173275393807618e+00
1.791575192096597213e+00
1.754938527420914385e+00
1.724570057325689909e+00
1.706930178130282139e+00
1.746347242332499716e+00
1.726607214162118931e+00
1.775722387253578116e+00
1.806456160135325728e+00
1.791844273941460619e+00
1.790397960628806073e+00
1.742904381372278877e+00
1.762176870748299429e+00
1.778395662449603787e+00
1.736639648303338390e+00
1.753409858203916372e+00
1.767886626307099585e+00
1.751205400192864081e+00
1.776216067245418140e+00
1.769412747008071163e+00
1.739798694232861820e+00
1.800859201773835849e+00
1.796770044304702107e+00
1.765085602020769029e+00
1.780050083472454192e+00
1.787681875971182333e+00
1.790102389078498391e+00
1.827466318991742611e+00
1.753824362606232201e+00
1.726168224299065468e+00
1.701970443349753781e+00
1.703007037747920727e+00
1.758356453956929633e+00
1.716172938350680521e+00
1.769066381728329196e+00
1.740555179417738740e+00
1.765229110512129385e+00
1.761238625560233695e+00
1.733944954128440408e+00
1.804484550177741342e+00
1.724311801580812320e+00
1.799294819636560794e+00
1.766685283440379672e+00
1.785110217662553733e+00
1.770940408390054177e+00
1.766896551724137954e+00
1.721908602150537648e+00
1.729654624851131306e+00
1.705974842767295607e+00
1.677774961986822078e+00
1.685456595264938073e+00
1.608201817312290727e+00
1.632451867316167871e+00
1.701561737432894184e+00
1.741747572815534051e+00
1.739555790586990947e+00
1.770395177494976657e+00
1.746939324633391522e+00
1.759405542910697617e+00
1.755477886812743638e+00
1.753094725511302521e+00
1.766878636179136874e+00
1.721912350597609498e+00
1.738226059654631062e+00
1.751561046897834428e+00
1.767919935082499228e+00
1.754919256344144474e+00
1.797470094871442381e+00
1.749896878867042593e+00
1.738857752868961937e+00
1.728398314014752302e+00
1.727272727272727293e+00
1.733850809104065194e+00
1.754348407813754340e+00
1.736199575371549786e+00
1.708677685950413139e+00
1.654661276491485866e+00
1.645111715332781666e+00
1.691591046581972124e+00
1.692970408290672912e+00
1.717844947514860277e+00
1.681475903614457756e+00
1.681148748159057460e+00
1.677066699422675278e+00
1.709414566879779329e+00
1.722807919773720720e+00
1.652157691829374553e+00
1.701657458563536007e+00
1.705327555442263554e+00
1.737472341533255138e+00
1.707708360506065004e+00
1.721682847896440105e+00
1.737333859718384055e+00
1.713424226533822647e+00
1.720072708387431870e+00
1.738587028022628544e+00
1.680878387055348755e+00
1.640941633296929991e+00
1.647646219686162539e+00
1.639533499940497352e+00
1.722056631892697531e+00
1.719327949986975801e+00
1.721925133689839571e+00
1.715974025974025929e+00
1.742125984251968518e+00
1.688399222294232116e+00
1.684971098265895861e+00
1.662707250680524718e+00
1.704795204795204855e+00
1.684676705048715695e+00
1.713152507676560798e+00
1.764745308310991856e+00
1.776465684912475584e+00
1.714151070418742373e+00
1.735955795290093473e+00
1.702063740856844198e+00
1.771200000000000108e+00
1.807545570156846138e+00
1.768709404123129048e+00
1.850108616944243334e+00
1.790831367924528239e+00
1.766173361522198837e+00
1.740659641439715299e+00
1.747534783196001529e+00
1.746427608519816710e+00
1.717523860021208826e+00
1.712036434612882241e+00
1.711756281734149177e+00
1.718122555410690921e+00
1.713094462540716512e+00
1.738528481012658222e+00
1.737894030851777405e+00
1.736778685232293507e+00
1.750101639788589347e+00
1.763513513513513598e+00
1.738082191780822017e+00
1.729253530598520605e+00
1.783547985043622663e+00
1.790978307714408801e+00
1.808203182017223742e+00
1.788326506729081444e+00
1.772518646012621879e+00
1.795274456130240504e+00
1.752236262956126556e+00
1.789956270277895278e+00
1.786484543493889188e+00
1.752886510842016410e+00
1.771846024164090982e+00
1.718290504328706891e+00
1.776413793103448269e+00
1.737581744817030760e+00
1.745057941376959798e+00
1.752514813283726047e+00
1.745832759333241446e+00
1.768396160801224193e+00
1.786955283395044169e+00
1.782110091743119185e+00
1.759015697921086030e+00
1.798431931575195986e+00
1.762762762762762669e+00
1.826668605496582831e+00
1.786324786324786418e+00
1.801740391588107393e+00
1.819672131147541005e+00
1.773902935193257813e+00
1.773836549375709337e+00
1.749372384937238456e+00
1.770140531515235871e+00
1.760492445439283626e+00
1.773090399439383402e+00
1.749477497561655381e+00
1.725979129963409742e+00
1.765155652648825679e+00
1.825810185185185119e+00
1.812733522642355322e+00
1.750681785560499470e+00
1.715216506040450728e+00
1.735810810810810789e+00
1.728111850142527439e+00
1.709634374165999393e+00
1.728362183754993397e+00
1.780727222452647585e+00
1.754390895040044862e+00
1.787908680947012385e+00
1.763142938334754106e+00
1.697574123989218364e+00
1.725218080888184069e+00
1.749217580623213975e+00
1.714537325565641535e+00
1.786718641236252347e+00
1.767736364944596295e+00
1.817704535511156516e+00
1.730133864995727633e+00
1.776445993031358972e+00
1.800408222772998945e+00
1.772408759124087574e+00
1.792716678805535313e+00
1.748379662969897774e+00
1.746237164158109367e+00
1.752952755905511806e+00
1.724147490989742071e+00
1.768466703973139431e+00
1.776592678005188830e+00
1.776063446286950231e+00
1.702747480325831786e+00
1.723276322822020257e+00
1.728381675250745486e+00
1.747735382926159708e+00
1.709997283346916586e+00
1.737731512775449572e+00
1.762787456445993106e+00
1.750035087719298277e+00
1.744063324538258630e+00
1.710697800705946348e+00
1.701870770863738835e+00
1.702420314773178234e+00
1.746984686271852549e+00
1.710608743020563871e+00
1.732075471698113267e+00
1.740968801313628855e+00
1.740766262403528053e+00
1.723992374727668864e+00
1.745561322043157615e+00
1.716071185980165836e+00
1.723606645230439494e+00
1.712032085561497219e+00
1.731986531986531963e+00
1.734796836651213425e+00
1.691959531416400431e+00
1.702083060395650493e+00
1.713981641612345452e+00
1.687854411182909242e+00
1.668890314304041000e+00
1.711385816525699433e+00
1.656375145330060805e+00
1.693494897959183731e+00
1.714997378080755031e+00
1.661404184315235621e+00
1.692669890557393808e+00
1.742704149933065549e+00
1.718238822246455744e+00
1.718368442238024985e+00
1.772275862068965591e+00
1.720324979344533212e+00
1.756704980842911823e+00
1.723561643835616497e+00
1.717102615694164891e+00
1.733090811102128814e+00
1.752459016393442592e+00
1.756607167566071714e+00
1.797005226726938742e+00
1.773479874393377065e+00
1.762172021888592566e+00
1.800771759325425103e+00
1.781755196304849909e+00
1.765296029390984955e+00
1.707036535859269177e+00
1.751381215469613339e+00
1.730637890998497408e+00
1.745015597450155997e+00
1.755983493810178819e+00
1.693831125384718250e+00
1.738997879109225986e+00
1.713844501141399190e+00
1.705241035071588085e+00
1.773825685582405720e+00
1.731771555309121080e+00
1.733243243243243192e+00
1.751128745382405150e+00
1.745397087111843826e+00
1.728633641807294508e+00
1.708783153405304622e+00
1.748082357690754929e+00
1.729044568624778622e+00
1.781666666666666732e+00
1.742721164613661777e+00
1.747657111356119009e+00
1.750243630794932503e+00
1.758500069959423540e+00
1.740432612312811989e+00
1.764453070844308913e+00
1.751954215522054659e+00
1.767224546722454770e+00
1.732532449599558211e+00
1.769773230088495630e+00
1.739414133000138918e+00
1.795812254075323189e+00
1.799040279191507885e+00
1.793678410903291276e+00
1.765960472060287278e+00
1.786208845556026548e+00
1.752133165477689269e+00
1.701120298746332304e+00
1.650088139007806598e+00
1.644088370963826096e+00
1.609505837952588836e+00
1.653046764289088255e+00
1.645723209995194614e+00
1.686847599164926992e+00
1.714139212921420352e+00
1.686849209409949868e+00
1.704119372529014242e+00
1.685154560488487441e+00
1.669435833849969075e+00
1.633469978297564573e+00
1.607089076798331906e+00
1.647607934655775930e+00
1.678131479448713215e+00
1.722639826729519763e+00
1.681375064135454123e+00
1.666914774841831148e+00
1.682754342431761696e+00
1.753464052287581731e+00
1.789415041782729698e+00
1.769707207207207311e+00
1.776437587657784034e+00
1.670899470899470884e+00
1.707983727434528420e+00
1.696091120890499626e+00
1.723938477717891438e+00
1.699406723796967666e+00
1.728306878306878236e+00
1.710653104925053514e+00
1.718845591169038345e+00
1.699960573005651288e+00
1.695348837209302406e+00
1.750632069194943519e+00
1.735746360048986192e+00
1.809630773550470417e+00
1.775334195774040502e+00
1.726474622770919121e+00
1.739615539723081028e+00
1.751431688028361133e+00
1.705669965231345175e+00
1.747263017356475379e+00
1.696101829753380974e+00
1.717100998314533999e+00
1.725503090885176949e+00
1.740190170081692855e+00
1.739429960826691879e+00
1.765044551062371569e+00
1.737978142076502808e+00
1.738358008075370220e+00
1.737582005623242720e+00
1.737827715355805269e+00
1.677657098525989099e+00
1.742797819880612442e+00
1.724779234680224871e+00
1.727043524416135956e+00
1.787304204451772405e+00
1.805256355019388304e+00
1.802721088435374153e+00
1.807636679201619856e+00
1.783713916415338163e+00
1.786980570131896151e+00
1.796190203380120254e+00
1.766892847045518744e+00
1.788391096083403742e+00
1.756741573033707926e+00
1.788040426726558163e+00
1.757070848501820270e+00
1.774274204750659889e+00
1.810845614537129666e+00
1.793382459182199185e+00
1.806316700317277091e+00
1.837212728344136625e+00
1.838191105769230838e+00
1.801793853845022886e+00
1.785429141716566859e+00
1.826262626262626254e+00
1.784695201037613588e+00
1.786267060644435078e+00
1.782883642495784127e+00
1.730874316939890800e+00
1.793846999038593681e+00
1.816988751081626718e+00
1.820242796548193542e+00
1.816221765913757613e+00
1.789991321955452630e+00
1.710690968443960847e+00
1.742293954226749486e+00
1.720182256767622597e+00
1.730271064227533628e+00
1.696041036432986981e+00
1.709702558773866787e+00
1.767366283006093441e+00
1.741935483870967749e+00
1.713805619034816541e+00
1.707606973058637179e+00
1.686695278969957190e+00
1.758343385605146691e+00
1.693811514089254455e+00
1.716807165437302496e+00
1.723703604448613147e+00
1.698038176033934255e+00
1.739299090422685934e+00
1.781140535238895817e+00
1.737828763290430789e+00
1.718552401452980050e+00
1.730192719486081332e+00
1.699205298013245047e+00
1.695686172292454108e+00
1.732323232323232265e+00
1.733893937338939484e+00
1.750274574409665052e+00
1.689854682454251966e+00
1.778660457471579193e+00
1.781620839363241782e+00
1.820432977461447166e+00
1.791616945107398662e+00
1.756686798964624652e+00
1.757977972324202165e+00
1.767458398520836305e+00
1.726649888143176659e+00
1.774387683694891527e+00
1.760486757337150987e+00
1.711129522231427780e+00
1.713264066927540075e+00
1.709893945496039791e+00
1.709409717574621901e+00
1.713748152130090130e+00
1.737430167597765474e+00
1.771870604781997205e+00
1.653501138037220430e+00
1.670368500757193342e+00
1.679482250416506561e+00
1.749095780308104420e+00
1.721324938406789018e+00
1.723680649526386999e+00
1.756603512653851507e+00
1.699768738947082136e+00
1.681640625000000000e+00
1.731442205726405170e+00
1.722940776038121236e+00
1.756697348536886860e+00
1.772155477031802207e+00
1.750350042005040629e+00
1.717827147114603159e+00
1.761794382328879083e+00
1.753552521593758629e+00
1.732777474029524312e+00
1.731381543443065274e+00
1.760378133990957661e+00
1.757398916215089590e+00
1.739614855570839058e+00
1.743228454172366604e+00
1.737610921501706596e+00
1.673528254883964950e+00
1.658594432655099205e+00
1.658349802371541504e+00
1.705979016559221240e+00
1.722616233254531171e+00
1.761240520043336977e+00
1.761198169463319863e+00
1.719186440677965999e+00
1.725235379923087065e+00
1.791119103610457897e+00
1.734688195991091364e+00
1.723911587407903623e+00
1.688265971316818881e+00
1.666247484909456844e+00
1.706841635877181851e+00
1.683755165289256173e+00
1.705283505154639112e+00
1.681636854973619810e+00
1.671272453209395881e+00
1.715313463514902326e+00
1.698851774530271364e+00
1.703338095856604673e+00
1.699922259652759893e+00
1.696034104120914598e+00
1.732642079012993941e+00
1.723375931842385578e+00
1.723292007385913926e+00
1.751815004033342227e+00
1.735556155507559373e+00
1.708900939029228905e+00
1.743237841439040592e+00
1.677930582842174223e+00
1.660067239447142295e+00
1.710826572008113500e+00
1.725864123957091767e+00
1.696120973044050073e+00
1.717921805300446136e+00
1.724105712760277687e+00
1.734956051386071563e+00
1.715309710576142788e+00
1.705490405117270791e+00
1.726378218088691296e+00
1.742397137745975044e+00
1.724625738222771654e+00
1.735890410958904173e+00
1.774693532478512026e+00
1.763157894736842035e+00
1.715410107705053866e+00
1.741376959781867795e+00
1.743782131443657013e+00
1.718286655683690212e+00
1.738505747126436685e+00
1.723047304730473073e+00
1.704303251045460765e+00
1.687995769434161852e+00
1.658555426805716548e+00
1.705513457015939371e+00
1.779907653560934611e+00
1.792286176946856990e+00
1.802823179791976260e+00
1.757986870897155329e+00
1.719317709055609544e+00
1.769349411104879310e+00
1.737721160651096941e+00
1.735318675201781291e+00
1.757797134026412023e+00
1.745344243792325001e+00
1.731073760244478343e+00
1.748570631711058532e+00
1.758606094808126352e+00
1.771562766865926619e+00
1.756619000424748611e+00
1.736856745479833153e+00
1.711026615969581721e+00
1.704078912290055925e+00
1.674837027379400212e+00
1.679789013250996943e+00
1.709355727594803920e+00
1.744527532290958582e+00
1.717019822282980224e+00
1.719843306767526725e+00
1.733342454508140618e+00
1.771937202130642097e+00
1.778481012658227778e+00
1.822065105317425271e+00
1.811111111111111116e+00
1.814221556886227438e+00
1.844274809160305395e+00
1.804228780042592017e+00
1.790405904059040543e+00
1.793204452255418913e+00
1.765708507872309596e+00
1.749260875686329708e+00
1.755116344266890893e+00
1.707831325301204739e+00
1.717739780924392168e+00
1.687557847415046997e+00
1.703474598578573307e+00
1.698163076516453041e+00
1.729845741113346769e+00
1.728859792689579900e+00
1.723623542175210188e+00
1.751967960226488152e+00
1.765404183154324569e+00
1.746704464918497512e+00
1.774964438122332844e+00
1.771726535341830777e+00
1.777087546951747976e+00
1.768975468975468868e+00
1.745943637916310909e+00
1.772968324494768488e+00
1.795589105979869649e+00
1.830588594083562004e+00
1.791546735343129804e+00
1.820111395453861247e+00
1.822320341047503067e+00
1.790499025925370802e+00
1.769811320754717032e+00
1.823728315201411432e+00
1.736902705814622916e+00
1.663826998689384107e+00
1.657443345436333981e+00
1.669003505257886877e+00
1.702855672755338334e+00
1.715209075319878540e+00
1.732851985559566765e+00
1.731002834390606093e+00
1.721639784946236595e+00
1.712539851222104170e+00
1.683780630105017551e+00
1.710206718346253263e+00
1.695911745619727462e+00
1.696396396396396389e+00
1.679765246236284870e+00
1.686321650006326722e+00
1.712514529252227913e+00
1.742754107119006246e+00
1.752050300710770836e+00
1.747047514419115544e+00
1.791789680866019863e+00
1.793098469535085115e+00
1.769571428571428573e+00
1.772957746478873275e+00
1.763031839954916968e+00
1.696551724137931094e+00
1.717857612843795234e+00
1.663436692506459869e+00
1.749539594843462220e+00
1.707700577879317283e+00
1.703694034721315864e+00
1.727657324167107378e+00
1.720654777748203301e+00
1.676284124725061497e+00
1.742565177518669017e+00
1.709759358288770015e+00
1.753796532724096302e+00
1.712129380053908356e+00
1.743394715772618175e+00
1.792294807370184317e+00
1.754385964912280604e+00
1.737250101999183949e+00
1.747082767978290319e+00
1.756912917870408597e+00
1.741704529808619117e+00
1.709642761214074769e+00
1.747303128371089587e+00
1.727532290958531558e+00
1.788844067325080056e+00
1.732180220393360282e+00
1.747422680412371143e+00
1.766998341625207303e+00
1.704889249054565070e+00
1.746989563821246927e+00
1.777079843662758174e+00
1.721379310344827607e+00
1.689205219454329665e+00
1.672320740169622288e+00
1.714658660749249552e+00
1.763858397365532404e+00
1.717486939785537459e+00
1.727700793757567688e+00
1.700361010830324870e+00
1.722466960352422971e+00
1.762997787610619538e+00
1.754482563885359392e+00
1.704424778761062020e+00
1.735159201295197073e+00
1.740954739303893328e+00
1.723471346312037245e+00
1.804450149764655453e+00
1.806041573201734751e+00
1.771264874394006261e+00
1.742197520307823932e+00
1.736312849162011229e+00
1.764921687597008626e+00
1.793787370570220308e+00
1.742902435509439352e+00
1.737121317883568272e+00
1.726216814159291957e+00
1.708793456032719815e+00
1.709755768452300595e+00
1.706945380984491001e+00
1.778863604634929541e+00
1.809544917257683183e+00
1.762114537444933848e+00
1.773904238391436516e+00
1.762516231424037016e+00
1.796644784828592245e+00
1.776339022954679159e+00
1.791556728232190032e+00
1.771976012871142370e+00
1.778826604705199044e+00
1.781413612565444948e+00
1.784110787172011658e+00
1.709627763783934995e+00
1.765386204047914021e+00
1.744965497817208888e+00
1.749860724233983200e+00
1.764507042253521174e+00
1.715153187965774206e+00
1.752437182479747335e+00
1.760646521433590905e+00
1.756262313537855224e+00
1.718012081274025160e+00
1.795881199215466628e+00
1.743015175152460738e+00
1.777419806695615723e+00
1.812856099342585736e+00
1.819172763924145064e+00
1.810011883541295274e+00
1.777600695450594070e+00
1.756749156355455588e+00
1.824209157879532084e+00
1.753239274402533798e+00
1.721443158611300150e+00
1.719075607801229033e+00
1.733261629470287613e+00
1.731944820124425188e+00
1.758199533415671700e+00
1.759287602615834167e+00
1.726417666303162513e+00
1.758663028649386062e+00
1.719759989090413166e+00
1.710456825983628137e+00
1.714849921011058376e+00
1.760660620008122290e+00
1.708248953692452998e+00
1.698826597131681826e+00
1.756684491978609541e+00
1.729777415852334466e+00
1.727698274709107862e+00
1.704509493670886000e+00
1.739706077055474642e+00
1.745039412883935936e+00
1.767637719177136635e+00
1.756896071329061115e+00
1.779180695847362603e+00
1.830394871047646754e+00
1.774104683195592225e+00
1.754693366708385494e+00
1.769337592001110959e+00
1.707224848075624468e+00
1.710271824359644643e+00
1.682993021452571680e+00
1.674828723674194331e+00
1.654123199205166372e+00
1.697355163727959804e+00
1.700777202072538907e+00
1.737858938732301128e+00
1.692721311475409829e+00
1.714046391752577225e+00
1.707614476585808783e+00
1.719848918989320241e+00
1.720483828556402806e+00
1.734333510355815289e+00
1.734207708779443191e+00
1.719702996552638474e+00
1.734615384615384670e+00
1.722229595222295906e+00
1.776281789745681960e+00
1.734180675140084782e+00
1.755432581994871066e+00
1.784583333333333410e+00
1.746535476718403590e+00
1.783570737104134940e+00
1.737722908093278562e+00
1.750775455158462668e+00
1.791088284286507459e+00
1.774075120022592378e+00
1.734089046708549686e+00
1.702363850071829665e+00
1.726625226625226661e+00
1.733157199471598409e+00
1.765565782349756363e+00
1.760148107515085103e+00
1.718466060929983996e+00
1.750132485426603157e+00
1.700144603654528686e+00
1.703670431211498970e+00
1.738787320794423330e+00
1.725914064585001295e+00
1.771502449646162214e+00
1.730969331872946437e+00
1.749898497766950944e+00
1.780369290573372121e+00
1.752731295809708101e+00
1.764923329682365871e+00
1.794853866592085012e+00
1.747093023255813948e+00
1.761108846310640130e+00
1.723990371757154305e+00
1.748569908208061685e+00
1.770648464163822489e+00
1.749319172113289689e+00
1.710360241914278268e+00
1.725414078674948337e+00
1.720156555772994089e+00
1.714451913133402172e+00
1.701723037651563519e+00
1.667946970635608928e+00
1.691120636864666293e+00
1.704622322435174642e+00
1.715177774945839229e+00
1.701384478597739003e+00
1.742794647452393209e+00
1.701889703046664204e+00
1.765673981191222541e+00
1.733999999999999986e+00
1.780497592295345211e+00
1.734467059453669080e+00
1.787500000000000089e+00
1.764110974443077851e+00
1.734111715536685638e+00
1.739306207616066802e+00
1.733281086729362652e+00
1.752567816697392589e+00
1.731364829396325522e+00
1.751573976915005160e+00
1.778299986571773905e+00
1.772875816993463971e+00
1.772684117726841091e+00
1.784134352812670743e+00
1.804594519789648466e+00
1.793500902652409357e+00
1.727985124186478982e+00
1.673616281955820240e+00
1.691840699368625467e+00
1.732585968006046029e+00
1.712171472314365950e+00
1.771465798045602558e+00
1.797463175122749668e+00
1.772068871276305080e+00
1.795364689843217398e+00
1.710190664036817854e+00
1.723606018459982403e+00
1.743831546311846115e+00
1.723382315029646783e+00
1.729657113613101371e+00
1.764875491480996095e+00
1.716716456682686021e+00
1.760321994287198155e+00
1.751564372254027502e+00
1.782990805840995119e+00
1.743936754656304489e+00
1.716905592147746296e+00
1.738809831824062124e+00
1.722301597610079282e+00
1.738787643789582615e+00
1.702198364008179921e+00
1.694769613947696207e+00
1.763415892672858698e+00
1.783964062074598456e+00
1.779887192185995337e+00
1.768292682926829285e+00
1.755790329134498062e+00
1.757743064907083319e+00
1.716201998947922247e+00
1.708937043210668083e+00
1.683015554440541850e+00
1.720786587671750967e+00
1.731280980954865711e+00
1.710829344028981680e+00
1.786288162828066461e+00
1.739320322096356009e+00
1.757449664429530101e+00
1.796099045511135639e+00
1.786425466274014884e+00
1.784158690525731616e+00
1.739764896635589864e+00
1.744955822233944298e+00
1.737610095964243540e+00
1.769015585453576733e+00
1.767978290366350125e+00
1.746046636290538689e+00
1.766710875331565012e+00
1.756185635950247459e+00
1.756907545164718476e+00
1.739136142838387800e+00
1.719370119062860081e+00
1.672183400760083316e+00
1.692835641180012063e+00
1.702765540871267635e+00
1.696699266503667536e+00
1.670465451055662243e+00
1.675410610894481955e+00
1.702627772420443497e+00
1.689166262724188128e+00
1.717144600366076856e+00
1.683827983040581566e+00
1.679559971611071623e+00
1.688612099644128062e+00
1.733023369631714106e+00
1.728217325988983477e+00
1.769092772936955438e+00
1.745982374287195382e+00
1.792601338055883620e+00
1.745098039215686292e+00
1.780836146455466062e+00
1.724596877399539263e+00
1.706213307240704413e+00
1.699419869470630839e+00
1.692547701908076352e+00
1.676721078779276120e+00
1.672192388512724781e+00
1.715579926093694141e+00
1.741707044353335787e+00
1.766286957634711330e+00
1.789722076560041897e+00
1.753047989623865099e+00
1.758801020408163218e+00
1.772298954433974449e+00
1.821180555555555580e+00
1.751085383502170689e+00
1.754738438210765805e+00
1.743454841538268907e+00
1.699793714355054108e+00
1.684087727484834263e+00
1.662222222222222268e+00
1.698995497055767245e+00
1.704273706641411090e+00
