1.666666666666666574e-01
1.551054286021833040e+00
2.304688963219017506e+00
2.803164013059708193e+00
3.087415081120305160e+00
3.210178806344214930e+00
3.418724562648833398e+00
3.513345705025586962e+00
3.559913387641028937e+00
3.716556805236595373e+00
3.617290401921529952e+00
3.642672251465739919e+00
3.621918752491215976e+00
3.660663344360196358e+00
3.661224041422070030e+00
3.702464241608880435e+00
3.840775124835305920e+00
3.894636881010552276e+00
3.925368915234852540e+00
3.826296462292492873e+00
3.824406358886831558e+00
3.844132205075769360e+00
3.847231890139270583e+00
3.940119677411550558e+00
3.885752375865468622e+00
3.769415622701495217e+00
3.804399099935396933e+00
3.801190068005396494e+00
3.809177568595293994e+00
3.750579731175208043e+00
3.759145892218429541e+00
3.732750711536117816e+00
3.815992390173215565e+00
3.873636766078949467e+00
3.885472390438281742e+00
3.847695237988268069e+00
4.000185762293661185e+00
3.832717695091684362e+00
3.801079953978423021e+00
3.738698170108360586e+00
3.743812466235678649e+00
3.834226000749032970e+00
3.679946969994793537e+00
3.773056787369634346e+00
3.698649383228856280e+00
3.736481372102677057e+00
3.718758417123417370e+00
3.789834081840805169e+00
3.816113874610906009e+00
3.793636206050011950e+00
3.656546289205719003e+00
3.685538865692888244e+00
3.614434284883606185e+00
3.611312395267887609e+00
3.684395524175215986e+00
3.649515664570436524e+00
3.814313452539735305e+00
3.781039874138260259e+00
3.717034608525384254e+00
3.723008730516233822e+00
3.943799593884896648e+00
3.945583978583394824e+00
3.928511665411715814e+00
3.917290074595487948e+00
3.876805098036239183e+00
3.848825610307473166e+00
3.786191741528685206e+00
3.723779698638093993e+00
3.789173087395500517e+00
3.772306658258310907e+00
3.798868028016928022e+00
3.832982619264531987e+00
3.810223032672925392e+00
3.908754282740377839e+00
3.784237740045304665e+00
3.764481396089839116e+00
3.775935774410955403e+00
3.820986144051593314e+00
3.757988682264433056e+00
3.740801385437467541e+00
3.726588265829712032e+00
3.767006843166438301e+00
3.835699063144545118e+00
3.695541791037352475e+00
3.695097191011518234e+00
3.814868605112058830e+00
3.727364818527494794e+00
3.742183289298967264e+00
3.807080960832178729e+00
3.948847930617675139e+00
3.796103816909087048e+00
3.701016732323656466e+00
3.664302297814929776e+00
3.598241939646619425e+00
3.655848340212457082e+00
3.621549395726215703e+00
3.660983980634116008e+00
3.783784726211116833e+00
3.786320617257941112e+00
3.759431225893740347e+00
3.738004513412461982e+00
3.825069041069972808e+00
3.757750218668257425e+00
3.753036832706655002e+00
3.801424246865981349e+00
3.698061084744864502e+00
3.618284544223481447e+00
3.582234652007269204e+00
3.792528127366547430e+00
3.875347238331878774e+00
3.733363425585528805e+00
3.812691951198318385e+00
3.749276698310061384e+00
3.706040993074907863e+00
3.740238877778318649e+00
3.684853778165396498e+00
3.770875458435311689e+00
3.785088109303992088e+00
3.705456285444321374e+00
3.782330435304369853e+00
3.859684421773216023e+00
3.698068771819143397e+00
3.779973450792159184e+00
3.756721401978888597e+00
3.826211225575330666e+00
3.816898797012621358e+00
3.778845248771564691e+00
3.756449786983309558e+00
3.793915156337295702e+00
3.798643344617696815e+00
3.779120883084197580e+00
3.700590524576406803e+00
3.667821645933393881e+00
3.521372921621229946e+00
3.482575540036815021e+00
3.500110836627727817e+00
3.578998497957183833e+00
3.607241462696761491e+00
3.650170739325988567e+00
3.800998101866882806e+00
3.697343588877046727e+00
3.690579469878369601e+00
3.659504821630342519e+00
3.723676216780109183e+00
3.649227217280460511e+00
3.681619590930593322e+00
3.735621514604991145e+00
3.565781381539747663e+00
3.662949852223021718e+00
3.686401529438144919e+00
3.830940843877292057e+00
3.783952660089240805e+00
3.812693714648329291e+00
3.863678260508795148e+00
3.913021991223979423e+00
3.819478949689431690e+00
3.784776606060102910e+00
3.719245901175491031e+00
3.724810266423605576e+00
3.769729662444905927e+00
3.644748523673513763e+00
3.652402206110805238e+00
3.711544912319955980e+00
3.702697379763565610e+00
3.734947206494141803e+00
3.785658345714662865e+00
3.708502358449229153e+00
3.721689773896005082e+00
3.742562744310327982e+00
3.800869586215615659e+00
3.888653548800777848e+00
3.823426195434426411e+00
3.646153011762878204e+00
3.627067119313464261e+00
3.691607303790210182e+00
3.681450039721488210e+00
3.661756642079961654e+00
3.680851830398772950e+00
3.767768395149071470e+00
3.740020743990867036e+00
3.730963124182950619e+00
3.724266673969293340e+00
3.741475979835462429e+00
3.667723592987285119e+00
3.736988461202688239e+00
3.743411723028585048e+00
3.663739088070766758e+00
3.740020078207810350e+00
3.751922322283183231e+00
3.816960581953467990e+00
3.729971511981542420e+00
3.816081957628808308e+00
3.775445708870422301e+00
3.945232018655738138e+00
3.910355457393124290e+00
3.809584647451787376e+00
3.968487621760457440e+00
3.944455415341857840e+00
3.937665744485659758e+00
3.944229519073566781e+00
3.926559472970292397e+00
3.979334642681036094e+00
3.849071181020791599e+00
3.859750007435913677e+00
3.960673563820272580e+00
3.855820196069078332e+00
3.763676697402490223e+00
3.697519641252497102e+00
3.617819286208823648e+00
3.642650810657161120e+00
3.770129867172741900e+00
3.753655436167106618e+00
3.797792896948532615e+00
3.693590702483513066e+00
3.835282453487797394e+00
3.840855138854198714e+00
3.857435186996866605e+00
3.921513309639277356e+00
3.860814188303824057e+00
3.819942243317112851e+00
3.840530863395606787e+00
4.012413339204280227e+00
4.055306439164414911e+00
4.115247751834926859e+00
4.110772276749097287e+00
4.146684112937129463e+00
4.041544365877265399e+00
4.001241742205562169e+00
4.016904155887680794e+00
4.006779770173749533e+00
4.084852297769690388e+00
3.969016568088966412e+00
4.029155118293382465e+00
4.036345000831732754e+00
4.039641674068917609e+00
4.049686818190781246e+00
4.023867580139693700e+00
4.012117070317702705e+00
4.018892185325348088e+00
3.920275217604570983e+00
3.940450937706136525e+00
4.018323923333218417e+00
3.906232552989326479e+00
3.965167461396025494e+00
4.005213073442118521e+00
3.965947420999769157e+00
3.867962773362959794e+00
3.911081624471884677e+00
3.930758648685405809e+00
3.928147806916516771e+00
3.890916933427712721e+00
4.071137440031789012e+00
3.946521580759991377e+00
4.049971359744101385e+00
4.135088374590575100e+00
3.995627482852367685e+00
3.832954699530835896e+00
3.840881204566817697e+00
3.927155762564670471e+00
3.841414209585074957e+00
3.836760111490259639e+00
3.845863338693200628e+00
3.852739067877569923e+00
3.758529980540869175e+00
3.780154817966959513e+00
3.778728713801154271e+00
3.869326522677269065e+00
3.969976601536821637e+00
3.837590986282409578e+00
3.878616230111695096e+00
3.789392317475975158e+00
3.771351431438574320e+00
3.923193112200095811e+00
3.999554396642833964e+00
4.027773393235815291e+00
3.992381048177716885e+00
4.014367628244247754e+00
3.918586065868039814e+00
3.987793026580830347e+00
3.954179058506118505e+00
3.805475815744396417e+00
3.789298735223264547e+00
3.884278706848063312e+00
3.715882486235836613e+00
3.764489818339886273e+00
3.784235787268667384e+00
3.830760960355630740e+00
3.812106963464934495e+00
3.922751311374443883e+00
3.777982876886708308e+00
3.794834643420899489e+00
3.668003883757585015e+00
3.788879584823609648e+00
3.799721753237681909e+00
3.840572866487057979e+00
3.877807647241249711e+00
3.851263452196935777e+00
3.658329753790045658e+00
3.819826007634289144e+00
3.844376847764860106e+00
3.821555699800455397e+00
3.945459626105477735e+00
3.902830366497852754e+00
3.835139303631046381e+00
3.871489189590298974e+00
3.808719671317505551e+00
3.824842374335871042e+00
3.767394635305512551e+00
3.659863710676775295e+00
3.691246031437361630e+00
3.534775041109292637e+00
3.566413923322657720e+00
3.643886943483193530e+00
3.705464134598206893e+00
3.713683358607347440e+00
3.727350573355282748e+00
3.713350993879594775e+00
3.784316575737891597e+00
3.704443399963807337e+00
3.667253233022900183e+00
3.646068231843154095e+00
3.668972899358237338e+00
3.753993437628250884e+00
3.744888580532240940e+00
3.746873159853510327e+00
3.832905259484539862e+00
3.713665302645545729e+00
3.773279949563739688e+00
3.828698344450535362e+00
3.809339425379067556e+00
3.927494699900984987e+00
4.004561384473001695e+00
3.956892834222152100e+00
3.965860187366052614e+00
4.046352749670937499e+00
3.930293615573566601e+00
4.040234586798544747e+00
4.024802935159302208e+00
4.131526204702471006e+00
4.040647922596622088e+00
3.990594410609451081e+00
3.846701138537291342e+00
3.983415713164794258e+00
3.936346917397724798e+00
3.925618319102126108e+00
3.842503622309958455e+00
3.789604483896730436e+00
3.796653845348772371e+00
3.801949081239179851e+00
3.754012163390134216e+00
3.674947363651683396e+00
3.501360471280098086e+00
3.556278686908166176e+00
3.634801347574844854e+00
3.560699238943485501e+00
3.577592851331584001e+00
3.753473258135131996e+00
3.846877302036840973e+00
3.714441869221759784e+00
3.843757236006080102e+00
3.860680635252986992e+00
3.853798890326244120e+00
3.810475851692976423e+00
3.759768648019946813e+00
3.874656876871411360e+00
3.817491804517180842e+00
3.862599059770014609e+00
3.741883097783039958e+00
3.838190854202509161e+00
3.954474527635209125e+00
3.944948081835055298e+00
4.081273012087657470e+00
4.010849862878231420e+00
3.974397792702303978e+00
3.846658426133308772e+00
3.817605862905078418e+00
3.801030310610187257e+00
3.909788595858402438e+00
3.816802722271322335e+00
3.810203165805360559e+00
3.921656458453220306e+00
3.910982042910078782e+00
3.873642258714701470e+00
3.892206433396907972e+00
3.885549772803522650e+00
3.968809138034151918e+00
4.005829842143178610e+00
3.942933829324801742e+00
3.983853522595387719e+00
3.936809781048753454e+00
4.090213149402274873e+00
4.081076025267556417e+00
4.152338619058373759e+00
4.127456165488523787e+00
4.080626024014397224e+00
4.024100376032667015e+00
3.999250523641847188e+00
3.892445556073582669e+00
3.846473828082577651e+00
3.824856063576549392e+00
3.790789390094243316e+00
3.826393219223837239e+00
3.838695453430898130e+00
3.816165938388824230e+00
3.874547441808467330e+00
3.941679829192093809e+00
3.960878936276047035e+00
3.892201781071582545e+00
3.825521416025887245e+00
3.847392828024410516e+00
3.873187745831248474e+00
3.890600125880531834e+00
3.805021298969682331e+00
3.956942911177280919e+00
4.007385937171845214e+00
3.898944550347741345e+00
3.822747841660355750e+00
3.685071857075869151e+00
3.805846973731050298e+00
3.939031294864054011e+00
3.891517266708871325e+00
3.786337136388766123e+00
3.661631373407536305e+00
3.643595011103248460e+00
3.709914775115096486e+00
3.765360235959053448e+00
3.863602900231350112e+00
3.855522265575154428e+00
3.886134828608350578e+00
4.012091910584934418e+00
4.020400956492419908e+00
3.900473019513497341e+00
3.890314080791994034e+00
3.946736929958256201e+00
3.922977247127309219e+00
3.886895520526906456e+00
3.859520272200692936e+00
3.845711630294409211e+00
3.886135497434175523e+00
3.860939009838861402e+00
3.808294943691468593e+00
3.767722612009699823e+00
3.776760761639192943e+00
3.729896698213270412e+00
3.750440528095206005e+00
3.749048818177266096e+00
3.754077795551277408e+00
3.892032896712603218e+00
3.850359019840682073e+00
3.840045461443786223e+00
3.774667896885842922e+00
3.754468984291774003e+00
3.734310368165031591e+00
3.687065768356770246e+00
3.724376152849463217e+00
3.737017451583992234e+00
3.741914014108744357e+00
3.616021961845902855e+00
3.607725334919494209e+00
3.612989748339195728e+00
3.641285075005539884e+00
3.904752348059357114e+00
3.826187517384669334e+00
3.855818240704092847e+00
3.890615332423655648e+00
4.041734819687641256e+00
3.961217029614702234e+00
3.890550154776613478e+00
3.808968465142119619e+00
3.921682579288073622e+00
3.974742001912606959e+00
3.805019653568432414e+00
3.752600973447263843e+00
3.783786547363389374e+00
3.763010751054372438e+00
3.902380326899932861e+00
3.795109377739456225e+00
3.822570055181992998e+00
3.908652991585765513e+00
3.852905231842169265e+00
3.895782930420349732e+00
3.964878444351050746e+00
3.875604650687329844e+00
4.025377438341786629e+00
3.858909124999262197e+00
3.888777700573602392e+00
3.898181421006120306e+00
3.927387518645514941e+00
3.907093078113868412e+00
3.903896604845331186e+00
3.915933472944012284e+00
3.913596517027292609e+00
3.873662972235889956e+00
3.706697586239862563e+00
3.741302929652847276e+00
3.745300821801424984e+00
3.744718652720637753e+00
3.797081836919462994e+00
3.694141961291614873e+00
3.652148487695141998e+00
3.613841381287888233e+00
3.589819669290847504e+00
3.629303284850561084e+00
3.655886972275633084e+00
3.740097780581606024e+00
3.763321844540194583e+00
3.757362505569623590e+00
3.649664712565135805e+00
3.762757984146505308e+00
3.789735396009970891e+00
3.810812968362767617e+00
3.730784295040033616e+00
3.731312477828284013e+00
3.756376288916129624e+00
3.841602288305847157e+00
3.791797598875890518e+00
3.748064146337441116e+00
3.851062330319741545e+00
3.850986483837524066e+00
3.835903583514884474e+00
3.744883463170814331e+00
3.728178124328178633e+00
3.792135401154262286e+00
3.867877410924099646e+00
3.884141331573360834e+00
3.894872962522371473e+00
3.866224661704085186e+00
3.837954811584353365e+00
3.838708816426479764e+00
3.858378011083993364e+00
3.769015059880544527e+00
3.809157158640926966e+00
3.843677899289680067e+00
3.857961013782134074e+00
3.770593906427580855e+00
3.782670800707470971e+00
3.690317309867806372e+00
3.776649526008942104e+00
3.720326943191933022e+00
3.855958253103764388e+00
3.764043082468665702e+00
3.946379329226905153e+00
3.872267742549597269e+00
3.813149577370169130e+00
3.842359620441497814e+00
3.850569869076990503e+00
3.931187166229820562e+00
3.893712236678057437e+00
3.789312629379457231e+00
3.743947909479373504e+00
3.754576870018912604e+00
3.760906228377989713e+00
3.819393950859315989e+00
3.864903046717152346e+00
3.963784092476655196e+00
4.007264309368701483e+00
3.916158680770268408e+00
4.074091181070677692e+00
3.940698583498148722e+00
3.953909710242512254e+00
3.867435437347014560e+00
3.848984856068421223e+00
3.802417462644065438e+00
3.784802412616709244e+00
3.748456428341892632e+00
3.814159729424109635e+00
3.835190986954235548e+00
3.714670579860152255e+00
3.714115121856232715e+00
3.843203746663263143e+00
3.764563516465544879e+00
3.810173320052204993e+00
3.874372506851934794e+00
3.838369717495555999e+00
3.936903710181782312e+00
3.880268119621931078e+00
3.908051622725753127e+00
3.991323841940011441e+00
3.814978885572970491e+00
3.793926948417607914e+00
3.753989321117969347e+00
3.701847650461257633e+00
3.717579193625359490e+00
3.636603005617485174e+00
3.593714198053917119e+00
3.552047759120109394e+00
3.583983633384597578e+00
3.686399789254151571e+00
3.629488391096790334e+00
3.728984777658614469e+00
3.817097452359210497e+00
3.835662232825430618e+00
3.823356622500364121e+00
3.892231089798577681e+00
3.918912023868015737e+00
3.899361442486850571e+00
3.896192394813959847e+00
3.825999033357987411e+00
3.792554007917169123e+00
3.706947984812637653e+00
3.745767898016056474e+00
3.766676865083907533e+00
3.828387906555847486e+00
3.840075212965725626e+00
3.809753157841128779e+00
3.810417599976614778e+00
3.763489279708692958e+00
3.744997495674148080e+00
3.765326986372389495e+00
3.795915436924024444e+00
3.750606181732386801e+00
3.734831504790866674e+00
3.796385509817173265e+00
3.851217764564474511e+00
3.783143348368450010e+00
3.735335843692109137e+00
3.773932780421922484e+00
3.816256490181471062e+00
3.765218378365046803e+00
3.745904972503347086e+00
3.682828334914387991e+00
3.735867195314767741e+00
3.673184397892724107e+00
3.810419995998926446e+00
3.795819176555970120e+00
3.728937207183741886e+00
3.789593870027114786e+00
3.765292942948119670e+00
3.806261807896501370e+00
3.747622030592768994e+00
3.828986648101890822e+00
3.750654265134859333e+00
3.761628009320935551e+00
3.731408720980561977e+00
3.830946732330322568e+00
3.783519048337063317e+00
3.821382468381306019e+00
3.796512015135109497e+00
3.825828335542388992e+00
3.690811995645884025e+00
3.620209131550462978e+00
3.659275524991158601e+00
3.659655717453066170e+00
3.738254521651338091e+00
3.741133175452955761e+00
3.703241034027518808e+00
3.803352960347036404e+00
3.759240624192706992e+00
3.905792985560021524e+00
3.801055706205296314e+00
3.845502497304103873e+00
3.948000871318960492e+00
3.940038807900954954e+00
3.874539921567983214e+00
3.873233231397446019e+00
3.824557148214907887e+00
3.812224837852491444e+00
3.751692166685406615e+00
3.776945701188792359e+00
3.875055091622056302e+00
3.912786535634483087e+00
3.893916934471588043e+00
3.867460717861769925e+00
3.851490703550933148e+00
3.868272807999808549e+00
3.875514682844229952e+00
3.914207006396555055e+00
3.900300670431687156e+00
3.837171164818031333e+00
3.733296633304548084e+00
3.684199092874540060e+00
3.783814970833049074e+00
3.748766465278905891e+00
3.820432327718574772e+00
3.830303344229347928e+00
3.753610690920263782e+00
3.733319825798828262e+00
3.869502088256962402e+00
3.922649211286846960e+00
3.889539906611490849e+00
4.021265017410856402e+00
3.994304697992778319e+00
4.072896399509171594e+00
4.011578865282040773e+00
3.952185615350653602e+00
4.022869504765276716e+00
3.940052445414016002e+00
4.028233362519819671e+00
4.020637887559751711e+00
3.985884251346746954e+00
3.968570710970095838e+00
3.727348747437355225e+00
3.794816233016918172e+00
3.842236031240874539e+00
3.801861632540076474e+00
3.810722377196285482e+00
3.898234876614968147e+00
3.817735448890050787e+00
3.749891980389084889e+00
3.750873953922090998e+00
3.796698179015195240e+00
3.925981087289748928e+00
3.866846396217879178e+00
3.989044519272058054e+00
3.917908121874066119e+00
3.858128714114771540e+00
3.780557153644026336e+00
3.790603262331922352e+00
3.731213037291601697e+00
3.747141764353187465e+00
3.882173638693326989e+00
3.922425544604996706e+00
3.846243001461218558e+00
3.744031430738329558e+00
3.807167647519771769e+00
3.766891683863377249e+00
3.849285599091450738e+00
3.786253994141771884e+00
3.717163115948896923e+00
3.730373655874514860e+00
3.665813495415669809e+00
3.632673867520959554e+00
3.675229155241292123e+00
3.723806794842464019e+00
3.781365345379564147e+00
3.863990093171175477e+00
3.913979292544674582e+00
3.895224720515351624e+00
3.873973809423086223e+00
3.809727604654804978e+00
3.849892005866677458e+00
3.807036000308047896e+00
3.831357741763746549e+00
3.747206887906862516e+00
3.795112457817863660e+00
3.776418177307659274e+00
3.679002101182433204e+00
3.633993790967324777e+00
3.624338472235294706e+00
3.711983830512889160e+00
3.694679805423585428e+00
3.745433189144407038e+00
3.718006752501642254e+00
3.709500976936960903e+00
3.877066699876285938e+00
3.739572701667815302e+00
3.732096316479653453e+00
3.874587093243579528e+00
3.752536630659525585e+00
3.741157577910575238e+00
3.730135958998977763e+00
3.751807223370410060e+00
3.816715692516536862e+00
3.813768045958230601e+00
3.772785556825188458e+00
3.812174352282076129e+00
3.801946800877553212e+00
3.755849074150380940e+00
3.620098579241952219e+00
3.626495464081055609e+00
3.547931441085849347e+00
3.555820597485802370e+00
3.598409132487930595e+00
3.609866099695825614e+00
3.639091415585713030e+00
3.665363606199408597e+00
3.672974177665931261e+00
3.672486407689353083e+00
3.663641253288488109e+00
3.553122407369281532e+00
3.591172429465890215e+00
3.557256010946227232e+00
3.646061115907264227e+00
3.673164168827488307e+00
3.898783502488467168e+00
3.761275581295208337e+00
3.851976091851771589e+00
3.849315299418266445e+00
3.803767883834179742e+00
3.950726125210711981e+00
3.862657658374918146e+00
3.827550097034791321e+00
3.907557615988675348e+00
3.823780734963904582e+00
3.840096277465923524e+00
3.944051374889510964e+00
3.876871463516302629e+00
3.917634275719559245e+00
3.919810896697313307e+00
3.947616380997445606e+00
3.978697023322566917e+00
3.966204656830849995e+00
3.849228707319202858e+00
3.806505721288435229e+00
3.853655955829940805e+00
3.783616134713621459e+00
3.707349852619945985e+00
3.764710148209423402e+00
3.677123974513714089e+00
3.808294705851427597e+00
3.859184189320915781e+00
3.877080277515557505e+00
3.939620117198958216e+00
3.835367860852097355e+00
3.922725269692646677e+00
3.964610786364576089e+00
4.017619951651314025e+00
3.857454937414689145e+00
3.803305405328992972e+00
3.783820594971378792e+00
3.751863009373056723e+00
3.785249816408657431e+00
3.777820305493212683e+00
3.819724782164193755e+00
3.787663022858389628e+00
3.775357609210852949e+00
3.780718474783542060e+00
3.967187269075661327e+00
3.942411575675685675e+00
3.866227355698931500e+00
3.842481935038741803e+00
3.894449847346975968e+00
3.950672035086886247e+00
3.855384377612915525e+00
3.777760035230193214e+00
3.795239615463949168e+00
3.829183186760138913e+00
3.732161162180055225e+00
3.818858391965611609e+00
3.754386050431294475e+00
3.917322520072533898e+00
3.858457586445359855e+00
3.807860568634698240e+00
3.795342422649777170e+00
3.823235863580167315e+00
3.900956348894847547e+00
3.824183344749215063e+00
3.845854873239089144e+00
3.801400295734538748e+00
3.775012839065444492e+00
3.764057964357809372e+00
3.809978507564491856e+00
3.845509528795743037e+00
3.925000837935571862e+00
3.878027369687840675e+00
3.947001459436206172e+00
3.880907669277785299e+00
3.909280710444879237e+00
3.829409286930355982e+00
3.814681946941175905e+00
3.695923204771349280e+00
3.570335616962628578e+00
3.563475871622768132e+00
3.593783087220667749e+00
3.712537370927535108e+00
3.749032983658097340e+00
3.726830984473046282e+00
3.800827690296153083e+00
3.788081781915554558e+00
3.898538753886365615e+00
3.733414432319016374e+00
3.756747818138256978e+00
3.838575806560912351e+00
3.820561826202029554e+00
3.753711501158383701e+00
3.769915373921178148e+00
3.843219939852190237e+00
3.831830896204919235e+00
3.845513297007209008e+00
3.876066707246347498e+00
3.879016569558536354e+00
3.879786834382462857e+00
3.836264748996702778e+00
3.767246676820620088e+00
3.716434136782535980e+00
3.725368781642885097e+00
3.652185052587994640e+00
3.740137740604629002e+00
3.716304523905215706e+00
3.678612495240424884e+00
3.700207862330894937e+00
3.735064311777640977e+00
3.667987060904485563e+00
3.707758835827445143e+00
3.735556369159589440e+00
3.554168785494994154e+00
3.706344785863572522e+00
3.783167938483348536e+00
3.859566090829650076e+00
3.845871185427809813e+00
3.752690801410000887e+00
3.773565966414523576e+00
3.771996283250071524e+00
3.696287745741772213e+00
3.775677815558885708e+00
3.821888125063354291e+00
3.791083077685504232e+00
3.804708072003405661e+00
3.811234034304896934e+00
3.802486303440548276e+00
3.888619806776559162e+00
3.820481626395632269e+00
3.717114620568475747e+00
3.635956898622258127e+00
3.654084585507546112e+00
3.721209928671117773e+00
3.678603236163501489e+00
3.606178678079597244e+00
3.652563391354320288e+00
3.661875360592911743e+00
3.751511243971603182e+00
3.778062623247888663e+00
3.973571211831584904e+00
4.012805914744589586e+00
4.075640124819049248e+00
3.876235909964377502e+00
3.880325759896901872e+00
3.914607481665502764e+00
3.824233959016997364e+00
3.879907686659625821e+00
3.787304736988518439e+00
3.840528433697472543e+00
3.870313100555420771e+00
3.806163486559672293e+00
3.866031679987405045e+00
3.837191257188447224e+00
3.735294601208288601e+00
3.663564257986327011e+00
3.732561940054226035e+00
3.852025958963184671e+00
3.876133294834922971e+00
3.840096340609049808e+00
3.824492794473407287e+00
3.807784665032300619e+00
3.828409115149808972e+00
3.902834145783376396e+00
3.913956620292425637e+00
3.838276668670221881e+00
3.655424709503267700e+00
3.678686229723124423e+00
3.799995748335727619e+00
3.971125671771386756e+00
3.970360578367409854e+00
3.895155875605226914e+00
3.868213019095148031e+00
3.954697248889886385e+00
3.891868312839582789e+00
3.920670846422399602e+00
3.950046726748934312e+00
3.949927695594653176e+00
4.047818104173685150e+00
4.061086743339369143e+00
4.022867600163333002e+00
3.973842086553013075e+00
3.896854438374074636e+00
3.866902654153003827e+00
3.686982324451157922e+00
3.709426439945246567e+00
3.790525380775682684e+00
3.832636091010118040e+00
3.766699074407547698e+00
3.779831407466742288e+00
3.815112075752039811e+00
3.710283686782827495e+00
3.639599849459913106e+00
3.826295550056265427e+00
3.681814811362019046e+00
3.698230537041201416e+00
3.793462927231196158e+00
3.747203214137388105e+00
3.770033460525062718e+00
3.774183509633832756e+00
3.896476075814018891e+00
3.904887633454608764e+00
3.778775056068960581e+00
3.764553578529703071e+00
3.808925550654382874e+00
3.819676984290854005e+00
3.833486608486411651e+00
3.837114418149682571e+00
3.857622140052608284e+00
3.988071661225459863e+00
3.879590385563047583e+00
3.911747036298783176e+00
3.894289533892601796e+00
3.834142002591438558e+00
3.891482088404410788e+00
3.819367895199588414e+00
3.880569735651609786e+00
3.794993235135047271e+00
3.817404576193245802e+00
3.944020571080733450e+00
3.940202856809688736e+00
3.918145074038795084e+00
3.842982129547026560e+00
3.739790716344370214e+00
3.737257128706785725e+00
3.631615551406998321e+00
3.629485422606517186e+00
3.699654205395235262e+00
3.856469456493412107e+00
3.826123962546398527e+00
3.884631256409210920e+00
3.890559454945205164e+00
3.908312850013175854e+00
3.855811267600990355e+00
3.737975962687410281e+00
3.740228827528550237e+00
3.807983387669133801e+00
3.848206993058066683e+00
3.849376644096883737e+00
3.860715624837200100e+00
3.857273637767583807e+00
3.891935382252432518e+00
3.721980284341893874e+00
3.699275499565056524e+00
3.700129088134283872e+00
3.644543788353121094e+00
3.711504876520324459e+00
3.699665125742906291e+00
3.613803273777008940e+00
3.680592976289232432e+00
3.636614909666206596e+00
3.621048752260852766e+00
3.700401976338769217e+00
3.700670230257386617e+00
3.642199477513581307e+00
3.705519886355299164e+00
3.744041950236795202e+00
3.776363869987713340e+00
3.754157010442775722e+00
3.845739328572972404e+00
3.737664943170104781e+00
3.736330130707202546e+00
3.820720990207403300e+00
3.910004122326323106e+00
3.961607688163027330e+00
4.002293039392389673e+00
3.903661982035625311e+00
3.940927263326221119e+00
3.942188092052262949e+00
3.974086162032431258e+00
3.830671054770194761e+00
3.755199185891542335e+00
3.749389167103774234e+00
3.767346926089361503e+00
3.699847175569049629e+00
3.702635291846721355e+00
3.705025580038724176e+00
3.682819419435540365e+00
3.750796100064779370e+00
3.845694739786611471e+00
3.882940738097867328e+00
3.777566905720121770e+00
3.755630782795147393e+00
3.860086583681992423e+00
3.970634700810383055e+00
3.977336791562298579e+00
4.010635763738560122e+00
3.988762873334118719e+00
3.885412131795652257e+00
3.845802169031667717e+00
3.792757126408852208e+00
3.954138905675051330e+00
3.973153450982080503e+00
3.953991747683067270e+00
3.970658892606292678e+00
3.907403572449716478e+00
3.827796665190193792e+00
3.861156209529307048e+00
3.950080145882160831e+00
3.947339205044276156e+00
3.991495974129381619e+00
3.994607464650714590e+00
4.008927277536070477e+00
3.920686653862455184e+00
3.928664534040505085e+00
3.990203543894055738e+00
3.883851881471954481e+00
3.791502441915846511e+00
3.871148643195439387e+00
3.734440588052752030e+00
3.766156663449964803e+00
3.826676729395273036e+00
3.680767578661863215e+00
3.636873867222153223e+00
3.756784941687212775e+00
3.731407465962783387e+00
3.670646178822481343e+00
3.748870178843906054e+00
3.761371049744268724e+00
3.680275050611282239e+00
3.655155380772843188e+00
3.740984682159878449e+00
3.687523564216382166e+00
3.679577020133408372e+00
3.664097486012611871e+00
3.642765467365717935e+00
3.651041668441130650e+00
3.574771114249370996e+00
3.629842128654815259e+00
3.733622630242141582e+00
3.664381913634609411e+00
3.742742192316832028e+00
3.794923904358199707e+00
3.965564159475994721e+00
3.849036042125646429e+00
3.824195383588202546e+00
3.809970049944811255e+00
3.837180324522412089e+00
3.850075650116195458e+00
3.807528769056241824e+00
3.740661709095054466e+00
3.813376416890634335e+00
3.754904346327598397e+00
3.846226888487153328e+00
3.888276217681512659e+00
3.866258624458048132e+00
3.855214795127243743e+00
3.939465425367333573e+00
3.875217369945240797e+00
3.875782125773136855e+00
3.948173362552243937e+00
3.936251527104461800e+00
3.996413397842478066e+00
3.998774516289723024e+00
4.010193445562844516e+00
4.021480439926597761e+00
3.926485075033179672e+00
3.803028353495803593e+00
3.848945233417769618e+00
3.729400422173886565e+00
3.744291163569473557e+00
3.824590608316789098e+00
3.839708084604631200e+00
3.732691617467066791e+00
3.818187932513323446e+00
3.737041243408374847e+00
3.684089624546352137e+00
3.710165469118212211e+00
3.842177321778816435e+00
3.761096303128072194e+00
3.805697782559432696e+00
3.782776006328305130e+00
3.791113357028925268e+00
3.726660260657149948e+00
3.708109315041055343e+00
3.566174777167014032e+00
3.718634608991056023e+00
3.724267743218139692e+00
3.798958059628477990e+00
3.863492804393909630e+00
3.904941275957741098e+00
3.857395608016314981e+00
4.075917656010208390e+00
3.950099840977347565e+00
4.015874210657736754e+00
3.853420419023815491e+00
3.895742524730681389e+00
3.942875576235016055e+00
3.917732514560232193e+00
3.876153537760404610e+00
3.771024282355146529e+00
3.751637259934839541e+00
3.793146758137252217e+00
3.745885160197007568e+00
3.748087976173879010e+00
3.709818440222156344e+00
3.793978918033437342e+00
3.843752948832480421e+00
3.820866771343542911e+00
3.714560060301210331e+00
3.703991623524830690e+00
3.758447069118783013e+00
3.693622957176352362e+00
3.866994040419601042e+00
3.741424363562797506e+00
3.708745655815985032e+00
3.662340945165361461e+00
3.727670087906669316e+00
3.681336406062390321e+00
3.692533048559269560e+00
3.773492343039988928e+00
3.716370475836469733e+00
3.656385393467227463e+00
3.666637606465443344e+00
3.736610322420998109e+00
3.638150066895031287e+00
3.810423312172559918e+00
3.817895324896998233e+00
3.785897926328360086e+00
3.744014169155322147e+00
3.646869584333202408e+00
3.597766913591686322e+00
3.548177422368991696e+00
3.579026744678298400e+00
3.487449884885744478e+00
3.485239080872571282e+00
3.524584023754696815e+00
3.544078475841815123e+00
3.567574605863279125e+00
3.554322563217794162e+00
3.536141779867032930e+00
3.562102675174146693e+00
3.566099562110550902e+00
3.527103692852726180e+00
3.503611657205752294e+00
3.622516787232762603e+00
3.549223939286031193e+00
3.607715537039920317e+00
3.648173349636560037e+00
3.768111012291833095e+00
3.746474378751541767e+00
3.772625289190996600e+00
3.754455969759624256e+00
3.784037950884534762e+00
3.795748603047938374e+00
3.712542518517038204e+00
3.691172374624813735e+00
3.791046538436009250e+00
3.765865766223402744e+00
3.799133016305331179e+00
3.798827868268556784e+00
3.754520165179912272e+00
3.791831652455645241e+00
3.648396966309978673e+00
3.555555714094717601e+00
3.516222339205791414e+00
3.636705307777524876e+00
3.757823471769400570e+00
3.873665386301916591e+00
3.833464086493101775e+00
3.757371973834040979e+00
3.695699048651276186e+00
3.758501657136485985e+00
3.791240554408623620e+00
3.831419018859075543e+00
3.823889995744343739e+00
3.821241898158725281e+00
3.812972997130593900e+00
3.878755217925919929e+00
3.963963884266092030e+00
3.795745464597098273e+00
3.867537675458310176e+00
3.835219906088367381e+00
3.752822678115475430e+00
3.779793275719050882e+00
3.763311317305383152e+00
3.886921037983394722e+00
3.911904227022685365e+00
3.825700439320659729e+00
3.811086768443256112e+00
3.827462635938228885e+00
3.891970674738831626e+00
3.845221925815743180e+00
3.720106166934177949e+00
3.785750475970323325e+00
3.802993359134690721e+00
3.832188072877964036e+00
3.809811714708501107e+00
3.790842944986615226e+00
3.741776869525513582e+00
3.809068080694701486e+00
3.824832309860463742e+00
3.874372637985379342e+00
3.848922618654726513e+00
3.833075287400335540e+00
3.749579473113909600e+00
3.683834849606396844e+00
3.656095681769978789e+00
3.720821322283773380e+00
3.622582240804598896e+00
3.710256425975555494e+00
3.834031964033808748e+00
3.819213236515440535e+00
3.768195564000932141e+00
3.695710533021903110e+00
3.822132477278446405e+00
3.963621417657106516e+00
3.904549951811842057e+00
3.941264306005649143e+00
3.999770503807299704e+00
3.977862431212605188e+00
4.026366797630310579e+00
3.886599951603559422e+00
3.927800641935591308e+00
3.897925349087616009e+00
3.938238510127660241e+00
4.007185015412922269e+00
4.020701933048816734e+00
3.949572208774803528e+00
3.882088928679409356e+00
3.849420771972675848e+00
3.845787018395442569e+00
3.879085305544436313e+00
3.835106603864486985e+00
3.894140156950005593e+00
3.789515774305590501e+00
3.946436800512941545e+00
3.811648673711485635e+00
3.768814079019181751e+00
3.708941803714580931e+00
3.703182493812300802e+00
3.699314633071828062e+00
3.764763679171598376e+00
3.877229094013312949e+00
3.808081550724878195e+00
3.780329503603760077e+00
3.808775116344379263e+00
3.816997985040402774e+00
3.844170224318513185e+00
3.792293018476054822e+00
3.760639445669291092e+00
3.867289032568215212e+00
3.909915732550767853e+00
3.947666521333066392e+00
3.952280551150163745e+00
3.956873907049501149e+00
3.903720528440242532e+00
3.879657978837675714e+00
3.748126662290298672e+00
3.730758783585360838e+00
3.702033498129218447e+00
3.739118880594782812e+00
3.718859537481470134e+00
3.682512649917916825e+00
3.768116098638775391e+00
3.814303825305814133e+00
3.781854551548721854e+00
3.816985560194505744e+00
3.922659830725878649e+00
3.912268971228069603e+00
3.871398258245613455e+00
3.911058513380941903e+00
3.951529465207035852e+00
3.842296194846432922e+00
3.799488107521117541e+00
3.901196150526453188e+00
3.822039782786284867e+00
3.784344032937875468e+00
3.783794470925236020e+00
3.911269251766494648e+00
3.884443031131288748e+00
3.792842358425718263e+00
3.822765034476059309e+00
3.800166676257819454e+00
3.798916814666445152e+00
3.791465559032005661e+00
3.879530985954667610e+00
3.905091135377938727e+00
3.915718578987556153e+00
3.938690274528128921e+00
3.834461718173055367e+00
3.895774581377665413e+00
3.909257334026877917e+00
4.020383579244543704e+00
3.959807552885419746e+00
3.888410089847982309e+00
3.878937231785349216e+00
3.824756887146061768e+00
3.960212601071408045e+00
3.906636830498221968e+00
3.847064342291768746e+00
3.877116532300223462e+00
3.867968129715587455e+00
3.751087547828217073e+00
3.751731408261452572e+00
3.597488376272917510e+00
3.658442198811463264e+00
3.599015943206182122e+00
3.659361860537088784e+00
3.616552545975197930e+00
3.719307289902185953e+00
3.604328014187070384e+00
3.652260309017246964e+00
3.646103424235956236e+00
3.634329516165777818e+00
3.768294349987849845e+00
3.761310254163063416e+00
3.954748149265138402e+00
4.016388540194106405e+00
3.903867579911876717e+00
3.961128126204998878e+00
4.063303346789737702e+00
4.040456633019425148e+00
4.124374839424883810e+00
4.143321179636083151e+00
4.176832822547121182e+00
3.988846650930403470e+00
3.971038213251755877e+00
3.851727163647634899e+00
3.906974827881360302e+00
3.716164965917721830e+00
3.799778284762683089e+00
3.815302574250460932e+00
3.822575993707927111e+00
3.807328275206003809e+00
3.785239212130234954e+00
3.725021286569306422e+00
3.836852290416280287e+00
3.706618410708100164e+00
3.819113236490716989e+00
3.721895632326003955e+00
3.765805903112042774e+00
3.860517608557418878e+00
3.877112973460173695e+00
3.878027371989184680e+00
3.786738507649350716e+00
3.917904843974064466e+00
3.772295912338898827e+00
3.669707108002928209e+00
3.626017924279473448e+00
3.634003834637681951e+00
3.652999458079009720e+00
3.629890706310605175e+00
3.667649431381796887e+00
3.632919412577802820e+00
3.730031226051507609e+00
3.688188098702319895e+00
3.740776335243944484e+00
3.665073566893157775e+00
3.821336827494406396e+00
3.782715610502983772e+00
3.803593765917566927e+00
3.852989968017802358e+00
3.858043401336417322e+00
3.906203005686120999e+00
3.953573160015494192e+00
3.973517335960569774e+00
4.026077637057340119e+00
4.101150889406500077e+00
4.079346696012117413e+00
3.985282918444505995e+00
3.922527100018588175e+00
3.807099265202075422e+00
3.756614207763702584e+00
3.609274972306903972e+00
3.504911755479086288e+00
3.646190056029755766e+00
3.593947714067361243e+00
3.699195402203409699e+00
3.579560749459739455e+00
3.678395241654926817e+00
3.732721792244382275e+00
3.739591276197601122e+00
3.759261665137687558e+00
3.646451422191042901e+00
3.633328035270723788e+00
3.502123430470444276e+00
3.590703339691811546e+00
3.548152965701976136e+00
3.671643729565655878e+00
3.700385262706193945e+00
3.681056004302220686e+00
3.632606370021220332e+00
3.698422990077364858e+00
3.692777237068707752e+00
3.766678329473594822e+00
3.791729746314444593e+00
3.624638814705532841e+00
3.598651596764434135e+00
3.639954295182866062e+00
3.682931430098686398e+00
3.650450017334826214e+00
3.863115351810630482e+00
3.835757110725714458e+00
3.820677147629980119e+00
3.793219822092789517e+00
3.722788570422591370e+00
3.720171497971975327e+00
3.759313516129727972e+00
3.716329620922635080e+00
3.720200895536531327e+00
3.739562540764612919e+00
3.793066688672900977e+00
3.746122587225880540e+00
3.896993980952936809e+00
3.782906804786749788e+00
3.983084612666521362e+00
3.951342956648340454e+00
3.958681701269137321e+00
3.863357214383599469e+00
3.835222343692425540e+00
3.793279416637324264e+00
3.833079309630336162e+00
3.868620015222079545e+00
3.828013178832566865e+00
3.735245160319789814e+00
3.684379849372382498e+00
3.699700127595129562e+00
3.676813578057674725e+00
3.630104181204762970e+00
3.626253968968175201e+00
3.671609687188958304e+00
3.706607038124644760e+00
3.755971930042177664e+00
3.736074441263954604e+00
3.675169879983716026e+00
3.711819266295447228e+00
3.851433396050657709e+00
3.717104217573872660e+00
3.747469353272248060e+00
3.707712300231257530e+00
3.615071266137290795e+00
3.705313348417544450e+00
3.736863151519933091e+00
3.817446397635599453e+00
3.827749742026349100e+00
3.751136990965522777e+00
3.768058857287511998e+00
3.850092934022107727e+00
3.787148205476103868e+00
3.784495818435551939e+00
3.882836830975524123e+00
3.862288881653853867e+00
3.913335300655579552e+00
3.983902700391994234e+00
4.027858288331416681e+00
3.937502472672008036e+00
3.864793412018587393e+00
3.887806472728287943e+00
3.855659290170966536e+00
3.874669700201945677e+00
3.799353645469022656e+00
3.874964709349422165e+00
3.838071445725636632e+00
3.766938324296671414e+00
3.733877287755132723e+00
3.727894782918024230e+00
3.825293914721905608e+00
3.906085884189868906e+00
3.932167530930168908e+00
4.003793922184772924e+00
3.974994643565879837e+00
3.924449155776528197e+00
3.957066608489525184e+00
3.883064866449289276e+00
3.798931884807845272e+00
3.714257764846438548e+00
3.624845830944021685e+00
3.679800871052891775e+00
3.698448911949211215e+00
3.676470761656442043e+00
3.656006630082925923e+00
3.671284193352266190e+00
3.734751116651430891e+00
3.758426756867081053e+00
3.915208993139940308e+00
3.757107059247886571e+00
3.863810025547732341e+00
3.782444291733940478e+00
3.841812990459211985e+00
3.703188923138202249e+00
3.737036761100397619e+00
3.831452787817352323e+00
3.850872733891537614e+00
3.825450073773505100e+00
3.894768721191891547e+00
3.879112138507851970e+00
3.817692714136789345e+00
3.779317186634204351e+00
3.824297972196742723e+00
3.799543393115706547e+00
3.863155941096653390e+00
3.833183483704444061e+00
3.690852083496483971e+00
3.706051427306571888e+00
3.721625831310383603e+00
3.594684339155852726e+00
3.608988807050816039e+00
3.655214516778108269e+00
3.661765218120209830e+00
3.553445698306415768e+00
3.775771806460286761e+00
3.687189418670032914e+00
3.752815512981167334e+00
3.781594800087999975e+00
3.752343558654590350e+00
3.734309488720560566e+00
3.676791507003997594e+00
3.676769183132291285e+00
3.781287836089954002e+00
3.804513963204256832e+00
3.889954832700806442e+00
3.994570667965242183e+00
4.048198406469031063e+00
3.970401653700366573e+00
3.965553584207354376e+00
3.942033134668234240e+00
3.865792979951530928e+00
3.711423719099418594e+00
3.655485540363295094e+00
3.605666681819892805e+00
3.731876662851251414e+00
3.830193451264964466e+00
3.921754911018924705e+00
3.934213606955096587e+00
3.844850132704458190e+00
3.830622770104490371e+00
3.828750653552564831e+00
3.852158382740087816e+00
3.894763060366390750e+00
3.906620773604199126e+00
3.851211563175931829e+00
3.840916324207930277e+00
3.787121393860306995e+00
3.815038262117895762e+00
3.789498295617481638e+00
3.852371829451215035e+00
3.749160166953362072e+00
3.756442004570347937e+00
3.791924280356757215e+00
3.784551764050765765e+00
3.836330933064263871e+00
3.800197792384365947e+00
3.688273709862680771e+00
3.759278346998058851e+00
3.650930758750063898e+00
3.727705661339648202e+00
3.778894607051370258e+00
3.941998526726154584e+00
3.836447435025394981e+00
3.873703368996785468e+00
3.774322025254945423e+00
3.897504304469798342e+00
3.777622064977478544e+00
3.752679696841972667e+00
3.662695995505030666e+00
3.788307972099264287e+00
3.771938926059320352e+00
3.702581164478613740e+00
3.727041505046240655e+00
3.698114545937765563e+00
3.725760651096134524e+00
3.768178981326168575e+00
3.670733592805122125e+00
3.692717548895522395e+00
3.701945177882678184e+00
3.747856875409114163e+00
3.772642209533758173e+00
3.725441578932763509e+00
3.690632426934301158e+00
3.698329364329645319e+00
3.698235780733227340e+00
3.740320135661266310e+00
3.630219853862238555e+00
3.668369552678198087e+00
3.718671000956778272e+00
3.664481708678282601e+00
3.622033000048765494e+00
3.771911711261116462e+00
3.710587138773697280e+00
3.734735976375623157e+00
3.862126392107216866e+00
3.876197899701306682e+00
3.803672982185720031e+00
3.821642900856309311e+00
3.917980052876226083e+00
3.941657404303336332e+00
3.998269206584025959e+00
3.989408786289887043e+00
3.951510804437439628e+00
3.977253157440272524e+00
3.854536177190604818e+00
3.868113062380080347e+00
3.904304844479981718e+00
3.883777863421708165e+00
3.911887585226058395e+00
3.967551636599147002e+00
3.895073149127512568e+00
3.821363744081381686e+00
3.986124547547303276e+00
4.038998107757814537e+00
3.975302298804015866e+00
3.961749827626377840e+00
3.880847076980331600e+00
3.826850933914551778e+00
3.841934903493446019e+00
3.957201994954552937e+00
3.968426981075881876e+00
3.923624071571046201e+00
4.012260372244051965e+00
3.908882278065114235e+00
3.788688477267357246e+00
3.831332811636123825e+00
3.852531290927075691e+00
3.834947117215663059e+00
3.916308593642775726e+00
3.764768693193043081e+00
3.832125744786263777e+00
3.785272735545304190e+00
3.855347753401438649e+00
3.798030180964873548e+00
3.761053872452580382e+00
3.737310521230457372e+00
3.825715822864660609e+00
4.005478156337686002e+00
4.028446856835835810e+00
3.986296153332593128e+00
3.928931228828038247e+00
3.887990356962486960e+00
3.903019225000466719e+00
3.815547900307483253e+00
3.801773158030445021e+00
3.780711167239147574e+00
3.625330814605525642e+00
3.671269146980725040e+00
3.718853373649692262e+00
3.757525945447234950e+00
3.785096559935815286e+00
3.763791805303840388e+00
3.765879503952592522e+00
3.679064422342531948e+00
3.718143014516373857e+00
3.598246609509359928e+00
3.764038289668034221e+00
3.705729568636650928e+00
3.618285339971240244e+00
3.730589536479935298e+00
3.745790073071755266e+00
3.748584007184987854e+00
3.784306147110383822e+00
3.837909363635473081e+00
3.789396226767043352e+00
3.823028948988843378e+00
3.820893071943074926e+00
3.823636593743914514e+00
3.839294165174095941e+00
3.903866112864857740e+00
3.879976696445455620e+00
3.838847271155223062e+00
3.851411330960830437e+00
3.831306595461107634e+00
3.983034259495876750e+00
4.003478187758656937e+00
3.949805974072740256e+00
3.976901667970137222e+00
3.929349088544677127e+00
3.958061626365188435e+00
3.923396351935457549e+00
3.887893992747756489e+00
3.841894135418962630e+00
3.777242473212031992e+00
3.801303868417804210e+00
3.747707794479577359e+00
3.712368018694181870e+00
3.823828035188886254e+00
3.787332154886462021e+00
3.695525647654097856e+00
3.747683118001490232e+00
3.748480768505281890e+00
3.809865552766854346e+00
3.905267716625616892e+00
3.789292921446838935e+00
3.808872015965473423e+00
3.858237237212604587e+00
3.914924880455542766e+00
3.802547911349743792e+00
3.717477069929446376e+00
3.614826976643768397e+00
3.636463102572608630e+00
3.654311799123020954e+00
3.726948669672313308e+00
3.830395142240711870e+00
3.744423822956240766e+00
3.761916464066072052e+00
3.777787268841412693e+00
3.715727518172582844e+00
3.598313879032893237e+00
3.720707049227999885e+00
3.849088433661204345e+00
3.824088420389798237e+00
3.829305154291385627e+00
3.908691350101516360e+00
3.989518779370251789e+00
3.849247056745646489e+00
3.888978569645374250e+00
3.949397847249397131e+00
3.988690080930178627e+00
3.977928976851603515e+00
4.003194421763056177e+00
3.927568448674381152e+00
4.030310467932577190e+00
3.850153042325298536e+00
3.903558929964325852e+00
3.769469764123451139e+00
3.874861068422815968e+00
3.979538825116666789e+00
3.991762503044248067e+00
3.868657815849300796e+00
3.913183161336029059e+00
3.869254381534777298e+00
3.825801134493647560e+00
3.879047612257783051e+00
3.927016871801491060e+00
3.881392555298591063e+00
3.876205757185355427e+00
3.865176915167520821e+00
3.842840248668267567e+00
3.877538774386831033e+00
3.852568269230476350e+00
3.801354709552642319e+00
3.881801271781336826e+00
3.985999300606778206e+00
3.791640980443310660e+00
3.779534228781506133e+00
3.761264698878350909e+00
3.754792488848078147e+00
3.878952809733633433e+00
3.872838857823978298e+00
3.893075478432876046e+00
3.879729624136644350e+00
3.881886718119808677e+00
3.821035200252638653e+00
3.732202512324187538e+00
3.790628938719757812e+00
3.834190487185172636e+00
3.831479093492414112e+00
3.830811532380887563e+00
3.858151312956016543e+00
3.766707021194406479e+00
3.900044592615882433e+00
3.943492170825039889e+00
3.818830373058677008e+00
3.825234901300073709e+00
3.827796005166674398e+00
3.901034834165561627e+00
3.847282204512701753e+00
3.872691640954555758e+00
3.938768126468318087e+00
3.953874042548461087e+00
3.836491199503447636e+00
3.871008251450757776e+00
3.892216415193762380e+00
3.870159574527570090e+00
3.895303827855132184e+00
3.824001504870140344e+00
3.826263337227550299e+00
3.764440417507836312e+00
3.766876948355851962e+00
3.805694806423813858e+00
3.729393407369037572e+00
3.720391815332932950e+00
3.718370000411676202e+00
3.679604840059508497e+00
3.738558530635010424e+00
3.773801725975071353e+00
3.663602994778424993e+00
3.769816068563194733e+00
3.693700225667944981e+00
3.752097402805860682e+00
3.672427745364382989e+00
3.732540972200848017e+00
3.688015215889498322e+00
3.747344261050315151e+00
3.765473577765910740e+00
3.802421738034320153e+00
3.789832392522668236e+00
3.879719311323506226e+00
3.998451817299545130e+00
4.156350737231240267e+00
4.172447265461252108e+00
3.966107736075806578e+00
3.915261871511452441e+00
3.864241149030360756e+00
3.765265611576207760e+00
3.802705699114941051e+00
3.831411640375065542e+00
4.004053351947697514e+00
4.008089953405491457e+00
4.026672228805057152e+00
4.049258138943084617e+00
3.997166994527729500e+00
3.891297030034452931e+00
3.954954888189579520e+00
3.968133784715214940e+00
3.907341167915464819e+00
3.931400017263555924e+00
3.881921149094584411e+00
3.884268525386898485e+00
3.796777698297727710e+00
3.783436538361285795e+00
3.836701804887404865e+00
3.749689870519360202e+00
3.644723964702458741e+00
3.728378958045353020e+00
3.801532245214604977e+00
3.806681036034591070e+00
3.774302834945718832e+00
3.863334809420341465e+00
3.910300304519300330e+00
3.851630693840098374e+00
3.891751053669125326e+00
3.855089389743939332e+00
3.871752002262839554e+00
3.786241422657816269e+00
3.838797764472592355e+00
3.781718054089623138e+00
3.909492603762671603e+00
3.952271428023859112e+00
3.880412381124004106e+00
3.904983459841885107e+00
3.899848897225281164e+00
3.789929356248813441e+00
3.924641929647597394e+00
3.788568856244856065e+00
3.763368553498582347e+00
3.825432346097772829e+00
3.768436620851680630e+00
3.736978102529264767e+00
3.797577884223955369e+00
3.829175625630329982e+00
3.730553611744495068e+00
3.709485486960729439e+00
3.853348013453805621e+00
3.854511648954800584e+00
3.755165898207817765e+00
3.769549461371095589e+00
3.779102851977779842e+00
3.693441092702937301e+00
3.748038170085643994e+00
3.825977350147360401e+00
3.808410848153365613e+00
3.803969530288965117e+00
3.828108401826780582e+00
3.908420640792566125e+00
3.834727679621051877e+00
3.706266450733325168e+00
3.800840922796113741e+00
3.961061958661100224e+00
4.039653648271242403e+00
4.028015792529417105e+00
3.972132813731334977e+00
3.847199478360963099e+00
3.853237768715719103e+00
3.789796788953385231e+00
3.846835446234163403e+00
3.727646471775278414e+00
3.804006171356109522e+00
3.804688713353563401e+00
3.865837596430175882e+00
3.897051035854872225e+00
4.019172956407187414e+00
3.958231930644168006e+00
3.886088842293262680e+00
3.954403446808593792e+00
3.918923709746051198e+00
3.778785407320703005e+00
3.821579661891632895e+00
3.800849274243102371e+00
3.865199667063213163e+00
3.798719591692836239e+00
3.747268298893179139e+00
3.768753637174740767e+00
3.822681333813211513e+00
3.708755519223722263e+00
3.782176719138232723e+00
3.799662320235663859e+00
3.857778070158817130e+00
3.900200822740168771e+00
3.928040101868219836e+00
3.841670993670047274e+00
3.802276787962965088e+00
3.833887742920906394e+00
3.845327258033239382e+00
3.858501743629291880e+00
3.804061155145929352e+00
3.822023887588559710e+00
3.931719167855190822e+00
3.837313436148399592e+00
3.856406163301361545e+00
3.770959193890957017e+00
3.851395533567711471e+00
3.821561258125884653e+00
3.848559739639835442e+00
3.734942346997946139e+00
3.793752953497656843e+00
3.612965937098860714e+00
3.688611116689904268e+00
3.702040241579863444e+00
3.717013015245215879e+00
3.648596325499581017e+00
3.717881606516274751e+00
3.725719614561826987e+00
3.766523869603732422e+00
3.856713725283889893e+00
3.846777143870307558e+00
3.782743398297905291e+00
3.781843417793901985e+00
3.682468060393795373e+00
3.676729250994776432e+00
3.686116957034770714e+00
3.673737060945881705e+00
3.698122880255146683e+00
3.708909761153004858e+00
3.680701607625458838e+00
3.838507787262172677e+00
3.808159103244328492e+00
3.751105806115004437e+00
3.846423797345027928e+00
