1.666666666666666574e-01
5.342465753424657793e-01
9.885416666666666519e-01
1.328083430882196492e+00
1.523360655737704850e+00
1.762592270950933626e+00
1.872850859656137512e+00
1.928259604190919685e+00
1.964225909575277873e+00
2.035358405657345049e+00
2.007897334649555887e+00
2.106194690265486891e+00
2.076326458663846353e+00
2.117563739376770560e+00
2.120231422889170325e+00
2.173969310408578437e+00
2.133246608437093350e+00
2.084742745237671446e+00
2.113852661261896415e+00
2.124078403164898265e+00
2.167128347183748804e+00
2.138252282466927667e+00
2.149336283185840912e+00
2.158659217877095138e+00
2.134860520968040021e+00
2.236826978348342543e+00
2.127165429278507602e+00
2.101037195994277518e+00
2.169618404235895692e+00
2.192601067887109068e+00
2.208049776395100139e+00
2.198790479906359785e+00
2.235143139190522987e+00
2.255889520714866148e+00
2.241372268735960738e+00
2.251276813074565730e+00
2.192814371257485018e+00
2.166507359969413127e+00
2.217652764306498714e+00
2.187144816774446276e+00
2.257154292575545451e+00
2.267067856401743242e+00
2.272405905593678721e+00
2.218037459283387580e+00
2.212984956452889840e+00
2.244258038745755801e+00
2.221157684630738594e+00
2.163450405248938502e+00
2.228759434875169365e+00
2.226152623211446802e+00
2.205766967438210990e+00
2.161149162861491835e+00
2.154504839910647895e+00
2.147949759881787823e+00
2.145397873120645560e+00
2.225573894896604177e+00
2.228948925261289737e+00
2.213163064833005844e+00
2.130898876404494491e+00
2.190979955456570316e+00
2.137635210742260483e+00
2.107461620849696349e+00
2.191450493240774566e+00
2.135825314581791368e+00
2.154140824516599828e+00
2.145007342143906204e+00
2.071542130365659595e+00
2.117062107466852972e+00
2.169320885960094980e+00
2.124220183486238422e+00
2.156073574940812421e+00
2.135980966325036423e+00
2.191842056248836101e+00
2.145525873342051248e+00
2.207863054928517865e+00
2.161839863713798771e+00
2.130928401391686489e+00
2.142596976871244063e+00
2.123344821331398347e+00
2.193919169447534401e+00
2.233859957089916026e+00
2.215327029156816341e+00
2.214453124999999911e+00
2.167400881057268691e+00
2.163789868667917560e+00
2.167605105105105068e+00
2.159578471960858170e+00
2.171084790374130602e+00
2.181939163498098910e+00
2.215800739443471556e+00
2.171738709052141836e+00
2.151200151200151289e+00
2.159305398263495768e+00
2.095789667218238783e+00
2.051784464660601603e+00
2.050641573994867350e+00
2.080208333333333215e+00
2.066316710411198798e+00
2.119192280200143053e+00
2.131559497413155757e+00
2.114987080103359229e+00
2.143415906127770665e+00
2.185192307692307878e+00
2.227961707219784593e+00
2.153574234092694439e+00
2.126598946576373272e+00
2.213111583832914508e+00
2.249181669394435534e+00
2.189745660072668354e+00
2.225498007968127467e+00
2.223998381222177301e+00
2.167949477008091375e+00
2.181906614785992016e+00
2.136878479554617183e+00
2.202514506769825964e+00
2.183491686460807379e+00
2.121570121951219523e+00
2.182664892605968632e+00
2.147827758554402333e+00
2.102059751345333183e+00
2.105655573740679909e+00
2.142486085343228375e+00
2.147342538301494130e+00
2.219430814524043338e+00
2.274624373956594336e+00
2.195925087466557013e+00
2.231557788944723786e+00
2.291152478560970707e+00
2.268017057569296391e+00
2.274920634920635010e+00
2.323855003255915097e+00
2.206882081409987428e+00
2.097556355370335357e+00
2.135490948985189430e+00
2.142536895198953850e+00
2.113569321533923517e+00
2.082631295931170357e+00
2.128135715574805964e+00
2.139629629629629548e+00
2.084690553745928376e+00
2.109249688112635912e+00
2.179257601193806959e+00
2.183452542045234868e+00
2.112586497101178296e+00
2.063118811881188286e+00
2.029047052828265585e+00
2.103191120360735411e+00
2.073641352451761399e+00
2.145071183997116382e+00
2.141419787590832957e+00
2.099725526075022941e+00
2.147712658460407820e+00
2.145331325301204739e+00
2.194204567261562211e+00
2.177964446180894686e+00
2.152311528870132218e+00
2.194294525828835773e+00
2.183365949119373983e+00
2.170760007735447861e+00
2.185866408518877257e+00
2.174825174825175012e+00
2.096623764223092490e+00
2.134161944799853661e+00
2.173970783532536366e+00
2.148028195846828137e+00
2.134719880082443400e+00
2.080028969762810043e+00
2.119000539277368311e+00
2.093359869730414324e+00
2.092048710601719375e+00
2.077512473271561078e+00
2.032023541630604058e+00
2.083000520923771415e+00
2.052180003502013683e+00
2.046907216494845194e+00
2.061541113601103259e+00
2.166878980891719930e+00
2.152182163187855934e+00
2.133047210300428986e+00
2.106973347937203478e+00
2.125952813067150782e+00
2.178578127930969721e+00
2.157974876284735277e+00
2.144196512282017686e+00
2.123756906077348017e+00
2.132371736352017599e+00
2.087151841868823077e+00
2.150759219088937080e+00
2.142246982358403162e+00
2.189694224235560593e+00
2.135779122541603847e+00
2.263695268014922490e+00
2.211831673104289298e+00
2.067680326348970699e+00
2.099666022148004796e+00
2.158928243714442807e+00
2.064864864864864646e+00
2.072084560734707814e+00
2.142036272221224724e+00
2.188650597836401701e+00
2.132086167800453680e+00
2.103492178974172511e+00
2.077304086325844512e+00
2.147191620010836299e+00
2.210162991371045216e+00
2.228611221647433194e+00
2.202933016250495424e+00
2.251848890665600678e+00
2.235615883306321106e+00
2.285626156693399302e+00
2.252433215986746617e+00
2.236975471315629349e+00
2.205631568510807217e+00
2.169648009232544528e+00
2.218441909916875954e+00
2.240910906911706135e+00
2.215172137710168077e+00
2.217020432453878254e+00
2.221115537848605381e+00
2.251010509296685669e+00
2.149373531714956709e+00
2.222093472383159352e+00
2.274216670079868940e+00
2.270450751252086619e+00
2.307610993657505105e+00
2.251623716739995729e+00
2.228791253290139718e+00
2.276356192425793346e+00
2.238664468260511242e+00
2.234507897934386200e+00
2.168561348490787744e+00
2.274396328078228002e+00
2.263454317897371837e+00
2.247128794093519399e+00
2.161144873554205148e+00
2.145324821629740697e+00
2.220224284609435550e+00
2.164391575663026313e+00
2.180076628352490609e+00
2.237916006339144115e+00
2.224242424242424132e+00
2.196269101012105374e+00
2.177010148321623539e+00
2.212448458668760942e+00
2.181871689228958022e+00
2.264200000000000212e+00
2.264644786040714397e+00
2.174517988471476926e+00
2.222482893450635544e+00
2.221956565052799260e+00
2.166246851385390304e+00
2.227396197128443944e+00
2.218109452736318321e+00
2.260658718933117761e+00
2.204838709677419573e+00
2.244674497312363126e+00
2.188552188552188582e+00
2.124648547328959580e+00
2.134685672514619714e+00
2.175943220022413360e+00
2.149164005260191690e+00
2.131409667340562475e+00
2.144799705990444671e+00
2.148319172515699815e+00
2.197470266188408683e+00
2.145632899452933451e+00
2.203546500660252594e+00
2.199148442035997686e+00
2.181330266436649623e+00
2.173214960332451984e+00
2.221602921391504726e+00
2.207447845583934587e+00
2.218451336063974821e+00
2.192433893070835804e+00
2.150281425891181986e+00
2.159246259006096569e+00
2.191140433553251832e+00
2.181766273315568938e+00
2.182367377760996874e+00
2.216024535173471310e+00
2.184857801691006962e+00
2.198631438889945056e+00
2.088876772082878919e+00
2.087510766580534138e+00
2.048813331089042400e+00
2.162543554006968627e+00
2.127574990964943957e+00
2.139430821550027062e+00
2.110321549120625306e+00
2.148860398860398924e+00
2.110300658245863659e+00
2.148299804165924698e+00
2.109019886363636243e+00
2.097099183602570971e+00
2.079568788501026777e+00
2.071005917159763232e+00
2.166813457812224897e+00
2.108151880511067056e+00
2.108334789446094870e+00
2.151515151515151381e+00
2.121141421392677806e+00
2.153598281417830496e+00
2.147223729426659400e+00
2.216753343239227458e+00
2.139315448658649199e+00
2.149524322383773001e+00
2.190897365026718280e+00
2.147779620416436330e+00
2.144147398843930574e+00
2.163964292220805330e+00
2.074845542806707854e+00
2.149964838255977284e+00
2.192443699981388328e+00
2.181406750895719338e+00
2.166977611940298587e+00
2.198014237542150529e+00
2.172971955580651038e+00
2.187183811129848277e+00
2.189962121212121193e+00
2.162450815064643095e+00
2.136131386861313874e+00
2.238077214231642742e+00
2.193265862203191752e+00
2.169245283018867987e+00
2.136430407638633788e+00
2.132839327670341678e+00
2.159136638009877540e+00
2.195975173970284189e+00
2.210414657666345040e+00
2.197759752800309219e+00
2.181126331811263253e+00
2.185164105482830799e+00
2.143549589858314786e+00
2.138736765242789328e+00
2.205484598046581368e+00
2.228880157170923582e+00
2.183005262132137858e+00
2.242489691733752011e+00
2.185607550137632860e+00
2.133096882583535692e+00
2.136023370458280279e+00
2.155235988200590036e+00
2.156413124533929970e+00
2.182142857142856940e+00
2.165317266051590916e+00
2.200721610330421463e+00
2.194107452339688180e+00
2.299193548387096886e+00
2.205518360722256155e+00
2.167785234899328728e+00
2.253380364491475607e+00
2.193285657528804222e+00
2.228818557106349463e+00
2.242923107809676964e+00
2.241442171359124824e+00
2.189638125370773292e+00
2.257392339749950239e+00
2.142329379739451589e+00
2.171246962048980933e+00
2.092781625956981362e+00
2.054683456960496812e+00
2.156361051883439739e+00
2.131675874769797474e+00
2.116304347826087007e+00
2.095212765957446877e+00
2.148733608765942105e+00
2.088700971572508003e+00
2.137838801711840375e+00
2.124546114742193126e+00
2.115509175962576371e+00
2.099288256227758165e+00
2.113167259786477015e+00
2.131150506512300868e+00
2.118896351424941038e+00
2.164461595001837768e+00
2.146850540439806387e+00
2.165921787709497170e+00
2.095255408107616901e+00
2.099646643109540634e+00
2.132471728594507177e+00
2.157622739018087987e+00
2.123209695189129498e+00
2.107380140061052121e+00
2.072570725707257200e+00
2.060981912144702832e+00
2.055422511118713658e+00
2.137032441056550436e+00
2.141773089024615828e+00
2.205938697318007513e+00
2.265301986218078767e+00
2.237753638040582249e+00
2.284888521882741497e+00
2.249170812603648262e+00
2.202163895011020056e+00
2.183057448880233675e+00
2.290655339805825363e+00
2.292967920118971659e+00
2.284228401613245474e+00
2.295057520238602322e+00
2.286780383795309124e+00
2.287711864406779760e+00
2.247715946843853896e+00
2.193895870736086273e+00
2.166890982503364871e+00
2.229476153244722259e+00
2.321421107628004243e+00
2.251951888584089456e+00
2.237308868501528991e+00
2.277582281101221184e+00
2.195206175096485968e+00
2.226759167492566860e+00
2.269577695776957782e+00
2.304559915164368977e+00
2.286047993204502138e+00
2.271455418667780446e+00
2.221435793731041386e+00
2.222839016653449740e+00
2.170001942879347112e+00
2.155094339622641630e+00
2.201491110686293329e+00
2.206754368741409955e+00
2.148964723926380493e+00
2.202645705521472319e+00
2.237308381445351380e+00
2.260240472793968003e+00
2.212979706650592515e+00
2.197394010112796447e+00
2.288786173633440502e+00
2.254440313919867656e+00
2.280337309749074670e+00
2.333686890114552437e+00
2.228292480265891218e+00
2.279226069246435671e+00
2.228327228327228404e+00
2.185206869633099291e+00
2.154295403165034095e+00
2.197015489233093977e+00
2.180637769715485952e+00
2.126960693854954787e+00
2.140633484162895783e+00
2.112389857939219517e+00
2.135802469135802628e+00
2.224297302395774167e+00
2.199766355140186924e+00
2.138675173578532540e+00
2.169765712160654392e+00
2.153068862275449025e+00
2.171851574212893432e+00
2.164685908319185170e+00
2.135722242851838093e+00
2.119476268412438635e+00
2.102904266762280372e+00
2.077666490950623945e+00
2.206661759293338410e+00
2.164462334675100852e+00
2.167703033729037276e+00
2.205808809386420322e+00
2.368043844856661195e+00
2.252789699570815429e+00
2.307740585774058495e+00
2.242405326674989485e+00
2.215187337206972362e+00
2.272838250254323622e+00
2.250777202072538952e+00
2.220876236624268252e+00
2.211091234347048129e+00
2.191663420335021595e+00
2.178756975177987165e+00
2.235789886319090591e+00
2.266055045871559592e+00
2.266831887649731314e+00
2.280074797423644384e+00
2.277489087507794441e+00
2.245395006139991878e+00
2.288097199341021515e+00
2.192091529506222436e+00
2.234405649274225247e+00
2.215904572564612263e+00
2.176128657236969577e+00
2.241311604162576021e+00
2.262395429504182598e+00
2.288301415487094204e+00
2.311144193960017024e+00
2.348412353197042002e+00
2.267590618336886799e+00
2.286395686437162844e+00
2.246106557377049118e+00
2.230431309904153281e+00
2.175241779497098626e+00
2.220443587270974017e+00
2.232107552392249783e+00
2.152111599464934244e+00
2.148869693071126630e+00
2.137698340324639901e+00
2.129753108668228645e+00
2.148974777717292728e+00
2.145921173235563639e+00
2.087305838243171063e+00
2.129757479199858583e+00
2.074132769853847424e+00
2.153325013371367280e+00
2.193993199848885745e+00
2.165684970549116350e+00
2.185136157337367546e+00
2.208172706245181249e+00
2.210721247563352865e+00
2.280684104627766384e+00
2.288898146219537466e+00
2.223510270490136165e+00
2.205801646413171113e+00
2.198683191324554809e+00
2.147075418469061692e+00
2.094667143879742177e+00
2.163564070124706529e+00
2.196783349101230076e+00
2.087725697610796960e+00
2.146927871772039254e+00
2.181784317377537530e+00
2.138384586884030991e+00
2.188159111933395184e+00
2.161422453919195519e+00
2.183499815020347956e+00
2.194648577350668983e+00
2.195038818405604886e+00
2.158803863298662584e+00
2.137429558262134321e+00
2.107776988636363757e+00
2.133593196314670593e+00
2.109827616847343101e+00
2.101013631597343778e+00
2.200656096227446845e+00
2.228841334104492145e+00
2.188217291507268403e+00
2.200113700966458197e+00
2.165666041275797316e+00
2.192120985810306344e+00
2.122896854425749602e+00
2.180235720761559470e+00
2.218555534603054991e+00
2.210858344484802007e+00
2.213944603629417252e+00
2.247219512195122171e+00
2.274643645854246277e+00
2.220591152549097558e+00
2.207996924259900240e+00
2.231721470019342402e+00
2.144413145539906029e+00
2.162748314197193267e+00
2.096906116642958562e+00
2.139637260081000303e+00
2.126360878101017260e+00
2.156509195816804780e+00
2.140471869328493426e+00
2.141106505676698468e+00
2.132331902718168859e+00
2.163777537016973618e+00
2.103190162181429290e+00
2.146496815286624393e+00
2.157274868635622234e+00
2.143502620639797573e+00
2.196835908756438638e+00
2.152401987852015530e+00
2.136388043672811765e+00
2.235458093291209813e+00
2.155418072740907576e+00
2.186974021222100273e+00
2.142103347889374287e+00
2.105207785376117968e+00
2.159780102855116013e+00
2.202933531377645693e+00
2.197207020192489146e+00
2.197554092191909891e+00
2.154356235034076139e+00
2.133954154727793817e+00
2.168519182502689269e+00
2.180568285976168585e+00
2.176070575261900508e+00
2.248339973439574813e+00
2.263241106719367401e+00
2.262236370871468338e+00
2.238976377952755836e+00
2.306409483624673573e+00
2.264801959983666624e+00
2.221040189125295328e+00
2.253137254901960596e+00
2.173051010587102816e+00
2.258914728682170470e+00
2.193863591948407077e+00
2.170272812793979433e+00
2.158245419211548999e+00
2.148542086924628780e+00
2.205363840960239852e+00
2.198539304247549619e+00
2.141152340108148255e+00
2.234602994125450159e+00
2.239311163895486789e+00
2.282740501212610962e+00
2.253767820773930897e+00
2.279495524816924412e+00
2.203184079601990142e+00
2.192630775105001817e+00
2.201794578083237752e+00
2.238707165109034225e+00
2.198951863354037251e+00
2.224898824436307709e+00
2.254290787137502416e+00
2.202608018684312885e+00
2.228246189465560523e+00
2.213924542979385457e+00
2.241676459067763361e+00
2.272946374774051037e+00
2.219749652294853881e+00
2.269649574341714438e+00
2.200786627335300061e+00
2.129680870688064775e+00
2.148141497575866588e+00
2.139652677279305415e+00
2.225613181052237266e+00
2.203206490245315674e+00
2.190132827324478004e+00
2.164401415006516505e+00
2.121059268600252068e+00
2.191388432767743311e+00
2.120021822149481761e+00
2.079847908745247054e+00
2.140010487676979434e+00
2.157093676390650305e+00
2.145969498910675455e+00
2.093629003871876115e+00
2.118067666550401018e+00
2.115860120098905117e+00
2.087902523933855559e+00
2.102448341725994041e+00
2.055042735042734936e+00
2.060809675793717322e+00
2.108462867012089959e+00
2.211620568034156520e+00
2.204576304052743740e+00
2.271098726114649580e+00
2.207709207110045924e+00
2.201740812379110235e+00
2.272872552936476165e+00
2.265734265734265840e+00
2.222985255503938440e+00
2.188194038573933575e+00
2.179247085801643280e+00
2.181004948610582250e+00
2.107794361525704652e+00
2.146920289855072550e+00
2.135149963423555342e+00
2.055769905296387368e+00
2.108417041912019396e+00
2.029089664613278554e+00
2.079405304950160627e+00
2.128477760056707524e+00
2.140880961048416520e+00
2.104808211777417615e+00
2.092700087950747800e+00
2.153416261042004898e+00
2.144783010156971592e+00
2.189113355780022641e+00
2.197469325153374342e+00
2.201740812379110235e+00
2.214439024390244093e+00
2.222506897910918600e+00
2.171296296296296280e+00
2.203166730255627481e+00
2.195774374878852520e+00
2.265285799641505893e+00
2.260967609676096668e+00
2.239152371342078673e+00
2.209229565897536052e+00
2.268810800079412271e+00
2.248692152917505016e+00
2.287515250101667341e+00
2.326050420168067401e+00
2.244792740771293094e+00
2.173166023166023031e+00
2.128453796889295369e+00
2.135593220338983134e+00
2.118586293505561713e+00
2.158467961517516631e+00
2.119579023770640447e+00
2.171162960262486230e+00
2.118696522847260066e+00
2.214087117701575735e+00
2.276095617529880322e+00
2.248888888888888715e+00
2.240918163672654728e+00
2.249003189792663449e+00
2.248650809514291637e+00
2.233903020667726391e+00
2.256036719217720865e+00
2.243319268635724395e+00
2.192021900664841816e+00
2.219111969111969174e+00
2.216321749316673362e+00
2.241827491138243200e+00
2.263010408326661338e+00
2.214582920546859679e+00
2.238478132967248513e+00
2.267040898155573192e+00
2.182404692082111630e+00
2.270943692368059708e+00
2.198811881188118988e+00
2.133469843633656104e+00
2.092915628337486567e+00
2.134632576434829065e+00
2.126047358834243894e+00
2.197000937207122639e+00
2.187836797536566458e+00
2.275124875124875157e+00
2.178628389154705136e+00
2.241352201257861498e+00
2.294056525353283416e+00
2.260201935212452717e+00
2.246875640237656402e+00
2.165588869292573104e+00
2.129901505296413422e+00
2.171764267064528298e+00
2.125858548357156153e+00
2.163404726735598249e+00
2.078229448961156134e+00
2.108661139530781270e+00
2.107334525939176917e+00
2.161349468280161279e+00
2.164368033251464318e+00
2.187906620742441799e+00
2.156118947769729122e+00
2.162452830188679176e+00
2.161803713527851389e+00
2.141251405020606846e+00
2.135784223166451223e+00
2.155988857938718528e+00
2.202456342352715257e+00
2.174811666988603509e+00
2.158263836239575628e+00
2.202726051065463597e+00
2.239139099242726250e+00
2.236948603804127966e+00
2.251169412243237744e+00
2.276706077577266285e+00
2.271755084923464008e+00
2.291077831681080035e+00
2.273606729758149481e+00
2.240230357877416534e+00
2.242842639593908505e+00
2.272013228606862167e+00
2.279572147651006908e+00
2.196305318717011623e+00
2.197731273225112414e+00
2.152945691805795647e+00
2.170140204622963420e+00
2.115863864608517719e+00
2.175186567164179241e+00
2.149981039059537302e+00
2.093561918657669274e+00
2.087697496893307303e+00
2.055468614154060347e+00
2.052282016348773830e+00
2.080269290523045100e+00
2.133393177737881619e+00
2.180877093920572385e+00
2.122134535888763551e+00
2.136422374007753255e+00
2.209213051823416318e+00
2.189756671899528939e+00
2.132864474434517987e+00
2.181904221086504059e+00
2.139052691649229399e+00
2.178883402962400240e+00
2.153699101510227365e+00
2.168727411070952904e+00
2.192589733693554699e+00
2.231591448931116606e+00
2.229418886198547334e+00
2.213440320962888563e+00
2.207854026180087192e+00
2.179917952725141550e+00
2.138205225293449363e+00
2.127521747177493872e+00
2.224623697414125800e+00
2.225332259363673071e+00
2.221750555892460177e+00
2.120699596386700136e+00
2.090613130765056837e+00
2.106188340807174875e+00
2.068250310228682665e+00
2.045618247298919723e+00
2.031339511373209561e+00
2.073516840485553292e+00
2.045579635362916981e+00
2.036517328825021345e+00
2.070866141732283339e+00
2.142625607779578445e+00
2.140884493375629916e+00
2.165156662891657202e+00
2.180836707152496778e+00
2.177747625508819507e+00
2.124130148580026134e+00
2.128529519618628463e+00
2.132878732030961899e+00
2.156110283159463403e+00
2.143898336759484380e+00
2.132434429257480613e+00
2.145185185185185084e+00
2.160060116475671421e+00
2.202082529888160334e+00
2.250050170579971809e+00
2.255637556375563957e+00
2.279021558872305064e+00
2.316726733093067647e+00
2.320534943917170079e+00
2.270965023177412778e+00
2.222693317181505979e+00
2.186100837064434366e+00
2.118170031487312421e+00
2.163679590343818404e+00
2.128342245989304882e+00
2.158666178087211396e+00
2.101013758146270671e+00
2.132258064516129092e+00
2.193186072631973182e+00
2.203900366866190286e+00
2.130418465002814621e+00
2.179948109710896809e+00
2.156367041198501866e+00
2.183196107784431295e+00
2.179350920478269060e+00
2.203250478011472335e+00
2.168215437132562151e+00
2.171679432094152595e+00
2.203654358583936101e+00
2.177637855371112430e+00
2.195066413662238869e+00
2.204387990762124883e+00
2.193554575100709947e+00
2.077961829312207520e+00
2.148887318968562443e+00
2.180370370370370292e+00
2.264191290824261404e+00
2.207897334649555621e+00
2.178193499622071094e+00
2.189629352302508547e+00
2.190126248351234040e+00
2.169365345244742116e+00
2.165319617927994322e+00
2.165536205316223484e+00
2.194501207505108464e+00
2.103305038829691220e+00
2.153791887125220406e+00
2.141288696904247502e+00
2.080695652173913057e+00
2.067281879194630800e+00
2.094361917623227765e+00
2.093122233571671931e+00
2.077897938492733854e+00
2.118876327509421120e+00
2.071673525377228930e+00
2.201676176890156711e+00
2.132485719550396119e+00
2.080160670625218255e+00
2.141728134878819745e+00
2.191446028513238442e+00
2.126058152373941912e+00
2.153498463207376812e+00
2.157981349424026529e+00
2.162191982346450825e+00
2.148873832631386094e+00
2.116450683945284350e+00
2.130837789661319093e+00
2.084894101172763747e+00
2.068807339449541427e+00
2.052710843373493965e+00
2.096604414261459937e+00
2.150142146410803257e+00
2.155229357798165157e+00
2.249951783992285570e+00
2.164640030882069244e+00
2.190091949709138675e+00
2.142777571481619070e+00
2.125901875901875737e+00
2.136983842010772072e+00
2.096779900920028528e+00
2.136018371312489172e+00
2.116651825467497972e+00
2.158348294434470294e+00
2.238476190476190286e+00
2.192508206217416600e+00
2.196059859821935856e+00
2.171834142697048886e+00
2.078130511463844865e+00
2.055360428165244890e+00
2.026749306801500783e+00
2.124535943300708940e+00
2.126950354609928873e+00
2.116972477064220204e+00
2.124868097080548690e+00
2.140319715808170375e+00
2.178460978715663021e+00
2.205628517823639889e+00
2.245898475197838362e+00
2.204014668982821945e+00
2.219340072477589132e+00
2.094875973202969366e+00
2.177631578947368585e+00
2.207561295152535852e+00
2.204773631369577380e+00
2.253959057551178091e+00
2.321552604698672084e+00
2.200796019900497669e+00
2.188354240778880300e+00
2.248899942605701252e+00
2.214839209608678861e+00
2.243629343629343520e+00
2.236303372977188619e+00
2.204872434298868367e+00
2.220464939024390461e+00
2.280770743216673058e+00
2.334301119867275176e+00
2.288801163515478798e+00
2.172246951809560844e+00
2.135731068136634825e+00
2.122633162272164142e+00
2.136250885896527230e+00
2.142422615852567436e+00
2.123974313235818645e+00
2.162732023788069835e+00
2.110852851779009498e+00
2.166248656395556971e+00
2.140519905471732542e+00
2.164695177434031059e+00
2.167621511735354112e+00
2.155371900826446474e+00
2.201268420070882303e+00
2.190485216072782571e+00
2.196972563859981076e+00
2.158160403813797146e+00
2.128260869565217206e+00
2.212856613560577834e+00
2.208983998457682674e+00
2.160301034807149634e+00
2.179134954520141054e+00
2.200717522658610203e+00
2.196577946768060841e+00
2.228131021194605044e+00
2.264945382323733991e+00
2.253776435045317328e+00
2.228011093502377360e+00
2.280910189287152612e+00
2.235699797160243474e+00
2.197463414634146517e+00
2.238700841322637469e+00
2.171744614787502581e+00
2.220296553052185651e+00
2.199142634450506506e+00
2.152268021833239064e+00
2.192546583850931707e+00
2.275079617834395052e+00
2.246625766871165553e+00
2.103207547169811509e+00
2.142575676159770737e+00
2.164388622090875458e+00
2.113764813126709274e+00
2.139119451461566346e+00
2.134219632125295973e+00
2.142935477974776237e+00
2.237418363426815215e+00
2.154366306027820865e+00
2.174361861861861644e+00
2.199387676999617458e+00
2.141105451801546877e+00
2.201438848920863389e+00
2.139125496876774779e+00
2.181902985074626766e+00
2.212893263848677794e+00
2.213641709133673086e+00
2.194552529182879574e+00
2.255846214823622464e+00
2.215784215784215583e+00
2.143210816987240364e+00
2.182945154019534151e+00
2.154849688031764021e+00
2.143440341436258834e+00
2.192213192213192219e+00
2.217170731707317266e+00
2.154688700999231266e+00
2.236633854468249361e+00
2.210348929421094510e+00
2.224891689641591341e+00
2.279869733360472051e+00
2.252154288059089016e+00
2.164364909550671179e+00
2.154531946508172258e+00
2.184136508531783427e+00
2.199273977837218119e+00
2.242655699177438233e+00
2.288107887208826963e+00
2.229128580134064563e+00
2.180003875217980891e+00
2.182869054386962215e+00
2.128656053313587648e+00
2.095221238938052899e+00
2.134053479723747149e+00
2.115846016114592665e+00
2.102274731087991455e+00
2.114436619718309984e+00
2.118710134656272004e+00
2.146947595894111327e+00
2.215254237288135641e+00
2.211037699183832306e+00
2.137956888472352546e+00
2.149698409797112131e+00
2.130458515283842669e+00
2.108614232209737871e+00
2.174872355944565960e+00
2.056127886323268150e+00
2.130208333333333481e+00
2.195474777448071180e+00
2.183479253901789097e+00
2.180169971671388041e+00
2.217374665135859235e+00
2.182253737064009158e+00
2.179056603773585010e+00
2.249077132310083549e+00
2.198387731026346881e+00
2.163918893310593283e+00
2.170722575814301614e+00
2.169768753525098681e+00
2.178584941354521298e+00
2.237380627557981061e+00
2.278117359413203147e+00
2.227752945956928077e+00
2.215944881889763796e+00
2.260791724686691762e+00
2.214612781206450443e+00
2.304101838755304055e+00
2.297365119196988825e+00
2.320437342304457307e+00
2.286013839379324786e+00
2.354166666666666519e+00
2.304674099485420236e+00
2.274404145077720152e+00
2.198228346456692961e+00
2.256365060712886894e+00
2.226738394102410812e+00
2.236395899053627900e+00
2.225863422291993743e+00
2.231657209939346576e+00
2.289531846493871647e+00
2.305446262166079840e+00
2.262385321100917501e+00
2.162224352828379548e+00
2.220987189148455165e+00
2.173095192855785562e+00
2.148243516645208739e+00
2.157731015553522536e+00
2.107110872290883119e+00
2.150489759572573600e+00
2.143607388627308818e+00
2.110201175004450924e+00
2.099825479930192085e+00
2.150062155922571439e+00
2.116920322291853118e+00
2.130195381882770800e+00
2.148770788141721066e+00
2.146732204624067109e+00
2.147606868834490257e+00
2.184529356943150091e+00
2.193867834698152830e+00
2.193209994278085162e+00
2.217340816721501628e+00
2.176109083925485077e+00
2.222350897510133372e+00
2.226105845181674425e+00
2.200039070130884955e+00
2.303575035346394628e+00
2.211929967426709887e+00
2.204252828716347867e+00
2.343280510393085159e+00
2.300985432733504865e+00
2.289088628762541600e+00
2.370010787486515724e+00
2.243699273814609096e+00
2.225799959750452750e+00
2.178389996092223502e+00
2.196797221686281887e+00
2.188203337213814326e+00
2.195183530782676140e+00
2.167466871519108995e+00
2.187811422000766726e+00
2.156523392925066673e+00
2.216459330143540463e+00
2.201133698201720001e+00
2.201478024115130161e+00
2.189681923972071509e+00
2.211344211344211441e+00
2.218356918238993725e+00
2.266639855218178123e+00
2.238366185734606884e+00
2.184504010956759945e+00
2.210211946050096188e+00
2.201752677702044636e+00
2.229027176053564485e+00
2.252112676056337914e+00
2.209334657398212443e+00
2.187054517434020351e+00
2.244838332684067073e+00
2.194009397024275554e+00
2.195710455764074975e+00
2.148509281830114581e+00
2.105509542671948342e+00
2.160607704829082820e+00
2.253098373353989103e+00
2.226999999999999869e+00
2.157985446189199408e+00
2.184803001876172601e+00
2.196380952380952323e+00
2.175778283978739402e+00
2.226869699306091022e+00
2.127238454288407077e+00
2.136931715268973075e+00
2.116885452256788369e+00
2.205123445331353071e+00
2.184482758620689857e+00
2.226031377106333586e+00
2.206290291072475096e+00
2.142321395087193103e+00
2.228929384965831595e+00
2.209816190848650663e+00
2.195942028985507388e+00
2.214493315248982963e+00
2.208479874951152944e+00
2.161314984709480136e+00
2.164488424197162253e+00
2.196574690770694449e+00
2.093870789618994976e+00
2.179758860065765358e+00
2.097565440234303580e+00
2.181085043988269856e+00
2.133806765090637381e+00
2.130189366351056268e+00
2.168639053254437954e+00
2.171320754716981050e+00
2.229409479409479200e+00
2.255743651753325363e+00
2.151255596651742152e+00
2.124013942395890808e+00
2.091574437700820965e+00
2.177903994137046606e+00
2.230317273795534572e+00
2.256482982171799101e+00
2.271207430340557387e+00
2.255718112507727025e+00
2.238854145652612537e+00
2.141650671785028770e+00
2.122460186710598773e+00
2.107913669064748419e+00
2.160131916452913359e+00
2.130290149695065693e+00
2.139432753888380390e+00
2.095922399856295915e+00
2.125557339040485161e+00
2.165347081568771870e+00
2.094503899873027208e+00
2.100210970464134963e+00
2.138754263148447521e+00
2.169256381798002398e+00
2.176359872012045837e+00
2.109509034495345769e+00
2.115957446808510500e+00
2.147706753340556052e+00
2.132291477375976907e+00
2.143194192377495533e+00
2.125655396854094992e+00
2.213288665549971945e+00
2.202538949798038104e+00
2.143203883495145678e+00
2.209895052473763055e+00
2.187833714721586720e+00
2.244109694862881366e+00
2.336080774778487523e+00
2.173514160351017299e+00
2.124909222948438536e+00
2.019574755315558523e+00
2.023625843780135103e+00
2.116596461668070805e+00
2.125664657922722522e+00
2.079979090433873523e+00
2.136729691876750881e+00
2.086629331466573145e+00
2.213186017025901009e+00
2.234359868293627649e+00
2.246809346161398047e+00
2.196528447444551446e+00
2.140460829493087580e+00
2.166243194192377430e+00
2.175775480059084277e+00
2.102462699982023953e+00
2.142680339462517569e+00
2.114651949439202205e+00
2.128861429832303642e+00
2.199449035812672371e+00
2.157493492004462610e+00
2.137109868302363491e+00
2.177233692673122611e+00
2.200979468826520957e+00
2.200076146963639623e+00
2.157943751164089985e+00
2.126327154939715580e+00
2.114887590724022104e+00
2.075938418958657827e+00
2.086245099710243522e+00
2.174037089871612149e+00
2.105557560447492094e+00
2.084214174319875212e+00
2.096456352636127729e+00
2.120795914773727642e+00
2.162540953767746466e+00
2.221691808287187264e+00
2.144585144585144487e+00
2.216899283289324618e+00
2.193188377910332942e+00
2.177559501322251734e+00
2.217598778392823267e+00
2.164425080507672128e+00
2.140870837907062008e+00
2.058424621804903598e+00
2.027617000165371053e+00
2.040157351253892859e+00
2.081972731863322768e+00
2.117164309411559309e+00
2.155860574318222866e+00
2.170496664195700642e+00
2.194376297414606380e+00
2.288354531001589809e+00
2.240024306258861841e+00
2.209529388791251492e+00
2.280628480509148570e+00
2.167609756097561124e+00
2.170627552914964564e+00
2.110970311368573604e+00
2.132647632558964279e+00
2.178127286027798259e+00
2.081326912787587080e+00
2.167139815471966102e+00
2.154624011766868907e+00
2.155140870837906952e+00
2.161834862385321188e+00
2.133708272859216049e+00
2.077016901899285450e+00
2.144060361466924025e+00
2.173905042326095050e+00
2.190960451977401302e+00
2.223638470451911875e+00
2.212736862668490012e+00
2.188425302826379593e+00
2.239682232125557171e+00
2.229178972238629708e+00
2.237485218762317540e+00
2.274209784578216098e+00
2.313635414491542974e+00
2.223265306122448770e+00
2.198073217726396855e+00
2.185058778915434097e+00
2.220816561242093368e+00
2.188372537770128190e+00
2.191827468785470856e+00
2.173478997928046663e+00
2.234876128288842079e+00
2.245589692765113998e+00
2.222835732597121083e+00
2.189111196614082377e+00
2.185058778915434097e+00
2.259331639632597089e+00
2.238353413654618596e+00
2.254945054945054927e+00
2.168311085316308784e+00
2.120051085568326776e+00
2.170655947378037798e+00
2.127042408665320572e+00
2.214499812663919265e+00
2.106817759613598184e+00
2.203370994628635060e+00
2.197492767598842711e+00
2.180149168100975476e+00
2.174510542168674565e+00
2.175520931105687783e+00
2.175596916713668172e+00
2.190709969788519729e+00
2.246634146341463634e+00
2.243776140211113379e+00
2.243625498007967956e+00
2.200039070130884955e+00
2.175118708452041805e+00
2.110564663023679621e+00
2.190615835777125930e+00
2.209306779011873001e+00
2.144567046942210453e+00
2.118543758967001533e+00
2.053182364041859831e+00
2.130667126357524754e+00
2.157026291931097184e+00
2.149981664833149786e+00
2.132027566195139556e+00
2.142419325761673043e+00
2.188314104949758310e+00
2.199200913242008948e+00
2.224821186932147477e+00
2.116632671982199287e+00
2.117428924598269369e+00
2.082120582120582153e+00
2.080006794632240474e+00
2.108475159016675260e+00
2.105272315990951881e+00
2.137462502205752735e+00
2.176772302619527366e+00
2.136247256766642177e+00
2.162909090909090892e+00
2.146394756008739968e+00
2.079587196081861045e+00
2.148161120840630378e+00
2.174358974358974184e+00
2.205948795180722843e+00
2.183157099697885073e+00
2.236158839251622954e+00
2.218519953506393083e+00
2.256896889062805833e+00
2.287845192501511971e+00
2.334441213128375381e+00
2.264578611168349465e+00
2.216523101018010866e+00
2.132485719550396119e+00
2.187545388525780510e+00
2.161266568483063200e+00
2.234549234549234598e+00
2.155169155169155193e+00
2.309286412512218778e+00
2.285832814768720134e+00
2.232813749000799319e+00
2.210007727975270342e+00
2.250341730130833717e+00
2.311297584936553573e+00
2.223638939485934163e+00
2.155169155169155193e+00
2.138691452524148051e+00
2.159963436928701963e+00
2.159275683665927481e+00
2.107708933717579391e+00
2.118467514124293682e+00
2.191149467499081904e+00
2.153343294732910085e+00
2.177538917716827171e+00
2.251165501165500960e+00
2.220879556259904852e+00
2.212056600116301563e+00
2.242648490749756363e+00
2.195466873304920519e+00
2.235509339495474812e+00
2.176414373088685128e+00
2.227799961969956222e+00
2.141573033707865115e+00
2.091881465895142789e+00
2.154619181946403561e+00
2.174032642582064856e+00
2.094423659362194989e+00
2.136141209367353966e+00
2.128946434905995222e+00
2.206846055280981211e+00
2.177627880831928042e+00
2.196133110243539743e+00
2.225531107738998315e+00
2.187134502923976598e+00
2.177184912603495892e+00
2.194296228150873773e+00
2.201117318435754200e+00
2.151018922852983906e+00
2.214468864468864595e+00
2.115253016387538487e+00
2.120504840940525604e+00
2.160862648046667722e+00
2.143213839843053137e+00
2.189062781075733266e+00
2.157770942645196310e+00
2.197065748958522136e+00
2.167455405897342757e+00
2.185654772686107528e+00
2.229895755770662902e+00
2.115640150834979138e+00
2.182744684589703166e+00
2.186338797814207702e+00
2.161301924114368056e+00
2.164184397163120721e+00
2.148213342721351893e+00
2.231312217194570291e+00
2.201515991865409472e+00
2.192663882331578051e+00
2.200327213233957302e+00
2.226676519490116579e+00
2.224402092675635156e+00
2.211142061281337057e+00
2.274625166065666892e+00
2.215384615384615508e+00
2.289952153110047739e+00
2.216113020236731401e+00
2.180444282592862493e+00
2.182324411711873413e+00
2.205491907619567371e+00
2.163577469857837166e+00
2.063912310286677876e+00
2.116735366859027412e+00
2.078034202224805060e+00
2.154365816585036342e+00
2.147361086918655459e+00
2.088618298663960982e+00
2.114975041597337846e+00
2.141663825434708457e+00
2.099118942731277748e+00
2.101417848206839079e+00
2.124156545209176628e+00
2.215228245363765947e+00
2.189560439560439775e+00
2.167113494191242218e+00
2.137630662020905792e+00
2.096573731944911145e+00
2.206338150792269026e+00
2.145350908443177662e+00
2.116803278688524692e+00
2.189895470383275367e+00
2.170487106017191969e+00
2.217383414988205459e+00
2.172576832151300152e+00
2.217762440973483518e+00
2.251270468661772828e+00
2.171528803545051733e+00
2.130343377715487208e+00
2.134238569955311249e+00
2.123351036491348154e+00
2.197746082056700079e+00
2.261114237478897060e+00
2.168549731431746785e+00
2.209604621772883082e+00
2.176246600181323654e+00
2.197871572871572976e+00
2.179657965796579777e+00
2.158361411597800927e+00
2.144302913976618541e+00
2.083249073137849461e+00
2.203831549879185392e+00
2.264992503748125774e+00
2.205464071856287234e+00
2.245178041543026914e+00
2.136722960833632889e+00
2.232558139534883690e+00
2.179529282977558768e+00
2.196991404011461313e+00
2.202034883720930036e+00
2.213577981651376092e+00
2.211275415896488017e+00
2.181834695731153406e+00
2.225765072384093823e+00
2.276396327467482994e+00
2.258992805755395850e+00
2.297721916732128999e+00
2.270874554808072876e+00
2.265637216575449475e+00
2.234921244717633648e+00
2.281055900621117960e+00
2.294669594729486839e+00
2.225058456742011082e+00
2.188233103705083060e+00
2.240925333834869360e+00
2.249179695039567495e+00
2.260113347664647332e+00
2.229961089494163495e+00
2.210295519542421427e+00
2.187968515742129139e+00
2.173495754891103804e+00
2.217180205415499650e+00
2.189847140969994221e+00
2.180977054034048734e+00
2.182672811059907847e+00
2.163194444444444642e+00
2.093782929399367720e+00
2.101377785337642301e+00
2.075109464466150300e+00
2.090939541115391265e+00
2.117435282016115305e+00
2.132029339853300787e+00
2.148615056818181657e+00
2.064997427542445418e+00
2.099129269926322650e+00
2.079182846530474471e+00
2.154112554112554090e+00
2.144541718777916550e+00
2.176406926406926345e+00
2.257947839329906614e+00
2.147031279265779968e+00
2.204955365276006773e+00
2.194708403204769898e+00
2.180003662332905989e+00
2.268639726807057500e+00
2.123728500092472604e+00
2.124827109266943292e+00
2.180156194533191538e+00
2.199815837937384888e+00
2.200482643400779814e+00
2.287451737451737355e+00
2.343782223138791476e+00
2.351820491109229305e+00
2.229263370332997152e+00
2.214434947768280981e+00
2.166728212703101786e+00
2.200293201392706788e+00
2.206523765144454696e+00
2.263632872503840154e+00
2.276156442326781715e+00
2.212298112473243705e+00
2.192365550959006981e+00
2.193812896011926750e+00
2.171396977515665405e+00
2.181668496158068127e+00
2.154932126696832650e+00
2.182900432900432897e+00
2.193429987153606042e+00
2.133500807464561166e+00
2.167732764747690055e+00
2.152712899748472797e+00
2.154506437768240357e+00
2.110528156698146418e+00
2.156495890890015588e+00
2.132209405501330757e+00
2.202322627472327987e+00
2.194999066990110048e+00
2.228013646702046824e+00
2.246413338503296053e+00
2.254024342363564859e+00
2.257239190797302619e+00
2.229100946372239545e+00
2.247005694089927452e+00
2.221438369586517858e+00
2.241379310344827402e+00
2.185656448814343733e+00
2.186761672604537576e+00
2.201787751996957088e+00
2.218381927012937016e+00
2.209821428571428381e+00
2.227813536181002529e+00
2.241030723488602661e+00
2.334440523147187196e+00
2.325210265257709796e+00
2.158679657983694433e+00
2.171524039354000291e+00
2.121986851716581413e+00
2.102564102564102644e+00
2.173519289983698588e+00
2.096651583710407163e+00
2.226681531029357064e+00
2.179664933564413598e+00
2.196696411619517786e+00
2.145532871324217883e+00
2.153577981651376039e+00
2.165925925925925810e+00
2.166760142082632346e+00
2.205094088576316391e+00
2.188820591625047829e+00
2.155643489730544538e+00
2.223384030418250834e+00
2.166094584286804015e+00
2.112034694615106734e+00
2.133926981300088954e+00
2.119821428571428523e+00
2.102636203866432130e+00
2.173756308579668506e+00
2.136580007323324981e+00
2.108780661215783780e+00
2.133309633842872532e+00
2.084125307990144282e+00
2.049271926854046910e+00
2.057453936348408785e+00
2.104341856873176653e+00
2.164981949458483879e+00
2.165738678544914642e+00
2.174609084139984994e+00
2.233204633204633360e+00
2.307786885245901587e+00
2.239581194826524513e+00
2.190578158458244218e+00
2.233417623030538923e+00
2.214595660749506756e+00
2.239643211100099229e+00
2.242704769571342460e+00
2.200119236883942619e+00
2.218064263322883978e+00
2.189520841449162258e+00
2.113274008157211892e+00
2.137667998547039705e+00
2.115566037735848948e+00
2.143738656987296043e+00
2.091349605168700609e+00
2.187763326616596338e+00
2.171455756422454808e+00
2.218858465098341615e+00
2.242406194163192534e+00
2.208020545239036014e+00
2.213518265286188669e+00
2.145029462079452554e+00
2.269238300372038442e+00
2.232288273615635088e+00
2.142719938532462454e+00
2.155185185185185315e+00
2.161115269461078015e+00
2.183829138062547859e+00
2.181293302540415535e+00
2.170513065039099576e+00
2.135054246165357217e+00
2.145259656255775305e+00
2.146323393220966658e+00
2.140766808668272070e+00
2.148951956965312604e+00
2.115687351272194761e+00
2.203939962476547887e+00
2.169114804793196960e+00
2.208729388942773930e+00
2.220835809071103117e+00
2.207230343737653033e+00
2.208782591648696503e+00
2.310302282541640828e+00
2.210104744300677826e+00
2.239753282928770517e+00
2.244223753546818134e+00
2.254341164453523838e+00
2.254251178037287584e+00
2.291120815138282474e+00
2.232763943198188716e+00
2.197669826224328382e+00
2.200077851304009346e+00
2.211380524051623109e+00
2.312525751957148934e+00
2.209733965766137231e+00
2.179014740108611292e+00
2.185291858678955368e+00
2.178215926493108689e+00
2.217652764306498714e+00
2.217991714342079312e+00
2.213383339913146397e+00
2.177717285630954791e+00
2.119425265907818545e+00
2.113422575976845241e+00
2.166144200626959115e+00
2.212877030162412773e+00
2.152027676340572793e+00
2.252839796318057086e+00
2.169434559114274297e+00
2.245320197044335053e+00
2.248112630075494778e+00
2.186369958275382608e+00
2.161837590545177434e+00
2.145665605691818190e+00
2.163551401869158841e+00
2.203295650507760328e+00
2.213069849344551088e+00
2.208579299488390379e+00
2.190374539103435048e+00
2.163245914101102230e+00
2.177942012507106284e+00
2.203657362848893353e+00
2.177388289676425170e+00
2.196074658456801831e+00
2.275461106655974231e+00
2.216545012165449968e+00
2.181200233054962023e+00
2.234197094621122925e+00
2.143876567020250867e+00
2.090367965367965208e+00
2.150208371081717917e+00
2.115843583624013036e+00
2.142804766269477579e+00
2.172602223478424577e+00
2.185849238480817469e+00
2.170380330388014034e+00
2.158165207460982060e+00
2.206490245315820165e+00
2.161547433903577176e+00
2.186764422149334308e+00
2.152015355086372317e+00
2.183074265975820438e+00
2.160046278441959178e+00
2.184499710815500428e+00
2.156563706563706440e+00
2.131519274376417084e+00
2.205842522731669586e+00
2.149990247708211566e+00
2.145054110499335476e+00
2.196858029480217134e+00
2.250969189961232519e+00
2.248697102355639021e+00
2.176672730948049139e+00
2.210620170398256423e+00
2.146763722211292524e+00
2.125542760052860025e+00
2.218878248974008205e+00
2.109090909090908905e+00
2.210880430603614055e+00
2.145682396710397288e+00
2.190947940947940875e+00
2.172386587771203192e+00
2.104774535809018410e+00
2.125578810890905945e+00
2.132609102828245007e+00
2.122070129383086368e+00
2.161044406327425005e+00
2.109466894327451936e+00
2.199384141647421131e+00
2.157449320999803355e+00
2.156334231805929758e+00
2.107176492748163543e+00
2.081365782782419238e+00
2.138699576349235798e+00
2.144376899696048611e+00
2.148883374689826375e+00
2.076437847866419162e+00
2.113607305936072933e+00
2.173371647509578342e+00
2.182160555004955427e+00
2.277221526908635774e+00
2.233411563900149499e+00
2.194186765615337098e+00
2.151358857369569666e+00
2.179048742138364858e+00
2.196184738955823335e+00
2.153800475059382435e+00
2.111428571428571210e+00
2.184698608964451338e+00
2.167755991285403194e+00
2.183826429980276096e+00
2.215635048231511472e+00
2.130980392156862635e+00
2.210116731517509869e+00
2.313936327219059841e+00
2.286958414979316512e+00
2.276609442060085975e+00
2.292946776287321686e+00
2.305921052631578760e+00
2.274127087399696379e+00
2.279493779493779293e+00
2.250635593220339015e+00
2.167236868585228571e+00
2.205173775671406045e+00
2.287445163985794672e+00
2.214330478378943035e+00
2.154345261502162767e+00
2.164966313763233785e+00
2.135929744177166967e+00
2.094126366499907466e+00
2.115737344093910455e+00
2.110597373774736329e+00
2.181178707224334712e+00
2.202569169960474138e+00
2.193292319904743159e+00
2.137824831568816197e+00
2.116948208650454966e+00
2.157223264540337748e+00
2.135375307241444531e+00
2.161809235427706088e+00
2.115868544600938872e+00
2.113000548546352331e+00
2.036587510993843608e+00
2.099615519049283563e+00
2.084138918725384926e+00
2.104552816267770243e+00
2.069962520078529433e+00
2.170987313844456867e+00
2.187184466019417517e+00
2.216291024120205400e+00
2.145881895881895929e+00
2.200038543071882735e+00
2.211477362986497219e+00
2.162641215426567953e+00
2.151987825756134676e+00
2.177914110429447714e+00
2.176436335403726829e+00
2.141198858230256796e+00
2.116438356164383361e+00
2.148443291326908700e+00
2.121797252135165124e+00
2.186257808063600372e+00
2.163100057836899737e+00
2.150918386669191662e+00
2.185872894333843686e+00
2.182806132350087136e+00
2.161513347416938569e+00
2.235282574568288716e+00
2.310915566729520254e+00
2.245610323672519559e+00
2.244067103109656180e+00
2.259244042728019597e+00
2.301490657148855590e+00
2.264353312302838983e+00
2.102217936354869643e+00
2.206519690974185099e+00
2.258547440825409591e+00
2.225872270965109312e+00
2.170970266040688657e+00
2.165209125475285212e+00
2.161583633263875814e+00
2.252266456444619536e+00
2.192978936810431101e+00
2.281932093775262516e+00
2.334626158155570064e+00
2.264749733759318318e+00
2.224134440170074889e+00
2.262570965125709765e+00
2.201369311316955457e+00
2.102506546950991595e+00
2.194652206432311292e+00
2.194161442006269613e+00
2.161520648398301603e+00
2.143072006016168540e+00
2.178259217027746164e+00
2.231240126382306510e+00
2.326032013479359950e+00
2.193408856848609645e+00
2.166602687140115169e+00
2.206364513018322260e+00
2.203841630733045953e+00
2.206498336269328675e+00
2.177812137611132570e+00
2.181313421405322472e+00
2.186548467912892590e+00
2.194847956614371487e+00
2.169328458726188291e+00
2.129044323919955239e+00
2.146698813056379773e+00
2.106343967730106126e+00
2.138624725676664173e+00
2.148864905098622824e+00
2.162253521126760614e+00
2.217812197483059133e+00
2.160527336176812696e+00
2.190339275445658540e+00
2.201014832162373036e+00
2.099868840172381290e+00
2.102376273003394580e+00
2.154692082111437035e+00
2.100586295346280608e+00
2.090553977272727071e+00
2.099840113696926469e+00
2.128483532392327238e+00
2.170914542728635599e+00
2.168388825105243001e+00
2.105361131794489804e+00
2.108853410740203049e+00
2.020013922728854716e+00
2.017872056121596813e+00
2.068263473053892021e+00
2.088688263409452794e+00
2.095255147717099309e+00
2.088077336197637024e+00
2.105395232120451876e+00
2.115712988192552046e+00
2.195195763192737015e+00
2.210786250493876004e+00
2.203538064003180086e+00
2.246975806451612989e+00
2.199638118214716442e+00
2.271207177814029254e+00
2.253653444676409379e+00
2.269543464665416010e+00
2.319107870469654831e+00
2.241007194244604150e+00
2.314243448858833485e+00
2.298093587521663927e+00
2.210667769278478190e+00
2.162167449139280162e+00
2.095441067457375794e+00
2.103311735061195176e+00
2.152149740548554568e+00
2.120202209324096643e+00
2.165030211480362343e+00
2.173904651611657801e+00
2.253162015659506245e+00
2.245138601572196801e+00
2.226268412438625166e+00
2.187599681020733655e+00
2.076623376623376593e+00
2.098506401137980149e+00
2.078155599074238857e+00
2.092425048784814834e+00
2.065466737250750029e+00
2.084650509308043631e+00
2.153197727689206697e+00
2.174037909247558797e+00
2.205934368245234811e+00
2.180692095949665621e+00
2.283703854782785925e+00
2.205549845837615486e+00
2.218007586344579618e+00
2.165522651500294327e+00
2.096833919644510491e+00
2.135989764211295938e+00
2.140540540540540437e+00
2.202461065179773136e+00
2.139915319476520583e+00
2.200846479415159873e+00
2.199050257222002536e+00
2.169428738545525537e+00
2.152119700748129638e+00
2.214790113770106039e+00
2.178840809845176807e+00
2.187070151306739874e+00
2.151673437802283040e+00
2.152833428734974408e+00
2.194206842923794643e+00
2.160836427594293507e+00
2.175911559348332247e+00
2.133588516746411479e+00
2.096150303923374647e+00
2.023174769123540884e+00
2.022322927156764205e+00
2.088311688311688119e+00
2.115119651921682387e+00
2.143230625583566695e+00
2.183150183150182944e+00
2.160116731517509603e+00
2.229761904761904834e+00
2.207265388496468361e+00
2.145962732919254545e+00
2.100278035217794326e+00
2.054726368159204064e+00
2.150619985412107749e+00
2.163874446370113613e+00
2.227363382528919189e+00
2.193443949817887706e+00
2.207358528294341316e+00
2.182827681935355812e+00
2.189471608832807448e+00
2.202305246422893603e+00
2.201234076433121079e+00
2.149776308111262413e+00
2.197552447552447497e+00
2.152961808261886212e+00
2.169553502694380409e+00
2.209696491919590056e+00
2.254098360655737654e+00
2.366358432408630641e+00
2.306150033791394272e+00
2.276093546990038963e+00
2.237234713175036749e+00
2.240008240626287783e+00
2.255659397715472636e+00
2.234501347708894858e+00
2.194939271255060831e+00
2.255823457294646506e+00
2.328927410617551264e+00
2.265141612200435528e+00
2.181076672104404590e+00
2.165073170731707464e+00
2.187512233313760213e+00
2.221777421937550123e+00
2.230409118664766766e+00
2.241082410824108084e+00
2.205091649694501221e+00
2.226034308779011095e+00
2.250515889393314151e+00
2.235817805383022883e+00
2.182237369687249462e+00
2.182883939038687160e+00
2.180732328177012125e+00
2.232046409281856381e+00
2.208873581847649703e+00
2.133397870280735908e+00
2.163729391699829474e+00
2.157080068794190897e+00
2.177773497688751725e+00
2.206760229294327136e+00
2.198840927258193467e+00
2.212702216896345053e+00
2.144277636966270162e+00
2.175712086220169539e+00
2.278141629144494473e+00
2.264661974834719427e+00
2.320139190952588137e+00
2.213619007212558554e+00
2.262962197892997462e+00
2.279405520169851318e+00
2.322045007646930337e+00
2.312140008861320428e+00
2.232830108441420158e+00
2.193470374848851101e+00
2.185581303228361971e+00
2.177302179462006659e+00
2.272448979591836782e+00
2.166022380467955255e+00
2.183809151349237254e+00
2.124088991177598640e+00
2.155736155736155624e+00
2.166216216216216406e+00
2.192269962723170540e+00
2.262920426579163369e+00
