1.666666666666666574e-01
3.609022556390977243e-01
4.803611738148984012e-01
5.759230369214768386e-01
6.503401360544217580e-01
7.068136380828875520e-01
7.446650584524030503e-01
7.643685824776637050e-01
7.900901540427344161e-01
7.986116294692842121e-01
8.116977941741603253e-01
8.417706040596723005e-01
8.507615950710251118e-01
8.444749957037291921e-01
8.810994717521711816e-01
8.506722006676892267e-01
8.563370350784417218e-01
8.417995839112344392e-01
8.454483113320760967e-01
8.548874126477439273e-01
8.571553304810967111e-01
8.501303214596003244e-01
8.636044264886703070e-01
8.632554822606525180e-01
8.575851393188854699e-01
8.349282296650717416e-01
8.537687585266030554e-01
8.498743174135390266e-01
8.631976131976132338e-01
8.530086465502029203e-01
8.510805158591844277e-01
8.540280210157618068e-01
8.442912537699267528e-01
8.528172043010752157e-01
8.683393917900522618e-01
8.714776011560693147e-01
8.564010743061772901e-01
8.639455782312924770e-01
8.552143991529910227e-01
8.582981715893108765e-01
8.246059989832231762e-01
8.450715950715950164e-01
8.336414048059149762e-01
8.393243468131136309e-01
8.331810251723851257e-01
8.374172185430464044e-01
8.714880332986472133e-01
8.745802704419638474e-01
8.590616045845271831e-01
8.715178571428571219e-01
8.699774266365688513e-01
8.551987903584452599e-01
8.674538352272727071e-01
8.686322243260301557e-01
8.513142755996105926e-01
8.396613648024627841e-01
8.560013746885470898e-01
8.677884615384615641e-01
8.649883533416949932e-01
8.657568459548657946e-01
8.640819964349376603e-01
8.610274579273693440e-01
8.387540870762347778e-01
8.467952497262697387e-01
8.249297404529674083e-01
8.492254162869687928e-01
8.551617873651772284e-01
8.466740861227635140e-01
8.574120065085210074e-01
8.234264276781992908e-01
8.399345335515547850e-01
8.386183936745734702e-01
8.394815553339980418e-01
8.303189740217034043e-01
8.376265327956546880e-01
8.362340460798939334e-01
8.409775694676933089e-01
8.500934261933073000e-01
8.474025974025973795e-01
8.464934623875021158e-01
8.590685215588006463e-01
8.489619377162629377e-01
8.536879249505120448e-01
8.539219073946094918e-01
8.587088915956151425e-01
8.443010752688172582e-01
8.438082331018126325e-01
8.477018845399505453e-01
8.453741087535434628e-01
8.590112477112215039e-01
8.538021978021977931e-01
8.610569249866997232e-01
8.646346929627969358e-01
8.762670075792164948e-01
8.802228412256267731e-01
8.690125276344878857e-01
8.729069448256930874e-01
8.680073126142595630e-01
8.489890857040615080e-01
8.482026286012708249e-01
8.279204216969903163e-01
8.348922665775847518e-01
8.286835950551286745e-01
8.183693678824888185e-01
8.216628402755001837e-01
8.288303267104497607e-01
8.417247831263819924e-01
8.333761892517356218e-01
8.216401101192959411e-01
8.402122641509434109e-01
8.395231151899820166e-01
8.376355188435725685e-01
8.463143254520166803e-01
8.598406873713416720e-01
8.616392249613390453e-01
8.676999723221698879e-01
8.697839046199702384e-01
8.550898203592813829e-01
8.598928538999364157e-01
8.551774740897001292e-01
8.552475066337267284e-01
8.584705990613784587e-01
8.566581071166544659e-01
8.556964334579950648e-01
8.537408759124087698e-01
8.333185013793716900e-01
8.283685486664357223e-01
8.402899056933287314e-01
8.228393996894945994e-01
8.379864272828795313e-01
8.531865790875199362e-01
8.524426719840478839e-01
8.579115367077063681e-01
8.679245283018868218e-01
8.579661647146309411e-01
8.605170169239352296e-01
8.561510691474590873e-01
8.475180546667885340e-01
8.449096953904213780e-01
8.441150044923629858e-01
8.404179317735309684e-01
8.559051527587778763e-01
8.612016767582673094e-01
8.485550203779177458e-01
8.741206265828721511e-01
8.676315537237611064e-01
8.442759385981135623e-01
8.585258927755959890e-01
8.518824609733700592e-01
8.601366322008862086e-01
8.620882188721384898e-01
8.451477179182291799e-01
8.441721084175686229e-01
8.191517043976059842e-01
8.260313672008182673e-01
8.274435442165144483e-01
8.234033433347620612e-01
8.262762506402595575e-01
8.343430846460100359e-01
8.404058226731363490e-01
8.425876490478733105e-01
8.459461891478449180e-01
8.465091007878293716e-01
8.581931807738258922e-01
8.500511294970716225e-01
8.480234797762083998e-01
8.459206174200661899e-01
8.362960275711953662e-01
8.415584415584415057e-01
8.434283632389106833e-01
8.569318811150082871e-01
8.403962575674188695e-01
8.521049753963915174e-01
8.583643122676579695e-01
8.616941529235382369e-01
8.601655068647733327e-01
8.556114839671886685e-01
8.455128205128205066e-01
8.521088186963666766e-01
8.274506299705119972e-01
8.242439906952701012e-01
8.249486652977412460e-01
8.110803788450255958e-01
8.160271815695698816e-01
8.144803946158347685e-01
8.373684660792197754e-01
8.251724137931034653e-01
8.378494623655914353e-01
8.309552810161823233e-01
8.302033751622673874e-01
8.385457731055628861e-01
8.431460272011452872e-01
8.548416620904265573e-01
8.354636932281751527e-01
8.482094655389598170e-01
8.486685032139578144e-01
8.556259314456036158e-01
8.780181572339192941e-01
8.741375911689335254e-01
8.481879577665747405e-01
8.487200813233527485e-01
8.436494067874551472e-01
8.436956322681072873e-01
8.398173515981735004e-01
8.591052533877854280e-01
8.614171732522796221e-01
8.461109043542984764e-01
8.396981269321694974e-01
8.461190109591522068e-01
8.518892149669845537e-01
8.292114695340502273e-01
8.514505730659025495e-01
8.633193863319386097e-01
8.729434141702330230e-01
8.550970416431128429e-01
8.549385567772336270e-01
8.660514541387024368e-01
8.640007545034423808e-01
8.547532757178700757e-01
8.633960864323472206e-01
8.538909965762931931e-01
8.689437534806014884e-01
8.455591348366313653e-01
8.407489968791796997e-01
8.337737843551796812e-01
8.225541835765477483e-01
8.342940720984255432e-01
8.420218386755899953e-01
8.455823113418673431e-01
8.438173975557152762e-01
8.323124722592099012e-01
8.341955282770714408e-01
8.442579505300353837e-01
8.331573389651530936e-01
8.445437029252058636e-01
8.432914972600318304e-01
8.543750563215283256e-01
8.782934833567744848e-01
8.638253638253637900e-01
8.665732959850607209e-01
8.658134939305542899e-01
8.731822474032105985e-01
8.629851029509441052e-01
8.508837209302325677e-01
8.564896892787160487e-01
8.644164217312979570e-01
8.586177229710352243e-01
8.355924389119410156e-01
8.501051092221917349e-01
8.312779757011052872e-01
8.345111369532158818e-01
8.334370278197493764e-01
8.468783638320774854e-01
8.230551125287967063e-01
8.304717308359348404e-01
8.322311172989905748e-01
8.273887008591512826e-01
8.502744820258544278e-01
8.471845011768965872e-01
8.475352428840801089e-01
8.460645046010899506e-01
8.269364968597348042e-01
8.163901288638086839e-01
8.284288855065110591e-01
8.392825896762904359e-01
8.462363668871804023e-01
8.469782941547329136e-01
8.299127983792830010e-01
8.233933161953727042e-01
8.477843684577809347e-01
8.678703703703704031e-01
8.498696947133284052e-01
8.504398826979472359e-01
8.496529046401168905e-01
8.375090122566690720e-01
8.274861514112371585e-01
8.289988692702444650e-01
8.449831888161387639e-01
8.361601989166148607e-01
8.273368760344977924e-01
8.356746444675684504e-01
8.412236621705015960e-01
8.391888286044649758e-01
8.234886540793348031e-01
8.381944444444444642e-01
8.546195652173913526e-01
8.458367683429514061e-01
8.688219992567818295e-01
8.576398683591913708e-01
8.521827224166512726e-01
8.539871677360220126e-01
8.480943738656987474e-01
8.648175451529671598e-01
8.543132173269160079e-01
8.483777415261917199e-01
8.564965617082881399e-01
8.528767123287671614e-01
8.417207792207792583e-01
8.406764574988874195e-01
8.492656996125776958e-01
8.576411197797154662e-01
8.584704023789611060e-01
8.532764853091111545e-01
8.502344396432840457e-01
8.339146766836598168e-01
8.359485190409027267e-01
8.446993458195178883e-01
8.431266359779763242e-01
8.323417103276795626e-01
8.418811002661934495e-01
8.436210299659070433e-01
8.509729041643935288e-01
8.446302017081591673e-01
8.362657091561939149e-01
8.522180894493331937e-01
8.527210570082232044e-01
8.605086013462976968e-01
8.622095779990517350e-01
8.444736101996812572e-01
8.552521204212880646e-01
8.698327244760623023e-01
8.537450848758032507e-01
8.607115821347464113e-01
8.528154971037887888e-01
8.545199063231849745e-01
8.559377636142093682e-01
8.620885895855069370e-01
8.551684967815221805e-01
8.428479203172554168e-01
8.508964507866813021e-01
8.406468610883982562e-01
8.351353766419443714e-01
8.304409420931467833e-01
8.281538867858085906e-01
8.260793720017444164e-01
8.538170005414185137e-01
8.431102542917470188e-01
8.319679430097951522e-01
8.353420772775611569e-01
8.343231982980232608e-01
8.364022662889518678e-01
8.418845364504328188e-01
8.281056175793017893e-01
8.174718956491890953e-01
8.329316577724220627e-01
8.382547377699427482e-01
8.407213289508750353e-01
8.362682319459266989e-01
8.326415260973240029e-01
8.229012935150620267e-01
8.241050733968581232e-01
8.236952250790126051e-01
8.223380618697658795e-01
8.449043751637411725e-01
8.495902008466180710e-01
8.356874664759520455e-01
8.524707354123849390e-01
8.648873291466567803e-01
8.559770008346471171e-01
8.481973434535103884e-01
8.689788053949903945e-01
8.475754803293686912e-01
8.555515630614445310e-01
8.393602843180808515e-01
8.322552824493315571e-01
8.244404731512211537e-01
8.306547115547284754e-01
8.496988740507986915e-01
8.407440212577502736e-01
8.464521815777875657e-01
8.371115973741793947e-01
8.250791206911298747e-01
8.508450949642795136e-01
8.353127474267616481e-01
8.331456293857749662e-01
8.462751971954426411e-01
8.425064255960293957e-01
8.493455613925741110e-01
8.581605049594228651e-01
8.518821603927987374e-01
8.434036467643903912e-01
8.479914109331663230e-01
8.444264069264069139e-01
8.335718118404579213e-01
8.410956459671663499e-01
8.462437095614665505e-01
8.645765698914757991e-01
8.445479962721341716e-01
8.372281143268021086e-01
8.498408367439744815e-01
8.437728268809350229e-01
8.463847203274215136e-01
8.308148947652455041e-01
8.565099457504520286e-01
8.649387370405278164e-01
8.574407582938388117e-01
8.713641163482768182e-01
8.607314725697786661e-01
8.538374717832957206e-01
8.732112192329708478e-01
8.784167728029783628e-01
8.786374019267056967e-01
8.618881118881118741e-01
8.374361356247097543e-01
8.186451102715051054e-01
8.167762876911249803e-01
8.187159400544958832e-01
8.359885087490206423e-01
8.586659376708584146e-01
8.627839034963716847e-01
8.726577437858508146e-01
8.688745547318763585e-01
8.496022461394477920e-01
8.594719777674849626e-01
8.526619508562919281e-01
8.329719963866305532e-01
8.401387776888177283e-01
8.323997510447230797e-01
8.370251756961124556e-01
8.340448239060832547e-01
8.364735158194098741e-01
8.373338092263763466e-01
8.401871681814091497e-01
8.450896514062072873e-01
8.516706664205280219e-01
8.583787850291517696e-01
8.495884968309526108e-01
8.345760839547086141e-01
8.564269141531322127e-01
8.548310328415040793e-01
8.462412421889793368e-01
8.573318216175358497e-01
8.684337815613814016e-01
8.702559576345983983e-01
8.433368210786644781e-01
8.496719948258338873e-01
8.373382624768946902e-01
8.308570393187171277e-01
8.448826805441431720e-01
8.359064435610612520e-01
8.357083754711777113e-01
8.394537737589961024e-01
8.199909132212630514e-01
8.244418542096296765e-01
8.238276299112801127e-01
8.447336841133573637e-01
8.464454976303317224e-01
8.496993987975951512e-01
8.448803827751195650e-01
8.559044500096320007e-01
8.598769651401230174e-01
8.640642029129099733e-01
8.449213439502816225e-01
8.509537045912010100e-01
8.514009661835748588e-01
8.609562921677911262e-01
8.594658519759534876e-01
8.669995007488766614e-01
8.572713643178411225e-01
8.601175650094650127e-01
8.455882352941176405e-01
8.506518777972368328e-01
8.588630082905645002e-01
8.417919187975795303e-01
8.639522364686307299e-01
8.516789191337175158e-01
8.568606144423589477e-01
8.508552565769731402e-01
8.688974776240846465e-01
8.618054121049369964e-01
8.418988232927687720e-01
8.539225422045679803e-01
8.415506958250497105e-01
8.390488356097081102e-01
8.431430543231785979e-01
8.299892336302241436e-01
8.425970991920568309e-01
8.349332013854527945e-01
8.228254524226503719e-01
8.400863337584616453e-01
8.653826452207765696e-01
8.644371769173962994e-01
8.737895072895605075e-01
8.371352240032881031e-01
8.464668519253671919e-01
8.514841556357801711e-01
8.463541666666666297e-01
8.537976583608526404e-01
8.426496916650089153e-01
8.385330073349632762e-01
8.444770283479960948e-01
8.431411139539460864e-01
8.439980401763841344e-01
8.520874751491053223e-01
8.216226708074534368e-01
8.106416275430360363e-01
8.290169869117237633e-01
8.336338616304450611e-01
8.275698270948128599e-01
8.256603773584905159e-01
8.404193920738746160e-01
8.759279975592393352e-01
8.567873068547132709e-01
8.494375251104860913e-01
8.494077834179356579e-01
8.569437531110004613e-01
8.558340883922279652e-01
8.278672617892489649e-01
8.381990521327014054e-01
8.384342319869518834e-01
8.443414445731942664e-01
8.374109034868041368e-01
8.356878733289087036e-01
8.487427466150870847e-01
8.555326864647652130e-01
8.681868186818681998e-01
8.627431321435733436e-01
8.417820237863131716e-01
8.294719069505674947e-01
8.431280510702215958e-01
8.378711697182430473e-01
8.494890650367682428e-01
8.565561748313288426e-01
8.416747809152872462e-01
8.455875322688594098e-01
8.453548759376803279e-01
8.430600883086964981e-01
8.496587522829952555e-01
8.508611565476763561e-01
8.460803972118781102e-01
8.418425018839487128e-01
8.404781918371159177e-01
8.311387240356082895e-01
8.331951736207054982e-01
8.524404086265606750e-01
8.410049865746068720e-01
8.545034642032333094e-01
8.432400932400931914e-01
8.464810518174786802e-01
8.488315718025792878e-01
8.673600792471520826e-01
8.547229972100438555e-01
8.613851617995263998e-01
8.565363349131122073e-01
8.595988538681947899e-01
8.625148045795499874e-01
8.646795827123695544e-01
8.632275916592548892e-01
8.736115280696487018e-01
8.746958637469586240e-01
8.775302614179635308e-01
8.742036606330265691e-01
8.739706768427395467e-01
8.822515212981744126e-01
8.640177939540997221e-01
8.730269730269730744e-01
8.793033616848926481e-01
8.628732281089775968e-01
8.454273874915678721e-01
8.553020902930228431e-01
8.601898053028079749e-01
8.389404485692188995e-01
8.388378915491624399e-01
8.298925735637552314e-01
8.324665676077266374e-01
8.388316476037432912e-01
8.294106571267181316e-01
8.185260435906908105e-01
8.154000730727073432e-01
8.437941093441234663e-01
8.436652460286711008e-01
8.283446495170698753e-01
8.230402690834345281e-01
8.195279962980102084e-01
8.316331305568553933e-01
8.523516182653759765e-01
8.472886762360446467e-01
8.558395989974937335e-01
8.616211829156944502e-01
8.400762975604858518e-01
8.351616062683643316e-01
8.493839329719073961e-01
8.410687778327560205e-01
8.461766156882091217e-01
8.398341068430926759e-01
8.266319544884774828e-01
8.274222687078064409e-01
8.476944118796404526e-01
8.635624237494916589e-01
8.637678165668249974e-01
8.665489666632049115e-01
8.416312487350738891e-01
8.614288581175998383e-01
8.409746394828443439e-01
8.427031750655403775e-01
8.379423709147166832e-01
8.431221762952993970e-01
8.632689274447949979e-01
8.541021285100429683e-01
8.450455748309321224e-01
8.603532875368007371e-01
8.509629629629629211e-01
8.828626771332449552e-01
8.671357615894039750e-01
8.520993318041288900e-01
8.833739342265529704e-01
8.814535553461095851e-01
8.836916622968012947e-01
8.818009278785322591e-01
8.686826843413422150e-01
8.682847567787143062e-01
8.677458766035430759e-01
8.637613277670298517e-01
8.548241659152389094e-01
8.567006191332134923e-01
8.541006339144215920e-01
8.536009445100354309e-01
8.305911612779797171e-01
8.572936660268714038e-01
8.536609531358366754e-01
8.713538523435928607e-01
8.554350010046212205e-01
8.419121197489135566e-01
8.368867924528301527e-01
8.329590117911286340e-01
8.547443154562026635e-01
8.475388981309325276e-01
8.496527438129707344e-01
8.513526807673389429e-01
8.488486518401889835e-01
8.456735928202127051e-01
8.432741732130734080e-01
8.423536209553158516e-01
8.407410962849188873e-01
8.466969726279137687e-01
8.459054886997358080e-01
8.532517517023586739e-01
8.470993117010816587e-01
8.473761647866601132e-01
8.428641013151485506e-01
8.340368380660014846e-01
8.387281035795887130e-01
8.437018489984591252e-01
8.483277919029923453e-01
8.369902912621359770e-01
8.413141921187011762e-01
8.196829590488771133e-01
8.499284009546539398e-01
8.242661822353953838e-01
8.496362940275651310e-01
8.686521958606764349e-01
8.417115499700777992e-01
8.346997140133460835e-01
8.439450686641697397e-01
8.428765527950310421e-01
8.536465500294869724e-01
8.275895356694661364e-01
8.366068886991175901e-01
8.460048426150120759e-01
8.695739549839228699e-01
8.721110995958130108e-01
8.807117287850073639e-01
8.729235001587133391e-01
8.574509602546985798e-01
8.614665854153971125e-01
8.579881656804734247e-01
8.516919369414599483e-01
8.594534860357645467e-01
8.421420023932987275e-01
8.568730742470926920e-01
8.726806765761148110e-01
8.707701889142619445e-01
8.598531211750306547e-01
8.611530335043766637e-01
8.516450648055832184e-01
8.682046138415245862e-01
8.568690740367157499e-01
8.760618155767065929e-01
8.527726621649273087e-01
8.648107350290407114e-01
8.381816388916280003e-01
8.277520988585982398e-01
8.238077565411022762e-01
8.160940657725519465e-01
8.339692880409492748e-01
8.305165210786175090e-01
8.129503048217254779e-01
8.244778307072188062e-01
8.645198723527705020e-01
8.503795445465441860e-01
8.598326359832636490e-01
8.496060636282039003e-01
8.518922131959579813e-01
8.547273636818408793e-01
8.442704203013481346e-01
8.254608294930875223e-01
8.480575539568345755e-01
8.555367625111929275e-01
8.626435029970537238e-01
8.493178372915614061e-01
8.458189015338941630e-01
8.605397812782181743e-01
8.592065106815869324e-01
8.527108433734940096e-01
8.481877599524658695e-01
8.545634920634920251e-01
8.860328275007742782e-01
8.636600897797265253e-01
8.458863275039745222e-01
8.549370574350905194e-01
8.324486053469741798e-01
8.479526582036842619e-01
8.443523515805705371e-01
8.530985504426500388e-01
8.433242506811988726e-01
8.440860215053763715e-01
8.614522943893092588e-01
8.624774141738607014e-01
8.414083954491957673e-01
8.458574181117534119e-01
8.365558624630917706e-01
8.549337972359137838e-01
8.370298939247829972e-01
8.523928502786853878e-01
8.422676436559969337e-01
8.415653495440729159e-01
8.264101849270514277e-01
8.274760383386581264e-01
8.313109027394741668e-01
8.295695455802377660e-01
8.358912721893491105e-01
8.313754509296087392e-01
8.462474265393973294e-01
8.320703526990363974e-01
8.356964136780650199e-01
8.495383455813076967e-01
8.605843653250774272e-01
8.456265688356825461e-01
8.306219206098354180e-01
8.328905176362803031e-01
8.367290238933136060e-01
8.209570957095709831e-01
8.443665867600959052e-01
8.624118953364874329e-01
8.572268495835374535e-01
8.632587234874401494e-01
8.557682962387015424e-01
8.587860042528513427e-01
8.546652456157348698e-01
8.631988332523091723e-01
8.531359563693027281e-01
8.506176386095949393e-01
8.564685483094114371e-01
8.434599559850731731e-01
8.581301593396045702e-01
8.625909180263416909e-01
8.382026805515379042e-01
8.517077798861479865e-01
8.519803411390575176e-01
8.429060479269684381e-01
8.393173552177561891e-01
8.470841927620476053e-01
8.487666034155597616e-01
8.484619739573504571e-01
8.574285714285714288e-01
8.518057285180572480e-01
8.399174251665572077e-01
8.398494860499265968e-01
8.528146624275294574e-01
8.383373991367986111e-01
8.219364188026446749e-01
8.326449991021727115e-01
8.460548096376678817e-01
8.530516431924882736e-01
8.615340419419706963e-01
8.660913410258896938e-01
8.579853054911059651e-01
8.552342780799694344e-01
8.530922930542340632e-01
8.692627306986182578e-01
8.281602708803611490e-01
8.365723583114887951e-01
8.331657372703171749e-01
8.224592220828105260e-01
8.380995069475571935e-01
8.476376852110707460e-01
8.604452054794520244e-01
8.589496041706893292e-01
8.564399421128798817e-01
8.582419696095402450e-01
8.492577084126380349e-01
8.587786259541985157e-01
8.466065495965827692e-01
8.447030121047198747e-01
8.423073321472047681e-01
8.343320733843458958e-01
8.515894471893352691e-01
8.658878053490393079e-01
8.711948438274664808e-01
8.715432649420160605e-01
8.735483870967741815e-01
8.652139617432459406e-01
8.610327725371973440e-01
8.507233879467279714e-01
8.456591639871382515e-01
8.280513720779820730e-01
8.294122990280679009e-01
8.338526392961876921e-01
8.379655364091161962e-01
8.441436360218086410e-01
8.583003761936914833e-01
8.642538423401090464e-01
8.627411776467059923e-01
8.278860856269113500e-01
8.399035339949911805e-01
8.592599767531964305e-01
8.722550887395968955e-01
8.634485538647586056e-01
8.775551713617411043e-01
8.597763674826230940e-01
8.726782504493708625e-01
8.794492605813361008e-01
8.689872133143901056e-01
8.559490648627139375e-01
8.685278685278685629e-01
8.818664488462324424e-01
8.560636583400483834e-01
8.586520590824611165e-01
8.503098373353988881e-01
8.510211872494750640e-01
8.328040351204931691e-01
8.384154767388299900e-01
8.542041899706133146e-01
8.596406491499227753e-01
8.723425196850393970e-01
9.051321928460341892e-01
8.734361968306922908e-01
8.722105473831681666e-01
8.712506228201295500e-01
8.523999610553987250e-01
8.590050800345059301e-01
8.464469422747189498e-01
8.267730984493990576e-01
8.514750762970498821e-01
8.376477208778840833e-01
8.465766185374942188e-01
8.557194864916650712e-01
8.343234323432343613e-01
8.402694472640029888e-01
8.584914566222977550e-01
8.625389408099688460e-01
8.634632288309405102e-01
8.743455497382198738e-01
8.550269740068661140e-01
8.531621493105088216e-01
8.469579958560934374e-01
8.396854764107307689e-01
8.285584768812329637e-01
8.268459962590184453e-01
8.251841334634838487e-01
8.161513532451607489e-01
8.208183650223429551e-01
8.229797080811677157e-01
8.255429439628205746e-01
8.194148936170212449e-01
8.499310344827586405e-01
8.336304776203434796e-01
8.507686539182601759e-01
8.354276069017254613e-01
8.506548572505417960e-01
8.431744826276817983e-01
8.349586700102163972e-01
8.285555761050490409e-01
8.338240706661759205e-01
8.452436848530378022e-01
8.363431151241534911e-01
8.371920037192003283e-01
8.609826589595375168e-01
8.616159620703279787e-01
8.500145616930394610e-01
8.618945730402645111e-01
8.496422355443821184e-01
8.381513705678734771e-01
8.385300668151447478e-01
8.482591696145969085e-01
8.295287187039764865e-01
8.408298145768312581e-01
8.672963174966609179e-01
8.605966075258334458e-01
8.660152848989068897e-01
8.590163934426229275e-01
8.582441938903343503e-01
8.527250167032547346e-01
8.709396751740139386e-01
8.694317956840229566e-01
8.398806085114577380e-01
8.567631703844328372e-01
8.648993618065783373e-01
8.542840489605595389e-01
8.506271379703534974e-01
8.498580889309366171e-01
8.395637177216369595e-01
8.286986550345328828e-01
8.341022161917683864e-01
8.317272727272727595e-01
8.277762717990422292e-01
8.469350411710887538e-01
8.627767746840254715e-01
8.680089485458613030e-01
8.715335619794218891e-01
8.741970550449649213e-01
8.600605882927783163e-01
8.611852134146341653e-01
8.488834216502649799e-01
8.406532570584979158e-01
8.466128143932439842e-01
8.725956960578937771e-01
8.539923954372623527e-01
8.412640423782994370e-01
8.411685393258426791e-01
8.613333333333332842e-01
8.634003587274615699e-01
8.480729845466393746e-01
8.467179719330013565e-01
8.507693708458526904e-01
8.460980036297640616e-01
8.633139909735654260e-01
8.632695195195194682e-01
8.634443923040825419e-01
8.506075110456553512e-01
8.447500898957209792e-01
8.487342338312907630e-01
8.635028456030842126e-01
8.492194674012856215e-01
8.403579418344518936e-01
8.460789520269074160e-01
8.411024459411555743e-01
8.340791436342896992e-01
8.415372466438536536e-01
8.488888888888889150e-01
8.659661946094107110e-01
8.700158744980857062e-01
8.738858334913711667e-01
8.655660377358490587e-01
8.583627250788936625e-01
8.609758338693375146e-01
8.512792695054696157e-01
8.602431337235479925e-01
8.696654069499493156e-01
8.499863623965815407e-01
8.537626756804839179e-01
8.591105509542672491e-01
8.476139314173157802e-01
8.405213892047940227e-01
8.505484861781482664e-01
8.434507599051216387e-01
8.436436611115958328e-01
8.544376603840367901e-01
8.362676056338028685e-01
8.394368630160649047e-01
8.408382403879459677e-01
8.228396635228141243e-01
8.162529696076021857e-01
8.422332131779696196e-01
8.340181475774696152e-01
8.238783524103935330e-01
8.175182481751824826e-01
8.270442825570926138e-01
8.445346183109307958e-01
8.500087153564580555e-01
8.417863943223126144e-01
8.348312701373580280e-01
8.501882272416153574e-01
8.282553191489361311e-01
8.470508703735001310e-01
8.562263819316284774e-01
8.497573886193207082e-01
8.406850025947067984e-01
8.469422911283376321e-01
8.363776691535889096e-01
8.328990501807178592e-01
8.222973530139358056e-01
8.088792200467327387e-01
8.102323360916613426e-01
8.198586170472088597e-01
8.235050864279216398e-01
8.374155405405405705e-01
8.278653600340860619e-01
8.478223446376312866e-01
8.525256093253267276e-01
8.447428471125153493e-01
8.487351125793271001e-01
8.511440343648636331e-01
8.506926179203927463e-01
8.485724294972849524e-01
8.443290043290043734e-01
8.284699314894696798e-01
8.473094551010015296e-01
8.496345283675600379e-01
8.269230769230768718e-01
8.243922538112896659e-01
8.310927835051545864e-01
8.519117772289874768e-01
8.250869897309683898e-01
8.326013093560951095e-01
8.314550042052144541e-01
8.205977316002980304e-01
8.413931345527436712e-01
8.189935742301593935e-01
8.397808401129005507e-01
8.545880718812396415e-01
8.492112452630651287e-01
8.393907926618207060e-01
8.564313177210765016e-01
8.392872739977290664e-01
8.412982366470738160e-01
8.518871191135733989e-01
8.319083447332421555e-01
8.408822038195030713e-01
8.504536894367402677e-01
8.434573416960220449e-01
8.376678565357810191e-01
8.398140321217244519e-01
8.287986605274173524e-01
8.371684377876328353e-01
8.529538223406999409e-01
8.487159260233149149e-01
8.566381061743661984e-01
8.587489961631122881e-01
8.423178226514486111e-01
8.319484483635747329e-01
8.327199732351957540e-01
8.432652369246418367e-01
8.470058843890619915e-01
8.366857827612770304e-01
8.431238809787705568e-01
8.329657278588394886e-01
8.372190893022473102e-01
8.395313295975547208e-01
8.548275264343907498e-01
8.586424695311805078e-01
8.535331146378225542e-01
8.698532044396706242e-01
8.637759710930442703e-01
8.727783822996010299e-01
8.712251745715062778e-01
8.506384852487890447e-01
8.527225583405358966e-01
8.447316613883419922e-01
8.534741905007300344e-01
8.635441474816970553e-01
8.645553766326713463e-01
8.716100549599062886e-01
8.687133182844243295e-01
8.669477839583706880e-01
8.615671310675303562e-01
8.635198444267656592e-01
8.454946767073487912e-01
8.501063377286260936e-01
8.382005401755570073e-01
8.438914027149321262e-01
8.407951887738055463e-01
8.517270429654590913e-01
8.469091530054644323e-01
8.625940988145712751e-01
8.639095086603040263e-01
8.493138787562967140e-01
8.369848065138923987e-01
8.286885245901639552e-01
8.389393567395040385e-01
8.414573282315754854e-01
8.406351317649014554e-01
8.490312840728004851e-01
8.488480040509747138e-01
8.333057851239669134e-01
8.398588196667488015e-01
8.512438227657257439e-01
8.463289218578774475e-01
8.527773087962181586e-01
8.493394308943089666e-01
8.390077416132523114e-01
8.382656005275739286e-01
8.416901876141458239e-01
8.406391166136858439e-01
8.377068360354337218e-01
8.366616741554334657e-01
8.327814569536423628e-01
8.317911434236615609e-01
8.388598022105875351e-01
8.447519406007425458e-01
8.672489082969432328e-01
8.487188487188487285e-01
8.351814516129032473e-01
8.576158940397351493e-01
8.525229755505462359e-01
8.501322864214388986e-01
8.490050388589973629e-01
8.575870109681319464e-01
8.610018358248098247e-01
8.663598548544119149e-01
8.618520159503766376e-01
8.600105189340813139e-01
8.340129119945633995e-01
8.192935875774398635e-01
8.299711815561959805e-01
8.332516339869281419e-01
8.379576424232474396e-01
8.407717148298418097e-01
8.456387075171605261e-01
8.397312053758925199e-01
8.562691131498471053e-01
8.617723718505647668e-01
8.511262621903857850e-01
8.359021611660244488e-01
8.420487401900040858e-01
8.354263053536020722e-01
8.398846312319736551e-01
8.369493754109138539e-01
8.401019401512660467e-01
8.426708227380854677e-01
8.428689200329760878e-01
8.521644659869630489e-01
8.399466488829610000e-01
8.559186759640426967e-01
8.635418471668688811e-01
8.552665687375788917e-01
8.562951496388029327e-01
8.408764063953980683e-01
8.422710319104849130e-01
8.498362307886117017e-01
8.620689655172413257e-01
8.499006822696260066e-01
8.341002258847151074e-01
8.322628458498023685e-01
8.458395864598966529e-01
8.457876392076850713e-01
8.508869654640500713e-01
8.371399352309527586e-01
8.395372233400402173e-01
8.556594868274264298e-01
8.493792863963885997e-01
8.661847672778560936e-01
8.513824884792626779e-01
8.588741547378589969e-01
8.522448263767099519e-01
8.284430122116689388e-01
8.422654268808115186e-01
8.369490946361461958e-01
8.635566467905997357e-01
8.600144222102037439e-01
8.412418415946375516e-01
8.505427702996092298e-01
8.587505538325210797e-01
8.600811907983761939e-01
8.413173652694611038e-01
8.555350391277587452e-01
8.574894419983826177e-01
8.371602005806281221e-01
8.358054501552258930e-01
8.207252134223649298e-01
8.240733027905039476e-01
8.322346179851251025e-01
8.267849598648078224e-01
8.431924882629108220e-01
8.442587272568990997e-01
8.577328646748682006e-01
8.452118756056734572e-01
8.484346385279497582e-01
8.512389458015935384e-01
8.340227507755946235e-01
8.337256220578345145e-01
8.427337398373984101e-01
8.453899494906258472e-01
8.320338983050847848e-01
8.481258989762247014e-01
8.611890564714135277e-01
8.409881697981906878e-01
8.394727948631294234e-01
8.246915638546181704e-01
8.519177038354076581e-01
8.599947001148308123e-01
8.660545503645692422e-01
8.587160891753962133e-01
8.557231588287489421e-01
8.455689564761404986e-01
8.379123245198518699e-01
8.598953792502179727e-01
8.435134659390952638e-01
8.513902205177372728e-01
8.609682567831176137e-01
8.600447427293065328e-01
8.590921252118077778e-01
8.610567514677103240e-01
8.773524865896900060e-01
8.750920471281296020e-01
8.584736653529201345e-01
8.431050859165875044e-01
8.516591316215985641e-01
8.565221169722777583e-01
8.525696487281536617e-01
8.542443423220323906e-01
8.467310677936863428e-01
8.456821665815023037e-01
8.646086956521739086e-01
8.644338118022328876e-01
8.387982832618026130e-01
8.719543805080351984e-01
8.616424948838864450e-01
8.608969866853538599e-01
8.723742277140335011e-01
8.636926889714994227e-01
8.587315377932233096e-01
8.697096887023434419e-01
8.505816982114950964e-01
8.529085162723156754e-01
8.501243247877904308e-01
8.282500000000000417e-01
8.314780206386609418e-01
8.375267225785232306e-01
8.390690765040851318e-01
8.422015297638842934e-01
8.470984020185029495e-01
8.575057150114300253e-01
8.444312996450904496e-01
8.363080482564865248e-01
8.400328137817884011e-01
8.409185111497968768e-01
8.614641586171835064e-01
8.308947191389168818e-01
8.345582230932548917e-01
8.428005284015852583e-01
8.353841037578982887e-01
8.612265671388582566e-01
8.530481468652580945e-01
8.468765871000507595e-01
8.591824594204130472e-01
8.365914786967418859e-01
8.559619238476954273e-01
8.556841388699796269e-01
8.448783772409730330e-01
8.478006355577856201e-01
8.414928102402128296e-01
8.416371572099151654e-01
8.469217970049917055e-01
8.613844587716321666e-01
8.458269590345062205e-01
8.610898580294142901e-01
8.736364429705908430e-01
8.719971633720414728e-01
8.764423930410083496e-01
8.779900035701535543e-01
8.762767563726796549e-01
8.808487969457515776e-01
8.631864763072610858e-01
8.561562073669849449e-01
8.469003597423241381e-01
8.371941802812322697e-01
8.369136696435754974e-01
8.263795423956931119e-01
8.414188006998568614e-01
8.379488005152149199e-01
8.391714651311580342e-01
8.355726167626359446e-01
8.351937490033487510e-01
8.542680947744238917e-01
8.416551274741386202e-01
8.437098844672656917e-01
8.675617437427481926e-01
8.646993791989114886e-01
8.720633299284984430e-01
8.700555318240068559e-01
8.550444854792680349e-01
8.583360899768441854e-01
8.573918817962978833e-01
8.497157452418224732e-01
8.679573095060809651e-01
8.739303566889773389e-01
8.579464360675006507e-01
8.535661340800526631e-01
8.580762550657513588e-01
8.486820428336079303e-01
8.560643361234203663e-01
8.532882251010809327e-01
8.443162427886569121e-01
8.351525774838658434e-01
8.382294403311838504e-01
8.321584158415841204e-01
8.268361141431467276e-01
8.376363493682805750e-01
8.370264474624732332e-01
8.268631119426255172e-01
8.369886452014310141e-01
8.471856287425150178e-01
8.634306869600987255e-01
8.511466180975246765e-01
8.579042308953754858e-01
8.578273440726972288e-01
8.624968768218539417e-01
8.569764539479157728e-01
8.818884265942090739e-01
8.701815038893691012e-01
8.549643904482614465e-01
8.796085379228887335e-01
8.669126480178479532e-01
8.805302117404028017e-01
8.827797202797202925e-01
8.694338971349672152e-01
8.584011966096061208e-01
8.817937068820460578e-01
8.769745879120879328e-01
8.754061912091670727e-01
8.885325474560110681e-01
8.569609507640068014e-01
8.606476938174680846e-01
8.484061967718387054e-01
8.524997993740470736e-01
8.518160586292985448e-01
8.601335940045617967e-01
8.578843302026692985e-01
8.450555690760119809e-01
8.535463568143306645e-01
8.562214239059438015e-01
8.598207679026556027e-01
8.488458062926148573e-01
8.569445578509022887e-01
8.519002860645689124e-01
8.504953711222997814e-01
8.566881580021219467e-01
8.660550458715596811e-01
8.452606439924236215e-01
8.530748012331657026e-01
8.527889591719378659e-01
8.580303155802203596e-01
8.459510668094570862e-01
8.428373871308875165e-01
8.612487611496530970e-01
8.560066973629133491e-01
8.700750864759976277e-01
8.722746781115879866e-01
8.708493384549722549e-01
8.684989429175475895e-01
8.643897538925163770e-01
8.716084861803735651e-01
8.874263941808104850e-01
8.802847850927310036e-01
8.513161214363804685e-01
8.551057203737092438e-01
8.570014027560030057e-01
8.411964980544747172e-01
8.589339157162501071e-01
8.392886014551333984e-01
8.506769206120323723e-01
8.484407820326385075e-01
8.358138062064597307e-01
8.510824578159821296e-01
8.436571061299911189e-01
8.508455558227138171e-01
8.435264807522301345e-01
8.596662596662596467e-01
8.581571994715984086e-01
8.570135001646361772e-01
8.543839634941330363e-01
8.737944795477219362e-01
8.772452541074317045e-01
8.601997146932952587e-01
8.665558786871624397e-01
8.658352862403749794e-01
8.596505754740415561e-01
8.546791990192071919e-01
8.585866818811639378e-01
8.557096247960848112e-01
8.672537239733355552e-01
8.690197390431582125e-01
8.620373457819272556e-01
8.584238236261928501e-01
8.782922328468377726e-01
8.593066307640525592e-01
8.615194054500412424e-01
8.563499295832988079e-01
8.684254466521956761e-01
8.538793819571357524e-01
8.415801753962507403e-01
8.538776164888924880e-01
8.549531186302486985e-01
8.387766509622295308e-01
8.502860775588048092e-01
8.475678279017498928e-01
8.467928748302580022e-01
8.562565466118765567e-01
8.532042940793753694e-01
8.463453815261043900e-01
8.587884646367005548e-01
8.528411850412821460e-01
8.560661317772915169e-01
8.468765055403886244e-01
8.653425212809079392e-01
8.512234910277324262e-01
8.495192307692307487e-01
8.614732724902216532e-01
8.482954545454545192e-01
8.447495833002619525e-01
8.373134328358209366e-01
8.365414467556659961e-01
8.526424377083002826e-01
8.454997593454195437e-01
8.482868525896414269e-01
8.668587896253602265e-01
8.502969317057076371e-01
8.513535551206784513e-01
8.445759688665477327e-01
8.274772996446900786e-01
8.463002617178205789e-01
8.495244289082188871e-01
8.373610439826002505e-01
8.518638050669679052e-01
8.462540716612377834e-01
8.332803560076287308e-01
8.273235934100092726e-01
8.314833501513622105e-01
8.364361702127659504e-01
8.549404904545091499e-01
8.558765594221930950e-01
8.391608391608391671e-01
8.550362610797743734e-01
8.532907138759118215e-01
8.505849853753656431e-01
8.373743818790875260e-01
8.532630401789280672e-01
8.430255875511349917e-01
8.441589340946942244e-01
8.430796122675988657e-01
8.575247043576866846e-01
8.448429044503674712e-01
8.428571428571428603e-01
8.434492084957441183e-01
8.277042801556420137e-01
8.300483165886954895e-01
8.260437375745527389e-01
8.224554997717936633e-01
8.420479302832244439e-01
8.401268834258525109e-01
8.273465563017335933e-01
8.298134731000462727e-01
8.397577092511012697e-01
8.375642546461051774e-01
8.493172562485027388e-01
8.284037744825946126e-01
8.467944688874921022e-01
8.481595092024539762e-01
8.556297865406550240e-01
8.562587672250185911e-01
8.611019192587689997e-01
8.429234149914544005e-01
8.390159006407721387e-01
8.370329409905995499e-01
8.279502619848283507e-01
8.415484679884022157e-01
8.506190705901269800e-01
8.590069757899055913e-01
8.556540292138519188e-01
8.558962648833795539e-01
8.507474747474746968e-01
8.511287860528641280e-01
8.531132302267809830e-01
8.522827569606034048e-01
8.478745422703390933e-01
8.429953590812554465e-01
8.467691342534504617e-01
8.484347962875570248e-01
8.525763358778626344e-01
8.536839573478713916e-01
8.457124641377111729e-01
8.432730133752950330e-01
8.399593845192533381e-01
8.267034567333486628e-01
8.332199289332425929e-01
8.356871678056188024e-01
8.298192771084337283e-01
8.456691717907841577e-01
8.598123534010946312e-01
8.441365273211209885e-01
8.506850375416054044e-01
8.480392156862744946e-01
8.480600944784325579e-01
8.584181675802662337e-01
8.500315059861374145e-01
8.516979060465845741e-01
8.491228070175438347e-01
8.350531223725444763e-01
8.267869121264067589e-01
8.482203326059146731e-01
8.393568147013782399e-01
8.470912853529547482e-01
8.465895864049041153e-01
8.436128436128436103e-01
8.431747001756931814e-01
8.550007729169887272e-01
8.431236509404872459e-01
8.409469066707003782e-01
8.385097861407088127e-01
8.493024681894834060e-01
8.305844797446226835e-01
8.474935635317280003e-01
8.415955729767120586e-01
8.506930999767675639e-01
8.503697936940444180e-01
8.556676836423374732e-01
8.630900262676112211e-01
8.390285669806180069e-01
8.478194338179035894e-01
8.539439806506983199e-01
8.651997775836047788e-01
8.602098854442040698e-01
8.645841655348726063e-01
8.488829452485839866e-01
8.455466996827362136e-01
8.430044635985839419e-01
8.354736365009820531e-01
8.578649103997549874e-01
8.591738409288365297e-01
8.414510991998757072e-01
8.388986080474633011e-01
8.518604113704645320e-01
8.379188441438671919e-01
8.253366064122591439e-01
8.370673613695571724e-01
8.324686066621550529e-01
8.540420309863475667e-01
8.529735682819383769e-01
8.471272498624538017e-01
8.508882251218361503e-01
8.362673313600249569e-01
8.731187960294588546e-01
8.734799267033149794e-01
8.682074221338634823e-01
8.568065589739426446e-01
8.554409530662828720e-01
8.442429022082018619e-01
8.535051870480980796e-01
8.490506329113923778e-01
8.606133014735165565e-01
8.438219188953257621e-01
8.465242718446601700e-01
8.440767910098330162e-01
8.305188354855963517e-01
8.321409744709692413e-01
8.280955610822217094e-01
8.126988825575371944e-01
8.288434570817034830e-01
8.207989288105334014e-01
8.176843948347559676e-01
8.315492120130835163e-01
8.304930697568734255e-01
8.345225444056474373e-01
8.422795533307663174e-01
8.393064478674819862e-01
8.489623966297393798e-01
8.513257575757575690e-01
8.499960421119290288e-01
8.419241298396558104e-01
8.430174081237911121e-01
8.498793116873004649e-01
8.524317912218267734e-01
8.572451659107185318e-01
8.449752494696315397e-01
8.494682946041748339e-01
8.571542574415449423e-01
8.397012578616351863e-01
8.518460575719649652e-01
8.484872485347695337e-01
8.355834885164493686e-01
8.508192902073464792e-01
8.470134571496026332e-01
8.356595092024540206e-01
8.332325827414236441e-01
8.452662947963628381e-01
8.404312668463611580e-01
8.417122180306413348e-01
8.420084323495592438e-01
8.480043316831683553e-01
8.681081943668714773e-01
8.613516794819910949e-01
8.555581966563663432e-01
8.579652996845426038e-01
8.699219692703724638e-01
8.604445160251248392e-01
8.587250996015936000e-01
8.554120835326000094e-01
8.632793716941817852e-01
8.567632850241545528e-01
8.551476456504389922e-01
8.538002387584560093e-01
8.447283337276240145e-01
8.387096774193548709e-01
8.384977976972413094e-01
8.371753496234823899e-01
8.540494058786741727e-01
8.600257276089403602e-01
8.490868311438641847e-01
8.407218517065515595e-01
8.443491816056118981e-01
8.414472141908260205e-01
8.351665375677769232e-01
8.491810913607079625e-01
8.628346961680295468e-01
8.597773986513932432e-01
8.483267795522029253e-01
8.560867818400964557e-01
8.510019392372333291e-01
8.465168359593697733e-01
8.493302686851074146e-01
8.397859615989927695e-01
8.461297644204429647e-01
8.621908127208480765e-01
8.605871740200098374e-01
8.538011695906432275e-01
8.565782044042913324e-01
8.588398014807582248e-01
8.517055076203532415e-01
8.520918326533877263e-01
8.508102955195424588e-01
8.457057388018578425e-01
8.408562121917170229e-01
8.615203761755485523e-01
8.461112867530825588e-01
8.406054521584678252e-01
8.413431916204558991e-01
8.515191751933141040e-01
8.454874783430461616e-01
8.438736711414603908e-01
8.584308763049667279e-01
8.535021638083025719e-01
8.656318214892069207e-01
8.593953185955787166e-01
8.453813660636008143e-01
8.443174702567313172e-01
8.329733065884894483e-01
8.337389717067235084e-01
8.384627162762211539e-01
8.286322511974454352e-01
8.266337300696159351e-01
8.431194052495827318e-01
8.368068907175266746e-01
8.503918677737254406e-01
8.610955617752898972e-01
8.643297630639402707e-01
8.591242641722441897e-01
8.514449486505851761e-01
8.602330779054917498e-01
8.481234096692111812e-01
8.630662299272988669e-01
8.541867954911432914e-01
8.380193689472039686e-01
8.458498023715415037e-01
8.590764331210191118e-01
8.563352983929580775e-01
8.637028608582574263e-01
8.536170901440363057e-01
8.422555317630263660e-01
8.423388352538150325e-01
8.412982565379825139e-01
8.555290373906125900e-01
8.494993992791349813e-01
8.573829531812725557e-01
8.535581733096659907e-01
8.520714800865454297e-01
8.416851090736642282e-01
8.393871043011589261e-01
8.365414228518632811e-01
8.355784774074359600e-01
8.348588570109991558e-01
8.428080587224738851e-01
8.365992661409946685e-01
8.346159766045867512e-01
8.491168002490078193e-01
8.478571428571428648e-01
8.430058350417914959e-01
8.407944514501891620e-01
8.436907020872865814e-01
8.361804298197276220e-01
8.385703063629221798e-01
8.367749054224463690e-01
8.488751093091660982e-01
8.489097835778551815e-01
8.393256631511665233e-01
8.514652749899638273e-01
8.531817438246360741e-01
8.500450192354915835e-01
8.763336973872133395e-01
8.604532722179780713e-01
8.579008456309069608e-01
8.811788686937319648e-01
8.706269483893315231e-01
8.741096713292714204e-01
8.626252334861606030e-01
8.708142104368519210e-01
8.776320331377286399e-01
8.772743177046885554e-01
8.444630872483221973e-01
8.492617231867597427e-01
8.395998063579150905e-01
8.497239337440986029e-01
8.418301704728208268e-01
8.560342737046318096e-01
8.586175571888677860e-01
8.501682120292114453e-01
8.532027743778050066e-01
8.476345840130505849e-01
8.466580352807897558e-01
8.487836418006950989e-01
8.301332910187242398e-01
8.265258939580764075e-01
8.331019589696128103e-01
8.384723743934887619e-01
8.369155946030749638e-01
8.226042710662246904e-01
8.190397101011626102e-01
8.350761187144395414e-01
8.366994106090372973e-01
8.361519704239754880e-01
8.425667596652052227e-01
8.439722042663219126e-01
8.560961554293241571e-01
8.470588235294117530e-01
8.483606557377049162e-01
8.500743433008425276e-01
8.366715518645171379e-01
8.280259822560203098e-01
8.390822910857962391e-01
8.402232829059137487e-01
8.434641845406718463e-01
8.332266837306031571e-01
8.234925115659060824e-01
8.431186118374138783e-01
8.344153241965216461e-01
8.263487099296324967e-01
8.413197172034564408e-01
8.565613806577662137e-01
8.400194505227327468e-01
8.466045914271953521e-01
8.206313151092661240e-01
8.371894409937887804e-01
8.233512001864367047e-01
8.391494002181024703e-01
8.425528532824669847e-01
8.437227030890177559e-01
8.638173397253595676e-01
8.621207069023008041e-01
8.571900280666996386e-01
8.553361618798955845e-01
8.578874501180877576e-01
8.602246825138391007e-01
8.622320045650933018e-01
8.608829986177738425e-01
8.414914716382387860e-01
8.337314122813775930e-01
8.437859829584708482e-01
8.446224434248386093e-01
8.481130610343220466e-01
8.432403184664141182e-01
8.490200635215741087e-01
8.483146067415729963e-01
8.358895705521471875e-01
8.492689275051672482e-01
8.507845269535497801e-01
8.504353233830845848e-01
8.444738069330016694e-01
8.544363012630593612e-01
8.435432396668482991e-01
8.499961219266268797e-01
8.473798787124864340e-01
8.300514995455922085e-01
8.336929831088623066e-01
8.369483919222139301e-01
8.370719306116345404e-01
8.361303796524204301e-01
8.457410626558838906e-01
8.392574145347521108e-01
8.556157898755439861e-01
8.483540205072854778e-01
8.490754239238855750e-01
8.503967336876974148e-01
8.508785450061652211e-01
8.425671550671550714e-01
8.394067158560457598e-01
8.457633445315416720e-01
8.386203800688313281e-01
8.478424297098180462e-01
8.558855043624674641e-01
8.354135338345864970e-01
8.429093076980400667e-01
8.577939835916135181e-01
8.538993857398335940e-01
8.335218276408052906e-01
8.505030785403213667e-01
8.443227621872385624e-01
8.577132765107886581e-01
8.813248204309657163e-01
8.723610774083959685e-01
8.608365620305210575e-01
8.704675385699741641e-01
8.677223666587883244e-01
8.527659574468084980e-01
8.532360984503190027e-01
8.498185117967331781e-01
8.450894871409234677e-01
8.418012146348688995e-01
8.421865803413772777e-01
8.377607025246981420e-01
8.462953425060701917e-01
8.342886537330981289e-01
8.413712104529105229e-01
8.358077963870401694e-01
8.435150718925625846e-01
8.357382305786328347e-01
8.372832369942196928e-01
8.164717486261801049e-01
8.179075826134649674e-01
8.415428167020523320e-01
8.388167388167387939e-01
8.533323589593686531e-01
8.418975221109568086e-01
8.499672893799520290e-01
8.254416961130741637e-01
8.375842657585655937e-01
8.483334522874883543e-01
8.451696377228291590e-01
8.440307625961330773e-01
8.359247426340078446e-01
8.415296690891130860e-01
8.438585300163016223e-01
8.404081921904896779e-01
8.490499149177538341e-01
8.457339844872163725e-01
8.424160500853727918e-01
8.565458606527848184e-01
8.507440910417274349e-01
8.560826542491268842e-01
8.435516445470282454e-01
8.293634210892881775e-01
8.321880153930730772e-01
8.233111126383066969e-01
8.330712967393533175e-01
8.364330326162386919e-01
8.359533291413400180e-01
8.355664679059978672e-01
8.470337477797513781e-01
8.680244099698551929e-01
8.648405927256398451e-01
8.496262641066979482e-01
8.479183145178686987e-01
8.411552346570396743e-01
8.413356766256590014e-01
8.281368821292776072e-01
8.473544232922732844e-01
8.475937746539482509e-01
8.404436860068259518e-01
8.646053110221898486e-01
8.525546367395157032e-01
8.457481395852900485e-01
8.557609009529310029e-01
8.499275362318841065e-01
8.398002853067046969e-01
8.318540778530993940e-01
8.410443060124588310e-01
8.442524258091932410e-01
8.399830520443472004e-01
8.396790766415651586e-01
8.613180930333501628e-01
8.683719889626370092e-01
8.699101004759386413e-01
8.630178182091572392e-01
8.616736152471708987e-01
8.470760233918128712e-01
8.458540809699068852e-01
8.442005595007531227e-01
8.379567222419297412e-01
8.465371200797209283e-01
8.398967075532601800e-01
8.472709063595392776e-01
8.429668988296115106e-01
8.472591421797542877e-01
8.498092015263878363e-01
8.408878672509159102e-01
8.559947871416160314e-01
8.641228134917705583e-01
8.456458635703918425e-01
8.503561253561253697e-01
8.417220415665205291e-01
8.672674837779379420e-01
8.671359762875139321e-01
8.642920223726817675e-01
8.563419251492645490e-01
8.515142816133199899e-01
8.613889888449082211e-01
8.482912119471568424e-01
8.378472706966354489e-01
8.474812134706373179e-01
8.664226241745621726e-01
8.562177108346067378e-01
8.569270608545532797e-01
8.532149505943004142e-01
8.486925795053003041e-01
8.367318532952884302e-01
8.397361006116418336e-01
8.409906181015452953e-01
8.462877838139016839e-01
8.606696935300794937e-01
8.579391167643275473e-01
8.451029844472467412e-01
8.309447802757590207e-01
8.328985216402434721e-01
8.211495166203152118e-01
8.303389272787100595e-01
8.387270765911543080e-01
8.346349745331069769e-01
8.441790225151015736e-01
8.344780219780220110e-01
8.515153616755669619e-01
8.660509736540664694e-01
8.654196084140038936e-01
8.509062140391254747e-01
8.619574590399540215e-01
8.662387863759025697e-01
8.623114849187935027e-01
8.698744466216706828e-01
8.652755562018321633e-01
8.504858500602879845e-01
8.453906572964035027e-01
8.360322515075546690e-01
8.350233488992662156e-01
8.273039345128069266e-01
8.516384105072706268e-01
8.415983606557376762e-01
8.357133324436140098e-01
8.440899686311152950e-01
8.381157180297023057e-01
8.465063001145475274e-01
8.415152947531906458e-01
8.426194165599946162e-01
8.495060224658276260e-01
8.336339947885347268e-01
8.370575439984180299e-01
8.458519060608076234e-01
8.606259845216081006e-01
8.573334269465702207e-01
8.436702311141772714e-01
8.606920415224913468e-01
8.529144851657940452e-01
8.536738101864737027e-01
8.487656455293548508e-01
8.466762708376208701e-01
8.434919118148931361e-01
8.508753861997940815e-01
8.453800041342245386e-01
8.485657561443143981e-01
8.437179399493878185e-01
8.367223269593321300e-01
8.447751099086912019e-01
8.530592469545957846e-01
8.480548248650144894e-01
8.727259857011396837e-01
8.658218682114410258e-01
8.555839002267573434e-01
8.568113088121527277e-01
8.551251573206544165e-01
8.372124863088719060e-01
8.438215873871446338e-01
8.545641729581331392e-01
8.515262684294316875e-01
8.538711686155123770e-01
8.567957795363043694e-01
8.513822490126792264e-01
8.403538618577747199e-01
8.455778182554138933e-01
8.410905154918143500e-01
8.472577819700849444e-01
8.259219810943948525e-01
8.235904082955282091e-01
8.337595907928389005e-01
8.462004850444624360e-01
8.410064603876232781e-01
8.400839880791113323e-01
8.346016566772173073e-01
8.285999334885267853e-01
8.403108044745126737e-01
8.378524945770065013e-01
8.422049374365911945e-01
8.518543862050088622e-01
8.482161270365023986e-01
8.331771321462042579e-01
8.513060951105156926e-01
8.409920259494526595e-01
8.464529971838541389e-01
8.596130094689172774e-01
8.615770060547011111e-01
8.818447918897693860e-01
8.637273117050164872e-01
8.584033905370666018e-01
8.521131584355092770e-01
