1.666666666666666574e-01
8.119137753786223044e-01
1.240008014541946979e+00
1.581511833323087091e+00
1.860026861053255320e+00
2.055625130192447525e+00
2.221473412523056190e+00
2.353911932002523688e+00
2.477848918989826732e+00
2.578415793626479324e+00
2.609076977202928749e+00
2.655202200597466700e+00
2.741651058953226361e+00
2.779070645076997081e+00
2.834208247356936550e+00
2.854022785671816553e+00
2.881496924460294373e+00
2.869961330064811023e+00
2.883853072456290079e+00
2.887331813570970684e+00
2.871003902832808041e+00
2.875707380964309667e+00
2.863880792862320224e+00
2.865197742758642363e+00
2.831294235395850123e+00
2.842708410962349497e+00
2.851775847729066005e+00
2.914247084618839523e+00
2.857327116204250395e+00
2.833749651623326926e+00
2.869023886361254494e+00
2.881914334865789851e+00
2.933560026280574551e+00
2.880617276354005885e+00
2.883227359854562355e+00
2.873165080253732295e+00
2.883287501848826206e+00
2.925059535263372812e+00
2.896318117521602176e+00
2.851161406907072760e+00
2.820799663111511979e+00
2.863760913718396584e+00
2.810449700274911589e+00
2.832304945293163900e+00
2.818247074888069026e+00
2.794878162702571611e+00
2.771479788334186622e+00
2.776944851463499120e+00
2.768313533135831062e+00
2.775546738215040055e+00
2.785031789141951375e+00
2.797968787578465122e+00
2.858680449444332528e+00
2.854637162640137671e+00
2.832954961176880726e+00
2.815595483853721603e+00
2.809728595178041299e+00
2.810716018686734596e+00
2.830076853354341448e+00
2.821574201773624502e+00
2.795147358435983165e+00
2.845531325411233325e+00
2.858436923389359396e+00
2.877369315174608921e+00
2.827535131281533332e+00
2.852750462972461598e+00
2.848455575052047717e+00
2.837941916800446052e+00
2.777368438070732193e+00
2.789138345997252078e+00
2.806551141861108878e+00
2.788615676650254560e+00
2.796139938177854667e+00
2.824475118529084838e+00
2.837566952477751592e+00
2.801822891161216411e+00
2.830816482226194086e+00
2.850795170612019813e+00
2.844101847719146203e+00
2.877162460714670633e+00
2.900318576286334604e+00
2.892153882862831260e+00
2.893639236976754958e+00
2.861455781611801807e+00
2.856797658326402090e+00
2.817933901539214858e+00
2.808223659546705164e+00
2.811929894665801566e+00
2.839709548785396720e+00
2.873062597210520153e+00
2.842829113670926056e+00
2.856183890636963429e+00
2.858035559252108282e+00
2.875317685624322106e+00
2.850986529645341161e+00
2.835950408551648039e+00
2.826712428920626685e+00
2.863942211545678518e+00
2.904526336612821336e+00
2.871107481101002445e+00
2.874894294421648677e+00
2.825009640626082064e+00
2.808545334095817303e+00
2.820045043694569653e+00
2.790018058697103953e+00
2.784459831990212741e+00
2.829505557991875087e+00
2.772515090232585688e+00
2.765816813761210025e+00
2.787070336548796323e+00
2.816688629355925677e+00
2.822122660504179592e+00
2.801588171740765798e+00
2.802386115226783936e+00
2.809528532752734620e+00
2.815929543628020504e+00
2.825683071637136834e+00
2.801611114373134814e+00
2.767545416545692749e+00
2.760639846100997552e+00
2.760618355214971675e+00
2.773709774333567690e+00
2.753542677514241976e+00
2.777223408763211943e+00
2.801542733189080980e+00
2.799591803397993850e+00
2.764946211787826069e+00
2.701676639666740876e+00
2.722277170766412180e+00
2.763297502928266258e+00
2.769785868723737110e+00
2.761186022569232179e+00
2.759444610286017507e+00
2.768096839697870237e+00
2.758315472997611373e+00
2.783709196676436015e+00
2.850163981637418242e+00
2.857266997973396450e+00
2.839157574673504492e+00
2.840184992191275626e+00
2.823443314986064490e+00
2.839379124727522630e+00
2.824733638887714005e+00
2.812929193411910500e+00
2.812121951708886236e+00
2.811063607489122429e+00
2.785322822226141248e+00
2.814211780006580010e+00
2.806290300282841876e+00
2.800155256182810248e+00
2.771290507575216999e+00
2.785363904574186478e+00
2.786742551972087867e+00
2.797459810070944020e+00
2.817602343960036393e+00
2.812384950725578481e+00
2.837844990283670654e+00
2.853775128029572450e+00
2.872101740068746523e+00
2.849563668026266594e+00
2.797070094187726674e+00
2.786965796556915009e+00
2.783206466455555361e+00
2.779148776539043908e+00
2.764860463209708907e+00
2.750759994771500683e+00
2.791851326263230515e+00
2.793185326232452415e+00
2.779039664722956715e+00
2.785893416589404925e+00
2.769485465904494959e+00
2.773142353109558034e+00
2.739667444864020585e+00
2.760260092404507315e+00
2.810468926767907050e+00
2.816434431862923748e+00
2.845220853336463573e+00
2.811268105739919143e+00
2.870706043661031437e+00
2.863934170510708199e+00
2.877063717488039352e+00
2.893410784465969776e+00
2.875307324501443773e+00
2.827682565879063858e+00
2.800181213559903792e+00
2.761839939056808912e+00
2.773853683918919177e+00
2.767181005270424432e+00
2.790054964750444455e+00
2.814447550863872660e+00
2.795538177157307569e+00
2.820812222409533554e+00
2.830666108413548265e+00
2.857946337371881196e+00
2.842247478576668041e+00
2.842421713988850129e+00
2.836644784600281799e+00
2.853064657846106300e+00
2.818484420150607850e+00
2.823546515358148046e+00
2.843050930756367389e+00
2.857820427629825577e+00
2.859561552625128122e+00
2.819082761088420153e+00
2.817381277845321996e+00
2.796382273789264961e+00
2.823455859959790093e+00
2.833439652721854163e+00
2.844751922618910633e+00
2.820656823342905017e+00
2.825003818524066901e+00
2.803731191756753116e+00
2.816755995230719734e+00
2.814688382581209236e+00
2.835572586496641456e+00
2.817035957281829983e+00
2.805896617295468243e+00
2.771731836274873739e+00
2.780901391258180588e+00
2.768632847984929590e+00
2.801373703276694105e+00
2.819272547374819471e+00
2.817817269343986464e+00
2.823277376389334847e+00
2.805734237134760001e+00
2.815712213972391353e+00
2.827790825780630790e+00
2.804730363991862152e+00
2.849037211559766192e+00
2.854672961783476293e+00
2.830193540995666446e+00
2.806674742025982550e+00
2.778264695324226263e+00
2.785383560346589960e+00
2.801188598158472765e+00
2.792769192404770617e+00
2.789373452225809125e+00
2.786072885718896330e+00
2.774776680520522731e+00
2.782592392675415471e+00
2.825017923311085255e+00
2.857231334339996209e+00
2.827844906056684593e+00
2.819502381780657263e+00
2.853604045740495643e+00
2.845951682352864331e+00
2.865570771894849766e+00
2.864201345826815626e+00
2.832837324663187495e+00
2.820533790460174384e+00
2.825514730409787401e+00
2.824413005608498839e+00
2.778253861630533450e+00
2.771090900795643908e+00
2.761174803682074241e+00
2.834694359106872952e+00
2.816496530422185174e+00
2.819659274897338808e+00
2.756421560683519623e+00
2.741255597652510811e+00
2.735560312596784005e+00
2.737190805766808399e+00
2.767970753142432017e+00
2.740962859734750623e+00
2.752516147842145156e+00
2.765791292842994853e+00
2.759718120677548736e+00
2.746627749995677270e+00
2.778064158049746712e+00
2.777672824175096533e+00
2.789057215772288156e+00
2.794377286126679127e+00
2.816153893418908094e+00
2.813407721126709227e+00
2.807407189524397051e+00
2.791978933521134021e+00
2.841850117581139479e+00
2.883931759728912692e+00
2.896649204290007606e+00
2.878921532177467490e+00
2.846268838594220529e+00
2.817079423690885154e+00
2.801391496606252307e+00
2.837445883049685147e+00
2.834511953991510236e+00
2.838802838980443166e+00
2.857453125541358663e+00
2.872704473740653963e+00
2.846988325360527039e+00
2.808988879146026019e+00
2.791412149386800934e+00
2.812661645270503996e+00
2.804649571322553214e+00
2.798374208314323930e+00
2.787648980009541422e+00
2.762386614793070017e+00
2.750636985168579240e+00
2.819783253051267202e+00
2.817933448454871925e+00
2.805381293347597893e+00
2.801633536026133520e+00
2.804907365747698389e+00
2.792633965799527385e+00
2.808085574962003506e+00
2.791443725719096047e+00
2.799997833998609575e+00
2.816271654873557573e+00
2.855684393271812560e+00
2.823068612051841342e+00
2.834425320907040025e+00
2.834003261194964374e+00
2.822593779861982455e+00
2.825454789231201858e+00
2.810510831164439338e+00
2.804053254295585162e+00
2.824443635459686686e+00
2.806873457981278630e+00
2.775004191706775369e+00
2.760666019574518515e+00
2.786871951941841008e+00
2.813838781362930863e+00
2.792259089030472374e+00
2.773658354993080444e+00
2.793947223559973381e+00
2.769013977573132390e+00
2.780701545062876701e+00
2.826351962823698827e+00
2.843211943195647518e+00
2.871136366512092142e+00
2.842574504882344311e+00
2.853141881206358033e+00
2.879804679628558350e+00
2.900909546447021814e+00
2.883820044197410226e+00
2.840692900535831011e+00
2.821724897785911068e+00
2.825369228328632687e+00
2.839358171652737184e+00
2.836598459171890685e+00
2.832052159039771588e+00
2.769039917539428242e+00
2.748879751404617267e+00
2.745033290068288778e+00
2.755986362839810244e+00
2.739449588819415915e+00
2.752110276570244540e+00
2.783815141652134173e+00
2.783767388735693515e+00
2.821629735031434105e+00
2.884405822342543946e+00
2.913975286411905063e+00
2.869996909166589116e+00
2.812170844676515458e+00
2.808578990377241791e+00
2.760341487084293277e+00
2.749063122090032785e+00
2.757389760983557370e+00
2.791301287060541814e+00
2.785711469872117263e+00
2.782457296637888433e+00
2.785033770038837453e+00
2.763802394505962212e+00
2.802099485964991032e+00
2.756334398504586947e+00
2.788231222061140713e+00
2.803950164811392920e+00
2.791385105468680905e+00
2.817538214307054201e+00
2.776156569962654697e+00
2.764003996885268766e+00
2.768720272957919892e+00
2.762437386668346928e+00
2.775322510266276854e+00
2.846274218824275781e+00
2.878831016389947983e+00
2.896031378129206857e+00
2.904604828358890334e+00
2.962025625749906688e+00
2.983478156245547463e+00
2.965291916841436226e+00
2.925105655724957288e+00
2.921931402081861862e+00
2.897822008001464944e+00
2.865122392447912336e+00
2.863995287295159731e+00
2.848997187742916548e+00
2.870762161401711143e+00
2.850513239497406648e+00
2.852022307895102138e+00
2.859023857236105304e+00
2.868276505549371969e+00
2.880649146188737575e+00
2.850611423588673254e+00
2.820850634907910770e+00
2.830833604983201024e+00
2.854363891180830226e+00
2.854693381434221688e+00
2.844029526908465666e+00
2.832226246116199775e+00
2.823403205486203049e+00
2.853484689580779943e+00
2.869567365382466484e+00
2.877950604996399431e+00
2.843389499377320995e+00
2.821356079452577159e+00
2.795715651510317201e+00
2.771692416703654072e+00
2.749350664962856072e+00
2.758355135007902081e+00
2.766425981792333122e+00
2.745530902309258892e+00
2.759509293790005646e+00
2.811698064698670230e+00
2.773890197883732256e+00
2.770344549935004785e+00
2.754532003330515177e+00
2.726672165458369879e+00
2.751855087832129509e+00
2.741912488553157168e+00
2.741086938337438550e+00
2.758463232113664620e+00
2.780026608300237623e+00
2.803798723222338030e+00
2.798044996542145668e+00
2.770524892696296870e+00
2.784019040492359487e+00
2.810598208566596146e+00
2.817624124126319796e+00
2.856841726985249519e+00
2.867902602473187290e+00
2.845052743647028315e+00
2.845620062823730922e+00
2.847446524979783788e+00
2.823114974287681544e+00
2.776033782282379292e+00
2.760055343444844933e+00
2.808665963894480200e+00
2.839042791771634100e+00
2.841044053931174762e+00
2.820713149105360085e+00
2.824476158357028588e+00
2.832590789160029932e+00
2.836767753941618064e+00
2.859313693854112604e+00
2.860264942291033119e+00
2.847042881380136059e+00
2.865454455757505237e+00
2.863917965982990754e+00
2.856062051114956812e+00
2.842345930476135596e+00
2.868339571669076271e+00
2.869257248967407747e+00
2.839592424607201515e+00
2.853307519125023006e+00
2.866776554535504840e+00
2.850393174040247946e+00
2.836352355857572061e+00
2.818487515689818146e+00
2.810788983414961972e+00
2.828239580106790552e+00
2.806629757680854098e+00
2.812407581243154819e+00
2.780499800115007414e+00
2.808554878753819484e+00
2.826387993961992695e+00
2.844699443144818485e+00
2.839044641316214701e+00
2.813628715131361702e+00
2.803849597787910763e+00
2.837746261133263559e+00
2.821710646305170211e+00
2.824001759621896479e+00
2.821799902551079153e+00
2.845366865985500482e+00
2.812337153819770119e+00
2.822828393195711438e+00
2.827227185402455323e+00
2.866985010070232320e+00
2.856611606091308264e+00
2.849710715438077635e+00
2.891609698300591891e+00
2.882996445081933867e+00
2.878048228156469879e+00
2.893062503759198822e+00
2.921005347441711919e+00
2.905192329094997916e+00
2.903084190561917577e+00
2.905752172522090060e+00
2.895442335036209514e+00
2.883051999346171179e+00
2.854655858335563678e+00
2.849652542069122774e+00
2.823826898669334007e+00
2.799809720559429227e+00
2.813819490475930163e+00
2.766828548732401138e+00
2.749942350327775564e+00
2.788482240115303767e+00
2.774408060605387583e+00
2.803787736234818695e+00
2.817550466600221792e+00
2.846863927009164019e+00
2.820230490472698470e+00
2.811821552862569629e+00
2.810884117277315575e+00
2.780926248421273339e+00
2.773673528279856360e+00
2.745658495966574186e+00
2.755054286814535569e+00
2.756161666800011290e+00
2.753502906425120411e+00
2.746221366689345356e+00
2.752883555548704564e+00
2.743259862662914550e+00
2.792030200638535131e+00
2.808498627603154052e+00
2.796849528021208009e+00
2.788169403693399051e+00
2.811150326637349206e+00
2.814953799933413325e+00
2.780671188338653455e+00
2.785430206721306146e+00
2.790163338174137753e+00
2.792372216851870093e+00
2.804282798823564793e+00
2.830360805659408729e+00
2.849127800008115496e+00
2.855875962569821347e+00
2.843470314849448233e+00
2.849921497570451656e+00
2.829259818196837806e+00
2.811023586033076338e+00
2.804238920591055173e+00
2.794511155003081448e+00
2.818437809691924922e+00
2.812418553995836845e+00
2.781273071614285719e+00
2.720554373338475163e+00
2.717245674463937277e+00
2.749065578690832012e+00
2.755787636981516631e+00
2.765378807044053033e+00
2.787611890729031039e+00
2.806665883830777197e+00
2.795448110136981246e+00
2.780075421706818428e+00
2.783141166596318605e+00
2.826761203445714354e+00
2.809713878898214556e+00
2.826849308144577577e+00
2.885655366262035226e+00
2.842657187961724841e+00
2.866578711475257446e+00
2.864378724696592826e+00
2.897160701472605293e+00
2.905228158172122654e+00
2.913005123391517071e+00
2.873001448622276133e+00
2.920939923104350022e+00
2.899275228195432152e+00
2.870581793291409944e+00
2.832593172132651826e+00
2.840530117427977341e+00
2.848987171491261794e+00
2.841025241398704715e+00
2.810851588969092596e+00
2.861421850002402678e+00
2.840621253854736850e+00
2.891918785366521139e+00
2.873713982381473908e+00
2.858945758065826848e+00
2.882083591176056281e+00
2.889213104720378844e+00
2.844877300219481597e+00
2.849466135366133024e+00
2.874454194687826369e+00
2.876529627124196242e+00
2.807412921219588853e+00
2.808412956776257907e+00
2.841863961982501685e+00
2.852440200683452165e+00
2.816601696910788544e+00
2.797148992194000705e+00
2.781672424289367562e+00
2.753041100160062982e+00
2.753350339144205350e+00
2.739913263848988922e+00
2.774184628658067364e+00
2.775244213946934657e+00
2.804155931364199272e+00
2.831350990680751245e+00
2.836276439219271861e+00
2.881149508254332137e+00
2.830789986439831374e+00
2.839141737032745194e+00
2.865010490361687534e+00
2.856731876284335225e+00
2.850169764355817481e+00
2.869552509908042115e+00
2.905934047876201021e+00
2.911176202199136753e+00
2.916419850521482449e+00
2.883437016229284389e+00
2.841334985980106698e+00
2.826724471026184293e+00
2.789879920397613677e+00
2.772472070258339194e+00
2.764820186270796842e+00
2.741952505590703471e+00
2.774797296898635857e+00
2.807735075135934899e+00
2.843436237016055745e+00
2.824535170010499474e+00
2.864974371351380888e+00
2.855051829890369319e+00
2.867159139945670621e+00
2.876273780307425643e+00
2.858497424174942125e+00
2.867858749080372860e+00
2.884857131441733280e+00
2.890032468167632818e+00
2.886202232967901349e+00
2.858428100334502453e+00
2.815775171958066814e+00
2.824860989868014371e+00
2.828391963606079251e+00
2.838838840101110428e+00
2.840245712616862761e+00
2.844533858155257722e+00
2.851902254584774532e+00
2.886656472652255889e+00
2.852061818921339142e+00
2.852277143291834793e+00
2.851191189616661958e+00
2.860263784602495640e+00
2.856994460013657200e+00
2.855710984662596097e+00
2.834177272723223506e+00
2.819491197544182537e+00
2.842479197464350626e+00
2.857406412302619270e+00
2.802276916983804433e+00
2.780374865437320153e+00
2.795571173342479288e+00
2.775523372379844034e+00
2.779391179606617968e+00
2.773798739340748387e+00
2.784653178418955211e+00
2.779206667531490371e+00
2.797523664145187272e+00
2.822079237430827892e+00
2.786231255215023239e+00
2.809525453002154283e+00
2.819573167625617494e+00
2.778574017620663916e+00
2.800179433448609867e+00
2.787889337924478905e+00
2.780372216491584503e+00
2.784692528830633673e+00
2.751700057622840312e+00
2.770660667472604644e+00
2.802176414799876891e+00
2.767366282362495156e+00
2.765953750238840936e+00
2.775170564025601472e+00
2.798725927456019669e+00
2.758624868307744116e+00
2.746055927202133873e+00
2.701009110599928764e+00
2.712007462453467355e+00
2.716903126927062040e+00
2.719187194139546015e+00
2.780398289570364501e+00
2.798118857037715124e+00
2.823671899180142830e+00
2.805279705903700460e+00
2.821456800152523758e+00
2.812131115848973906e+00
2.785780698156641311e+00
2.777686423233015400e+00
2.797668456934986114e+00
2.807120075658595670e+00
2.823525245581369081e+00
2.867369915888297704e+00
2.836481675943018033e+00
2.838190642724793822e+00
2.817326200923651491e+00
2.810064456427820101e+00
2.810580018663261459e+00
2.840141958194951410e+00
2.834909992533125589e+00
2.818821997463613727e+00
2.793157702841390755e+00
2.758861710734109352e+00
2.755673662927826228e+00
2.739204305261624395e+00
2.815738965702301755e+00
2.846419115997881111e+00
2.848124620962763309e+00
2.890976193102157588e+00
2.848974487888705553e+00
2.873733758861241494e+00
2.865195134081204298e+00
2.849764083435433193e+00
2.816920393195335048e+00
2.825747747777535679e+00
2.837282575092238357e+00
2.865044981728438245e+00
2.809437764612551014e+00
2.814067976138340921e+00
2.799823967155185223e+00
2.809453680108373153e+00
2.766385718467625043e+00
2.750928202800154931e+00
2.756549119333192355e+00
2.757837575841879829e+00
2.769353959165204326e+00
2.807366895016654151e+00
2.813273970809895719e+00
2.829371339753368630e+00
2.819384682168494027e+00
2.840420081719629231e+00
2.833319356935687150e+00
2.849738375358994436e+00
2.888306284215218067e+00
2.862062719338591243e+00
2.826657463510089396e+00
2.827353811934578687e+00
2.842409979565113431e+00
2.905851412374665710e+00
2.882876055600412712e+00
2.872335709292459960e+00
2.891913657354088230e+00
2.866870088494994029e+00
2.868624382105840809e+00
2.838660942043334412e+00
2.841229550330646614e+00
2.844713222924394103e+00
2.860589797675251233e+00
2.844707844486315640e+00
2.845534510420287599e+00
2.847448816693172180e+00
2.845379113943405258e+00
2.835472503707971104e+00
2.839785328194195380e+00
2.855824767474627102e+00
2.867974944443949514e+00
2.862413964467388272e+00
2.917995555191125412e+00
2.899018863472428542e+00
2.905413602169482523e+00
2.876694896070813634e+00
2.831283282836604354e+00
2.836815542336466489e+00
2.846663923594836998e+00
2.808686299893299765e+00
2.797756998563024400e+00
2.776862164505415453e+00
2.761498744939875571e+00
2.785394363748759261e+00
2.773785272662840473e+00
2.767314930299338727e+00
2.750527874305953802e+00
2.728925485320213173e+00
2.736863001489738600e+00
2.780303585224848550e+00
2.824942971411088966e+00
2.779113363928811697e+00
2.794106407396367064e+00
2.804491943909773966e+00
2.822949762992216893e+00
2.818786989719684222e+00
2.819180454157926619e+00
2.775414397970241254e+00
2.797684779736505867e+00
2.780876503785411291e+00
2.838295874819323661e+00
2.806078228812699304e+00
2.820710624148742518e+00
2.835834187710406962e+00
2.839989640348128397e+00
2.847912144480214458e+00
2.803553287909137381e+00
2.792979691977052870e+00
2.808714489233925971e+00
2.790462974944696750e+00
2.821841081479071089e+00
2.843568809902196293e+00
2.840729216464184415e+00
2.774137109332540874e+00
2.725972947991055939e+00
2.697394576573848735e+00
2.697622543360953085e+00
2.689854917294997261e+00
2.753114898058222515e+00
2.800668597006782612e+00
2.855731879410677632e+00
2.866256370689928001e+00
2.847242414615677841e+00
2.861777126023708817e+00
2.838479548852651302e+00
2.802189997275766231e+00
2.739083263440268201e+00
2.763259460784194488e+00
2.747586586811071374e+00
2.756153114616370026e+00
2.754134045100204542e+00
2.742608232569694771e+00
2.743891776597162213e+00
2.739922070386811903e+00
2.747249142444275538e+00
2.747424666492626510e+00
2.815129623417101712e+00
2.835165128351853081e+00
2.870292935656145961e+00
2.864677098213634476e+00
2.865706248571075587e+00
2.860421130408096424e+00
2.858660636578144398e+00
2.861151905803466899e+00
2.877375215966688327e+00
2.822080537676562972e+00
2.858212885183048169e+00
2.842013147448171129e+00
2.831285813849146571e+00
2.793562085231356296e+00
2.795769487209336823e+00
2.791447549424717511e+00
2.821269674480775702e+00
2.805475726981943474e+00
2.807412980105246980e+00
2.779740616263714159e+00
2.791939513269069195e+00
2.809840393934210478e+00
2.783767549603386460e+00
2.818727203047632468e+00
2.814914934081982345e+00
2.793299996311037869e+00
2.851989989236609180e+00
2.853643989673805503e+00
2.838052951854736605e+00
2.843558130162739506e+00
2.786226737540752563e+00
2.766454380378505995e+00
2.774960059781579336e+00
2.809277571441569421e+00
2.797539568224891138e+00
2.820593684968123238e+00
2.825939185936818809e+00
2.826015763520712820e+00
2.843272804957416522e+00
2.832783378204787539e+00
2.867105108033266792e+00
2.900173926294838722e+00
2.886725305304763012e+00
2.880284312283924564e+00
2.883039360997553313e+00
2.884686989160782922e+00
2.889594715764115751e+00
2.845116100873910980e+00
2.826436842015498385e+00
2.804856087591906633e+00
2.825270398436539931e+00
2.814725421786123061e+00
2.769354182284729404e+00
2.754146140868955595e+00
2.812317421453753408e+00
2.777899836387260457e+00
2.801404775668500324e+00
2.807694319253695614e+00
2.796941778276773150e+00
2.816956004165665828e+00
2.818444297261383014e+00
2.812613878514162558e+00
2.838638430692716152e+00
2.844148383975263705e+00
2.817197728122331934e+00
2.831360232858656900e+00
2.820439932580700138e+00
2.787959089994085815e+00
2.809175301049597007e+00
2.824682381381330654e+00
2.801493359564958485e+00
2.827282792125266120e+00
2.871593799264998026e+00
2.861747203029803455e+00
2.862667175419120191e+00
2.866430294602329898e+00
2.870033649841845058e+00
2.825501110024985607e+00
2.840861942787116678e+00
2.840937130840315294e+00
2.840177801621615483e+00
2.885469036879211746e+00
2.847194646638246951e+00
2.833031333656563344e+00
2.817435900265511606e+00
2.838290500059415411e+00
2.820872076973331311e+00
2.804021937934328523e+00
2.788703468556384291e+00
2.759211097136690327e+00
2.783199243429410163e+00
2.749516721312932344e+00
2.722304970923969059e+00
2.712233416158977839e+00
2.710989488338231723e+00
2.732152748047204760e+00
2.701895411724008156e+00
2.720433892432303935e+00
2.742288674576186747e+00
2.772250990913986524e+00
2.770206736275721227e+00
2.777383164881523481e+00
2.793323806483904548e+00
2.761981722682159468e+00
2.757903976568026216e+00
2.795223931815022933e+00
2.792403209620287097e+00
2.775938485254740407e+00
2.746014359645204905e+00
2.767349622959875521e+00
2.754782016482660634e+00
2.790375782546191452e+00
2.794543096652785330e+00
2.783035538136538367e+00
2.762382185782672028e+00
2.766743068952868256e+00
2.737688238712586930e+00
2.778090832604110272e+00
2.797569222004458567e+00
2.831318998027256395e+00
2.805998947566116897e+00
2.750867036163514801e+00
2.725635698241501093e+00
2.732073416001129740e+00
2.729528610760312279e+00
2.711695046060455194e+00
2.756093292766167657e+00
2.784698781355452013e+00
2.785234939326859838e+00
2.749506676736177546e+00
2.752533453261479135e+00
2.771478584344929885e+00
2.756722070844822792e+00
2.777713206229680765e+00
2.821547664813299772e+00
2.801384536779429890e+00
2.806092432550680194e+00
2.849140208349493886e+00
2.904705688879495984e+00
2.898515315985409124e+00
2.914100945073157423e+00
2.955824865628108089e+00
2.906805372694559519e+00
2.913022557735781781e+00
2.863939160503582659e+00
2.893385235694510005e+00
2.879698366872362580e+00
2.886314836894785518e+00
2.891990395833964556e+00
2.877432802845412585e+00
2.843940022817146751e+00
2.882243731171596934e+00
2.862063372307713571e+00
2.837472814233320761e+00
2.851666241608082242e+00
2.850618248109237474e+00
2.843992146607499993e+00
2.856589302435136091e+00
2.851795273221747085e+00
2.875531405953374087e+00
2.863451448358332652e+00
2.851508505930759885e+00
2.868682562465325603e+00
2.873057194671999159e+00
2.888815134851753896e+00
2.856551312236227158e+00
2.800044439354872239e+00
2.788754042146687873e+00
2.793362727684069569e+00
2.804768539287138651e+00
2.810904687527720824e+00
2.780283046498037702e+00
2.759173190560271660e+00
2.743281172628391218e+00
2.763738736495702231e+00
2.755420930563866388e+00
2.778242662947412622e+00
2.783051043005135394e+00
2.813047872851294873e+00
2.785895407016103498e+00
2.843199353680421648e+00
2.844270690583188266e+00
2.792380017267881431e+00
2.791031036679058275e+00
2.795889549670105723e+00
2.815053251723019123e+00
2.835238672542703675e+00
2.812822087288123107e+00
2.752745672297939539e+00
2.753087210768867976e+00
2.763809126103620173e+00
2.781185022950142027e+00
2.756535286933212259e+00
2.765557071061244265e+00
2.790343524498132499e+00
2.802729813878685583e+00
2.830378335456655403e+00
2.863731136508478770e+00
2.866273102432557618e+00
2.833783481382369018e+00
2.849690405416311467e+00
2.817043334885749761e+00
2.783277067136382676e+00
2.801546085371485084e+00
2.778530265027846724e+00
2.796337914154281012e+00
2.807296143592110216e+00
2.813095202020370333e+00
2.787632458163028293e+00
2.802519668611679560e+00
2.815854981373152821e+00
2.851641339110039031e+00
2.837480803902062032e+00
2.810787275172364819e+00
2.797136448910024331e+00
2.811317698852259461e+00
2.803316374250553800e+00
2.792071996740742357e+00
2.745120549845922575e+00
2.753020788399672458e+00
2.739962051615016492e+00
2.753475974277983962e+00
2.747296789863046484e+00
2.766925462811886227e+00
2.735765007133620585e+00
2.775148194023711934e+00
2.811435739728093797e+00
2.838023710440614522e+00
2.828724783194383807e+00
2.779820370711144406e+00
2.742266829917536342e+00
2.745842885642170383e+00
2.732314130594662327e+00
2.723007416347149601e+00
2.762236914500683760e+00
2.750922062241172750e+00
2.785950936776944165e+00
2.768690196335911846e+00
2.809103794488907457e+00
2.783778074762329968e+00
2.772395243528828157e+00
2.813257011111376382e+00
2.807619881385056804e+00
2.823629696702803837e+00
2.874348697566320165e+00
2.880340783106100311e+00
2.847017523827600982e+00
2.821210160985778703e+00
2.825920619137088252e+00
2.818308927910563089e+00
2.837919402578395811e+00
2.823795631453733357e+00
2.835581851281175236e+00
2.806668477928578209e+00
2.827005095338501750e+00
2.780022372450089652e+00
2.789754256537728683e+00
2.830036040825416155e+00
2.795286767841387743e+00
2.819538379347014345e+00
2.801018360154496456e+00
2.810222568746916672e+00
2.844042047115711735e+00
2.888866280618120008e+00
2.940458871239014726e+00
2.891730765026530481e+00
2.884537887465409511e+00
2.848441340912799102e+00
2.837598035511751604e+00
2.811480804530735789e+00
2.822964835128986216e+00
2.839295839501756902e+00
2.793322384405473979e+00
2.808994429906451540e+00
2.816306729248322593e+00
2.803124111643086280e+00
2.821662346862585213e+00
2.826008038668085032e+00
2.814280257389982776e+00
2.838126882696456743e+00
2.827222360621154174e+00
2.790920174476560600e+00
2.801291152935900808e+00
2.813350120376738150e+00
2.813283270866438812e+00
2.751800139937867318e+00
2.795116492077069914e+00
2.814611153777136110e+00
2.798378204893772203e+00
2.748580668666988025e+00
2.763420497662932185e+00
2.773987746615963701e+00
2.747530345922765349e+00
2.767920412470337599e+00
2.742169177381014844e+00
2.734734711471227708e+00
2.743122918497747698e+00
2.743239110309723561e+00
2.765176823227715630e+00
2.769776691264314472e+00
2.793804343506055332e+00
2.809437948865815660e+00
2.840725818314179030e+00
2.860470117052310801e+00
2.831551484130698348e+00
2.862977601362898028e+00
2.842318935048926409e+00
2.858049976017419169e+00
2.856401513894406996e+00
2.850403837405923735e+00
2.828877519061656631e+00
2.834691639184069967e+00
2.835796199917308691e+00
2.857370429807552181e+00
2.875205851198892937e+00
2.832313018958922513e+00
2.835520209239420719e+00
2.836946791281380609e+00
2.790982219480044879e+00
2.796518475986872865e+00
2.799952901058640808e+00
2.787689980500416720e+00
2.754499127107110645e+00
2.754645063061427201e+00
2.769241648795514710e+00
2.762565240178554760e+00
2.793726334686956747e+00
2.831164824568062066e+00
2.823017443525888126e+00
2.817569563810171651e+00
2.802843919949411067e+00
2.816557749841374747e+00
2.796789436440179077e+00
2.798028863398485555e+00
2.783604354046198104e+00
2.812069829530205567e+00
2.804456245569474593e+00
2.827749309745379858e+00
2.840569150798432307e+00
2.835637826447774401e+00
2.883345220655261443e+00
2.883200241564012334e+00
2.896239922706221659e+00
2.901426013795967762e+00
2.913053387320864829e+00
2.903481620505548477e+00
2.857479537088179811e+00
2.901170499900018740e+00
2.858842539982675568e+00
2.809469901484114018e+00
2.814771874016793962e+00
2.804029288953076016e+00
2.797384553452648692e+00
2.737641141350127594e+00
2.728071222165147525e+00
2.738218192146401719e+00
2.746758963748280546e+00
2.770737681754948500e+00
2.776857779539395832e+00
2.842061355048729254e+00
2.828251630467997213e+00
2.797458656195647819e+00
2.813636295714621482e+00
2.856859393350634768e+00
2.826260039860629014e+00
2.825746408401673460e+00
2.814921037255147862e+00
2.730510232173616991e+00
2.712165799940131183e+00
2.720058838469054940e+00
2.718371611812940181e+00
2.759363095424247625e+00
2.813584013948914997e+00
2.829908469084750244e+00
2.805951237867682746e+00
2.815219153813084407e+00
2.784101775942247503e+00
2.758418313506625807e+00
2.779300005646477612e+00
2.804568210484480240e+00
2.788979420180547120e+00
2.804834918577484792e+00
2.771074726419445522e+00
2.748716613907375095e+00
2.777967800847942481e+00
2.815256079703003955e+00
2.811961684005317430e+00
2.823098867200931394e+00
2.835781158852881401e+00
2.837899187962977798e+00
2.849460148479316945e+00
2.857395302817697047e+00
2.902668102487475199e+00
2.910254920278894097e+00
2.881778615308214331e+00
2.923209017998534165e+00
2.891482081723225406e+00
2.880042997096809110e+00
2.846497580434159236e+00
2.802881166008032388e+00
2.814132217895681354e+00
2.769678660978589502e+00
2.764179681760028817e+00
2.759677279813324002e+00
2.748929960800527095e+00
2.740165461315382078e+00
2.734600123768612168e+00
2.794585717422651161e+00
2.810230229799235424e+00
2.796245523906715214e+00
2.815236346553914526e+00
2.767933213732044262e+00
2.747141167087828517e+00
2.770834687012435626e+00
2.777252828617873703e+00
2.789058101538685275e+00
2.774227904635059083e+00
2.773553347793880519e+00
2.783575073725638394e+00
2.739880079388138157e+00
2.727693663611042485e+00
2.738056942615731515e+00
2.803006744036409703e+00
2.795071071330363477e+00
2.818392035103482129e+00
2.816686767815106407e+00
2.799184261467388524e+00
2.777218666015234039e+00
2.781935247402420153e+00
2.810403720635551217e+00
2.836943129768374927e+00
2.844847136003867405e+00
2.854723290731083107e+00
2.851846842375258095e+00
2.848062511925278262e+00
2.821429543817852270e+00
2.827424943002648572e+00
2.779738635404999325e+00
2.774866306855572340e+00
2.787443082465089095e+00
2.801661070496281880e+00
2.800336315148375554e+00
2.784501778983197617e+00
2.805775619611587945e+00
2.778668460692617082e+00
2.795219780941443410e+00
2.792144960443646351e+00
2.803629903206019680e+00
2.836057834392751609e+00
2.861513686369608234e+00
2.884428555746308298e+00
2.842171599703515295e+00
2.809178084561552158e+00
2.784954385548396250e+00
2.774407637111134139e+00
2.823154071187222058e+00
2.827651884886236200e+00
2.798792736784592616e+00
2.843786960121671203e+00
2.861212330787621827e+00
2.839148581820503114e+00
2.834422429582950098e+00
2.866123757858320964e+00
2.846008537455264165e+00
2.871447863325736538e+00
2.868254328537622744e+00
2.870593623966692043e+00
2.894890144892628747e+00
2.880386041760841120e+00
2.849871434354778632e+00
2.837706948616900426e+00
2.848992401838392308e+00
2.849434164649572221e+00
2.834177016002627170e+00
2.853678154852410831e+00
2.845801762915067368e+00
2.839073048276664402e+00
2.864952982068154519e+00
2.866891125629715820e+00
2.850670730147678800e+00
2.802663339267979392e+00
2.823426770044565881e+00
2.851024336475602716e+00
2.825502908200218766e+00
2.771708461551001257e+00
2.799135130597168786e+00
2.859923029276167483e+00
2.855902848085623891e+00
2.856002793423886299e+00
2.803297207606630259e+00
2.786716226594991408e+00
2.794012368141717939e+00
2.795562439144025024e+00
2.802815970077864094e+00
2.816278922567225340e+00
2.820713383353083081e+00
2.838449979616792351e+00
2.840821021875881147e+00
2.852956523677134815e+00
2.823623273419441304e+00
2.842546370103385733e+00
2.822865648502228098e+00
2.816848420075458215e+00
2.839256336682927095e+00
2.838873058551775852e+00
2.868952514634178108e+00
2.832705874665252921e+00
2.833344606579676128e+00
2.827037827710135787e+00
2.890514477135194937e+00
2.912989211552606594e+00
2.916470650833386191e+00
2.906791257496945224e+00
2.846908636550339544e+00
2.886665513010702178e+00
2.871172170122616940e+00
2.860901334744831548e+00
2.863344151489718215e+00
2.879158511571584977e+00
2.860367315780965480e+00
2.845701781505652672e+00
2.870814965608908587e+00
2.824729290488414701e+00
2.813015615604997688e+00
2.820086481770819997e+00
2.818194994192229963e+00
2.844369295403186282e+00
2.805272956645271432e+00
2.760186121785888513e+00
2.770811044422752278e+00
2.799864949941398340e+00
2.831281882608056133e+00
2.843774795669683719e+00
2.849507800518026546e+00
2.853311628432933844e+00
2.810878394932210700e+00
2.771024074138259685e+00
2.785515084702444355e+00
2.768720367106124680e+00
2.817311126070855654e+00
2.823395938100796254e+00
2.842204192279356612e+00
2.872285327635378138e+00
2.876539976028496426e+00
2.921858935004116642e+00
2.913262524822130661e+00
2.848490944364451050e+00
2.843386324483883953e+00
2.804754932417526270e+00
2.821172701251438930e+00
2.818621473687059176e+00
2.847700592496273497e+00
2.818185407504784301e+00
2.779781513137853821e+00
2.807143344256052053e+00
2.867163238394486502e+00
2.857358532205220403e+00
2.870265349739612670e+00
2.863195331597101045e+00
2.795452671424362823e+00
2.802023200742846498e+00
2.821468262649601488e+00
2.865086067040989004e+00
2.869141752385617306e+00
2.846525655496838336e+00
2.869452271799155518e+00
2.884736724133740271e+00
2.888851869678627171e+00
2.915821222835870863e+00
2.903007610032258157e+00
2.872062926908106384e+00
2.848719330299493979e+00
2.813402537022092087e+00
2.857677477727468052e+00
2.828011091701404744e+00
2.841400999685490980e+00
2.860220332099609131e+00
2.838857387896391415e+00
2.825074817224753509e+00
2.769145283670278346e+00
2.748183356690823143e+00
2.796248564830094097e+00
2.771597609343084745e+00
2.764908464360344098e+00
2.776460234144439099e+00
2.745493283645890958e+00
2.774064327919774087e+00
2.715335649623423553e+00
2.736403643679116815e+00
2.777900871746171063e+00
2.811141628132181491e+00
2.855180366781255419e+00
2.839729652152126693e+00
2.859437133975702761e+00
2.830788496003933563e+00
2.830512826407135307e+00
2.813562784749002343e+00
2.787194615602737180e+00
2.818092764979773790e+00
2.801630087336411723e+00
2.757453435464827685e+00
2.790393522927330672e+00
2.779518047535351144e+00
2.786689477097289647e+00
2.823277110414919466e+00
2.799430094107759004e+00
2.820066835094832136e+00
2.805906748541316720e+00
2.790684097067337444e+00
2.821957697328299375e+00
2.791875396262133879e+00
2.803118941079062676e+00
2.755750417968966914e+00
2.765683127385351270e+00
2.802603944074754327e+00
2.786182728520296248e+00
2.753034651865022830e+00
2.815092711330099640e+00
2.809585892498562831e+00
2.749150777443683413e+00
2.707328897486468211e+00
2.771394822830740789e+00
2.769528697289880714e+00
2.787294673941798973e+00
2.781656077273395145e+00
2.735367803528376829e+00
2.763560870487036691e+00
2.786043972185687334e+00
2.829906122740605934e+00
2.867407398834894039e+00
2.847080233276299222e+00
2.843968770216357633e+00
2.809496478303870948e+00
2.806276988957763674e+00
2.837276390802619286e+00
2.804407705314372556e+00
2.794602215876841989e+00
2.781901927952911802e+00
2.771756430684190420e+00
2.773846509716190845e+00
2.810824326262695294e+00
2.839269036178918348e+00
2.803097814811128963e+00
2.824888193120835389e+00
2.874287113003162641e+00
2.885142044364103597e+00
2.910325820236974614e+00
2.931698296912954582e+00
2.878025978722904998e+00
2.873684488864275188e+00
2.844463494410091275e+00
2.855441181464707601e+00
2.909471416650252884e+00
2.901048162694780164e+00
2.907464700623791032e+00
2.885795622234303526e+00
2.877095425729820022e+00
2.861892720047389815e+00
2.855341609722862550e+00
2.825950936336158126e+00
2.811439782115446651e+00
2.817379032544583328e+00
2.814271834002048056e+00
2.775150232202889367e+00
2.798381373636393388e+00
2.804542988617227728e+00
2.819637020177021114e+00
2.815188856877665291e+00
2.748665338739774366e+00
2.780831100956547175e+00
2.791977581531999597e+00
2.813850658081731737e+00
2.815120505235038539e+00
2.799081205911721160e+00
2.768790393011415052e+00
2.809640258843620675e+00
2.810247102348693460e+00
2.808480257954014458e+00
2.829145422196296611e+00
2.817615353148974044e+00
2.862987654307429519e+00
2.838199175994884360e+00
2.884928934031986358e+00
2.891158805537567655e+00
2.917371400382568147e+00
2.982932618705348649e+00
2.918496470860216796e+00
2.909096774314414269e+00
2.912070286554479637e+00
2.894539343641331808e+00
2.915143053408350227e+00
2.943009765291040747e+00
2.940040086173254963e+00
2.952527485115970851e+00
2.955816322012365216e+00
2.955732856637357298e+00
2.945383705487092385e+00
2.951505960885785207e+00
2.953342608929652169e+00
2.868197240733501463e+00
2.811841044167747050e+00
2.788001060291288358e+00
2.737841980833147559e+00
2.725368970127111101e+00
2.728306066890333614e+00
2.764892746256371936e+00
2.783066388049359130e+00
2.764792163791405244e+00
2.755330781242616656e+00
2.713710233693553242e+00
2.715521770257133038e+00
2.711022749948678978e+00
2.752435811351087835e+00
2.754569237351699229e+00
2.747036490671388886e+00
2.763686652063207738e+00
2.794441450428323481e+00
2.808745595332653888e+00
2.787703453533091569e+00
2.763283433954210722e+00
2.783866957517936225e+00
2.754069449297980032e+00
2.791951038559511211e+00
2.832067933169264418e+00
2.823802210951366298e+00
2.786387848406203016e+00
2.749344094454245102e+00
2.718715486045363061e+00
2.740899776573079372e+00
2.712940154706630747e+00
2.696521516618351821e+00
2.721018021824254340e+00
2.731046359584721639e+00
2.715521500059706383e+00
2.737491284330329844e+00
2.737096731138985994e+00
2.780059384646278442e+00
2.787710450925044547e+00
2.834463129742169851e+00
2.822719387710383554e+00
2.844609830818875640e+00
2.862184847586292769e+00
2.861483872668990625e+00
2.882393249264589841e+00
2.829628831209785478e+00
2.855715052225935580e+00
2.865900976200413730e+00
2.826995493910787083e+00
2.793847775613648388e+00
2.859831622237290816e+00
2.830578793117008995e+00
2.819109575981225912e+00
2.779667093247089049e+00
2.758909531213895594e+00
2.754055539077210568e+00
2.755674105883294978e+00
2.771543179160036008e+00
2.767806261334976092e+00
2.734545697548156795e+00
2.709571227752785028e+00
2.697919818473159204e+00
2.697460213348607638e+00
2.733343704515987405e+00
2.731028966297873062e+00
2.750036318380026046e+00
2.732431719066416687e+00
2.741397742969278628e+00
2.767247223277718771e+00
2.768086457825027935e+00
2.761726317668251607e+00
2.738156624919434012e+00
2.722883463922890712e+00
2.695443286973425501e+00
2.725701629748230381e+00
2.724364418122830589e+00
2.705779655939013484e+00
2.700635631265656755e+00
2.709174391851016050e+00
2.702435932327004409e+00
2.749769749628007354e+00
2.741709430835236105e+00
2.798501486304989516e+00
2.803181515600795759e+00
2.828479221871387228e+00
2.810739805327046703e+00
2.798001659423329901e+00
2.755332318506113598e+00
2.756612805060416171e+00
2.747382774768986291e+00
2.746802769458617455e+00
2.735049000710763956e+00
2.783676033015707318e+00
2.765895476902768380e+00
2.755784742469058468e+00
2.757696659817161500e+00
2.751791803396471447e+00
2.814319885159857648e+00
2.832436906976996127e+00
2.834994429327255538e+00
2.862615904489787422e+00
2.874135883251118795e+00
2.857717774981259673e+00
2.838443214547866411e+00
2.813042026560199194e+00
2.821954939031780185e+00
2.811994336290819962e+00
2.803666872554153144e+00
2.793017644000681532e+00
2.800365993234934070e+00
2.767648154121257420e+00
2.758328213165202936e+00
2.793495879832292417e+00
2.765936340372419533e+00
2.745830224654437934e+00
2.737731914124946542e+00
2.750004029353341206e+00
2.811061402876950055e+00
2.834394520141163998e+00
2.844968112029696350e+00
2.846220913462459201e+00
2.798409799917989105e+00
2.783151674573169032e+00
2.793721503841587683e+00
2.767674360723865856e+00
2.787482074366319562e+00
2.789317764618795881e+00
2.785512017326585710e+00
2.831589824094923991e+00
2.841353830732788577e+00
2.827650049424345724e+00
2.803026814870481331e+00
2.840667512764576408e+00
2.797299694977472218e+00
2.790152796273938751e+00
2.838669824457246804e+00
2.901050952839850705e+00
2.892948055855464773e+00
2.861044337696303508e+00
2.911978034920914560e+00
2.874732655351239785e+00
2.871957247905628119e+00
2.859786982022639368e+00
2.851429082922360525e+00
2.877274862231949726e+00
2.911404978566440871e+00
2.904946173804143772e+00
2.903269746223032577e+00
2.905179463902046955e+00
2.887525340641412974e+00
2.865572534402879068e+00
2.799828016921468432e+00
2.793592570021417476e+00
2.761323650334988056e+00
2.765106873057576742e+00
2.781502732008962919e+00
2.714001773418288188e+00
2.729947271164124167e+00
2.771577830421378952e+00
2.792943298748144620e+00
2.799048605696460079e+00
2.797915593133340817e+00
2.821535992582321128e+00
2.848025403184577975e+00
2.835655110796841072e+00
2.856142872275138078e+00
2.857399333004154052e+00
2.836724603808265854e+00
2.839107126723122931e+00
2.801932864113660493e+00
2.809883151217438257e+00
2.778674564828035543e+00
2.792690701737675418e+00
2.808162932417824553e+00
2.781319915732296089e+00
2.788055428054055707e+00
2.796316308000801332e+00
2.797087704315287748e+00
2.835097124493354936e+00
2.815354303250526602e+00
2.835968987569087219e+00
2.823100746005319905e+00
2.773253934524709585e+00
2.783108851055410060e+00
2.776795184380371762e+00
2.785382647972759251e+00
2.806300814719028036e+00
2.771852876455921155e+00
2.760048169691030839e+00
2.785123953315903123e+00
2.822032521711707265e+00
2.807134979389932727e+00
2.806477842671502909e+00
2.809439325958201117e+00
2.809065517398110501e+00
2.839344162588724796e+00
2.787598846869366209e+00
2.800930326351312782e+00
2.762620351225668180e+00
2.843936162270226387e+00
2.863078929816945895e+00
2.850578637014112626e+00
2.813304476709822755e+00
2.807589774948708428e+00
2.828693896258729801e+00
2.788404126681468753e+00
2.772301690422422915e+00
2.777806321727677386e+00
2.778690794324321978e+00
2.814432715382325867e+00
2.828354982639119442e+00
2.804384141886882009e+00
2.767047512055079483e+00
2.747315521707559771e+00
2.788611655529469324e+00
2.749592819449132364e+00
2.774122590907539987e+00
2.751299926631155301e+00
2.765091187256498717e+00
2.793507677156181312e+00
2.791540181659231123e+00
2.807031123504433623e+00
2.792421028569710195e+00
2.826807402409587500e+00
2.858137965830745753e+00
2.874928705659363537e+00
2.869006211253421146e+00
2.839433184068425042e+00
2.819156943175926244e+00
2.819029319364906083e+00
2.795168444311474598e+00
2.809809569108881355e+00
2.834866522915528098e+00
2.804086315834118270e+00
2.812845435434674801e+00
2.829917081159036840e+00
2.779365619434209123e+00
2.817520247133627365e+00
2.813573836939569084e+00
2.784219535100355802e+00
2.758825286485762085e+00
2.756324006752100875e+00
2.795466468431433427e+00
2.840518640286344709e+00
2.819237135117218074e+00
2.793896850713182278e+00
2.820629160248531608e+00
2.821433727667130853e+00
2.808828611361433136e+00
2.783767347987788909e+00
2.768915106039977037e+00
2.765696914110856053e+00
2.765756605513475019e+00
2.754661371679836268e+00
2.806425203669843604e+00
2.796420925320996176e+00
2.767302636195163146e+00
2.783970514797183160e+00
2.762194194949040948e+00
2.729308008077137693e+00
2.717212933959813448e+00
2.734758662229373805e+00
2.752480883826137426e+00
2.756502261238497731e+00
2.774468082300956429e+00
2.800664611472514220e+00
2.825825076737451536e+00
2.808108558334325267e+00
2.810251037622170767e+00
2.799878060803461022e+00
2.814944859849409120e+00
2.804918019401424711e+00
2.828105785072815515e+00
2.848335095822772001e+00
2.815966427306252573e+00
2.788822190769671305e+00
2.740518091675243184e+00
2.744660990290131775e+00
2.759711479679717083e+00
2.706102335078999221e+00
2.712516982855246006e+00
2.760752011280349638e+00
2.746639848255753691e+00
2.758173249776617375e+00
2.744233408602914537e+00
2.772648586405030091e+00
2.758756675425587446e+00
2.752230888295999822e+00
2.783249958420300540e+00
2.759506455931183044e+00
2.787060415789947676e+00
2.802463477867244812e+00
2.791093499007939016e+00
2.806974499939365320e+00
2.800088005875128960e+00
2.788570727968560981e+00
2.800422750489405921e+00
2.819451808778558277e+00
2.815507993609086768e+00
2.803310758987887397e+00
2.814193385907462375e+00
2.808554497138677331e+00
2.859657892525182543e+00
2.913742401463758291e+00
2.909725076092381624e+00
2.919589540103725955e+00
2.905988480620166126e+00
2.889033572336510147e+00
2.921178567247936897e+00
2.882817247604671618e+00
2.859282531974753461e+00
2.835529176566982557e+00
2.842424999484753911e+00
2.873386959989606915e+00
2.864387507755296269e+00
2.825709711958566128e+00
2.876721976738063624e+00
2.867587420537732079e+00
2.826661513948713012e+00
2.775045700179625374e+00
2.766194221101308859e+00
2.718224287256231886e+00
2.734138660733398396e+00
2.711471456106939293e+00
2.743898797192724004e+00
2.756319809881924154e+00
2.750427496954114037e+00
2.754299746451631670e+00
2.781652856353200587e+00
2.772029245428048849e+00
2.786547129975468717e+00
2.769196953074866574e+00
2.789289461621232036e+00
2.824823367596261736e+00
2.852137802391046861e+00
2.879840747882237650e+00
2.873295144569307791e+00
2.855836685447500578e+00
2.791678767086196888e+00
2.793751293605416741e+00
2.799341989839013056e+00
2.808356192141626462e+00
2.805600109660299157e+00
2.795483003291806767e+00
2.789250497303718657e+00
2.752822335545113130e+00
2.766480282939765001e+00
2.777831279116743879e+00
2.773746975660321024e+00
2.778467891630212794e+00
2.811158113027719896e+00
2.772227265783039130e+00
2.816812009283409690e+00
2.870966070878224308e+00
2.854717847170643807e+00
2.870311745225780697e+00
2.876819785234499438e+00
2.852592922485722049e+00
2.815427828395211662e+00
2.825440183516096493e+00
2.801130604410382752e+00
2.788874549196177277e+00
2.780242869108006776e+00
2.803862505786821391e+00
2.784081540584147252e+00
2.792653200762488019e+00
2.794447469548594576e+00
2.762154861873240552e+00
2.775414762518012335e+00
2.780179894326418655e+00
2.778240471489068941e+00
2.782767626797384874e+00
2.762868368149236087e+00
2.764300408830953959e+00
2.796245030775621032e+00
2.860641753485304584e+00
2.878458762516022063e+00
2.841771343797856009e+00
2.861813208653178897e+00
2.830401381306464792e+00
2.815037039760622584e+00
2.832589609821494658e+00
2.810102402495791019e+00
2.792579750903431357e+00
2.795635164729522337e+00
2.789909538718168047e+00
2.790058456217613614e+00
2.806056736897500237e+00
2.794071749980683528e+00
2.792236970518911399e+00
2.863078854893704506e+00
2.842096050418086328e+00
2.823513699352987238e+00
2.790393576951065047e+00
2.818589976693226973e+00
2.792735954770056761e+00
2.760783854129842840e+00
2.769294853393776457e+00
2.780974321734084320e+00
2.801799747616013914e+00
2.856260855510505792e+00
2.854927244633600925e+00
2.873420339723730788e+00
2.912494720210042409e+00
2.885897629904522255e+00
2.855820874202271931e+00
2.826556195286786810e+00
2.853236392984121572e+00
2.882132906082841117e+00
2.875758601511933854e+00
2.908350715163360523e+00
2.861820183775081183e+00
2.880197264891639186e+00
2.857882280319711477e+00
2.848228868296009519e+00
2.841560813400485053e+00
2.827259010373743386e+00
2.878274906456108617e+00
2.835293030577968665e+00
2.878608593951557548e+00
2.831548910343661962e+00
2.864256719213646551e+00
2.872855951008410624e+00
2.889604163191799024e+00
2.904256938164844204e+00
2.870286741921031393e+00
2.831167614750809580e+00
2.813138473461865630e+00
2.786711743465279500e+00
2.822079347379602421e+00
2.777748214553196870e+00
2.808577065455330146e+00
2.792623278910192575e+00
2.879573352094231264e+00
2.879119278617450650e+00
2.892260399717454966e+00
2.893590727830453790e+00
2.856535753497702945e+00
2.884629769502557117e+00
2.834775803781119041e+00
2.856143559075611904e+00
2.873739094204042832e+00
2.819601399771490602e+00
2.824460911409651942e+00
2.839460939880952051e+00
2.882985047086146224e+00
2.873893726113752489e+00
2.907855931914784975e+00
2.913264778356198903e+00
2.884311273601205539e+00
2.874207261799966329e+00
2.854205601747795473e+00
2.807169910034724492e+00
2.816515285274006075e+00
2.795666018050785073e+00
2.801712932177089055e+00
2.794722943564158069e+00
2.742219657399526778e+00
2.778598249390900943e+00
2.776918507036153727e+00
2.766299159529188145e+00
2.782641511218742369e+00
2.763659738104150332e+00
2.740203970158439972e+00
2.753263458291334675e+00
2.775542348997583897e+00
2.801812908164510674e+00
2.831347267042824800e+00
2.858247486690615791e+00
2.848509035262152267e+00
2.822436830730016055e+00
2.825553108002610614e+00
2.818302921962356322e+00
2.795815412357258278e+00
2.842627293255168830e+00
2.825074980438787797e+00
2.868336367988325364e+00
2.856277803666571025e+00
2.846868656503262596e+00
2.832302323232719132e+00
2.857779929844588285e+00
2.818488333388537548e+00
2.751948157969005937e+00
2.735751922362187116e+00
2.726458787237894921e+00
2.719608706863675174e+00
2.722984224222464000e+00
2.737998578588448861e+00
2.758250593982726873e+00
