1.666666666666666574e-01
8.112836555140157113e-01
1.141623914145973639e+00
1.439371237690435734e+00
1.663750820153014676e+00
1.833222317294622705e+00
1.947412701294469306e+00
2.079073918067940951e+00
2.170304803397558935e+00
2.223922476206221077e+00
2.268809481935686545e+00
2.292093414512507810e+00
2.303993744451623193e+00
2.345913372825490395e+00
2.354140545368564652e+00
2.372257853434515340e+00
2.364405294632460741e+00
2.394687917758940632e+00
2.383074372848492661e+00
2.391681011509041443e+00
2.463291817376591641e+00
2.453432519834701342e+00
2.470963564660709100e+00
2.489670301914333805e+00
2.472645962158624755e+00
2.438182861507779187e+00
2.436773959866978867e+00
2.417415012116942208e+00
2.407011577651140488e+00
2.416960449697113322e+00
2.433833147438553723e+00
2.432131153395134859e+00
2.435744424475669412e+00
2.441383548457474628e+00
2.452777047529962395e+00
2.461666890822049147e+00
2.415432215349734069e+00
2.389344469709143937e+00
2.344641871110962672e+00
2.384010088501120173e+00
2.380442896430030597e+00
2.413594473214828895e+00
2.411694108904840483e+00
2.383056680593520937e+00
2.352223101759427060e+00
2.343186179045133155e+00
2.368825453223166289e+00
2.384041082789138066e+00
2.391081773085125484e+00
2.396797097230631834e+00
2.393313684325311996e+00
2.411156873818082413e+00
2.443210314258613902e+00
2.456689139296771351e+00
2.458604384065151471e+00
2.435400531039555894e+00
2.427222040650589552e+00
2.430507786906606515e+00
2.425597755152773871e+00
2.392049471819396089e+00
2.379838836987225648e+00
2.400762916802102964e+00
2.461690657544214123e+00
2.472212693818759188e+00
2.500325909821407233e+00
2.484266897931006302e+00
2.482427499248037517e+00
2.455202281583872104e+00
2.461674086418635277e+00
2.484743919608045637e+00
2.470513439894756136e+00
2.477590133119392135e+00
2.472092915253953471e+00
2.473622796221127906e+00
2.472596658484878862e+00
2.444262590504080901e+00
2.448356365495564901e+00
2.437537354189757810e+00
2.426489059863604414e+00
2.408517951544461244e+00
2.338593309000187581e+00
2.362685928507400668e+00
2.374094915090214197e+00
2.373100525718085496e+00
2.361476634769376748e+00
2.380919354691265255e+00
2.358118299202756951e+00
2.329305375860625027e+00
2.340529936823587676e+00
2.330502362657358439e+00
2.341091841333232448e+00
2.340101663204838367e+00
2.330327028649457066e+00
2.348993294108425278e+00
2.347860035565025427e+00
2.370928352917077486e+00
2.352250868984825605e+00
2.328528140537239999e+00
2.335293494410966897e+00
2.337269949902952781e+00
2.378045276514553219e+00
2.378325309079598160e+00
2.357270176082882251e+00
2.375667136748545349e+00
2.384994014376320415e+00
2.361502770621998870e+00
2.364905792351244429e+00
2.321366626902188646e+00
2.353922366677936751e+00
2.348938647337167840e+00
2.384781535657584328e+00
2.414319018870986433e+00
2.423446206747182696e+00
2.427933881862645027e+00
2.463962033625583636e+00
2.443412162307850188e+00
2.434871974759365454e+00
2.494461505950340552e+00
2.452114596969853899e+00
2.467734602536034938e+00
2.494290720969368103e+00
2.483730766487014741e+00
2.480865609502314495e+00
2.454443654622587179e+00
2.466514823562182546e+00
2.438606118688366742e+00
2.428222386187656401e+00
2.407969045872523139e+00
2.417774468796837439e+00
2.420490916064718778e+00
2.441645590106933383e+00
2.406373463911704480e+00
2.381172814282261907e+00
2.388459513299535431e+00
2.398364555988324653e+00
2.364246518036919653e+00
2.385032682973827978e+00
2.393958512486263235e+00
2.394205783664827170e+00
2.407963539481726034e+00
2.393353702761615853e+00
2.409328263426810057e+00
2.394906537869092578e+00
2.429450673250282744e+00
2.458192634836545931e+00
2.455844683052845756e+00
2.467957424100592601e+00
2.470250497044844895e+00
2.484799762757330832e+00
2.480698653231122819e+00
2.435499694832382378e+00
2.433341467515364176e+00
2.412532834398839920e+00
2.391883388620259066e+00
2.366604802020533693e+00
2.344364506011274329e+00
2.332090393836001141e+00
2.320348095444739744e+00
2.342851278741373555e+00
2.350157281060060388e+00
2.347591951305186164e+00
2.358429813672576980e+00
2.371110688681064893e+00
2.410405582090999754e+00
2.416309529191941419e+00
2.434505045405705115e+00
2.413615470825479559e+00
2.426702130299749793e+00
2.404631537972271360e+00
2.368347623249539957e+00
2.405407719499644159e+00
2.423797722236689989e+00
2.467134674910253622e+00
2.442359468298724412e+00
2.464084399694642880e+00
2.450498432748104527e+00
2.457672235939154071e+00
2.423711542718132161e+00
2.383723637284492991e+00
2.364100354579857566e+00
2.356809733550877528e+00
2.375354420286690527e+00
2.438507806392294253e+00
2.487849984981635565e+00
2.496966671748521271e+00
2.519239263737202528e+00
2.526511633605692975e+00
2.528343255935594946e+00
2.518166261136008721e+00
2.525613617291908142e+00
2.503852679756461086e+00
2.470802662080250567e+00
2.464342718871897375e+00
2.456164637594921984e+00
2.478032972021241065e+00
2.472822692375176601e+00
2.422021017656401209e+00
2.374031229885342320e+00
2.372162350580059531e+00
2.383585554721666888e+00
2.379294242754947053e+00
2.394792418786105603e+00
2.424581899756795611e+00
2.412183501160525712e+00
2.452662780537190113e+00
2.501500305770633759e+00
2.495863510888837844e+00
2.504438279692754676e+00
2.546722290409939138e+00
2.527082255828239532e+00
2.513640877486001290e+00
2.476737475582389880e+00
2.426531468390147772e+00
2.399977711301113370e+00
2.377527232066507068e+00
2.384066707065954471e+00
2.427059029700286530e+00
2.386688572134250119e+00
2.391177475422158416e+00
2.389102740103011158e+00
2.341145191793970515e+00
2.335268225288145594e+00
2.364278991378619743e+00
2.349952363804675315e+00
2.396582237450232356e+00
2.435553971192372824e+00
2.421579355687554891e+00
2.407949161291284668e+00
2.408314895901394692e+00
2.414018842438913737e+00
2.405785674841017130e+00
2.411793565429121156e+00
2.405082554251722016e+00
2.446116082686014881e+00
2.482700056365515717e+00
2.503115664829893561e+00
2.479373864566225549e+00
2.419679651019893019e+00
2.451528144187386182e+00
2.456081387346136680e+00
2.438597184899955472e+00
2.413965478597659864e+00
2.431492799492146695e+00
2.430722197460777334e+00
2.438179501004864136e+00
2.463544063242365745e+00
2.417114014040527170e+00
2.398512817736291769e+00
2.405336715449376772e+00
2.405313723410064330e+00
2.400763806448543924e+00
2.367802315147957692e+00
2.384889836417426690e+00
2.373119437165276402e+00
2.355300025321425572e+00
2.378473410922062659e+00
2.401011511268654974e+00
2.367890765992424207e+00
2.359844334495674989e+00
2.346907454984056951e+00
2.348260313295007951e+00
2.346102830983784138e+00
2.391817246480064441e+00
2.382747156175179182e+00
2.368924239552828048e+00
2.357459633014085121e+00
2.368827097911259116e+00
2.349034717602291433e+00
2.382410834928281762e+00
2.421488237275810640e+00
2.388981644638371371e+00
2.482175551884845177e+00
2.492571987699273350e+00
2.477425509992242869e+00
2.456394598644840332e+00
2.416102779120523181e+00
2.420382490303691458e+00
2.426945024754815439e+00
2.422423800146741524e+00
2.407106124599011299e+00
2.413589062049954048e+00
2.418421258601202606e+00
2.408088511056068803e+00
2.392970519118959860e+00
2.401965777182009099e+00
2.425156553317638686e+00
2.442619134188807273e+00
2.417523044071225868e+00
2.414322672894115840e+00
2.419190519778020132e+00
2.460317387674808565e+00
2.464057815723520228e+00
2.466414739390301314e+00
2.423789828796975243e+00
2.424846516948292230e+00
2.424482187615866202e+00
2.387945761342829432e+00
2.385762630139824925e+00
2.419380147968861472e+00
2.398274667988579356e+00
2.411272280670764268e+00
2.404860614130828189e+00
2.369557454798019602e+00
2.359054778036335787e+00
2.353798166276667381e+00
2.365215001194335809e+00
2.367893094927739916e+00
2.393555691580544043e+00
2.377930308794255598e+00
2.336446379907731963e+00
2.375306151178128378e+00
2.386441605232264784e+00
2.384527523788317449e+00
2.365833069191247251e+00
2.407836358509400032e+00
2.407901495530151870e+00
2.423424050047826572e+00
2.444728899984670800e+00
2.399986249595323251e+00
2.398578844253124842e+00
2.359513932816721837e+00
2.372712477953288879e+00
2.364380969322056103e+00
2.343958577342256433e+00
2.369999509510595459e+00
2.393570275181339024e+00
2.395564441475273476e+00
2.391559277280850715e+00
2.443333642326241506e+00
2.429941061416309278e+00
2.484382084946972657e+00
2.506361904016968456e+00
2.465497963301642503e+00
2.475661368835855303e+00
2.502601958664756321e+00
2.491376432409207808e+00
2.477799250350422255e+00
2.479134964801991359e+00
2.427623426368341164e+00
2.388410537647180032e+00
2.388974813737797742e+00
2.328776152318043913e+00
2.308830409871704070e+00
2.336820606701410785e+00
2.338201484119326157e+00
2.308765798531763114e+00
2.356845401974327903e+00
2.363472212077084578e+00
2.390373020097810386e+00
2.418240471602281616e+00
2.416055610070869886e+00
2.384586593522803888e+00
2.396336066888998584e+00
2.467442911360516966e+00
2.475983662317192469e+00
2.420652783957428333e+00
2.346891418011090913e+00
2.326967141482841672e+00
2.310045664892039330e+00
2.290582099642473946e+00
2.285126850423067957e+00
2.304034900940200359e+00
2.343281334170390195e+00
2.364568332837459597e+00
2.401149958571062282e+00
2.404506805303963102e+00
2.411382210216050481e+00
2.388660767129045404e+00
2.385804833797094737e+00
2.385224073366810860e+00
2.380416562236336908e+00
2.372390027199909657e+00
2.351095422099283905e+00
2.365719991692269542e+00
2.332970848947427012e+00
2.323740307323652665e+00
2.357525861059133199e+00
2.346922458473128970e+00
2.371301379768994355e+00
2.349431061035853752e+00
2.331957155032859053e+00
2.357423583960347901e+00
2.348000108504085137e+00
2.340165107089827057e+00
2.334454176602768438e+00
2.327933782620292380e+00
2.355827463875316941e+00
2.391253048669099712e+00
2.427965466396281968e+00
2.395302635198688357e+00
2.367050894246961690e+00
2.354266510333056228e+00
2.376446441397944032e+00
2.408411028287714917e+00
2.412566843645099990e+00
2.444451739735375106e+00
2.416677920532228629e+00
2.377463662427599100e+00
2.366045708772313017e+00
2.379983869728692802e+00
2.395411805381025161e+00
2.434937508196901579e+00
2.401382004779847090e+00
2.375356528126874256e+00
2.401390419860708114e+00
2.387842198277478900e+00
2.383885307120777952e+00
2.362658640730497694e+00
2.340221561524792104e+00
2.334559144664364538e+00
2.345740572173208527e+00
2.367597170494002867e+00
2.385013633423733737e+00
2.398858580371435512e+00
2.389621974509690716e+00
2.404126917785988748e+00
2.403225935403728197e+00
2.401319627856916217e+00
2.431337752791240536e+00
2.422155593630772596e+00
2.404990385877799675e+00
2.406074592173748528e+00
2.356738166449537264e+00
2.357115858710851164e+00
2.401332049471073482e+00
2.381157840085747157e+00
2.401507276556929416e+00
2.450298183844316746e+00
2.420181160413047206e+00
2.399876724211975620e+00
2.422940370160813206e+00
2.465850490458011635e+00
2.457774278895632047e+00
2.452335016934960699e+00
2.431977726073661028e+00
2.435910319138724134e+00
2.442212608690746301e+00
2.475207669563118884e+00
2.426438938976510418e+00
2.396387570370349440e+00
2.371876215192668003e+00
2.357019985666751527e+00
2.407306310719000475e+00
2.397734112136734819e+00
2.404682996630071123e+00
2.400652140133148205e+00
2.415779824861338909e+00
2.428789307943977072e+00
2.436985781404600537e+00
2.461493455218923376e+00
2.442924990737898927e+00
2.406356452007574198e+00
2.414180216984481486e+00
2.410003817437006646e+00
2.439471306699513953e+00
2.421578575368851904e+00
2.413645680958640405e+00
2.406657144648760571e+00
2.382960670028990258e+00
2.372370448908279528e+00
2.322279021432878121e+00
2.339289344182948760e+00
2.334118354937290363e+00
2.362830399364784562e+00
2.349832381456239627e+00
2.363147058383153976e+00
2.389287388982377358e+00
2.402082009593235590e+00
2.421568425776869038e+00
2.443462691332698000e+00
2.469078405673793775e+00
2.452346388375265640e+00
2.461970998229761509e+00
2.423196640218880482e+00
2.442669878204955847e+00
2.436269171603341110e+00
2.435642172627535018e+00
2.428112977584215848e+00
2.435503331865337628e+00
2.478805697893453175e+00
2.398815576136583694e+00
2.406642306919406948e+00
2.400106573647604602e+00
2.386709405839475107e+00
2.389666095001336199e+00
2.391442222403953988e+00
2.405406823193881660e+00
2.379738490464433642e+00
2.410947322288667483e+00
2.429938976507387771e+00
2.427246217589176691e+00
2.444425173547170704e+00
2.452513871672377554e+00
2.454941925954493787e+00
2.492766938905951690e+00
2.440246849471611412e+00
2.428583884080694588e+00
2.442239718395123216e+00
2.411016579216307409e+00
2.430608529246995886e+00
2.444709037479926739e+00
2.449671999837650382e+00
2.445628557572320005e+00
2.436454865243125933e+00
2.435454880083232077e+00
2.452046084299254858e+00
2.427123607458685051e+00
2.431166262565029434e+00
2.461316623531119241e+00
2.450317264086803615e+00
2.418317695809623746e+00
2.380552917443989891e+00
2.353290439299994041e+00
2.371585867036706929e+00
2.391946158269433909e+00
2.410135245112642099e+00
2.352684830359820900e+00
2.342274953408281402e+00
2.338912765326997878e+00
2.344628222651456539e+00
2.355600226847855971e+00
2.316361505535928789e+00
2.328302420929070582e+00
2.330552663368349986e+00
2.312728134516976120e+00
2.282369714791803172e+00
2.310310648413942403e+00
2.309152120174497558e+00
2.352113975260642142e+00
2.349143575333553002e+00
2.426271842609617924e+00
2.442083433657468827e+00
2.427188428051771485e+00
2.423729142373322265e+00
2.417811264631251955e+00
2.454841905592616058e+00
2.452365630030330479e+00
2.457519993819559545e+00
2.409270181491861784e+00
2.411662766125403756e+00
2.411241021904918291e+00
2.417788658423953851e+00
2.415909133070604842e+00
2.354072726609991673e+00
2.360766011532108966e+00
2.369220921405107649e+00
2.384042575241473116e+00
2.383096196253500221e+00
2.385196388694209357e+00
2.421359448994479191e+00
2.473569088314681697e+00
2.445959091342252645e+00
2.408404469006147242e+00
2.421842880555618915e+00
2.380013401731605693e+00
2.356731234707879263e+00
2.375713198496922196e+00
2.376284958289209825e+00
2.382572488236831543e+00
2.368503913258755311e+00
2.376438221662749317e+00
2.401376217839942484e+00
2.368363029042908074e+00
2.360077287055510009e+00
2.351348250352830682e+00
2.376045700984486864e+00
2.351098855359312623e+00
2.336190311772722961e+00
2.320123979892145361e+00
2.310116484860744723e+00
2.308962467227460458e+00
2.325452194277936702e+00
2.336625857205999690e+00
2.326608892347834079e+00
2.342273024312874874e+00
2.357540541512952004e+00
2.345186182117100948e+00
2.344415431322600440e+00
2.353855476140680913e+00
2.397120311204107956e+00
2.413108463858068209e+00
2.453390681618730973e+00
2.463001377510639855e+00
2.449790413098037689e+00
2.443762541275455114e+00
2.438644749964510527e+00
2.452796404282817200e+00
2.413275937085123335e+00
2.418270491450645210e+00
2.393131583682247321e+00
2.385193517614079717e+00
2.401023090507582669e+00
2.400155065858317727e+00
2.428328041365372059e+00
2.439354122757292131e+00
2.441591977440937811e+00
2.458960014948600392e+00
2.425138416609324832e+00
2.440091578743902812e+00
2.445676446571405371e+00
2.467748683253769837e+00
2.472828340816031201e+00
2.490082363731826565e+00
2.501916704117852941e+00
2.498652099967595852e+00
2.504893365372212521e+00
2.541734326222200302e+00
2.564058174185170902e+00
2.535979827931085229e+00
2.513581322229558435e+00
2.476350497014466967e+00
2.454583284770127882e+00
2.425326086612729526e+00
2.452413203099486960e+00
2.408140204688670849e+00
2.397792896781601346e+00
2.383856347514272667e+00
2.378764730789985737e+00
2.389752911774795319e+00
2.388285584759597402e+00
2.415037385835312023e+00
2.404027031359670996e+00
2.362888693553030439e+00
2.353802463381265753e+00
2.340949545319081615e+00
2.355326653814268756e+00
2.332476643350075207e+00
2.335512537099353025e+00
2.334394936736967185e+00
2.333185988595706473e+00
2.336736879203251682e+00
2.333952698448028329e+00
2.361821695677029265e+00
2.351472143109009760e+00
2.395834805182964544e+00
2.398706585800047364e+00
2.389864731007203869e+00
2.392640987146855025e+00
2.376371134068647972e+00
2.445750205910393493e+00
2.432259837233218036e+00
2.458771136684894554e+00
2.476609392331828197e+00
2.470487947809482776e+00
2.461259419290614758e+00
2.439806280623704637e+00
2.420831619983340843e+00
2.410397089642061008e+00
2.406131953504476062e+00
2.397682057691191471e+00
2.407994141916348863e+00
2.433289405679912143e+00
2.440840861943152973e+00
2.428646959177499731e+00
2.397747772320212967e+00
2.454933801446754327e+00
2.434539305464001213e+00
2.422443757414567855e+00
2.435890273985467758e+00
2.431894335468886670e+00
2.398524008228909654e+00
2.398486960316914107e+00
2.342651801517081633e+00
2.327609959394419281e+00
2.366385155452463973e+00
2.381480443138637604e+00
2.362846867230232739e+00
2.351033558830764481e+00
2.370863030767900170e+00
2.403297094610468587e+00
2.399688467298330963e+00
2.386186118680009294e+00
2.386670728495444926e+00
2.394786572024498739e+00
2.447177135666425141e+00
2.475357264041860184e+00
2.467707968926832418e+00
2.444863073748043902e+00
2.457628580443335320e+00
2.444003223481539866e+00
2.447074787331279921e+00
2.441923727170906666e+00
2.437696538099126897e+00
2.435319551701122354e+00
2.416141825388086417e+00
2.392999265910146889e+00
2.392935030200053159e+00
2.412612284878915325e+00
2.408615861954944926e+00
2.436644146879257011e+00
2.402158721426961296e+00
2.412684867925181553e+00
2.380995417127048874e+00
2.379096199722002591e+00
2.378478894490787976e+00
2.367012372411669396e+00
2.386452116517790767e+00
2.385724863735451784e+00
2.395136301334019890e+00
2.436076404849800703e+00
2.421142240925971301e+00
2.462110190174696900e+00
2.448157722968424821e+00
2.432096842711957141e+00
2.460553289449528336e+00
2.478160165198142639e+00
2.459275698955444067e+00
2.449943250404525319e+00
2.458664973571458745e+00
2.483529460880060213e+00
2.481291367514400825e+00
2.457192901197249757e+00
2.464237316353019125e+00
2.470252250762697610e+00
2.448547999585413137e+00
2.446577985999334626e+00
2.410004861997334658e+00
2.440584411250894536e+00
2.407509892863261669e+00
2.443413480956611927e+00
2.440413664211221967e+00
2.434643841074830117e+00
2.427467909960659309e+00
2.390097800334528344e+00
2.368699073284386891e+00
2.379418432707328446e+00
2.362245621828149567e+00
2.398759989305516704e+00
2.422710796679508061e+00
2.413988442854412497e+00
2.400104188831178487e+00
2.381185917550936004e+00
2.418428309223357164e+00
2.406722038542616904e+00
2.397707646251635349e+00
2.400290912102936325e+00
2.391446246895423400e+00
2.403810324259809228e+00
2.360205324789615311e+00
2.369618717859847123e+00
2.406758138547396175e+00
2.444152833256858504e+00
2.394173688670648836e+00
2.395920365241632322e+00
2.405365594794069750e+00
2.454870471139219745e+00
2.428508590002056877e+00
2.393242182214941671e+00
2.344911292506763001e+00
2.352329725317460873e+00
2.400134821199205515e+00
2.410482112212162686e+00
2.400076926750646322e+00
2.418295613898641339e+00
2.414332086510342368e+00
2.426441597575680120e+00
2.424081735029587570e+00
2.431683826301296314e+00
2.404924891699144585e+00
2.398034861245307514e+00
2.396637304209336961e+00
2.406713059786043107e+00
2.407183852035928329e+00
2.380857951961819374e+00
2.389794085855310612e+00
2.375454594580781453e+00
2.401028883955021787e+00
2.406001906786089162e+00
2.422169664037826742e+00
2.390657920282010629e+00
2.427274534127534800e+00
2.435501993802623222e+00
2.390378612625113419e+00
2.410136635089429102e+00
2.399632290092681419e+00
2.400403304041772490e+00
2.393930641949431060e+00
2.395100180018906233e+00
2.387118100256450326e+00
2.368843447699261251e+00
2.323770967903631135e+00
2.329923358453893645e+00
2.321516813047308503e+00
2.324438380080109834e+00
2.343073052375904464e+00
2.393506873037647420e+00
2.408166239116158458e+00
2.379965631418355265e+00
2.350931624732500946e+00
2.326320815576241152e+00
2.328051300386048794e+00
2.338772566038412215e+00
2.349356814866728538e+00
2.353441507528174714e+00
2.329112269515527522e+00
2.357697925609636425e+00
2.370964227248247624e+00
2.353436790859521732e+00
2.346683591565267513e+00
2.318734052447522398e+00
2.350727116287340657e+00
2.335331148959924441e+00
2.368200079486219689e+00
2.396911864066233466e+00
2.397986098215169726e+00
2.435038034135120100e+00
2.471512825787931078e+00
2.493579741753411572e+00
2.484683790888312593e+00
2.480963306090505860e+00
2.486857600414027036e+00
2.483185687072277936e+00
2.434160469558134032e+00
2.417014105526418266e+00
2.414274794614939434e+00
2.430675151981804838e+00
2.437173470438893652e+00
2.431779116352154269e+00
2.451500263171371152e+00
2.425399274370662717e+00
2.454775274861784151e+00
2.434320342925421876e+00
2.418069811901958133e+00
2.430550816160921723e+00
2.412834415851121683e+00
2.393402078210837836e+00
2.412785281599793219e+00
2.398603061114627177e+00
2.397778650652671928e+00
2.394435422646177258e+00
2.436181505621519694e+00
2.453260375304126217e+00
2.435965518479680014e+00
2.441332144126311832e+00
2.437669482196728854e+00
2.438514485192407211e+00
2.437979976251376524e+00
2.427414339802367316e+00
2.432652884577364727e+00
2.418552698476477136e+00
2.430482323597090488e+00
2.413122080686562310e+00
2.391970769777326478e+00
2.412231707829003202e+00
2.421222663968017219e+00
2.422063187791699601e+00
2.390147355789157935e+00
2.383533797675050803e+00
2.405338296509046181e+00
2.403584397013784013e+00
2.398626303405390292e+00
2.402008461646718995e+00
2.387489552524694414e+00
2.435616120831013198e+00
2.398416154385676347e+00
2.379604324285817807e+00
2.381485811235090733e+00
2.419653261249501419e+00
2.435167034921606355e+00
2.386583931295623184e+00
2.358994690490105572e+00
2.365194868676984363e+00
2.356686827725799294e+00
2.383594125969827449e+00
2.378363571207892324e+00
2.433259916797112066e+00
2.441861316785397751e+00
2.453602908552109607e+00
2.494198051609276323e+00
2.492777125148235129e+00
2.459221212920215560e+00
2.487679452494141241e+00
2.484741664581606724e+00
2.488751657960500463e+00
2.470498795193884600e+00
2.459492926174034366e+00
2.445522372176547332e+00
2.441549061139244081e+00
2.439906936380308977e+00
2.412860862684197194e+00
2.405986915455150754e+00
2.405459343594675392e+00
2.419012108594053245e+00
2.400788866034729185e+00
2.373306357455192472e+00
2.384716875810712455e+00
2.372575490686951394e+00
2.368673991862171757e+00
2.360006926717030051e+00
2.353621196196967524e+00
2.346431765431634453e+00
2.375688922153118554e+00
2.392049488237341759e+00
2.393868001158768966e+00
2.412334110414335875e+00
2.401177753211165999e+00
2.408410906775017679e+00
2.403160313241765600e+00
2.396130186613001367e+00
2.368371524709476095e+00
2.369116567336489787e+00
2.375107665673103163e+00
2.422575035779449326e+00
2.427034493261689629e+00
2.411568938873980716e+00
2.437004722006158808e+00
2.434458195604121578e+00
2.421460605675934463e+00
2.432533672611418396e+00
2.444728376060132380e+00
2.422128754554726537e+00
2.417379351719626257e+00
2.409273482523631049e+00
2.368265873585364112e+00
2.356035570677417645e+00
2.392081833271272551e+00
2.407344392213996542e+00
2.410290130230789529e+00
2.405926263636001483e+00
2.389376882007935521e+00
2.377543333150358595e+00
2.361033885601128812e+00
2.347123307565734951e+00
2.377135570303536838e+00
2.396593062491767956e+00
2.417222756874536138e+00
2.438091632398852404e+00
2.458081220146609791e+00
2.452847921021593880e+00
2.503961302510908649e+00
2.504400606720376565e+00
2.486675839906211660e+00
2.508574475827292538e+00
2.488091001973703698e+00
2.483042411640365543e+00
2.503269087261901227e+00
2.437407256383687049e+00
2.419140790233643479e+00
2.442305556227238217e+00
2.443130679541066996e+00
2.418788554327234497e+00
2.439931062816593776e+00
2.479023229983611465e+00
2.444893893766491466e+00
2.428371126240615574e+00
2.401191369390926589e+00
2.380406481828114096e+00
2.376851211234501271e+00
2.400777333863450380e+00
2.400601187977682294e+00
2.405135074889662050e+00
2.392996569182399114e+00
2.390882071250153285e+00
2.374360310947706498e+00
2.384941691973849753e+00
2.385744329188279167e+00
2.401394826642274882e+00
2.378297754959782129e+00
2.416814737528976575e+00
2.360719213144654827e+00
2.383830421780865017e+00
2.375052623337603031e+00
2.391605981729079566e+00
2.389105505057684820e+00
2.431273708241375786e+00
2.441633840744339423e+00
2.415771178563597132e+00
2.448899595962936271e+00
2.471665109645254432e+00
2.477428349898285198e+00
2.431845131469374088e+00
2.438431030636275754e+00
2.437745252166160892e+00
2.418486206118982018e+00
2.406696172777058607e+00
2.415152687203392823e+00
2.410883846734498626e+00
2.421588552241013215e+00
2.385582266131176965e+00
2.383262013428238735e+00
2.395728702864329041e+00
2.408833488438576254e+00
2.390591150035782153e+00
2.388062164974659396e+00
2.401231794184031099e+00
2.385932514620122014e+00
2.391360770418495818e+00
2.389582441348352404e+00
2.421471832676494351e+00
2.425924634941568847e+00
2.455309005036834691e+00
2.459054286129778610e+00
2.398196801131468270e+00
2.366126300804944460e+00
2.344522224997854565e+00
2.377234380148391946e+00
2.404677233250876345e+00
2.410423792681906985e+00
2.385004549233815219e+00
2.412247357149655436e+00
2.395061847407787603e+00
2.391963821467940399e+00
2.397297584907528645e+00
2.402898559128594069e+00
2.403957378115377352e+00
2.393883420548707619e+00
2.432583586015998112e+00
2.446051709983192435e+00
2.401284292607347659e+00
2.403897781686517021e+00
2.421604112811980958e+00
2.421900641861611803e+00
2.452406840797048293e+00
2.406359761561162713e+00
2.399881363929766920e+00
2.383961252510455875e+00
2.397855304490071227e+00
2.408433092732871650e+00
2.423618909528334697e+00
2.412231297118695661e+00
2.402532210725337958e+00
2.365967101177549381e+00
2.365096669633110160e+00
2.382115271165962334e+00
2.370637049816530340e+00
2.377032484150824576e+00
2.390295012555374576e+00
2.354933779601203092e+00
2.365524105211928685e+00
2.379410012125563689e+00
2.373159411532540730e+00
2.394300780116700889e+00
2.368036551541595092e+00
2.392344985880099362e+00
2.418154592706763584e+00
2.439743736697876031e+00
2.450495660591802682e+00
2.411891571427297709e+00
2.431040968871863051e+00
2.393113034960716590e+00
2.408451842171137613e+00
2.401684765267308119e+00
2.412250222808475453e+00
2.404240320732768499e+00
2.405402431234544114e+00
2.428375937389966932e+00
2.427724281353627500e+00
2.428528643363743633e+00
2.428013755545668229e+00
2.378361605497091524e+00
2.403929301000270691e+00
2.410509274464993634e+00
2.376471572849874203e+00
2.364292549081023154e+00
2.369455749001505573e+00
2.394224468261354044e+00
2.389535084849098379e+00
2.403501069377006250e+00
2.411520010932259428e+00
2.417129485420232982e+00
2.465295430894188566e+00
2.452285184280508012e+00
2.505831955947207312e+00
2.497473454391892389e+00
2.490607703376215287e+00
2.475525603109370198e+00
2.468832756808831075e+00
2.432921840942553704e+00
2.428229133444270271e+00
2.437303189626530475e+00
2.441638215920899135e+00
2.454169987674360787e+00
2.426517198747947468e+00
2.434579477233433042e+00
2.464284800440463385e+00
2.455543725980779080e+00
2.429059392363767778e+00
2.437879398035620593e+00
2.475393450515347649e+00
2.458556621102980788e+00
2.449803836766930143e+00
2.409665016037873198e+00
2.414554862075693809e+00
2.392162768081511182e+00
2.405520919617268216e+00
2.424606306814608203e+00
2.427121711389372383e+00
2.391717800049655285e+00
2.410948382677533530e+00
2.423369952419808904e+00
2.416691017462516466e+00
2.425984661991652747e+00
2.444396674119190926e+00
2.394350372033513530e+00
2.378460530793407912e+00
2.370757139567393867e+00
2.390313495460746562e+00
2.382461016645792906e+00
2.386964080801565746e+00
2.346717460364192931e+00
2.422224327152384227e+00
2.378680403658136377e+00
2.390939549802099329e+00
2.361747015890215184e+00
2.392866575229605886e+00
2.384847146261144690e+00
2.395401177232116652e+00
2.417886768853570789e+00
2.427247080410271263e+00
2.356894092352369352e+00
2.343408825348093139e+00
2.380029715090233200e+00
2.368052932916995257e+00
2.390595012134621999e+00
2.419417468559923012e+00
2.408061128834981801e+00
2.395835411517813096e+00
2.409315144140792508e+00
2.422644909609190655e+00
2.436854004313665722e+00
2.447240231670642530e+00
2.426766400717734307e+00
2.394488864845988552e+00
2.406200289524328184e+00
2.436369804901679981e+00
2.432080154815764672e+00
2.368034326846078397e+00
2.384300600856260832e+00
2.411651417619497639e+00
2.397590285282460432e+00
2.377486640716115041e+00
2.383853521247969454e+00
2.407614023921620827e+00
2.401705309582259140e+00
2.413950080044866553e+00
2.414141797818457835e+00
2.406091805507324377e+00
2.419791684567489387e+00
2.378985370198638538e+00
2.381513251643301299e+00
2.395233463448151578e+00
2.411921213908045925e+00
2.432423918509433403e+00
2.436349469020611558e+00
2.428488676646153088e+00
2.422021513485902222e+00
2.409165078267398563e+00
2.402975915136860596e+00
2.405029797316518003e+00
2.405768289420441075e+00
2.403290137258618397e+00
2.405888153118749262e+00
2.364848389604877976e+00
2.367533861590945587e+00
2.377063597888932733e+00
2.382979421853958613e+00
2.389604201814233608e+00
2.436342334151078592e+00
2.427515786303943379e+00
2.400075984017409070e+00
2.409339882748785744e+00
2.413948026708440331e+00
2.471517692456281168e+00
2.455501366319253087e+00
2.455081698419019354e+00
2.478488133788383951e+00
2.428916528971215794e+00
2.454434850966145998e+00
2.469726258865356794e+00
2.464598668770606071e+00
2.475623403333180761e+00
2.447298640767072708e+00
2.421993395232320267e+00
2.389148093221273417e+00
2.406556881488598254e+00
2.437158368082684046e+00
2.413477851169354871e+00
2.404080329888504064e+00
2.435166235661510914e+00
2.415454997508279966e+00
2.441965398116829888e+00
2.448676047611985762e+00
2.487849580299267060e+00
2.450497751428133419e+00
2.472929740611718774e+00
2.480633941334080994e+00
2.501108064688124522e+00
2.474905871141734881e+00
2.475458468049049454e+00
2.413786579316445025e+00
2.386645564148126120e+00
2.409400185330571986e+00
2.422373067119794943e+00
2.406828419147739151e+00
2.439592346194650041e+00
2.450778126265055867e+00
2.435293328187913886e+00
2.424362009265729423e+00
2.404404197232565821e+00
2.401243149084654860e+00
2.455210522622913505e+00
2.473321750512543105e+00
2.471837013120013360e+00
2.464263104217013556e+00
2.461871878677632353e+00
2.470681331721779728e+00
2.440038820985050982e+00
2.401871455779303499e+00
2.425254694365683417e+00
2.446908831123077555e+00
2.405493202457376967e+00
2.363665614444405261e+00
2.324966750819400296e+00
2.335212739585220909e+00
2.336341661275191051e+00
2.319500404832598228e+00
2.359821211057423263e+00
2.380535983280974488e+00
2.405216226220396880e+00
2.404818818554755655e+00
2.401724443871982917e+00
2.404115610182453899e+00
2.394246456648799093e+00
2.414793231384416483e+00
2.437038874296613589e+00
2.415968114801076982e+00
2.454439664234285612e+00
2.439962551810657132e+00
2.421395055514737660e+00
2.376522519655099419e+00
2.348890214543215116e+00
2.328360466773238713e+00
2.384852195314173695e+00
2.387961969466728007e+00
2.360304388169802259e+00
2.369821557519875110e+00
2.356361930954062878e+00
2.338771838710999251e+00
2.360698011729768009e+00
2.354545571824236294e+00
2.339526298316430886e+00
2.366516616369353176e+00
2.341801495150378720e+00
2.334669248171721279e+00
2.379646633869155981e+00
2.379423793198417680e+00
2.370528670187831644e+00
2.366252690489241139e+00
2.383191952943942926e+00
2.370684048316709536e+00
2.379639317167827617e+00
2.402154570448124637e+00
2.430077738688005695e+00
2.438162635116535082e+00
2.421654972880719292e+00
2.400950642375806687e+00
2.402009521084274901e+00
2.416291816811203308e+00
2.407254841984344917e+00
2.408137462255550254e+00
2.395650879390454069e+00
2.397029498543143955e+00
2.402988791436998284e+00
2.385370089270137495e+00
2.377436747237203551e+00
2.369315710210500026e+00
2.381917688231423025e+00
2.351711103154374705e+00
2.353389427268648859e+00
2.388251074461406720e+00
2.399175459648271502e+00
2.390016483594842533e+00
2.388338560117082565e+00
2.383291048684016644e+00
2.372277625957650127e+00
2.378629784493631494e+00
2.367099581042044321e+00
2.392555120488787157e+00
2.338830629103994418e+00
2.322110031255911977e+00
2.356818512586952963e+00
2.373283883454012422e+00
2.363073443784329264e+00
2.365627235332811829e+00
2.376903641250275090e+00
2.396263830494070657e+00
2.424165275119242846e+00
2.398559312400168064e+00
2.392676531695633990e+00
2.430277752303005023e+00
2.451259483732351807e+00
2.467768814224519769e+00
2.457077697989137999e+00
2.426515158556867835e+00
2.449944450558863007e+00
2.417636265773687843e+00
2.423046989030807730e+00
2.423657550566920449e+00
2.440967790760079303e+00
2.427279862326215731e+00
2.443380199991299850e+00
2.453460744276641403e+00
2.416159677771321679e+00
2.411202631951472775e+00
2.443110716774879343e+00
2.456873740800712635e+00
2.441822953658361772e+00
2.396339172422914832e+00
2.423461966833169612e+00
2.410129851177976068e+00
2.380190365288276766e+00
2.377104474297041303e+00
2.401724077357828335e+00
2.400547506548534660e+00
2.390617388695051915e+00
2.359133992163579663e+00
2.345526796432474192e+00
2.355356637414781851e+00
2.378266221084521348e+00
2.353904345701159251e+00
2.367143200412861415e+00
2.377235223199101188e+00
2.401104409795280947e+00
2.418352153158702667e+00
2.417204055383157080e+00
2.387919583335411655e+00
2.363096746690827477e+00
2.355881976953533297e+00
2.338496515435766643e+00
2.360766820505257435e+00
2.360739658104029193e+00
2.370829159869125125e+00
2.403389835659312634e+00
2.422659725962821309e+00
2.448456720373924256e+00
2.453639780228784151e+00
2.459336078738579623e+00
2.451939705376239065e+00
2.463820217319381722e+00
2.475963151842848209e+00
2.421305307199993706e+00
2.454128099267269825e+00
2.405886961273874913e+00
2.407313634440694461e+00
2.392515100898105374e+00
2.422361291598951638e+00
2.425235502833511969e+00
2.431627202741681426e+00
2.433781184594454583e+00
2.430357093082363029e+00
2.433438955628356215e+00
2.429546996335177234e+00
2.461657338807591966e+00
2.457362559947474434e+00
2.475564743255471711e+00
2.451063705462926290e+00
2.425425127105553802e+00
2.453449715022320454e+00
2.469597689577753385e+00
2.465191328254347169e+00
2.485067195825608533e+00
2.469150336852840244e+00
2.452205342497970175e+00
2.429961520182655654e+00
2.425105903865083956e+00
2.450687026740089980e+00
2.434418343375728266e+00
2.444973321926342091e+00
2.443821858157195326e+00
2.438728145414917226e+00
2.439590806471984674e+00
2.411822185038345001e+00
2.414771346608471703e+00
2.423900669046509471e+00
2.407625502877707380e+00
2.386286980738435926e+00
2.378497671170860528e+00
2.345101101286192868e+00
2.388791592455610235e+00
2.404570996127710636e+00
2.382583442680779040e+00
2.339156806144627510e+00
2.374554765067135254e+00
2.353797158873209394e+00
2.386203955673600774e+00
2.418709212787643281e+00
2.441250703847432924e+00
2.441193343536489646e+00
2.447066963219594271e+00
2.462999534731594498e+00
2.457369455771991618e+00
2.437538283160569641e+00
2.452048253874815842e+00
2.411663482414368342e+00
2.414817444557446624e+00
2.403007802436785134e+00
2.413736942708887945e+00
2.383936845717237851e+00
2.371978948574434476e+00
2.425724905758054994e+00
2.445631700363041006e+00
2.381519550910729421e+00
2.355876961813004211e+00
2.312083601661314880e+00
2.285757014452779234e+00
2.278970073521236372e+00
2.315840047111950017e+00
2.325652286164149540e+00
2.375331646665777452e+00
2.373057605451743157e+00
2.402109619270404561e+00
2.387757081899522849e+00
2.401610443119234883e+00
2.414800502650478631e+00
2.477684469280531321e+00
2.462864682594879895e+00
2.425592468854565809e+00
2.419683676012859941e+00
2.422995406525981554e+00
2.432866700230689627e+00
2.394815126398991634e+00
2.370065177231835296e+00
2.373847375694818407e+00
2.388555750767673125e+00
2.405636559477214220e+00
2.427347140834728911e+00
2.417276286436665256e+00
2.378105108431150860e+00
2.380155849725924977e+00
2.353996666068505217e+00
2.390199919210126644e+00
2.400750170091521696e+00
2.372025133951443099e+00
2.364311980851774742e+00
2.362263580308527011e+00
2.351728536477525999e+00
2.322109135066951158e+00
2.334702507576565722e+00
2.340430593619647670e+00
2.378670939161186659e+00
2.379821271768182811e+00
2.400373361174457543e+00
2.400996043158184712e+00
2.387091313050164754e+00
2.396368824725019220e+00
2.417619100002476706e+00
2.412115068884420399e+00
2.425991948200833193e+00
2.429347367619297149e+00
2.434784894615055872e+00
2.434062510171231430e+00
2.449340295545701096e+00
2.429969870615050098e+00
2.417721193933852319e+00
2.405991150772361031e+00
2.407809956965402787e+00
2.387509068884039465e+00
2.360133826097397414e+00
2.376634425027104758e+00
2.388671611041576437e+00
2.386200067334061092e+00
2.407737741042477175e+00
2.435617467595186714e+00
2.411808131959893853e+00
2.411890230986944772e+00
2.397599130890310182e+00
2.393728591776714598e+00
2.427784695453429897e+00
2.424662358462313705e+00
2.419370937720506376e+00
2.419162777824720667e+00
2.393716590711293168e+00
2.375590433682848612e+00
2.381306553508233392e+00
2.387199156023386948e+00
2.437341723665190418e+00
2.431309980837284446e+00
2.402288034793177207e+00
2.394442703984492660e+00
2.382274829407985184e+00
2.381695773838933050e+00
2.403137947990748646e+00
2.401343022550373796e+00
2.371092315722390431e+00
2.385117584824205661e+00
2.344705631047600658e+00
2.369966881383516633e+00
2.376843688606869787e+00
2.395456047803502742e+00
2.387650397158728843e+00
2.392410862960458129e+00
2.421594470487752115e+00
2.405464690359757629e+00
2.422110334221430961e+00
2.408569146223109581e+00
2.405405424460922426e+00
2.414336396535866403e+00
2.406358510736839040e+00
2.386932853355973272e+00
2.429997847851721460e+00
2.403165675609073570e+00
2.459500513327740112e+00
2.464291836912287703e+00
2.415630085142802752e+00
2.431744765467338532e+00
2.458573203197857993e+00
2.460504534142835098e+00
2.459469524205587732e+00
2.448374665239952730e+00
2.461428849458344725e+00
2.454951310829475819e+00
2.456142141782433175e+00
2.465296060671316791e+00
2.472766115851566138e+00
2.459671766027438089e+00
2.448760012458083057e+00
2.442572469211507613e+00
2.438699833560050489e+00
2.441230348170730480e+00
2.449991643669561903e+00
2.448837056174515414e+00
2.461060115861430031e+00
2.453623322541265583e+00
2.437701432148690284e+00
2.463131838108485017e+00
2.478488995683950868e+00
2.445141927115085156e+00
2.424996036261088506e+00
2.456320415006739033e+00
2.453910887294826093e+00
2.422253191170975928e+00
2.441668574105490652e+00
2.424965776114042182e+00
2.404832310859135625e+00
2.395043366257659567e+00
2.422513753271124948e+00
2.390287659271832954e+00
2.394366385021324817e+00
2.427274649776863136e+00
2.437720235366143129e+00
2.464299880004738874e+00
2.467949241341898858e+00
2.453930067553198313e+00
2.419396125866951852e+00
2.427252520809123126e+00
2.377273704798744891e+00
2.345383104768093308e+00
2.335880391343585494e+00
2.325801891655275178e+00
2.327227094362299464e+00
2.340113770365989332e+00
2.342436843616705566e+00
2.366641787324560653e+00
2.375740096857203110e+00
2.381441440390425601e+00
2.395166861760428922e+00
2.404461258219461328e+00
2.376821071933239882e+00
2.371585372932753621e+00
2.395819161861235003e+00
2.361701975735051917e+00
2.391337884335579034e+00
2.410941420023542392e+00
2.400915116832262886e+00
2.363448705781590498e+00
2.402858458861384605e+00
2.374077401173385837e+00
2.370079578044635316e+00
2.395398817813256365e+00
2.398181902954363398e+00
2.404222716553741535e+00
2.354018932469483794e+00
2.382951687939036223e+00
2.383838535791939162e+00
2.411852741435588143e+00
2.385879238324837281e+00
2.391423542087756982e+00
2.362670643437866591e+00
2.388714495698317286e+00
2.401637339492176615e+00
2.388621818844178346e+00
2.402770342902139866e+00
2.390758408628756104e+00
2.412957620483191956e+00
2.383066674904076532e+00
2.343467826690742495e+00
2.309714630800829394e+00
2.296042561268098581e+00
2.285880580380379445e+00
2.302859718178714488e+00
2.316738773947017549e+00
2.395045181075563967e+00
2.390882931337504402e+00
2.379292830899946143e+00
2.391054663608789266e+00
2.378896286216704681e+00
2.343870814391070923e+00
2.363618461038710095e+00
2.407886984128751795e+00
2.393941276415863406e+00
2.397143567834223443e+00
2.427343609065484742e+00
2.406247381406979358e+00
2.374127495071560290e+00
2.409164948103881265e+00
2.393471183623065990e+00
2.410293350321578654e+00
2.409357100769016213e+00
2.401251614868973761e+00
2.400898614103880835e+00
2.402317449632432655e+00
2.434165868097484253e+00
2.424422436562011729e+00
2.433886593920719488e+00
2.405286835148693569e+00
2.383184261451473329e+00
2.389650508688962560e+00
2.355725762766232911e+00
2.330197337744627895e+00
2.317629168302312248e+00
2.350433358070108003e+00
2.324221775367782516e+00
2.342796023120715887e+00
2.388983569552032282e+00
2.423476517465341651e+00
2.413913690698578751e+00
2.415711516232013967e+00
2.405241706342204910e+00
2.447358194427590394e+00
2.452794175944132515e+00
2.402948632951702468e+00
2.440265112714573803e+00
2.472476386885774868e+00
2.482237230125073690e+00
2.450931760030771400e+00
2.393661972391389448e+00
2.388773886271926106e+00
2.438028962478429928e+00
2.457221530487694316e+00
2.406350700907423867e+00
2.432068166418194899e+00
2.451239551549628359e+00
2.480717489549109533e+00
2.471235059507454146e+00
2.497660248349071743e+00
2.494503715189674509e+00
2.516806638217782055e+00
2.489198595684908533e+00
2.431061478280767574e+00
2.444639783148549128e+00
2.396750942102684245e+00
2.374475356184636787e+00
2.381660495111238784e+00
2.391929055333650300e+00
2.384196184348871927e+00
2.453609038542441834e+00
2.446621070141217213e+00
2.419334482794542218e+00
2.425635386823484119e+00
2.398239907026025630e+00
2.398518621308558085e+00
2.388855138477562701e+00
2.428130201023542600e+00
2.457922484064864133e+00
2.447473760506385876e+00
2.457822416988142855e+00
2.476936714054557065e+00
2.464393570171675929e+00
2.433747683229222858e+00
2.423335375184926477e+00
2.443939229817540859e+00
2.474468840666904867e+00
2.445242923233275523e+00
2.418095790642361909e+00
2.403645124321234228e+00
2.419260258477759162e+00
2.418709767552503109e+00
2.431506873369787325e+00
2.430993997909187687e+00
2.415011281531377119e+00
2.407493717948840040e+00
2.401814121732534169e+00
2.377191650954324054e+00
2.434209505847327648e+00
2.446512912147097207e+00
2.412543057899239951e+00
2.413908023423295024e+00
2.421370779593144285e+00
2.427767134863688891e+00
2.447550880367573178e+00
2.435220484736987157e+00
2.404239945866379013e+00
2.406558562447592031e+00
2.399840358821236030e+00
2.429112183271936676e+00
2.412099333951607694e+00
2.417915873982347197e+00
2.394412029880228943e+00
2.380669331566827918e+00
2.383118838063093214e+00
2.386937921021845987e+00
2.426457237816834756e+00
2.430229349804116534e+00
2.412584704772188893e+00
2.436062890676939041e+00
2.460535580012729540e+00
2.414701523347928536e+00
2.416371774414324047e+00
2.466986021764359549e+00
2.486499959063922738e+00
2.417100081608311690e+00
2.382887253915251247e+00
2.394625194187671280e+00
2.352798534860818691e+00
2.337785001937176865e+00
2.368700636239783108e+00
2.369918902262134086e+00
2.363476373804307418e+00
2.350345462583782297e+00
2.388662301312280523e+00
2.363410718779650033e+00
2.308527416779109220e+00
2.352730853392007049e+00
2.371374743974799859e+00
2.437197082674113169e+00
2.382043442998117211e+00
2.384226818163990735e+00
2.384495824760410887e+00
2.380382845491717081e+00
2.407311264113832561e+00
2.382760303094397347e+00
2.401946307946412507e+00
2.397812993790037872e+00
2.368543348519817293e+00
2.350752868905665594e+00
2.350209369786997016e+00
2.344686902559863562e+00
2.354068387153741337e+00
2.374185904821102699e+00
2.401373223559661874e+00
2.402522469122911897e+00
2.394883272281203457e+00
2.377154129399498217e+00
2.405031710900272124e+00
2.410471155020584622e+00
2.394708053655633329e+00
2.429863202759783292e+00
2.443622948043097765e+00
2.401876285722751803e+00
2.416573917458751719e+00
2.407193592329615051e+00
2.411998992251628948e+00
2.391639593024993626e+00
2.386505711736514712e+00
2.419038075569043045e+00
2.430100636472587450e+00
2.445547760905435020e+00
2.463399244889938888e+00
2.492249476923421803e+00
2.490542905609002489e+00
2.403582232741241942e+00
2.423775343634242851e+00
2.412182525016536516e+00
2.410385798404623525e+00
2.423214423213026603e+00
2.429009619927366970e+00
2.431559657702196287e+00
2.427958640266945523e+00
2.475586135578258240e+00
2.457975834255633707e+00
2.422537662206684317e+00
2.402834168612994592e+00
2.425225338702142075e+00
2.420370322890679660e+00
2.422434398677684619e+00
2.384581353033742523e+00
2.403050262265040260e+00
2.364254926952267688e+00
2.384179860241153026e+00
2.353972239312867032e+00
2.371935894262899858e+00
2.420340713346305961e+00
2.447349772875638152e+00
2.433392746160799369e+00
2.426198200538524752e+00
2.425172823473908945e+00
2.447095122887668506e+00
2.455914988898553197e+00
2.484218031049702624e+00
2.446740939340496634e+00
2.495791475602662679e+00
2.425485098296197961e+00
2.413634758931981317e+00
2.407922759239871979e+00
2.457291731191877382e+00
2.451931753082744692e+00
2.447351582788381386e+00
2.443791054032272481e+00
2.430317522790999440e+00
2.458132349566298114e+00
2.470535638326289973e+00
2.418445515898749676e+00
2.413307295757264104e+00
2.461771842132897348e+00
2.474321611057922254e+00
2.475544293155889974e+00
2.404411352946769664e+00
2.411738693225267127e+00
2.412606198791336087e+00
2.416484582287118599e+00
2.400906603070549927e+00
2.399353893709199603e+00
2.410844899343606684e+00
2.389332923802982123e+00
2.381460917353118933e+00
2.415867384718996203e+00
2.431099625961503197e+00
2.415387442995214240e+00
2.409705357561396255e+00
2.376371406392553176e+00
2.387459128476201897e+00
2.351864443012283257e+00
2.369522574853711649e+00
2.346236849066380969e+00
2.326126937377650084e+00
2.303268869672659758e+00
2.305261178097270935e+00
2.340136598048640604e+00
2.335223471488520275e+00
2.388894824520610083e+00
2.406901391572990878e+00
2.379304055126854056e+00
2.403122438778718450e+00
2.379022854762893768e+00
2.394372372624529177e+00
2.349649234355020599e+00
2.339189213145397961e+00
2.332494133528773883e+00
2.341903222844756716e+00
2.311929697720484622e+00
2.338268474693047771e+00
2.380653079385846471e+00
2.376979201481301374e+00
2.378575001220446072e+00
2.408626246473747123e+00
2.437014355737066040e+00
2.410814358048129158e+00
2.435337819338291077e+00
2.467260179239261664e+00
2.469211171100298419e+00
2.490643858816495193e+00
2.497385157895525509e+00
2.451716987092905864e+00
2.420941953963276383e+00
2.455158936125301228e+00
2.502586369809923994e+00
2.472811629491943108e+00
2.513117951415905882e+00
2.465167098832134585e+00
2.445895727096633721e+00
2.465815590715444205e+00
2.461556110734863800e+00
2.465968869492382698e+00
2.468827465718530068e+00
2.441609853690906995e+00
2.413904714428212195e+00
2.402336030232504527e+00
2.372443218894646044e+00
2.395809635208139721e+00
2.423430761375676923e+00
2.390959081204530268e+00
2.383534112563775231e+00
2.419292958115510039e+00
2.458795130184711297e+00
2.482473025319439142e+00
2.481828777674861986e+00
2.475248952646572409e+00
2.450912782352836938e+00
2.416669077231214047e+00
2.435169344741871189e+00
2.436251645163545199e+00
2.448141569758860658e+00
2.409901821509266018e+00
2.404567887796372538e+00
2.410282390733670788e+00
2.395839234676067964e+00
2.440047552228568950e+00
2.433090785185990867e+00
2.478685664006886835e+00
2.450629223241106658e+00
2.428130063757261592e+00
2.395006981492872722e+00
2.399008729873916224e+00
2.378434973140406417e+00
2.358381815024704675e+00
2.343580890574595621e+00
2.365009613546711353e+00
2.348985938078057334e+00
2.359188976982778296e+00
2.367176376355033529e+00
2.391337145765097372e+00
2.392725852135558995e+00
2.335893882127806354e+00
2.319697652802252819e+00
2.339924128383749302e+00
2.363028493932928686e+00
2.405900875882934553e+00
2.402047622918765946e+00
2.393872353560737576e+00
2.440618614185948054e+00
2.373961055443237100e+00
2.414656044520531619e+00
2.421414779942144158e+00
2.405331215309110870e+00
2.438040483511578316e+00
2.448937602094470645e+00
2.424086308082276098e+00
2.418487760901422590e+00
2.400995163086603768e+00
2.378065637375547769e+00
2.386651093786068323e+00
2.379097050221796295e+00
2.365742547725662615e+00
2.433523364061352279e+00
2.436035119359863277e+00
2.440994200256406010e+00
2.435007260472334512e+00
2.450521239424066966e+00
2.408320084372856495e+00
2.403159633762307568e+00
2.422372337748823767e+00
2.434335590725838383e+00
2.421643295938502138e+00
2.433120570458168430e+00
2.422050024001883628e+00
2.409170572311648328e+00
2.441353119421423301e+00
2.438641729965746130e+00
2.445722811633689098e+00
2.442874497544152756e+00
2.420940266346095715e+00
2.380731308300303439e+00
2.395987040893599040e+00
2.435686559298924525e+00
2.388947871076126717e+00
2.404904182395346091e+00
2.390144556283591459e+00
2.369044418126323048e+00
2.361814984533971984e+00
2.376877034012980339e+00
2.367856236493593780e+00
2.353547419558951415e+00
2.384308014244084006e+00
2.374323654881048906e+00
2.372322013134546381e+00
2.332902547846068320e+00
2.330301894389644524e+00
2.377836925357486475e+00
2.371343414342360401e+00
2.364728499864888978e+00
2.350928291187390773e+00
2.391116644626533283e+00
2.423757330847849278e+00
2.419552145301780310e+00
2.456325352200076306e+00
2.451249124980147354e+00
2.416231957279073139e+00
2.441935920068480925e+00
2.410549082928819420e+00
2.398635561366996072e+00
2.379717205642440714e+00
2.386240194000862402e+00
2.417314429378770058e+00
2.413785613711972644e+00
2.393632217732831524e+00
2.352215074633232206e+00
2.372081944319114122e+00
2.367590002754086598e+00
2.397531546310055273e+00
2.410305527264613445e+00
2.382812640972688190e+00
2.369965516245758241e+00
2.356890816512615672e+00
2.376097168459319509e+00
2.336277604930120155e+00
2.344743869653857171e+00
2.384180722039094036e+00
2.409344352790081079e+00
2.404572644271413484e+00
2.466990528469692912e+00
2.445511020745240405e+00
2.458051723778112763e+00
2.436150884963266261e+00
2.456262022145282664e+00
2.458052998381701215e+00
2.441573150323677055e+00
2.453169822223383534e+00
2.440586657034705453e+00
2.455441456746842999e+00
2.476866678548574008e+00
