1.666666666666666574e-01
4.912735445330943529e-01
7.365246688767346228e-01
8.917845526387301325e-01
1.018888937986802690e+00
1.102909648524067698e+00
1.179675388627414945e+00
1.228840453129247390e+00
1.265253396726707225e+00
1.294808799903607088e+00
1.320960473842446969e+00
1.343404258918236449e+00
1.370225698342703469e+00
1.390246748901964313e+00
1.398138540207675140e+00
1.420632897092659608e+00
1.400913771230568150e+00
1.394362082437862860e+00
1.416725090703295331e+00
1.410296052996015348e+00
1.411064661685223376e+00
1.404279029946592594e+00
1.391071862469767773e+00
1.399848363521901673e+00
1.405641821450410056e+00
1.407698053115834735e+00
1.391595762256614410e+00
1.386669373520494464e+00
1.379833907508707824e+00
1.391869502611877252e+00
1.389223633172549377e+00
1.382273605433595121e+00
1.398111765480714030e+00
1.382573422122517437e+00
1.382231563283289333e+00
1.395997860548663816e+00
1.374344092003965567e+00
1.361002666286363239e+00
1.342102501183974450e+00
1.353600257930581696e+00
1.337629379554138964e+00
1.349659545091926427e+00
1.358348698067003202e+00
1.368625018042789687e+00
1.378762481184333311e+00
1.373345083781844167e+00
1.383096668504008697e+00
1.386693016968537639e+00
1.380437943530836042e+00
1.391123533476403829e+00
1.388736380820515093e+00
1.383364782000965354e+00
1.401262999292310463e+00
1.389681195901902422e+00
1.402257860998634031e+00
1.402138229104276990e+00
1.403019982455683490e+00
1.405368057037819307e+00
1.396876381547490498e+00
1.391665339945915791e+00
1.406535554193535154e+00
1.393788929289238920e+00
1.384106672276276484e+00
1.376712057799435840e+00
1.384641090852452461e+00
1.379265788861006925e+00
1.361513516897120413e+00
1.359002028896154846e+00
1.370048926282781077e+00
1.381742758522204406e+00
1.377947449322833640e+00
1.380810190387071312e+00
1.394029209260071678e+00
1.392230651457813551e+00
1.426859357593872835e+00
1.437119177708963802e+00
1.412938097223562117e+00
1.419164779215286165e+00
1.417106455547504140e+00
1.429023553651896483e+00
1.423377056204026214e+00
1.408302707598545922e+00
1.427088189942954832e+00
1.420580683481618811e+00
1.416676947416249055e+00
1.421554307448481325e+00
1.408130505935192067e+00
1.416026980924613321e+00
1.390093780440565530e+00
1.406202342579024656e+00
1.383949600743872965e+00
1.380903615738088286e+00
1.383791592768724099e+00
1.405820877763814813e+00
1.404468707270647654e+00
1.396961389035603185e+00
1.378660277363821907e+00
1.411437359242662781e+00
1.395807078182820904e+00
1.390046918555851940e+00
1.383374955333323664e+00
1.381124609243780998e+00
1.411057550543467265e+00
1.414146780642243639e+00
1.395568832879588772e+00
1.382403446688983628e+00
1.386859699752937436e+00
1.397573628947900604e+00
1.407384458474445266e+00
1.401195725778950463e+00
1.385233090922382893e+00
1.388424493638263924e+00
1.368247344803498633e+00
1.371178379202077302e+00
1.402502710193623603e+00
1.407437630169280363e+00
1.420098068601044039e+00
1.405059148741210517e+00
1.400811586538800002e+00
1.403811237424591241e+00
1.384372994534253110e+00
1.374944759521567361e+00
1.391823276633677997e+00
1.384209789993868123e+00
1.388528124412508502e+00
1.387139422550774936e+00
1.385682583065835027e+00
1.391483641078735012e+00
1.401355557652063544e+00
1.403224757707057568e+00
1.421202324721824617e+00
1.416155036495418740e+00
1.407358211201714004e+00
1.391457437762869231e+00
1.380495839651353807e+00
1.403303379225822267e+00
1.388947174999569878e+00
1.397282438348631306e+00
1.392634807684049791e+00
1.388424858922323812e+00
1.389693659878468379e+00
1.391857801829891494e+00
1.398903070135005811e+00
1.404328406214395697e+00
1.421811035772407417e+00
1.420196580944691700e+00
1.418023016422254701e+00
1.415180695070746175e+00
1.423915632585771140e+00
1.427291186819376057e+00
1.421921900307460573e+00
1.410447796149305155e+00
1.432933834235364579e+00
1.427163984371826455e+00
1.401041440268787852e+00
1.404146893602355117e+00
1.418811977713030137e+00
1.410291835182962972e+00
1.399677462824639340e+00
1.419218997918995528e+00
1.421427049071336990e+00
1.408021463446671007e+00
1.408125089692401577e+00
1.412086453437005673e+00
1.416307281752006375e+00
1.428764399866458756e+00
1.428474354207025065e+00
1.400885457066789685e+00
1.394788279005858778e+00
1.372386390135379441e+00
1.379401781007521866e+00
1.381207751758044111e+00
1.397502963111454166e+00
1.409579927528071375e+00
1.423179270543061703e+00
1.421481686813243606e+00
1.406045637781548896e+00
1.401898833584513726e+00
1.411747916759651833e+00
1.383148848963545507e+00
1.390598791256167921e+00
1.392416784214941750e+00
1.400657279843559477e+00
1.403414197393890728e+00
1.399854446312618350e+00
1.421560913055015529e+00
1.386950083241819343e+00
1.387207743439488050e+00
1.396656123901105495e+00
1.410803799026550953e+00
1.406986243151367111e+00
1.391711541342005587e+00
1.417745938593395261e+00
1.402965722810460392e+00
1.395194748703712184e+00
1.380132179323645625e+00
1.374950779678692836e+00
1.369654704057688299e+00
1.378706105013158822e+00
1.369000024836516394e+00
1.381536456283083636e+00
1.366228042653621522e+00
1.387145297030581315e+00
1.403998224938038275e+00
1.394326052974256491e+00
1.378405367262031556e+00
1.409044765183848247e+00
1.409496026753575881e+00
1.398061623322658598e+00
1.391959654614775221e+00
1.395209326254178706e+00
1.398887452368086315e+00
1.390098992353568930e+00
1.394482990705614878e+00
1.387283567253353000e+00
1.391222275497807415e+00
1.388671244662428306e+00
1.380492776994477921e+00
1.396928010221279104e+00
1.398841742497868967e+00
1.406152767808545478e+00
1.414819943002526559e+00
1.413047473399780207e+00
1.411669352805648314e+00
1.403612122389359618e+00
1.395816600366044602e+00
1.385196228335722868e+00
1.397499441426624189e+00
1.379890299638083517e+00
1.371151623938209774e+00
1.363064252743589222e+00
1.374692716651529922e+00
1.394076706762225060e+00
1.401204869504742323e+00
1.399442562682641222e+00
1.407263281222951523e+00
1.400350746350510045e+00
1.418814378184465097e+00
1.397233766194885263e+00
1.400369479556415886e+00
1.403327728167238497e+00
1.380371979896593437e+00
1.380037734600524590e+00
1.364203732648287648e+00
1.373816922459371481e+00
1.382589273279057673e+00
1.398224988366213672e+00
1.398916347558710083e+00
1.407486172732236307e+00
1.412031629368490249e+00
1.401544676932855671e+00
1.379675050184633545e+00
1.390663910446470863e+00
1.385370402784031674e+00
1.367122418889404001e+00
1.379062148652315800e+00
1.394676214645334422e+00
1.406902623766961069e+00
1.404353932938446237e+00
1.417579543752932381e+00
1.415583642033129363e+00
1.404921437500896708e+00
1.402440481182684273e+00
1.389382702462942154e+00
1.383626136379752625e+00
1.394473939020800968e+00
1.393634374244187679e+00
1.415460165188738406e+00
1.408525489875168235e+00
1.407328662067015124e+00
1.403496819851993482e+00
1.389960432218136033e+00
1.380949698160296002e+00
1.380149957956905649e+00
1.377819147983105008e+00
1.395552318283920901e+00
1.376427726645693905e+00
1.375925741319397488e+00
1.396467843477504855e+00
1.383172969235294314e+00
1.397723004936601843e+00
1.398995364417345399e+00
1.403086558009472684e+00
1.392725953538890948e+00
1.392858216671534199e+00
1.398910100798129941e+00
1.384320851965681554e+00
1.391099315850487850e+00
1.420977809123842972e+00
1.431049898145114296e+00
1.431430939356213461e+00
1.431059879277349456e+00
1.431405355382886491e+00
1.408362679784121330e+00
1.381062802383431709e+00
1.372659583040692910e+00
1.365949668158254138e+00
1.353799564327793803e+00
1.361983076030394590e+00
1.345887753585232050e+00
1.344535947788715768e+00
1.333877458373800229e+00
1.354992248567767676e+00
1.356611674241712473e+00
1.379768844495620872e+00
1.368245455536780675e+00
1.395724546813199796e+00
1.410924054241447845e+00
1.400468209490657978e+00
1.395779837647125765e+00
1.402840236708642330e+00
1.402990090929302935e+00
1.404631879990695387e+00
1.409051168663332909e+00
1.398273883669678641e+00
1.386795195924221513e+00
1.387209669698938441e+00
1.377593425653214743e+00
1.377400167943370946e+00
1.361078631635683100e+00
1.384102377776522230e+00
1.393310474206238103e+00
1.382291549861818680e+00
1.397724312841154060e+00
1.366015683637716860e+00
1.375812194068455563e+00
1.380927116681832212e+00
1.394147436844090926e+00
1.393981017414390289e+00
1.401087222555062795e+00
1.397750785816900487e+00
1.397913360141550321e+00
1.400874059789499970e+00
1.389805300930897047e+00
1.368222665931564386e+00
1.367132265129585411e+00
1.377738053538681617e+00
1.387887531810471975e+00
1.395341685077443161e+00
1.387535065205841578e+00
1.396434041176113583e+00
1.401373341899764924e+00
1.387986392562144955e+00
1.415806587276751571e+00
1.406881143990843075e+00
1.418635139977636905e+00
1.405563336389886953e+00
1.394712950952911479e+00
1.399102948821967951e+00
1.404907184419845301e+00
1.413459116354846001e+00
1.407909136562668584e+00
1.397730265473869915e+00
1.396257783272949471e+00
1.375522937635535126e+00
1.368128924339309993e+00
1.382620454692103040e+00
1.389821470883090271e+00
1.383208237447271172e+00
1.389253109720947732e+00
1.401431982406561527e+00
1.403562214717597900e+00
1.397544869972340953e+00
1.388313045083154007e+00
1.395423517270323543e+00
1.388157500347401818e+00
1.393759753107831401e+00
1.401549177750321507e+00
1.412595600091352432e+00
1.423865353770442432e+00
1.424541387571432782e+00
1.410755529329596580e+00
1.413875152619981534e+00
1.406162970456391381e+00
1.376803766902599646e+00
1.384204209550617293e+00
1.380387637850671867e+00
1.388623690844367653e+00
1.402341592671547899e+00
1.387310613372552570e+00
1.384969542026352585e+00
1.380394390467977184e+00
1.372657748964174029e+00
1.383912379360746181e+00
1.397334179057190040e+00
1.386435322356521560e+00
1.384373150291966947e+00
1.387866910888190031e+00
1.371413935005522333e+00
1.375540658370644653e+00
1.392341567683410775e+00
1.397760536112428342e+00
1.398760685733547060e+00
1.387833319886745409e+00
1.373369389656273087e+00
1.383998463643085541e+00
1.382309211111428127e+00
1.383642774289872701e+00
1.378311056846481586e+00
1.385725371995420341e+00
1.372154578539206415e+00
1.382404937666247502e+00
1.359727683097661233e+00
1.369242948527152670e+00
1.379791207262668351e+00
1.374875057592189087e+00
1.384968306592813114e+00
1.366177114162868245e+00
1.374957409886229387e+00
1.383541830738821421e+00
1.391754408665627718e+00
1.397328809921479120e+00
1.415321181592325450e+00
1.395507610561045331e+00
1.385658081958065058e+00
1.410452021835695069e+00
1.396243687880515338e+00
1.405608784089010799e+00
1.418662138678182139e+00
1.413772733973620355e+00
1.400823928247069805e+00
1.386392164299395713e+00
1.376111253764871645e+00
1.375311053892224189e+00
1.378875436919236197e+00
1.382370333160586107e+00
1.380060239487394647e+00
1.380014340061761047e+00
1.387617628017994376e+00
1.388527851077694164e+00
1.375348777860855298e+00
1.389051349214131648e+00
1.405035098671066240e+00
1.391922884683721273e+00
1.383267901268247391e+00
1.398001224011150123e+00
1.393337542107274896e+00
1.378001466796154872e+00
1.391479855494578644e+00
1.388302692227600499e+00
1.379313742954119348e+00
1.382895837633938640e+00
1.362934748765140869e+00
1.384025321910554718e+00
1.379740155606711927e+00
1.381145035147239852e+00
1.386655253489060158e+00
1.408488711916253466e+00
1.408956938438944650e+00
1.418672729193210191e+00
1.421275328059422804e+00
1.416908092672763742e+00
1.434514967985453193e+00
1.431647035014974367e+00
1.431458147940594117e+00
1.424636075278822300e+00
1.420710333465279973e+00
1.421306125653843511e+00
1.398739177290367897e+00
1.408269010241981700e+00
1.410599745878799993e+00
1.413957494062999309e+00
1.405696399351286763e+00
1.385395745274511592e+00
1.384585514125248107e+00
1.383888508632733050e+00
1.388645358215759851e+00
1.398427326545685467e+00
1.393723014229157453e+00
1.390355533736483684e+00
1.397114549614673296e+00
1.397287145766190175e+00
1.402044086404671930e+00
1.406057478772498204e+00
1.402258919271235138e+00
1.389128816118627707e+00
1.404620804807168000e+00
1.412376919498027794e+00
1.419517514199593711e+00
1.424525354902129948e+00
1.429773426556610216e+00
1.431786052163247946e+00
1.419063510469167344e+00
1.410564427530447418e+00
1.404781421337752079e+00
1.410443375800734200e+00
1.420854079243169199e+00
1.420822779197447039e+00
1.382573865618567099e+00
1.370581249397281098e+00
1.364384948836258049e+00
1.375801394199564154e+00
1.391635438346776610e+00
1.393998127658264030e+00
1.376820877104719676e+00
1.372296548644455383e+00
1.375968384818272439e+00
1.391963264195777983e+00
1.400766442485669616e+00
1.384534887659424562e+00
1.389060149325551441e+00
1.410184016190096257e+00
1.406462771613691265e+00
1.417597423743466978e+00
1.420743876421581176e+00
1.438043112050159111e+00
1.427218671546014006e+00
1.425067660726670571e+00
1.431332895583315112e+00
1.420513453470468646e+00
1.419950826397121890e+00
1.416967773799569397e+00
1.396363557510693854e+00
1.382481525264330102e+00
1.379015284282537168e+00
1.381316513437579996e+00
1.392685540636487085e+00
1.424145760046098275e+00
1.412867243206493706e+00
1.408883445841770943e+00
1.416899645385554463e+00
1.412757076161676784e+00
1.405257247703786572e+00
1.415486639469729857e+00
1.402933856699218440e+00
1.415238099257438487e+00
1.424035023422754787e+00
1.423021270341519262e+00
1.402947883820370167e+00
1.389054746590977274e+00
1.392053930369964609e+00
1.373292394074438372e+00
1.387270423035294353e+00
1.385932889064728890e+00
1.403365258038943075e+00
1.388424179647016699e+00
1.387210966757681740e+00
1.381560091202247653e+00
1.383314274538461452e+00
1.383427499557103424e+00
1.407611733391938458e+00
1.405801058231964662e+00
1.401585552279993374e+00
1.424914537325649988e+00
1.419658751078372694e+00
1.423099518475899661e+00
1.423483611844996943e+00
1.422245705826801876e+00
1.428612573512942907e+00
1.403955891190400429e+00
1.399521643470754473e+00
1.415878781926188434e+00
1.416626304752013787e+00
1.400709163286314896e+00
1.404444453087517086e+00
1.399784006104794143e+00
1.393618561428088709e+00
1.412965005221862969e+00
1.416754714137485660e+00
1.419392259116786237e+00
1.425478586683718296e+00
1.438134421012391639e+00
1.440834498994944646e+00
1.433681891232594152e+00
1.424575755594442716e+00
1.444626843158888674e+00
1.460331447419045192e+00
1.460931579698454108e+00
1.440754057191107940e+00
1.438035953280390578e+00
1.425532911058901231e+00
1.428202480161397281e+00
1.390818319707647355e+00
1.405089390706359520e+00
1.396761638492748814e+00
1.424278504633394560e+00
1.418575019365119427e+00
1.421145835729453077e+00
1.399463520354984336e+00
1.419411570871439654e+00
1.418683404617987476e+00
1.433739459061743160e+00
1.435314168851128613e+00
1.430009101636030122e+00
1.412361322834426725e+00
1.411255155832135344e+00
1.414481240233392390e+00
1.403021602041319094e+00
1.400638119615658317e+00
1.395376751380997149e+00
1.381300771317704346e+00
1.374556616773661588e+00
1.364097201142732585e+00
1.388986316410382171e+00
1.372848679102936620e+00
1.396818806837073490e+00
1.387355906504049052e+00
1.386436163333267801e+00
1.402954541726243898e+00
1.384690091221464137e+00
1.379960159861765678e+00
1.381533727311394344e+00
1.383252476623613836e+00
1.384357637663231388e+00
1.392786524527625636e+00
1.398319976084388738e+00
1.387764601032706713e+00
1.413046320235189279e+00
1.404174754929734315e+00
1.400809703682582397e+00
1.393118677041920606e+00
1.405118961917748654e+00
1.404676913419370399e+00
1.399395436887529875e+00
1.401741104653136727e+00
1.383094842800903557e+00
1.386258781267551532e+00
1.378537753133036947e+00
1.392599684711497421e+00
1.398390282460131973e+00
1.402454890585781655e+00
1.381537632337455523e+00
1.380378637958605603e+00
1.386804185513320409e+00
1.394874462251034064e+00
1.388950110327625387e+00
1.397604003525372951e+00
1.403354378202066766e+00
1.409193135641405581e+00
1.426470297987143754e+00
1.419122133777031891e+00
1.436334698823540146e+00
1.439987304167335669e+00
1.433575199535735534e+00
1.411003723650128494e+00
1.403378975667171957e+00
1.409885057617116910e+00
1.389682746810503744e+00
1.370459668982779711e+00
1.372814633889857694e+00
1.374836739172126343e+00
1.376266105372808024e+00
1.382138968816208457e+00
1.369827965224699406e+00
1.375325355292351004e+00
1.375291238158407703e+00
1.370352649369276810e+00
1.375378631978598998e+00
1.368861333163892358e+00
1.389090718620647147e+00
1.384896859762765775e+00
1.378169825025946871e+00
1.400314818649963877e+00
1.399389985373922451e+00
1.391371775684561385e+00
1.381301091784314039e+00
1.384817242124292580e+00
1.379284741678675319e+00
1.395265896173619735e+00
1.401186719689809568e+00
1.395832787756572602e+00
1.388637769055540483e+00
1.393217271402824808e+00
1.413570980965741741e+00
1.404722792679964360e+00
1.408559204096072381e+00
1.411586743143940170e+00
1.414738208036458778e+00
1.425955059429049987e+00
1.404879887594347343e+00
1.416013529435533824e+00
1.403297716427752473e+00
1.409930196708639283e+00
1.429655144196240624e+00
1.420123779942807918e+00
1.400946695219288385e+00
1.405978368420722102e+00
1.409613267501355294e+00
1.401808934767634129e+00
1.392898203174502747e+00
1.391715101016717249e+00
1.400402900109135151e+00
1.395868000065083603e+00
1.377314813886512113e+00
1.377696072186136433e+00
1.391381424212160045e+00
1.396718476839621470e+00
1.390721488973799769e+00
1.368468459048146180e+00
1.360360573573967224e+00
1.371195456135184898e+00
1.373108015961578721e+00
1.370257365347361533e+00
1.387568389592133133e+00
1.386937481893742330e+00
1.372077463307859180e+00
1.356019775173499475e+00
1.350694971920109566e+00
1.360457738211690693e+00
1.386938594261920565e+00
1.382376623365032753e+00
1.374679777149998561e+00
1.360907172838740298e+00
1.373201968418362284e+00
1.393801764818164868e+00
1.400383085495907620e+00
1.371558919605860627e+00
1.375222014869867504e+00
1.387805249022012744e+00
1.380643667011865139e+00
1.380555078011123316e+00
1.364616190466926504e+00
1.370980330448401840e+00
1.375671021748083866e+00
1.364399535016849407e+00
1.369263428415952610e+00
1.378514276717039966e+00
1.391237842194370300e+00
1.367716366138337580e+00
1.383529463542118254e+00
1.371878084573507905e+00
1.368908420871145948e+00
1.376920395990995472e+00
1.376818530285655706e+00
1.404070151745737682e+00
1.420553701616353859e+00
1.433935499479997322e+00
1.413802197760183788e+00
1.403864966109674928e+00
1.378301023462155994e+00
1.400167282771149768e+00
1.379089838290500580e+00
1.405590182486291084e+00
1.379551579380823068e+00
1.399656519950054134e+00
1.387862153259423525e+00
1.401906721989208959e+00
1.384872026836882597e+00
1.384594935121185699e+00
1.400238074519292830e+00
1.388977579799739903e+00
1.392201445749521982e+00
1.387557446679668294e+00
1.372452211214197249e+00
1.380836044029802201e+00
1.390671596782056429e+00
1.405314949904496569e+00
1.406206844505261788e+00
1.414370826549099514e+00
1.412765081062401951e+00
1.412007982010606844e+00
1.408850563267868949e+00
1.413919707270046455e+00
1.412970917040146546e+00
1.397142802687491248e+00
1.410785440231566490e+00
1.399905507737587707e+00
1.399524137721040340e+00
1.414015901285516463e+00
1.420178027657664543e+00
1.443134483078010399e+00
1.427685631816482115e+00
1.414999867623259799e+00
1.423823875783752690e+00
1.438840996064605804e+00
1.410012756970058900e+00
1.404219124170440924e+00
1.394065418657928657e+00
1.394236988846096148e+00
1.379763780448473698e+00
1.385751038101442401e+00
1.413713773361096493e+00
1.416071448750863215e+00
1.423526696013902137e+00
1.419006464136080448e+00
1.420150148965634740e+00
1.405898552493640707e+00
1.416920128715939420e+00
1.393204398396779675e+00
1.382329553279010748e+00
1.384908793481220979e+00
1.397242921079162592e+00
1.397043805821120754e+00
1.394434575784989860e+00
1.403452583502374784e+00
1.394674594812192359e+00
1.422264924635764372e+00
1.438515818856723305e+00
1.427569690871222985e+00
1.434919312538411873e+00
1.437509463872626014e+00
1.425839244103740855e+00
1.419840205661647037e+00
1.400628721540603916e+00
1.388969996308073496e+00
1.382224890786414973e+00
1.392617540988272617e+00
1.378547313378029049e+00
1.393254101977376980e+00
1.404151327870668986e+00
1.411109665664749491e+00
1.374525630823596911e+00
1.396198205771801870e+00
1.403466405932909833e+00
1.393824480043863501e+00
1.394995148255211648e+00
1.381016990479909001e+00
1.393962149563299446e+00
1.395694277584505816e+00
1.397231391688828372e+00
1.393712668048005421e+00
1.382424645990928846e+00
1.382721017448117040e+00
1.386794280025438253e+00
1.383659257212111804e+00
1.399723861535169922e+00
1.397044140987065308e+00
1.386515761682889147e+00
1.397126844892086606e+00
1.385192067770619095e+00
1.389282370460441118e+00
1.396811313512801966e+00
1.388939313058448866e+00
1.374116784554626047e+00
1.368390373009168881e+00
1.368428988369329691e+00
1.387083726264048078e+00
1.390043911242735186e+00
1.379190492092023934e+00
1.396363674085272955e+00
1.398513616264740023e+00
1.389352963395712681e+00
1.397111000654077451e+00
1.383246135283027645e+00
1.372849905031445994e+00
1.373542012416845370e+00
1.383174151225046167e+00
1.375546839606155425e+00
1.378040492140953255e+00
1.389023022073517799e+00
1.379524617941971787e+00
1.394966229742753638e+00
1.414083063322671086e+00
1.410190073527426202e+00
1.409159896910660459e+00
1.402220570903108143e+00
1.429253396172039947e+00
1.417312232140584216e+00
1.424965995387467155e+00
1.405656286551699052e+00
1.371267324537662757e+00
1.380288433252587765e+00
1.394102546485768590e+00
1.411861287437671475e+00
1.407121044191166126e+00
1.391986681966700834e+00
1.391260339154488879e+00
1.391104822016373532e+00
1.371474515389360604e+00
1.378994061515258718e+00
1.393438138182227837e+00
1.401752902570934101e+00
1.407871496655174193e+00
1.404157892813132857e+00
1.408199425906233371e+00
1.410259304022606797e+00
1.386453628399754834e+00
1.400533817232067602e+00
1.394493411271133576e+00
1.402686678515910446e+00
1.397752160282905720e+00
1.421215006866024089e+00
1.414262541787006722e+00
1.398523849243544115e+00
1.384521747647574408e+00
1.385221831064358922e+00
1.408947403056677761e+00
1.409663582510765067e+00
1.408948744107643591e+00
1.425096231611876041e+00
1.405808226864509791e+00
1.400059612631966655e+00
1.407555957442340189e+00
1.414432963098035234e+00
1.399333045226599959e+00
1.399276032513139922e+00
1.424034601021013646e+00
1.406101076884499701e+00
1.426290533256141968e+00
1.410323645893864386e+00
1.422797995384237124e+00
1.421413185883713126e+00
1.403268698774791767e+00
1.409840816687448317e+00
1.406908149860495838e+00
1.406668738159173371e+00
1.411865453875049026e+00
1.421128605425321378e+00
1.407494931158575602e+00
1.408031281418117509e+00
1.422343922613138689e+00
1.429882968568523482e+00
1.421191076973606915e+00
1.407565947699288555e+00
1.402867018634628371e+00
1.404427699701383148e+00
1.395504120389199798e+00
1.395691032432980094e+00
1.417312335485653829e+00
1.424543549822041566e+00
1.426446172539494794e+00
1.437645138365076569e+00
1.409654500865545224e+00
1.402355968663474561e+00
1.382161046913813696e+00
1.394801348222637571e+00
1.387274352899693142e+00
1.386656921520219798e+00
1.371084529578237232e+00
1.378506443831846395e+00
1.378125548225002772e+00
1.384976639337405890e+00
1.395397409415086498e+00
1.378330593733386733e+00
1.380738010104536784e+00
1.385742141305047914e+00
1.376614303320938815e+00
1.372412719935987457e+00
1.376795462632947276e+00
1.400299356079966584e+00
1.409753071684652026e+00
1.415829622726075376e+00
1.395480151444934869e+00
1.399342683721826575e+00
1.394249468066890429e+00
1.392166707125177094e+00
1.382871493016234909e+00
1.396370936562042253e+00
1.395149151510719943e+00
1.409532467015151003e+00
1.418260991289331141e+00
1.428053205642633827e+00
1.413130665905985461e+00
1.412785175810251204e+00
1.402537138472715439e+00
1.409334742301675769e+00
1.418069442925229628e+00
1.401183817277828370e+00
1.406050968646142429e+00
1.428085644602022253e+00
1.409018262600399307e+00
1.416920663302383199e+00
1.412406944593618929e+00
1.403356772552292631e+00
1.400916173931301412e+00
1.397402496426015217e+00
1.392072589676203398e+00
1.391353072166299665e+00
1.391725879874286420e+00
1.411322731173026979e+00
1.392776795580589422e+00
1.397398116675501623e+00
1.380085853470497614e+00
1.382944085182337357e+00
1.398368538496638669e+00
1.389391340936508623e+00
1.399351836516026681e+00
1.401745568106928630e+00
1.397929859641068751e+00
1.384100682821469475e+00
1.392588581659791602e+00
1.381117736692091480e+00
1.397194737788885810e+00
1.397867868285810777e+00
1.388046515320186192e+00
1.370431159561688705e+00
1.371393679469507410e+00
1.388426844114432734e+00
1.384368928223123296e+00
1.377490165081341811e+00
1.374172592245401114e+00
1.376658019398915522e+00
1.361880254545152935e+00
1.375510008523203487e+00
1.365501331191262935e+00
1.380859817594354944e+00
1.377460632140971253e+00
1.382758929036607132e+00
1.382311472748143366e+00
1.357152949380092011e+00
1.377492052310087978e+00
1.378840274039126790e+00
1.381125914379855324e+00
1.387322271857078571e+00
1.366120137459583495e+00
1.379015045286446695e+00
1.380674263447246863e+00
1.401098683615862983e+00
1.400167285500861558e+00
1.381565697522147751e+00
1.411940802599297440e+00
1.410484587841553283e+00
1.397248343796574144e+00
1.406102549775237742e+00
1.413490965126315890e+00
1.422198796510101948e+00
1.414330046234279159e+00
1.401946433507098133e+00
1.390252319777701473e+00
1.397677133473850253e+00
1.382917689639938219e+00
1.383451963187806388e+00
1.384556681573578363e+00
1.399137050928808357e+00
1.397880916789990602e+00
1.394714284716114028e+00
1.389285750499449579e+00
1.384305870381334680e+00
1.390333840090248962e+00
1.397946846882405003e+00
1.410647741522161658e+00
1.414559707308988612e+00
1.409334943706868515e+00
1.416891557328040063e+00
1.401881423363896761e+00
1.400516104809178097e+00
1.410453244456150612e+00
1.405724821075314157e+00
1.411074144584694601e+00
1.420223109810885953e+00
1.419327350522948450e+00
1.423148280666110876e+00
1.401996109285966963e+00
1.405162225626670480e+00
1.403789809642780551e+00
1.400425021923013658e+00
1.402109516519976840e+00
1.402608747610896156e+00
1.413418539608795044e+00
1.394168910912742421e+00
1.385599476058485768e+00
1.391259768830331645e+00
1.385824829806083791e+00
1.384889499340488772e+00
1.375658800258586112e+00
1.392340732276015292e+00
1.399112806317448721e+00
1.383978819570727437e+00
1.380008669591835879e+00
1.395363321761924791e+00
1.407875776136748858e+00
1.395830815510266332e+00
1.403383441811752119e+00
1.383839805102384579e+00
1.406256025829140555e+00
1.410434390950407568e+00
1.396642463929079536e+00
1.416458307778863723e+00
1.419302718711911382e+00
1.394939642342741370e+00
1.388382197518780004e+00
1.381294244090434775e+00
1.385101080373038362e+00
1.397899815332455997e+00
1.403549392614599656e+00
1.398302741011996142e+00
1.413482101301311689e+00
1.400990962108713545e+00
1.391984889960454996e+00
1.382512743095821950e+00
1.393222143177421879e+00
1.407287197143291646e+00
1.411669808992247033e+00
1.411235533776823869e+00
1.398713539345934231e+00
1.418504715985121623e+00
1.419225363736315471e+00
1.413823972570532606e+00
1.424474566243682405e+00
1.415596570110719377e+00
1.428516000670859931e+00
1.421168262507291447e+00
1.428403171984778730e+00
1.408814666380151959e+00
1.388975926610046985e+00
1.375456207389567087e+00
1.381571812953821698e+00
1.380586952899662823e+00
1.376464324750040547e+00
1.392232911161218611e+00
1.389129546880623511e+00
1.385973896111872161e+00
1.389548684056769012e+00
1.378235085562357520e+00
1.381388821864193206e+00
1.404359536207637094e+00
1.422211122264604333e+00
1.421863739479280797e+00
1.407656734813049315e+00
1.413995011513361044e+00
1.403200983974190574e+00
1.386863862853748630e+00
1.403494839460630361e+00
1.411908746898121736e+00
1.389066507865919231e+00
1.388443398876904933e+00
1.403459211568441223e+00
1.408011201927098055e+00
1.416123834264557457e+00
1.419807043912815869e+00
1.404790586310502354e+00
1.381968012133492296e+00
1.362361724621089287e+00
1.372331019448542522e+00
1.385580162275759974e+00
1.384071835233962489e+00
1.411701681576044809e+00
1.411406118850273561e+00
1.425045358367428738e+00
1.427097721928496377e+00
1.424436933565684571e+00
1.417231946911048590e+00
1.427258625108974277e+00
1.414393351172379409e+00
1.426151596848050263e+00
1.412298159546090170e+00
1.402607140724219770e+00
1.414649106405643897e+00
1.390990942109361583e+00
1.389227699053745324e+00
1.400151098508128023e+00
1.399328030898403297e+00
1.400111363924181784e+00
1.408225715159030722e+00
1.412178553359159983e+00
1.391693422687736215e+00
1.393640870167295320e+00
1.405066503341370066e+00
1.401592223459181774e+00
1.413571492093774973e+00
1.399675206966761953e+00
1.389775037485505571e+00
1.373473730820935490e+00
1.388543826333792364e+00
1.391925495778171040e+00
1.384109675301701703e+00
1.383842103787779720e+00
1.372130599511043325e+00
1.393126074602161202e+00
1.390584053317021729e+00
1.404926982985611694e+00
1.418688739652574471e+00
1.427553095904507519e+00
1.416317927059444814e+00
1.427243666571195169e+00
1.408925795652330892e+00
1.403556350497630723e+00
1.387651040228308430e+00
1.396987881005625987e+00
1.400562445342555362e+00
1.399393785408886481e+00
1.404067167832376617e+00
1.399680849442967778e+00
1.411966853840405767e+00
1.404927386421834790e+00
1.414790624785737805e+00
1.398338933127711847e+00
1.402663372344102877e+00
1.384236878510501700e+00
1.356728106565905811e+00
1.346314018679176661e+00
1.364733356512412898e+00
1.374527954085430936e+00
1.390210641836873151e+00
1.405459869515730320e+00
1.405535191556799068e+00
1.409731522939087656e+00
1.403363648368086469e+00
1.387251940653648319e+00
1.375304395236487398e+00
1.370372014786985115e+00
1.387532232103289687e+00
1.392258132105755664e+00
1.387533680359625654e+00
1.396893250390757402e+00
1.384896459497646948e+00
1.380802134806667691e+00
1.387904417186784034e+00
1.392690884352547620e+00
1.388645978166261896e+00
1.386345476777756769e+00
1.399677772366800355e+00
1.391391508204342653e+00
1.366470921268028382e+00
1.362992519647607148e+00
1.368694649405589159e+00
1.374492823532793562e+00
1.399506129079377104e+00
1.406589633498676939e+00
1.392119303792257679e+00
1.385952020245518668e+00
1.406236298433131360e+00
1.406482829205531804e+00
1.386092188314423490e+00
1.374494730043045454e+00
1.367638432231004231e+00
1.354769328987538435e+00
1.384940517446464403e+00
1.384927231463459751e+00
1.365416462389795305e+00
1.377129170757284138e+00
1.376480920223857485e+00
1.373581028325823628e+00
1.400023256215157774e+00
1.393245455201918892e+00
1.383105326516845812e+00
1.388738386760567600e+00
1.376651532448566195e+00
1.396167628943700834e+00
1.390689933541419565e+00
1.383209286152568884e+00
1.383243134871946944e+00
1.408948757118675399e+00
1.405818700380987885e+00
1.391670705344901782e+00
1.400313261392624797e+00
1.421897831064351081e+00
1.418145213860177778e+00
1.409128339090841120e+00
1.406027329214048383e+00
1.412716284756472485e+00
1.389558812318984593e+00
1.394255073847980642e+00
1.391923297779875224e+00
1.374773576541846953e+00
1.381319113788637143e+00
1.384627774716385540e+00
1.393790601639730342e+00
1.404079440594065087e+00
1.396294511545141503e+00
1.401954974066986770e+00
1.404870520464046812e+00
1.413849356464110141e+00
1.418152297799562644e+00
1.424844825504328005e+00
1.434969188779202653e+00
1.442089096424428174e+00
1.434047656290994732e+00
1.415752259020286896e+00
1.432123890612861494e+00
1.432588609254085821e+00
1.422971100380328702e+00
1.411606002020002082e+00
1.422206729052637453e+00
1.417657307869515382e+00
1.422974330033938362e+00
1.431450986247837287e+00
1.423416927414344224e+00
1.420414256645078144e+00
1.408379819701229607e+00
1.424993094811835448e+00
1.416151504764493474e+00
1.419309967942228079e+00
1.437277310853786627e+00
1.419620335356889029e+00
1.404031969864745433e+00
1.387674519043536447e+00
1.406473583540871486e+00
1.410820869326663285e+00
1.419314794974395832e+00
1.406488698411179739e+00
1.390973480956682051e+00
1.383612338120274510e+00
1.367266197177423592e+00
1.366994549382362756e+00
1.358152825182134871e+00
1.374469178398678215e+00
1.382384014064800493e+00
1.374159155082490980e+00
1.370719913457197903e+00
1.371131727386252885e+00
1.371556365080730311e+00
1.377622214884268947e+00
1.382625391281008476e+00
1.369561631520504363e+00
1.378179280992066547e+00
1.379255680989058597e+00
1.380212541135611204e+00
1.382938902109794643e+00
1.375096058938015897e+00
1.376498782756892858e+00
1.388625123694674057e+00
1.410363084790071442e+00
1.411598740719577139e+00
1.402180081360238972e+00
1.414644975660265702e+00
1.415017752286027441e+00
1.423766508834941824e+00
1.417840603938471000e+00
1.415603413734386473e+00
1.420094098175759045e+00
1.409292444748987849e+00
1.397415292919133245e+00
1.385791045638206098e+00
1.387138199142636585e+00
1.385145092198789118e+00
1.381507588663882347e+00
1.405427530810811731e+00
1.412852318508921012e+00
1.403371801607118385e+00
1.385889609377575882e+00
1.382843534546618569e+00
1.399847763114426380e+00
1.392452887303218034e+00
1.392170513275093446e+00
1.401534759919486728e+00
1.374700397136606078e+00
1.381241675835302551e+00
1.389982071257604535e+00
1.385369751578999553e+00
1.385999728765596517e+00
1.390768008936736466e+00
1.380062928835194214e+00
1.373427974761977755e+00
1.396096440134981798e+00
1.391471019954319654e+00
1.395125274241168167e+00
1.391530843480275337e+00
1.394976446731998942e+00
1.400888182999840081e+00
1.399864860433319480e+00
1.374921581792591052e+00
1.374179695844496729e+00
1.394784972337316686e+00
1.394197414011326464e+00
1.401998378919364630e+00
1.402851038613958101e+00
1.398286256658764826e+00
1.414906010447084084e+00
1.392977771680891319e+00
1.387980755028486834e+00
1.379702938989292083e+00
1.380583826054188945e+00
1.385632494977925511e+00
1.401083686055746957e+00
1.404768845959544432e+00
1.376451005593341215e+00
1.374665785401829599e+00
1.372770443443587673e+00
1.361575420897984889e+00
1.370642117370435953e+00
1.381226746960552809e+00
1.382643899979940638e+00
1.371510927592826778e+00
1.371859516460449679e+00
1.381074258350951878e+00
1.383898621919068539e+00
1.403965335954856508e+00
1.399289877867576415e+00
1.395396123998797755e+00
1.370410714829489729e+00
1.374075841084478444e+00
1.360691333997463781e+00
1.372611946737602340e+00
1.376247940342232523e+00
1.376250474444206118e+00
1.375027389640008701e+00
1.379267978949636264e+00
1.379134717318680536e+00
1.401989578048904672e+00
1.384468844336412596e+00
1.386656232956575252e+00
1.412722550557550694e+00
1.422811255979304024e+00
1.429179250236223275e+00
1.423474421622561215e+00
1.420963582128504044e+00
1.402360557237387173e+00
1.407222113275341524e+00
1.390460056340445671e+00
1.405834877300532915e+00
1.392901682613534531e+00
1.387052868513176440e+00
1.384547417977052275e+00
1.386658947056915281e+00
1.384046836748699993e+00
1.371237910543408933e+00
1.383625261002248363e+00
1.381889612728397942e+00
1.385451233384458192e+00
1.394769677991845480e+00
1.400138578264821909e+00
1.421414084749360818e+00
1.413855314943800456e+00
1.395972021643641536e+00
1.398558487861971900e+00
1.378120829201461506e+00
1.380179716751702923e+00
1.384209980819320451e+00
1.388215224958854854e+00
1.387360924493251657e+00
1.397135269265748381e+00
1.405902946648885710e+00
1.410333105279226951e+00
1.396119901057016888e+00
1.401744788432741418e+00
1.395653300681588327e+00
1.388484460127362707e+00
1.380489763954083626e+00
1.369069320814958468e+00
1.376905428545095900e+00
1.385910522830492875e+00
1.378024618796286349e+00
1.394396501728583093e+00
1.400322684292053976e+00
1.402142065637220547e+00
1.399701528794459859e+00
1.398514427278128913e+00
1.404652865671575102e+00
1.400982218698331172e+00
1.398895954940226449e+00
1.423747120026534363e+00
1.412971163309569622e+00
1.420814189346466305e+00
1.414745318802044904e+00
1.406860419208985968e+00
1.416814784360098445e+00
1.411507887004531669e+00
1.421547907579093106e+00
1.412536302347835671e+00
1.433386296126593074e+00
1.416801013556082900e+00
1.412657843031351002e+00
1.391129722234584642e+00
1.385790068969284805e+00
1.392461756080049184e+00
1.389790835876459685e+00
1.405227890318504036e+00
1.407009885738133015e+00
1.409052813059283871e+00
1.415743252192036783e+00
1.413975280700784598e+00
1.419090896932980739e+00
1.412933295293088198e+00
1.406164227498147623e+00
1.395284027778843416e+00
1.395197461991612986e+00
1.397260308632298109e+00
1.404094370421766325e+00
1.405348899665212592e+00
1.411609842713678731e+00
1.400919663638704238e+00
1.385163685142524415e+00
1.356808304721457636e+00
1.367951530082254230e+00
1.379998000019314386e+00
1.393965121682164465e+00
1.426023097063349621e+00
1.412490167810073416e+00
1.420033659573923135e+00
1.414448765813269171e+00
1.401062218085502797e+00
1.393050827987157181e+00
1.392403504023164595e+00
1.390166674282249160e+00
1.412757032027028625e+00
1.422091015604304509e+00
1.415616401825728232e+00
1.422066966796353027e+00
1.432723228288878214e+00
1.417558104097154770e+00
1.412161865414848672e+00
1.399420304036441687e+00
1.386696639431469036e+00
1.404988807665524142e+00
1.390661858440155108e+00
1.402514978586115513e+00
1.386675525286666044e+00
1.388055851102661498e+00
1.377023814893675757e+00
1.364775493174575027e+00
1.399553572362528531e+00
1.414609577081149094e+00
1.398066297215740938e+00
1.381619480863859994e+00
1.389237234932257037e+00
1.379505883816588341e+00
1.383088427454900460e+00
1.399188148275584798e+00
1.395754318866218036e+00
1.396431610533143575e+00
1.379456033290052730e+00
1.394548904116587718e+00
1.391399020373712547e+00
1.379672871266069745e+00
1.385227746966527507e+00
1.362035024982872322e+00
1.360291871342875991e+00
1.392704350474752717e+00
1.445985393916886741e+00
1.451263788838088820e+00
1.456707848615644618e+00
1.464743989050167450e+00
1.445233100982351360e+00
1.433923760052394636e+00
1.429109693862976371e+00
1.431470141448453415e+00
1.429453302935343117e+00
1.424625474631491917e+00
1.405262643963888891e+00
1.416867945425501318e+00
1.418419958293901217e+00
1.419269154171439506e+00
1.412716536733414907e+00
1.395332945767987498e+00
1.383936084598851091e+00
1.379854757759334971e+00
1.395832181831205832e+00
1.379441765637712036e+00
1.391589031612226357e+00
1.391482817033225405e+00
1.393528291017570142e+00
1.387746176270096443e+00
1.395029984547439206e+00
1.421815976452984742e+00
1.408594459189374204e+00
1.408179916615619920e+00
1.412552688411659707e+00
1.382500474312075012e+00
1.389309819652014610e+00
1.387456677987399578e+00
1.394117085268344214e+00
1.391723477719648994e+00
1.395690299078087726e+00
1.389856809248159131e+00
1.397903478710271097e+00
1.397800797903772541e+00
1.415616506377392891e+00
1.433300053540526031e+00
1.424957560625958575e+00
1.413634701484979050e+00
1.433892402825147405e+00
1.424936256430793247e+00
1.403214155429962418e+00
1.412138446684494397e+00
1.419652486139453940e+00
1.422516796040191878e+00
1.414128646537591294e+00
1.410051622780708724e+00
1.404205284723962777e+00
1.396755398062486941e+00
1.398207065837570262e+00
1.381158417634235747e+00
1.384546508293893918e+00
1.377018188409895094e+00
1.369231478315694694e+00
1.393964467289274367e+00
1.396495444033016398e+00
1.393652873804281933e+00
1.393794124346264596e+00
1.381324681484251471e+00
1.386132026883786006e+00
1.387539126551158519e+00
1.388381363527465995e+00
1.385038411881411857e+00
1.403743760651283035e+00
1.411283041168200469e+00
1.414318846010105268e+00
1.404458840302123646e+00
1.412327465834461782e+00
1.420351603718100320e+00
1.438803677722575891e+00
1.430529664412427016e+00
1.456622180366240915e+00
1.424454466091758631e+00
1.413188068929925878e+00
1.416146314992194011e+00
1.409198552578951658e+00
1.421653642699136189e+00
1.419921580181480181e+00
1.411380830345277948e+00
1.407039956394537716e+00
1.397752328932718946e+00
1.416724955915022344e+00
1.393538991921135173e+00
1.374810652003195077e+00
1.362741839685383427e+00
1.365404001424987079e+00
1.370280960183235974e+00
1.366570753884208234e+00
1.395065031144549828e+00
1.387972356005772401e+00
1.384240136662220344e+00
1.363423000783219541e+00
1.386624944807056004e+00
1.389480499528539692e+00
1.389533478164770575e+00
1.400203666962630322e+00
1.402267504388885699e+00
1.416589894176610187e+00
1.407370782777791041e+00
1.412492074951454457e+00
1.422832963036314569e+00
1.397372054067329783e+00
1.411784153189170166e+00
1.397083062343982052e+00
1.400161308769345636e+00
1.406515632100111990e+00
1.404676332927484061e+00
1.398294638714283833e+00
1.397610294784056073e+00
1.405765587322934440e+00
1.381455023736536170e+00
1.371022014838838565e+00
1.371672180209590586e+00
1.374822135468545259e+00
1.398323568077131984e+00
1.405224497267901773e+00
1.411087660742776917e+00
1.408921078631829582e+00
1.389926919646582659e+00
1.395356565889814604e+00
1.386135550109536929e+00
1.373213854034871950e+00
1.367719530464210687e+00
1.363270699038092504e+00
1.389613160110802603e+00
1.387053175328961441e+00
1.391099235056061811e+00
1.388574178000893999e+00
1.408321741731112464e+00
1.400866086078643935e+00
1.396417804760716086e+00
1.411074185533307324e+00
1.423273034049973518e+00
1.421249283776099048e+00
1.418160285174673074e+00
1.418081816932377226e+00
1.439474649332013190e+00
1.454954378722989494e+00
1.434768392764834921e+00
1.432788465989798921e+00
1.420836702235106053e+00
1.421779262989223636e+00
1.417946164623620664e+00
1.435581469404397792e+00
1.415280516221759877e+00
1.408306482443189678e+00
1.398460432002693432e+00
1.407581635817638732e+00
1.393333321055505225e+00
1.398157107059639026e+00
1.415987858790905385e+00
1.429951534660632406e+00
1.427049791782950994e+00
1.413729227540027500e+00
1.416076589353492787e+00
1.407470124527084865e+00
1.413520318171371359e+00
1.402951226911127947e+00
1.393227470244081001e+00
1.391954198223592121e+00
1.410540991646920039e+00
1.402975061252741629e+00
1.383476101395872071e+00
1.398617041249254012e+00
1.382074025051460486e+00
1.379550111645230892e+00
1.384735001101816465e+00
1.380990990412963804e+00
1.373654018350030759e+00
1.376357876298489824e+00
1.377419855180068486e+00
1.382599181099446684e+00
1.384703956947620052e+00
1.397393863922224311e+00
1.403977856862110851e+00
1.383693456557175017e+00
1.369441531937478196e+00
1.371768902231030651e+00
1.382918238862237859e+00
1.382469672971138985e+00
1.387561054146554396e+00
1.411980377575970502e+00
1.400908894941994776e+00
1.420893759550320157e+00
1.426310313368784222e+00
1.391034353020953462e+00
1.391746808712502670e+00
1.394979617569864105e+00
1.384461599544393851e+00
1.399284442945021745e+00
1.407176076501890361e+00
1.411340954377793722e+00
1.396527311339322175e+00
1.393215223647205736e+00
1.396224316496511353e+00
1.393445225125614417e+00
1.386523692144836728e+00
1.391164314844806293e+00
1.397017072478069721e+00
1.411595776490462972e+00
1.419271004134047054e+00
1.400122804796198883e+00
1.407719439413354534e+00
1.411777562243731188e+00
1.415381454492285807e+00
1.398898365801066079e+00
1.399563133959368155e+00
1.368574847501811353e+00
1.392947432536439933e+00
1.416801625806852538e+00
1.409998726462183827e+00
1.388569063524769831e+00
1.400196472560987448e+00
1.375341890613106521e+00
1.380092614372470550e+00
1.368829042562949461e+00
1.385355503624048135e+00
1.388108513756961093e+00
1.384598473798049012e+00
1.359976498895245189e+00
1.381646137771491478e+00
1.382237456294857170e+00
1.398615596129707317e+00
1.382998199662661687e+00
1.391778904409570305e+00
1.393729415152667794e+00
1.396595940246616374e+00
1.380950611079322377e+00
1.389832526745885088e+00
1.391487424399504125e+00
1.386057224064570548e+00
1.389578978869491666e+00
1.390676143603552406e+00
1.406314260633120039e+00
1.409249984904443087e+00
1.420807064158624788e+00
1.412335097481696611e+00
1.422470926541924863e+00
1.434704422802672630e+00
1.429280317405436707e+00
1.406627950990984699e+00
1.409694135236676082e+00
1.409920241859616397e+00
1.409225286249868203e+00
1.397399459712828085e+00
1.406027597407168095e+00
1.392057753878787718e+00
1.403221175173206214e+00
1.415141931230341488e+00
1.391756054546301691e+00
1.394931410582089804e+00
1.405484708736872923e+00
1.407712432149974990e+00
1.407055988544090974e+00
1.391159150329882799e+00
1.401865815317987929e+00
1.408329711700747611e+00
1.412498182904500021e+00
1.409616177150410099e+00
1.420739538293350090e+00
1.421815515271438457e+00
1.421567253181786894e+00
1.408098999995803791e+00
1.417396518449516085e+00
1.417527494261516585e+00
1.395978851020901468e+00
1.390952318852499925e+00
1.417684305465628958e+00
1.403917929381308216e+00
1.419967470041666235e+00
1.412347751699950305e+00
1.413698271587315647e+00
1.418363631406988512e+00
1.410445121143641289e+00
1.421912065027531424e+00
1.397400050495466450e+00
1.420875084728671967e+00
1.440695703134500016e+00
1.429857515445598359e+00
1.416495261456095722e+00
1.416108137410587275e+00
1.407591082823105744e+00
1.407404277248948565e+00
1.400646705836852135e+00
1.402164548979857317e+00
1.410059454649241539e+00
1.396591111256078044e+00
1.400212521736806659e+00
1.390021265677233275e+00
1.376564586888760600e+00
1.387118598565695970e+00
1.400655886847849363e+00
1.418788654252798764e+00
1.422880301432373207e+00
1.420622783675826728e+00
1.419183803335269278e+00
1.428486150997467119e+00
1.412235455540516549e+00
1.403791759571778153e+00
1.416416096297599347e+00
1.433959400594754241e+00
1.423721659973767428e+00
1.425334064388529720e+00
1.408719046068298786e+00
1.425028589420692215e+00
1.422463842039629389e+00
1.385564871695356137e+00
1.390656165872504513e+00
1.393184663149268587e+00
1.380397308063374684e+00
1.386420519543085650e+00
1.395606768290805100e+00
1.406911682375478145e+00
1.396279407306016740e+00
1.384377118454150013e+00
1.389712142854997889e+00
1.397237445438293202e+00
1.408617425310572324e+00
1.415642133090282417e+00
1.391971528988569906e+00
1.420843697885372903e+00
1.413197797219708951e+00
1.407393214548307681e+00
1.419606061069721870e+00
1.403538763308054271e+00
1.393265686624495903e+00
1.388278000720729599e+00
1.382550219886827580e+00
1.394912674939992048e+00
1.381518661611681242e+00
1.373520138254989975e+00
1.389822250478086829e+00
1.389649521702202239e+00
1.409368114603196442e+00
1.397598222097727882e+00
1.420424402378867690e+00
1.422903449568973189e+00
1.414371991024359065e+00
1.418123437959415201e+00
1.426946493470351740e+00
1.427994558476361586e+00
1.435265198885749216e+00
1.414693425694069973e+00
1.416696737625941838e+00
1.402819863837132752e+00
1.407877497397526323e+00
1.404008433362411212e+00
1.396606232570263950e+00
1.399739279241905443e+00
1.394376819274571799e+00
1.395392422651084319e+00
1.400018000564212439e+00
1.426986355286616659e+00
1.432388334949615150e+00
1.420410525797414891e+00
1.427536163885657627e+00
1.408616800064128816e+00
1.389071543041399570e+00
1.376371432887460333e+00
1.409586149539072464e+00
1.410928991574643243e+00
1.409647738615313006e+00
1.410727119802132279e+00
1.425196240244014367e+00
1.432353339282893767e+00
1.411264838777487540e+00
1.393074840080191557e+00
1.373273376259759315e+00
1.381480527961946203e+00
1.386804757135918775e+00
1.385930945930637037e+00
1.373288155119561038e+00
1.371354152781542712e+00
1.379356206114960681e+00
1.401514440643776505e+00
1.417501918571102193e+00
1.400191185557349893e+00
1.400710902210961839e+00
1.392826510830879272e+00
1.417720043240184635e+00
1.387905139943820698e+00
1.401638077112831393e+00
1.400243419133170741e+00
1.417727991209114302e+00
1.413181993317657037e+00
1.402528967856822906e+00
1.397244612621111548e+00
1.383442172954738147e+00
1.368910725741460555e+00
1.380723561265672306e+00
1.399708410905049272e+00
1.421592378402627421e+00
1.410293625408306495e+00
1.399061094296000229e+00
1.421314753088841254e+00
1.431874000590515950e+00
1.416820072910414119e+00
1.428096082858430593e+00
1.434114047293024496e+00
1.413872267980233133e+00
1.426613651399515792e+00
1.437460344269569257e+00
1.444707281004504518e+00
1.424947602976837757e+00
1.396739136808478943e+00
1.400274036787460874e+00
1.395259839646254107e+00
1.395878786579707098e+00
1.402165766454300577e+00
1.400640319480016771e+00
1.391347895319930972e+00
1.385599905716928371e+00
1.380351615540401422e+00
1.364886867893637890e+00
1.378496699373566114e+00
1.379252432240546611e+00
1.393141450221556443e+00
1.382216416771566703e+00
1.398275871450552543e+00
1.382086505278821376e+00
1.397630388398282131e+00
1.392528834640190283e+00
1.402638000744774072e+00
1.423419101621686611e+00
1.441856939055743858e+00
1.438329593700699682e+00
1.426289853416919939e+00
1.409661104971178025e+00
1.414459845918074388e+00
1.397505221978288859e+00
1.393715700948207292e+00
1.388764913908893117e+00
1.396079733996207217e+00
1.392825935217751443e+00
1.407209617940238022e+00
1.407379107164130394e+00
1.393292824624652759e+00
1.399899398385019200e+00
1.406944887921262488e+00
1.406775277980593097e+00
1.401653494124764032e+00
1.403264679002466098e+00
1.417504959037910739e+00
1.416887437435888186e+00
1.411702709003383793e+00
1.379257238949178621e+00
1.377998957495482957e+00
1.389660798456486823e+00
1.384747902763219907e+00
1.379161825059795232e+00
1.376905875859049555e+00
1.386884210555106911e+00
1.388164985204974888e+00
1.391895395615924347e+00
1.406470071212029493e+00
1.389869810695754992e+00
1.384565052909831229e+00
1.377643497260531369e+00
1.376721570335420530e+00
1.377450679254497157e+00
1.377674082200460060e+00
1.381130765813830097e+00
1.374376217630596031e+00
1.374877838264639829e+00
1.375151820957161375e+00
1.383156645359082004e+00
1.391752015013715260e+00
1.387806045469323957e+00
1.404295355875958107e+00
1.384995233119039604e+00
1.396286041106588938e+00
1.390125361808231430e+00
1.389196402929550489e+00
1.389449672023008286e+00
1.398339709223754168e+00
1.432167863703802446e+00
1.427505536381951989e+00
1.418771752558544375e+00
1.419072956334127333e+00
1.412383776361480825e+00
1.397507181726806991e+00
1.391756148301846352e+00
1.399490801208348456e+00
1.422039417357496172e+00
1.406054226225100789e+00
1.417922039294257974e+00
1.404449403938400120e+00
1.406657294472288822e+00
1.380743398615239537e+00
1.391452909925286363e+00
1.397138477193080375e+00
1.368076913882012136e+00
1.361244938409786664e+00
1.358039260025615258e+00
1.386589775142626380e+00
1.406667050632397942e+00
1.402807829771654857e+00
1.398675176139705156e+00
