1.666666666666666574e-01
2.712541345981964280e+00
4.455749137707613272e+00
5.988562434164141912e+00
7.470258854979397789e+00
8.746764738290394803e+00
9.801204709748985167e+00
1.063068437478905359e+01
1.070675517817672429e+01
1.094762150065300155e+01
1.178649969716408030e+01
1.211248614543029234e+01
1.235423258148840198e+01
1.249692970243916257e+01
1.259084756606992528e+01
1.250377047773287309e+01
1.268783769825533092e+01
1.242501066289190348e+01
1.191221587533016546e+01
1.183950795509381493e+01
1.235880833089466790e+01
1.251374989161759466e+01
1.268942713072203965e+01
1.238935366627152845e+01
1.184987479203951111e+01
1.225097189763348204e+01
1.248234061836255826e+01
1.218136125162266303e+01
1.222806493020385510e+01
1.214907235385858542e+01
1.225728828985710095e+01
1.176293252357675279e+01
1.170620927318477911e+01
1.213919446388911716e+01
1.239094709459864951e+01
1.204118077572784884e+01
1.210968424720753411e+01
1.196490676933289166e+01
1.211422421600097543e+01
1.255454855710105200e+01
1.174241814220212987e+01
1.182362538858169465e+01
1.146838789272836578e+01
1.107806253456867296e+01
1.147894980034217305e+01
1.170830968564685826e+01
1.213071295700263619e+01
1.231091547022908905e+01
1.194767093344021980e+01
1.196629131655098099e+01
1.240549101776364971e+01
1.251419646848910538e+01
1.259390593227131738e+01
1.274003657647386234e+01
1.237617557855222294e+01
1.244816950534185196e+01
1.196565624507122294e+01
1.274208473286069498e+01
1.284803293055793993e+01
1.249383386729301826e+01
1.347035255138391285e+01
1.330878366861293216e+01
1.328373628304223253e+01
1.346832535071294146e+01
1.313857698484755510e+01
1.287752235143014978e+01
1.302724970322898024e+01
1.256243064194241832e+01
1.259911102847580011e+01
1.238043285413199790e+01
1.240734044374753786e+01
1.178687756614526094e+01
1.197539478095291621e+01
1.215756308952350118e+01
1.183762374426280140e+01
1.215322845310016575e+01
1.175665299633226368e+01
1.257610412771908948e+01
1.232759555628721593e+01
1.216730326210456070e+01
1.180911630894423681e+01
1.215905355639366903e+01
1.189629610565196671e+01
1.213143912875930219e+01
1.217769667092332853e+01
1.222586630757833248e+01
1.274820157219482830e+01
1.294226539329554981e+01
1.248823614496356171e+01
1.245510390697383585e+01
1.324572857902884948e+01
1.286476440127294119e+01
1.284793157192145330e+01
1.274145716366514769e+01
1.322621782550633540e+01
1.275828459776409751e+01
1.266895079210234520e+01
1.241788066229710807e+01
1.264960528023001096e+01
1.170208825390543339e+01
1.178856331044765149e+01
1.185232405533380629e+01
1.159771303840147105e+01
1.203406146637677487e+01
1.152272233179028582e+01
1.120390688278864744e+01
1.139498514113131655e+01
1.132243597446658612e+01
1.143200856686718403e+01
1.126087359861114123e+01
1.132573133893174067e+01
1.184769063189094673e+01
1.190436615653311136e+01
1.215988084522560619e+01
1.251827610321130280e+01
1.279169423463583044e+01
1.264289848313213760e+01
1.272599261084430999e+01
1.249300465973632157e+01
1.249264374269974809e+01
1.252843660829043237e+01
1.235130678945965599e+01
1.218229822578421739e+01
1.239691214283067566e+01
1.312491842377819573e+01
1.299938160545075050e+01
1.347772007455582788e+01
1.335346012011810402e+01
1.325635509380434662e+01
1.308730550334165876e+01
1.326664715213758505e+01
1.332341681925242405e+01
1.351705165754293247e+01
1.309293199239277072e+01
1.293768248816563649e+01
1.288327497708504765e+01
1.348739199937252664e+01
1.331401364397459730e+01
1.337462730099874619e+01
1.295559710899743422e+01
1.256518467027744990e+01
1.234578713620599366e+01
1.264206318378839455e+01
1.294807384965377217e+01
1.273996603196726340e+01
1.274618574830277318e+01
1.191701736194791650e+01
1.202519098705389489e+01
1.238086577409251454e+01
1.225648641654021453e+01
1.252736548826658591e+01
1.238722668275574890e+01
1.201624946455448573e+01
1.175968627046789905e+01
1.193874992597090667e+01
1.261287726121423347e+01
1.284618228141470730e+01
1.262982795900711608e+01
1.203614565035293182e+01
1.243380983719728405e+01
1.281921696642531749e+01
1.301581276593599945e+01
1.312189660064305663e+01
1.327788343374978552e+01
1.303449013242775933e+01
1.299902210882408049e+01
1.312676667361310123e+01
1.314841343548321717e+01
1.281429582435676906e+01
1.332456135462313007e+01
1.298843069542912332e+01
1.349847270299184387e+01
1.378921432376348832e+01
1.318912122501652284e+01
1.294159724243660214e+01
1.264140512796898186e+01
1.219230779272348109e+01
1.251843074502160391e+01
1.252577270955693933e+01
1.261722150067108750e+01
1.203125680214410131e+01
1.222454208197729031e+01
1.164660811020355702e+01
1.192340397658303353e+01
1.221764927290019109e+01
1.206843161193880931e+01
1.193744304637886344e+01
1.222636058500214240e+01
1.219021375968758036e+01
1.233704030058503065e+01
1.211709042719260410e+01
1.209585054068894650e+01
1.203305900237312720e+01
1.204271104715811447e+01
1.190263978863016980e+01
1.215522738566688510e+01
1.214857260919847803e+01
1.211811605570079564e+01
1.240561065453856848e+01
1.268216214554444754e+01
1.269679575187044662e+01
1.281643836337006803e+01
1.264317177880896992e+01
1.295467233900956039e+01
1.211754208688035384e+01
1.218922191836084323e+01
1.161035011939457817e+01
1.225436492476321426e+01
1.198412763288414951e+01
1.215136997242918504e+01
1.252173438110715686e+01
1.268364324509183128e+01
1.267896005343685850e+01
1.205886215996654798e+01
1.198356039691169173e+01
1.176416352823921230e+01
1.199636719155963682e+01
1.186729652077509911e+01
1.165375540214905570e+01
1.216488248462646737e+01
1.214777059942052340e+01
1.234848407041362250e+01
1.228485037139216374e+01
1.244873663338886161e+01
1.246379555135795059e+01
1.307736304678647166e+01
1.286752974847525799e+01
1.265846428029421666e+01
1.273066085644558676e+01
1.267454908787471268e+01
1.265634215858050204e+01
1.220346082261080944e+01
1.245482327318123694e+01
1.198358075530439315e+01
1.185258834011827211e+01
1.170075165292915997e+01
1.161178655730881104e+01
1.151166815015301026e+01
1.170858492449104737e+01
1.182878878342686590e+01
1.181137783344123093e+01
1.209917287514504025e+01
1.217242872903898743e+01
1.244050305746192286e+01
1.262533700792874747e+01
1.307968015048405519e+01
1.267479869266362869e+01
1.272705614387009199e+01
1.316538028832207630e+01
1.315322540553757946e+01
1.353223034372514100e+01
1.354510207602792704e+01
1.300466169847297238e+01
1.335442645513770010e+01
1.317545828467700808e+01
1.257117348543416391e+01
1.259048431483589425e+01
1.216275686935623845e+01
1.236360989282648326e+01
1.210272433203984832e+01
1.228571607501426755e+01
1.204919542953384592e+01
1.242643774683187630e+01
1.279122077089402154e+01
1.307647417313388694e+01
1.306325196885548756e+01
1.357443407592071694e+01
1.333222535546484977e+01
1.290897089881634585e+01
1.327199609457029972e+01
1.279979127723595056e+01
1.226053486146228977e+01
1.193527785226996052e+01
1.213953177231744718e+01
1.218686263925956048e+01
1.218583944022998011e+01
1.210431920444056431e+01
1.274911232452578957e+01
1.294061074614982054e+01
1.261442683759626071e+01
1.250307391116557731e+01
1.167518035081538130e+01
1.197373062443597647e+01
1.161182732023657671e+01
1.200389778114882944e+01
1.223090619707754279e+01
1.234553814247831660e+01
1.196790074377432944e+01
1.162383500646438073e+01
1.168829468026358320e+01
1.201676271509105831e+01
1.243965915430262648e+01
1.249545938190331107e+01
1.246480062748336692e+01
1.231443125331757926e+01
1.235280052672385231e+01
1.216204099536748728e+01
1.217580054964519931e+01
1.184605536604097864e+01
1.188337403588553975e+01
1.203359652452254736e+01
1.134835329486043598e+01
1.116351662948165391e+01
1.128632941460115013e+01
1.171897011721023496e+01
1.128877585563834884e+01
1.118637498712642042e+01
1.127464577717662131e+01
1.142970073109508888e+01
1.147125909004177480e+01
1.237200866903362240e+01
1.273138354472640010e+01
1.282201282879629822e+01
1.308813660156457459e+01
1.350185343183158082e+01
1.238835129688552783e+01
1.217539542179421197e+01
1.261354133559290247e+01
1.205770499103655524e+01
1.259788554095655932e+01
1.280568467646806496e+01
1.274287555642563596e+01
1.268805639347506364e+01
1.266317232294641926e+01
1.278590893991911770e+01
1.295217942672536715e+01
1.293010052983586355e+01
1.291019766848718220e+01
1.246331740731958782e+01
1.255647475970948079e+01
1.265328928032189104e+01
1.295223180472215851e+01
1.301938785352383121e+01
1.315661690712394005e+01
1.318739772262749810e+01
1.332201543290580403e+01
1.304421189639940160e+01
1.295323485741068303e+01
1.245251682690084749e+01
1.248150652973601105e+01
1.241218635495970446e+01
1.266249016109087222e+01
1.235180216083936422e+01
1.241955877252369689e+01
1.270158021850450680e+01
1.282829073080457505e+01
1.264899585420569217e+01
1.228484563804648744e+01
1.229432312547298878e+01
1.153033215195711492e+01
1.146400553294687796e+01
1.166866930524008517e+01
1.135277662231805174e+01
1.182257217303399699e+01
1.172975502876258602e+01
1.187657622302857519e+01
1.166819155184489709e+01
1.166689683601383898e+01
1.180626237762879249e+01
1.207910600131221734e+01
1.185044672608712979e+01
1.208333233763912773e+01
1.201474195789929311e+01
1.220156700418929319e+01
1.279291171214952527e+01
1.194608771585789952e+01
1.232092975690913939e+01
1.267985851179714984e+01
1.246819298584257396e+01
1.265845289859522360e+01
1.266015037426212686e+01
1.268113541549269385e+01
1.294356725619841697e+01
1.300976629703023768e+01
1.241070525108900213e+01
1.215631681252557961e+01
1.295789690540210870e+01
1.259534045527318291e+01
1.263548300539142311e+01
1.269134848763827783e+01
1.267876090230955377e+01
1.257353193110810174e+01
1.223493073037777634e+01
1.201463553943679052e+01
1.195863448848719734e+01
1.208267486361429732e+01
1.225954346996585365e+01
1.229619678577331321e+01
1.206701125545179210e+01
1.212864844070578485e+01
1.274278618817049669e+01
1.258050942100672920e+01
1.253665081328392183e+01
1.216516013297811938e+01
1.238283900602587551e+01
1.265175662868514372e+01
1.254251216449148565e+01
1.279675298983644893e+01
1.214289136620384291e+01
1.206097581985982714e+01
1.247126257495020418e+01
1.276958816163861066e+01
1.221627255637727316e+01
1.209086952721851205e+01
1.253117018788592141e+01
1.224350754887602299e+01
1.242115442173584583e+01
1.239057071838470669e+01
1.230757983283935886e+01
1.216022715444907831e+01
1.255081649461855164e+01
1.279609567647714741e+01
1.272064873845632604e+01
1.273992090823369416e+01
1.278750421220208189e+01
1.280541448139821448e+01
1.234813605711531537e+01
1.230239591910057584e+01
1.246805190529061846e+01
1.267992759837580685e+01
1.246731832812099405e+01
1.194656533490098482e+01
1.174374473090875881e+01
1.169586715116211550e+01
1.177916613132576984e+01
1.181910330622659977e+01
1.205977148988417014e+01
1.247440741519532281e+01
1.232165212834951085e+01
1.256533458816561577e+01
1.243564915863573894e+01
1.260454643586817802e+01
1.277663894848407011e+01
1.251244982787892468e+01
1.171990090038509891e+01
1.205772604391054870e+01
1.167883479005176106e+01
1.159099939591666661e+01
1.153986122327050801e+01
1.147704327446010986e+01
1.164086600029092011e+01
1.190737255668924277e+01
1.148603664025582205e+01
1.101479750414331527e+01
1.120853901116661078e+01
1.143094106350807948e+01
1.141117671661975308e+01
1.164277177798637020e+01
1.174447567864872966e+01
1.222883195213147189e+01
1.275264552270352070e+01
1.297873898450259667e+01
1.353446321637452954e+01
1.342309241197706093e+01
1.265502713907962828e+01
1.284307230193899407e+01
1.338354835404613574e+01
1.333610264070981977e+01
1.317762933592541685e+01
1.295346123852228892e+01
1.245444749187307920e+01
1.243969510482611440e+01
1.230770107709173367e+01
1.239250683590578461e+01
1.277158086270148907e+01
1.290180540314566926e+01
1.295220134987110860e+01
1.286616151421399046e+01
1.270796503604838179e+01
1.258919429484694419e+01
1.226246253392415753e+01
1.242145658518466966e+01
1.226141521911855214e+01
1.250412283555989035e+01
1.240028830740300769e+01
1.306909754011497782e+01
1.309839751837563071e+01
1.282711479666197008e+01
1.266058191996668114e+01
1.209300250725776493e+01
1.211447301388627018e+01
1.183113105625242056e+01
1.173232861796886617e+01
1.200426462952691509e+01
1.189161518110520710e+01
1.116109086656891058e+01
1.119275212598876657e+01
1.087943815574963935e+01
1.099378585010848930e+01
1.106585163436598940e+01
1.129153332963069012e+01
1.105408972035297666e+01
1.100745860154380651e+01
1.146420653186197214e+01
1.082573336256655594e+01
1.146145530924457567e+01
1.182428724774365136e+01
1.252025670418820802e+01
1.196903766098175659e+01
1.163322534788856188e+01
1.153913400838129455e+01
1.150894479414925087e+01
1.150566090453011903e+01
1.164570055661535264e+01
1.163283456845866404e+01
1.139753291142131353e+01
1.126970279703519928e+01
1.139055632507730209e+01
1.176721289515011470e+01
1.230323769590863492e+01
1.217815581273137404e+01
1.146982175405111271e+01
1.139636966152208508e+01
1.199111695041397851e+01
1.200535333630317503e+01
1.221215865854757965e+01
1.270241931284941472e+01
1.293685374605361282e+01
1.273121388317569647e+01
1.283828256989275296e+01
1.324251185490704863e+01
1.274809560483959636e+01
1.257336595923973555e+01
1.263255320261684211e+01
1.259662237717520306e+01
1.234553224702769292e+01
1.237926004217982268e+01
1.168120974687534641e+01
1.163920137026762092e+01
1.159053041655487881e+01
1.185999009709136942e+01
1.186900257634935940e+01
1.174915659915651744e+01
1.129795769123301064e+01
1.137843012182855595e+01
1.073546288854810804e+01
1.093815269116103472e+01
1.136163712474708909e+01
1.143515855869374853e+01
1.150881858915394496e+01
1.168585672827708599e+01
1.232154970473626321e+01
1.261222712698957693e+01
1.288564681460826478e+01
1.338050093243379202e+01
1.324025950365531834e+01
1.299608607810097105e+01
1.314112459191699145e+01
1.319598500008360631e+01
1.318437528282269433e+01
1.246551956482910128e+01
1.327655465029412696e+01
1.291184489214992759e+01
1.340720302097427385e+01
1.318125662282976940e+01
1.336119983692955238e+01
1.309134819410642869e+01
1.250380472587180947e+01
1.230973968897831128e+01
1.232781468960834026e+01
1.241959149624376302e+01
1.235223844893117118e+01
1.260828350579999046e+01
1.249111449562667175e+01
1.224352985996503129e+01
1.244545966246841573e+01
1.246700439741522004e+01
1.240465773474914002e+01
1.247668618745789360e+01
1.253528862928845733e+01
1.224256169462011457e+01
1.245017015816378958e+01
1.206689607830285382e+01
1.157247615797432516e+01
1.135986856865761752e+01
1.156001728252924465e+01
1.179635116190547883e+01
1.207680128597628766e+01
1.257796450784418951e+01
1.259770916958546394e+01
1.281883296157908525e+01
1.279566997818021790e+01
1.240275843717585325e+01
1.288561335548786069e+01
1.232344581250244886e+01
1.235338647945436819e+01
1.260271574075421519e+01
1.215224854323174952e+01
1.193747878163021703e+01
1.182971511489800598e+01
1.220540727088323329e+01
1.218756470818207127e+01
1.250719994826177484e+01
1.234806579427451290e+01
1.264263541706635507e+01
1.265106938969694994e+01
1.243649813419328609e+01
1.256073748507458987e+01
1.281465752773317668e+01
1.297003119695294515e+01
1.289217711535163957e+01
1.314101709527800388e+01
1.335221372462517309e+01
1.348633555103302051e+01
1.349864484059414771e+01
1.355681480527187333e+01
1.370219961800260045e+01
1.373608714059186831e+01
1.371274333775756737e+01
1.367156267614135778e+01
1.341419913979446932e+01
1.304247711234516238e+01
1.244659692678373908e+01
1.213427508083736761e+01
1.196384175295716901e+01
1.147626932604080707e+01
1.193162658912546270e+01
1.214996685082380701e+01
1.218052461349383719e+01
1.281624757546890159e+01
1.266213153079579712e+01
1.258126066870281790e+01
1.244364806496886899e+01
1.180558631178097606e+01
1.179507836248619235e+01
1.199020184050286630e+01
1.244941331595244804e+01
1.233117149585298833e+01
1.254080185043806495e+01
1.261655146004278194e+01
1.261775946500899614e+01
1.192521092410852290e+01
1.208582652047758543e+01
1.275942820126308952e+01
1.238695819429416822e+01
1.224780386145839195e+01
1.224383434114914060e+01
1.179363936505644261e+01
1.195182674177657844e+01
1.173958985048431458e+01
1.161598041004841342e+01
1.164862340828122633e+01
1.171106090118254173e+01
1.189301122575626302e+01
1.194095375528132230e+01
1.215758736644830229e+01
1.233282032482221702e+01
1.219632480012005971e+01
1.203497786433843508e+01
1.171173963953053132e+01
1.213110267944110099e+01
1.264306944422165735e+01
1.249176250806171495e+01
1.245438715184887712e+01
1.222408628115955764e+01
1.259390414992998330e+01
1.274834121716329349e+01
1.263725141900637361e+01
1.253481254200935879e+01
1.274521353360678155e+01
1.244962977608945742e+01
1.178374629721500177e+01
1.150664644011748727e+01
1.142429982498395269e+01
1.130944784379001433e+01
1.133486759306010150e+01
1.146890088890599380e+01
1.201713640704379671e+01
1.186992605514917543e+01
1.230044096342281001e+01
1.223174672904469240e+01
1.224872890484003918e+01
1.245135350201327640e+01
1.230789030869926393e+01
1.231255851188877948e+01
1.228533234446829248e+01
1.234703823438967696e+01
1.216718375263424790e+01
1.195292576554700226e+01
1.230956090569682537e+01
1.258481545823506131e+01
1.262393560935742620e+01
1.295980731373956374e+01
1.310918776714590450e+01
1.279875122508115126e+01
1.285138137687278892e+01
1.351402730105844974e+01
1.352733707966705623e+01
1.328126298181406995e+01
1.298875999161137784e+01
1.273586985264028648e+01
1.235460487671038088e+01
1.247291714360758164e+01
1.299572610981383569e+01
1.265514380704658848e+01
1.303244515148883131e+01
1.281801978194629932e+01
1.270711330067576839e+01
1.249814356848259678e+01
1.230833966636894417e+01
1.167096101729104518e+01
1.182824857557292830e+01
1.202516544586903713e+01
1.243706685924340150e+01
1.250118669324764120e+01
1.292857050494452764e+01
1.324984409191250379e+01
1.249968728983896504e+01
1.287395739862857269e+01
1.277772781754652875e+01
1.290181997402782876e+01
1.306513377963095301e+01
1.247497129902369828e+01
1.257378803428921188e+01
1.278995945559987213e+01
1.286229050666755214e+01
1.237291667061648148e+01
1.248278569018973805e+01
1.216078386234527464e+01
1.192192368335162023e+01
1.229778794639630313e+01
1.250413212320101408e+01
1.278842306100099968e+01
1.290679754791683642e+01
1.305941133171401347e+01
1.284220663035690180e+01
1.239828187014133754e+01
1.206861377791527978e+01
1.231343464827824619e+01
1.164718451258570298e+01
1.160663544738388353e+01
1.146643588247829015e+01
1.161871387096375230e+01
1.191926221157586419e+01
1.174503937357222760e+01
1.166792392423639235e+01
1.129868112482315290e+01
1.140704600255056178e+01
1.167330861556227362e+01
1.128526482831648714e+01
1.160780202661490890e+01
1.168788256038247653e+01
1.210804848456250582e+01
1.224890798461914976e+01
1.227254590811833523e+01
1.234277464301004024e+01
1.271929912934848161e+01
1.273645937520232607e+01
1.266391093089273845e+01
1.250632461475186119e+01
1.267720781315876621e+01
1.213804408228946841e+01
1.220435592335826414e+01
1.209100906471428516e+01
1.201085869700413156e+01
1.210741915433805360e+01
1.209290885540593408e+01
1.237085152253566633e+01
1.227461709563373837e+01
1.217086102656888613e+01
1.245161743030128854e+01
1.259585203376744644e+01
1.247596314105878257e+01
1.203173808589851568e+01
1.190322351545984070e+01
1.216415369102471189e+01
1.234838468465494010e+01
1.267732375409394763e+01
1.259768395018932630e+01
1.285877914121457621e+01
1.288935904928507270e+01
1.313411126940388662e+01
1.254881549621073233e+01
1.293666173680122533e+01
1.302325009687276847e+01
1.287301165857695828e+01
1.289874856526184743e+01
1.204509699499681297e+01
1.201638935003149022e+01
1.176940305648901308e+01
1.263367286105233767e+01
1.286374617233976814e+01
1.245367479247143017e+01
1.270491334997280752e+01
1.254939846423755334e+01
1.187197916455127178e+01
1.144908388667952615e+01
1.105870520841857463e+01
1.090134292782934367e+01
1.106946439643513358e+01
1.104344489775914084e+01
1.163161391258249289e+01
1.183357033513432732e+01
1.165169233412555805e+01
1.146332844864272182e+01
1.179497933118316411e+01
1.191643416269994127e+01
1.190997082646382310e+01
1.217631118253650691e+01
1.191889037023111619e+01
1.201042391142521915e+01
1.267511718499549644e+01
1.282708636062948848e+01
1.293578980807478196e+01
1.299203198124442871e+01
1.256752569184082979e+01
1.275070643966268946e+01
1.244388106039242814e+01
1.255531522008744716e+01
1.244715620325353811e+01
1.197893189182209817e+01
1.272608932230572343e+01
1.293199395174307043e+01
1.315604520310519732e+01
1.258176132155774951e+01
1.242314234395526817e+01
1.298213104755325453e+01
1.306176377042095460e+01
1.260567623119315250e+01
1.282941084575560531e+01
1.242827975857358425e+01
1.229654345785661107e+01
1.216326858687903822e+01
1.251979830632559931e+01
1.282178297677319101e+01
1.237025585078658807e+01
1.279520407818584893e+01
1.261445898121704623e+01
1.267626782576368960e+01
1.258557255210644499e+01
1.324133976242654143e+01
1.240555696424579679e+01
1.254862030398096451e+01
1.216800572372255118e+01
1.236254930366345839e+01
1.239029761390372286e+01
1.267551266762584028e+01
1.214798883122629825e+01
1.217345587763874448e+01
1.146170514061358858e+01
1.144639003443356096e+01
1.199842611212895349e+01
1.238668279917499149e+01
1.240491571993513453e+01
1.186649796341609253e+01
1.174520611603200670e+01
1.159544656986069278e+01
1.148053559982373173e+01
1.147486039270509295e+01
1.182749141179297325e+01
1.184797773117490216e+01
1.233267896062716140e+01
1.203931863682628389e+01
1.193372469673520087e+01
1.138394173436611112e+01
1.180463724775012757e+01
1.185909906125678681e+01
1.227750710944328105e+01
1.196766970140960495e+01
1.164194730427706936e+01
1.259531135959435133e+01
1.229487809207190452e+01
1.174229560246570081e+01
1.260685471473561492e+01
1.199067865056904303e+01
1.209002942492496047e+01
1.143887726932649507e+01
1.186640053449336740e+01
1.216267166593850924e+01
1.192592772532436030e+01
1.189684782435491250e+01
1.258600508366677495e+01
1.306331595867187190e+01
1.256708803940768782e+01
1.269414768359572854e+01
1.243835791301095917e+01
1.270213584079212588e+01
1.223811063110950492e+01
1.200832761410804039e+01
1.187415938525805892e+01
1.144685533902961971e+01
1.172579992612779876e+01
1.152903476155282192e+01
1.161422916324311316e+01
1.204670438121600995e+01
1.186447641860833890e+01
1.111099055078013009e+01
1.136113765857140478e+01
1.157687886626536589e+01
1.242241507387493726e+01
1.288857462972015888e+01
1.314919326680453793e+01
1.333196498858777801e+01
1.250326191453598668e+01
1.198385661773044397e+01
1.188737611080102674e+01
1.222204132635306273e+01
1.196567277269353191e+01
1.264454529375817415e+01
1.278511658204406487e+01
1.299340439897920163e+01
1.274228309127548009e+01
1.254966762581134532e+01
1.280281986689045937e+01
1.271476717700067027e+01
1.252630541205526349e+01
1.223893662414474193e+01
1.248474456677005406e+01
1.223015335830369388e+01
1.218655443019425455e+01
1.196686407065484836e+01
1.265288273469536939e+01
1.302622381450496647e+01
1.239218144272224897e+01
1.262738789593486111e+01
1.270010996482262655e+01
1.268252214632178188e+01
1.303250052441532780e+01
1.333880945588835054e+01
1.340677459035363839e+01
1.316638367205605320e+01
1.309890161012040366e+01
1.324334999239277089e+01
1.344033973746451771e+01
1.305175876837671112e+01
1.334560620330629099e+01
1.268998491593648659e+01
1.272947792331326866e+01
1.292631945161943108e+01
1.253697488235908608e+01
1.224417487638455349e+01
1.267482639409009337e+01
1.280984122676977677e+01
1.299958828280218981e+01
1.326998240142030028e+01
1.387001965517017865e+01
1.324945938965386105e+01
1.318021712138648560e+01
1.302534010604303560e+01
1.305159580818776455e+01
1.289622187832227240e+01
1.347765395816383638e+01
1.362656086789519705e+01
1.338146377908547002e+01
1.359294686842151734e+01
1.336298538949438353e+01
1.264529340599123408e+01
1.285442008362493205e+01
1.250000950712876246e+01
1.229887917682802900e+01
1.243180971332338380e+01
1.239619102475238854e+01
1.265899624597790130e+01
1.242533318621981664e+01
1.248082127252089357e+01
1.221291044197849196e+01
1.326568046268317680e+01
1.290158891053120271e+01
1.303259107862306898e+01
1.297495285798044051e+01
1.283558234192504166e+01
1.265253867520922704e+01
1.253002768058107108e+01
1.242278499085924537e+01
1.251894458025616252e+01
1.258285636453102008e+01
1.283150745607651899e+01
1.212607176543420451e+01
1.208524219808063727e+01
1.176238957847462707e+01
1.155209830776784941e+01
1.224446163308820701e+01
1.191812514210409546e+01
1.202539672390534164e+01
1.149471091716196902e+01
1.182297486020432764e+01
1.213086948409752353e+01
1.181901766500167739e+01
1.144855070655695961e+01
1.143461114674177992e+01
1.123527979643720265e+01
1.103586240614812830e+01
1.145926375899233385e+01
1.130996669338439808e+01
1.158985410796772975e+01
1.188227405127894976e+01
1.190526627529452242e+01
1.203208799265668638e+01
1.175174277115313970e+01
1.256863744715560038e+01
1.269569967151833900e+01
1.243553958321265007e+01
1.209094593959805053e+01
1.286373555431172910e+01
1.246178117435834665e+01
1.232553670624904996e+01
1.222428289642440191e+01
1.247323458787639083e+01
1.230004755432015173e+01
1.273346353928016406e+01
1.260597084052913353e+01
1.205711666396642023e+01
1.207762559557994742e+01
1.191410077354374586e+01
1.215243770223260000e+01
1.232410063190818228e+01
1.185368510099745443e+01
1.199147152036493580e+01
1.228995911665866814e+01
1.228663556106368304e+01
1.194394168779473198e+01
1.263602394363401515e+01
1.280104463549521654e+01
1.240815559881659347e+01
1.234105842709035983e+01
1.214284858778951559e+01
1.218233393365951400e+01
1.257252260962039081e+01
1.229361153551890951e+01
1.256832649256562107e+01
1.289167142039163672e+01
1.259872877887583087e+01
1.226321304318847005e+01
1.237997596199461370e+01
1.228802814321474557e+01
1.243173534847971062e+01
1.208360058336405984e+01
1.248367505051225912e+01
1.253522908911010347e+01
1.277142219265226686e+01
1.225495416446568875e+01
1.264900855475910468e+01
1.188262283393606289e+01
1.186037712108691622e+01
1.221066967223297617e+01
1.236825353972095343e+01
1.228852383303893525e+01
1.264370649775611355e+01
1.283963454721933317e+01
1.299141455790608468e+01
1.290516302745446175e+01
1.293423713725941049e+01
1.249558738918311818e+01
1.302327853909067912e+01
1.283144040423785981e+01
1.299023706253430355e+01
1.271003590973059438e+01
1.241031289379465896e+01
1.220284175467997123e+01
1.202216993995502925e+01
1.222291690320624546e+01
1.217422207511940790e+01
1.258871163142901217e+01
1.256823890471091154e+01
1.220427369449404331e+01
1.157659953074949932e+01
1.148269185940267612e+01
1.211735998686527438e+01
1.205920420017248418e+01
1.195022211163381165e+01
1.219524448368885317e+01
1.281301349842787651e+01
1.289033513002644327e+01
1.262344324841742882e+01
1.201761773308042081e+01
1.207105703260405960e+01
1.233912176398694349e+01
1.208609629009395903e+01
1.206466427363938010e+01
1.273128050298692493e+01
1.238605709681675471e+01
1.250799294580612120e+01
1.294735965448994897e+01
1.359347166261193429e+01
1.325919559001269654e+01
1.225767693982998097e+01
1.205429367926461559e+01
1.227707783560779653e+01
1.143587684635838464e+01
1.204223200051481868e+01
1.215890652394598170e+01
1.228046899235731892e+01
1.237454010141386185e+01
1.199421997352881419e+01
1.203025339876418975e+01
1.247035295042508096e+01
1.252266136630683668e+01
1.245067706636507587e+01
1.272523174760893205e+01
1.302338377598275088e+01
1.291916363704260817e+01
1.289802418400021189e+01
1.295360568503162746e+01
1.327802454296376311e+01
1.338418270962071155e+01
1.291434293434664582e+01
1.301889633699360260e+01
1.264701163317038990e+01
1.285684966374672555e+01
1.279578161196442210e+01
1.262471711411724407e+01
1.327052532712907862e+01
1.312643244753450134e+01
1.341839060410784157e+01
1.439635206015222657e+01
1.384442632885446933e+01
1.385279139489562894e+01
1.348210755497961877e+01
1.352590722986473537e+01
1.332702138396046010e+01
1.350439050777516847e+01
1.341720304432042532e+01
1.323499677071109915e+01
1.326639395263759802e+01
1.278547777415331588e+01
1.262751534630119998e+01
1.319849436359470118e+01
1.341763163689462068e+01
1.286298647681616814e+01
1.333608549682136335e+01
1.367208828333948567e+01
1.328116760579505851e+01
1.364781786804362085e+01
1.331103349182238205e+01
1.300731355636712827e+01
1.296913349036007190e+01
1.220269023430181932e+01
1.279220729271010804e+01
1.296833514869706505e+01
1.350343975164582311e+01
1.316649246532823447e+01
1.288921185502353595e+01
1.220314349262258347e+01
1.249256476036024388e+01
1.178550504566957891e+01
1.188748352477631975e+01
1.184284579882171151e+01
1.203842502464003061e+01
1.243979736603788488e+01
1.258542986052338897e+01
1.259746521322954749e+01
1.310322455687364140e+01
1.269812536616953658e+01
1.272058408728606516e+01
1.254747205857147563e+01
1.253352598657711603e+01
1.195296316703601036e+01
1.152137035234461848e+01
1.143542482433591800e+01
1.167805158572219071e+01
1.193636135185645131e+01
1.193299180926997671e+01
1.266635412042181308e+01
1.317141024820831596e+01
1.362489890743136201e+01
1.380300862784631022e+01
1.329718888660947229e+01
1.365308340486187610e+01
1.330020940748865499e+01
1.280036908574722077e+01
1.291572940930761426e+01
1.248702991914108296e+01
1.323959950356687543e+01
1.305040928344904572e+01
1.290571146271408232e+01
1.274649596561230958e+01
1.277191199334576055e+01
1.324208965807416760e+01
1.292029410926348731e+01
1.382826899410398802e+01
1.407808434327591129e+01
1.333361840735018689e+01
1.317038618657229243e+01
1.300366694907165410e+01
1.227411223307789356e+01
1.271050225181329019e+01
1.295099746480823377e+01
1.290417122910028169e+01
1.266816318905385153e+01
1.262198973989623241e+01
1.295003647201097863e+01
1.302675978870329132e+01
1.293190426215759814e+01
1.222336252621090402e+01
1.213728026834892226e+01
1.198994615430117605e+01
1.214387995934559505e+01
1.175345663110368299e+01
1.201668762458259465e+01
1.185206756696422836e+01
1.203922982595214286e+01
1.202280338941819515e+01
1.205935087679662487e+01
1.186894475913242530e+01
1.220413401056555713e+01
1.213980343697330966e+01
1.182123133404394544e+01
1.235855330474031177e+01
1.240211618712206132e+01
1.168303506955789395e+01
1.203835781239643232e+01
1.192738401970444428e+01
1.227262091557703982e+01
1.232303567723407411e+01
1.212694841966804304e+01
1.209652544079688852e+01
1.180894282001134599e+01
1.184625726923689726e+01
1.212148623570361039e+01
1.239554826663339604e+01
1.231390218095579669e+01
1.206057530254700438e+01
1.229685470540948877e+01
1.268858862853445935e+01
1.267239500392991580e+01
1.277854008995043955e+01
1.219132603677867444e+01
1.224685854607123758e+01
1.218069763875548439e+01
1.210789839370986343e+01
1.179700005865717571e+01
1.162062365566451838e+01
1.144068955142403787e+01
1.149596696655728145e+01
1.155832036121008777e+01
1.133308583115789325e+01
1.146137106598423294e+01
1.189306025778172504e+01
1.229364639627532796e+01
1.215467070398027971e+01
1.201768291431969793e+01
1.155873499954022243e+01
1.172424300491916327e+01
1.189167070462781162e+01
1.166327481722229997e+01
1.219789795276669331e+01
1.248697972330421457e+01
1.234620299325170478e+01
1.264799022454872812e+01
1.253474964581095641e+01
1.222207064936394261e+01
1.175537432610030564e+01
1.216563667862131659e+01
1.198552910384172243e+01
1.140356920489679027e+01
1.207258932640893256e+01
1.170102411382083396e+01
1.176096709238053428e+01
1.140818023326078290e+01
1.155434372760410255e+01
1.151915656749539529e+01
1.154153585704414731e+01
1.229938703846435999e+01
1.187729424714479620e+01
1.199057586276460974e+01
1.213371476018168593e+01
1.180962070818981147e+01
1.152415528425371960e+01
1.152687592270530814e+01
1.168141676060675316e+01
1.187987533416469788e+01
1.197373864985032554e+01
1.169498095113447356e+01
1.169621419641748084e+01
1.159655074983299272e+01
1.178133748787901958e+01
1.183255289629032347e+01
1.201839144333716369e+01
1.216732224190707612e+01
1.217325526707981176e+01
1.202763605204912878e+01
1.190831688252073306e+01
1.160209454451980804e+01
1.197237610975129485e+01
1.193394652897342034e+01
1.213820087806860215e+01
1.202339837006813283e+01
1.226436384138273716e+01
1.220435670746384815e+01
1.246740447765397519e+01
1.262131233424801202e+01
1.180394118177986762e+01
1.078452989332070899e+01
1.101610076360970503e+01
1.061441954072761007e+01
1.088551950462739626e+01
1.105147489585019649e+01
1.072791958156380865e+01
1.090286746720019373e+01
1.158475585152907783e+01
1.157119418017427215e+01
1.160888060064648108e+01
1.177694974576843556e+01
1.179851193271897536e+01
1.190077540957811486e+01
1.239310169672305051e+01
1.206340507907748538e+01
1.202346150242790834e+01
1.225076819814303342e+01
1.189416161984806486e+01
1.322562028591019967e+01
1.278850335905950786e+01
1.323825747417223297e+01
1.312448479983914140e+01
1.324079470896664468e+01
1.280631896349095022e+01
1.213753446914214251e+01
1.231271618318047700e+01
1.233383851144603760e+01
1.279450430515444559e+01
1.263731091801756889e+01
1.204352765176069262e+01
1.129454678432344394e+01
1.175707457433938607e+01
1.206809286579791873e+01
1.189190945391918675e+01
1.188235303426709599e+01
1.219081848021092007e+01
1.220103560458841407e+01
1.258676127722313076e+01
1.263970145823094171e+01
1.263730127995195751e+01
1.270757399406221921e+01
1.239550409887395510e+01
1.252151460434834007e+01
1.257828722964486978e+01
1.307733600641630467e+01
1.324506534430833327e+01
1.329004632588671519e+01
1.342175466608220802e+01
1.305492320782032678e+01
1.324736994888095865e+01
1.286116242140893817e+01
1.282349281182763256e+01
1.227520336406182899e+01
1.229188192448121164e+01
1.177648365581395318e+01
1.166622006041835213e+01
1.143155370773159518e+01
1.180835560595381573e+01
1.223362662460583294e+01
1.266026626859571280e+01
1.286429653733457634e+01
1.313845395863738119e+01
1.283783771495480686e+01
1.290962421190970133e+01
1.327883604974107001e+01
1.330344598947899470e+01
1.316905039133805921e+01
1.312007639086528954e+01
1.263215682703544473e+01
1.299579375833627637e+01
1.259495919082669602e+01
1.222518855743543753e+01
1.200269590755869409e+01
1.244882227919734774e+01
1.281161547835143644e+01
1.266829868023991779e+01
1.259082923773079443e+01
1.304639227640768873e+01
1.298624720568709812e+01
1.343969631469180293e+01
1.305092243726559076e+01
1.225075330527632644e+01
1.283568082391883181e+01
1.250443360169957963e+01
1.281691493019956063e+01
1.312969853838134782e+01
1.399287891817312790e+01
1.367101590308093151e+01
1.269602952996647360e+01
1.245901760444557382e+01
1.255825858031243136e+01
1.225667732281666567e+01
1.275192218317355852e+01
1.275436754595150646e+01
1.259519503252262496e+01
1.268240666037377373e+01
1.291019308615252825e+01
1.238745730786335386e+01
1.271691915132650941e+01
1.291847602395426442e+01
1.292297752484549633e+01
1.265846735512074872e+01
1.257289509955644924e+01
1.283890574369826965e+01
1.268437717428851208e+01
1.267098229162063738e+01
1.252167623294730703e+01
1.241929946227142878e+01
1.295564642869907068e+01
1.287678504958893910e+01
1.263366506257430366e+01
1.278935804731302106e+01
1.265138161393662664e+01
1.209538853945154990e+01
1.245352504181728115e+01
1.181673289574384178e+01
1.137004319230939586e+01
1.058131146720351090e+01
1.096870283333132612e+01
1.102372817091498014e+01
1.075721264089956364e+01
1.073243081333442284e+01
1.100684040664419783e+01
1.145364173402497343e+01
1.163506844525777595e+01
1.191707277914103358e+01
1.169535932147624990e+01
1.189324800829407458e+01
1.220349079330406639e+01
1.196263091254028410e+01
1.189851284234967288e+01
1.198810567509811342e+01
1.191813960899116331e+01
1.112553201569716599e+01
1.124154460402754196e+01
1.176360881535375924e+01
1.161009492161838175e+01
1.220895274826956367e+01
1.213720759202493049e+01
1.219669163132753020e+01
1.194482711859898316e+01
1.226724061004488320e+01
1.251720084550017020e+01
1.226099757759253706e+01
1.173833010386348441e+01
1.172991353265115322e+01
1.212216744799922452e+01
1.255849654253284697e+01
1.254244328019596111e+01
1.246058281605159479e+01
1.201863424783230982e+01
1.214634239686456141e+01
1.252469090175135413e+01
1.195051799242973622e+01
1.229456345098204828e+01
1.210179675262767418e+01
1.199354809941170075e+01
1.267893857158922621e+01
1.278413192826817912e+01
1.305515128259973245e+01
1.319730781981213852e+01
1.269536052939499982e+01
1.238597348610237958e+01
1.247252375096832999e+01
1.220917318608712954e+01
1.201071064823333856e+01
1.294078416439429091e+01
1.208416076874646095e+01
1.204846468183644248e+01
1.214797738855778064e+01
1.219108494103335438e+01
1.234533939874987851e+01
1.227671596087717809e+01
1.268462326138511287e+01
1.261516723702809983e+01
1.261147521194151011e+01
1.324451695395716655e+01
1.271277183388610155e+01
1.228880798809818842e+01
1.215671590994208806e+01
1.243119467453672478e+01
1.230514996769775138e+01
1.238864692714322935e+01
1.224344836936474579e+01
1.245714715998160571e+01
1.225945169076916486e+01
1.212054366300252539e+01
1.246974285421032391e+01
1.275463193666356609e+01
1.250615472223230640e+01
1.270395961756089775e+01
1.200859678461857349e+01
1.211630871597700576e+01
1.229733082095301988e+01
1.232758588538010969e+01
1.218344358200860711e+01
1.239646209090562934e+01
1.233702925374915615e+01
1.238272358811573071e+01
1.187374795867531141e+01
1.207146813257034346e+01
1.259366883398012504e+01
1.224460254381053659e+01
1.219244049870892255e+01
1.200483121737816994e+01
1.290086031193773053e+01
1.273475875754281539e+01
1.227944473485118060e+01
1.293295350487591122e+01
1.291913994336005622e+01
1.312095319110183667e+01
1.269374647837691050e+01
1.284674877727340281e+01
1.304351851122931016e+01
1.302195847233182668e+01
1.292430823340195190e+01
1.301904106734451894e+01
1.281933803665724625e+01
1.251287186942591667e+01
1.230012532712657070e+01
1.226688382882458939e+01
1.281500590405999596e+01
1.205439691934068058e+01
1.215123876301153416e+01
1.233463900712239258e+01
1.239960980232907950e+01
1.239870184033351741e+01
1.246934049915447673e+01
1.335619822753792540e+01
1.330154052602554948e+01
1.242148138408619040e+01
1.227599327273664009e+01
1.272786018095384364e+01
1.250399402516260849e+01
1.210265285683249026e+01
1.181438236962374333e+01
1.153137987057708180e+01
1.165872944326018690e+01
1.154367781058297560e+01
1.137851128613289120e+01
1.185608483662668355e+01
1.158939843607448950e+01
1.186098432766628363e+01
1.214594828443673080e+01
1.265951758110988123e+01
1.292704245708279842e+01
1.340847535454001438e+01
1.253055415680856122e+01
1.281549602760919271e+01
1.332238679277902094e+01
1.288128600129529922e+01
1.255667412379753500e+01
1.216888621686799965e+01
1.218342723942562777e+01
1.162908591246122292e+01
1.143375098924376054e+01
1.159060329285959234e+01
1.185146945528446771e+01
1.216416853084010974e+01
1.154652609530529439e+01
1.168812688543642331e+01
1.138445724433810469e+01
1.123156894063054700e+01
1.102767421881506138e+01
1.107517196137823490e+01
1.152227628817873217e+01
1.134645024002156077e+01
1.139634759423247523e+01
1.185613308087892115e+01
1.170051090243113734e+01
1.127108917105171493e+01
1.154967941648370200e+01
1.147086886046971976e+01
1.145383684928574475e+01
1.162721494638948272e+01
1.184516421371483297e+01
1.183313345698420171e+01
1.186889593374558771e+01
1.206150654825866475e+01
1.234731940009842788e+01
1.290701880175516436e+01
1.241784098813630699e+01
1.296031552533957587e+01
1.246133920093014957e+01
1.309072739547563735e+01
1.297445910265838620e+01
1.249279799052873940e+01
1.287680225068722883e+01
1.255698161949715974e+01
1.270131221187094006e+01
1.239309738367675529e+01
1.233228704603362225e+01
1.252754084578915439e+01
1.253076878854577281e+01
1.257534633057697349e+01
1.273651174261026142e+01
1.251694653505997756e+01
1.257318386319367498e+01
1.201495427363892432e+01
1.206702636612583923e+01
1.154444324831574775e+01
1.167369311674348253e+01
1.177877867646265742e+01
1.180122950920828195e+01
1.233937186953662035e+01
1.247067286672527509e+01
1.306772687606213523e+01
1.250585109897997960e+01
1.193291935479896537e+01
1.194687806029230615e+01
1.213701159926970696e+01
1.254412514342979001e+01
1.264491531832340598e+01
1.202583966800430559e+01
1.191439408325599025e+01
1.164066628786572544e+01
1.148840327768458813e+01
1.178694760276487230e+01
1.213614583700925742e+01
1.211617414830799255e+01
1.202770189494395936e+01
1.165465060876343451e+01
1.155719747408652154e+01
1.173208993824559165e+01
1.219935656270795477e+01
1.218998084996597875e+01
1.164923517303830458e+01
1.166278091530227279e+01
1.206611828765163352e+01
1.204577669846288401e+01
1.177816403185655325e+01
1.150402232716911044e+01
1.176089458900176155e+01
1.253836077266833371e+01
1.243182338161116540e+01
1.224729780660201683e+01
1.212317701343039644e+01
1.208831747831555248e+01
1.228341616252150992e+01
1.218302654352626746e+01
1.200694866377379988e+01
1.141296833548910605e+01
1.191349923467643634e+01
1.144703858838713018e+01
1.181317380194168187e+01
1.192969092909365791e+01
1.154295122511060789e+01
1.160623759883276307e+01
1.145083875783373450e+01
1.169644136381720934e+01
1.189813399856983089e+01
1.202616244269245627e+01
1.245632541333390719e+01
1.263494872436767658e+01
1.226531090523660339e+01
1.224400800973553949e+01
1.215237234420507662e+01
1.153501222332063669e+01
1.184204836584008191e+01
1.199679742861079390e+01
1.205372816947709858e+01
1.252252205412923836e+01
1.297221226994116705e+01
1.293473868387516035e+01
1.333258673020216101e+01
1.302893586035003359e+01
1.216084577312349779e+01
1.246819499558240629e+01
1.195141366021058182e+01
1.184657032537972654e+01
1.223412564966417904e+01
1.188201812615705855e+01
1.177351754363388103e+01
1.182866175184167190e+01
1.247705383419127223e+01
1.273589597837722387e+01
1.258616898887778035e+01
1.247686012078197137e+01
1.265206826511246341e+01
1.301286645756269600e+01
1.317585303087972726e+01
1.387575405500894554e+01
1.364411226926767640e+01
1.330993993846629664e+01
1.320386662693227819e+01
1.324404961484188448e+01
1.313037303610568074e+01
1.274796850557775763e+01
1.293617407490509841e+01
1.277878985288197100e+01
1.391456841717139703e+01
1.413448117966433593e+01
1.329955430733999933e+01
1.267614081220761513e+01
1.339494357351171416e+01
1.395707573281461933e+01
1.409248616805288279e+01
1.348995846430912948e+01
1.338613460433222535e+01
1.364410546928210799e+01
1.356871385148133591e+01
1.366858430281417114e+01
1.364068308098014271e+01
1.386117984257285940e+01
1.400103737832836970e+01
1.338729530221984021e+01
1.322777648192592359e+01
1.332519029144985900e+01
1.331918300863484994e+01
1.326718009239740859e+01
1.367745466558705481e+01
1.418201258861694036e+01
1.420331836811874027e+01
1.398506248424891574e+01
1.380609574297704611e+01
1.342716301036275439e+01
1.377868876953540322e+01
1.341858294171118260e+01
1.329869836611667289e+01
1.314568408394812238e+01
1.275651484126080781e+01
1.195462169779532147e+01
1.178488421381834428e+01
1.164518981268651210e+01
1.105324545665334668e+01
1.130333235331123198e+01
1.139248295725459670e+01
1.187612094581961664e+01
1.234616986316433085e+01
1.251234282420516131e+01
1.207846829080624396e+01
1.244155666965223794e+01
1.214572169929681600e+01
1.275810825463702791e+01
1.300041566595698406e+01
1.264819064797958248e+01
1.311630197984558244e+01
1.286041734039259588e+01
1.185581729178416488e+01
1.189668731919302225e+01
1.192731120598139860e+01
1.218218800731949258e+01
1.212416440998813272e+01
1.183311504784645685e+01
1.220298629046508587e+01
1.198840777129290203e+01
1.305407927355851072e+01
1.300233935288912690e+01
1.262328468321618047e+01
1.260941452847670163e+01
1.234201801923665442e+01
1.160033114875645310e+01
1.132735531941501428e+01
1.100513077450220401e+01
1.156749782554148887e+01
1.154104338162484922e+01
1.181666029711225896e+01
1.224277898264102582e+01
1.203745718893313921e+01
1.232934880074543038e+01
1.193324934915581181e+01
1.204382013282610231e+01
1.181136744979288800e+01
1.236043577625683199e+01
1.244066183278398086e+01
1.206578874045010785e+01
1.180349219730645594e+01
1.204249161062008433e+01
1.199238627337811813e+01
1.226055861241471590e+01
1.200377564463865276e+01
1.151559267057278291e+01
1.194959227679587066e+01
1.170662366786959829e+01
1.203230840751711206e+01
1.226198492885854563e+01
1.253893914378837238e+01
1.234326845719897570e+01
1.211068567616468528e+01
1.239796548763990991e+01
1.227643491279374466e+01
1.253356654655438085e+01
1.183152451328811949e+01
1.208165704688951436e+01
1.190154665857089178e+01
1.190128444835464627e+01
1.219947238584208371e+01
1.254994034525714497e+01
1.218728254726598337e+01
1.211255686636222961e+01
1.240159943053331304e+01
1.242518720411912803e+01
1.244018653104291339e+01
1.231446488416275820e+01
1.277716248138109201e+01
1.221213413688827387e+01
1.281955941098690843e+01
1.258627985419118289e+01
1.298316696915075319e+01
1.298215139620879022e+01
1.294569739588692414e+01
1.314165565724450424e+01
1.309301945359155717e+01
1.324186923818862915e+01
1.379822926460064103e+01
1.312540516989414385e+01
1.298280941533172772e+01
1.317650479886885684e+01
1.374168379621767677e+01
1.323042255426933522e+01
1.317596905153122577e+01
1.289272495991571255e+01
1.308521657684318740e+01
1.267582065701451199e+01
1.285543993759097958e+01
1.305710823251464703e+01
1.370242729279429383e+01
1.382318741601296352e+01
1.376424939044107632e+01
1.358315521902010126e+01
1.403891410320046162e+01
1.270497246163152916e+01
1.275612634853626126e+01
1.287035928950887254e+01
1.256625022905928724e+01
1.249339926100295273e+01
1.250255757091869313e+01
1.265059413777137465e+01
1.249313566324832081e+01
1.274767350638446395e+01
1.256366698108772972e+01
1.247568869283524506e+01
1.272613549016475787e+01
1.239009389525700477e+01
1.267453209972359396e+01
1.216181901632854867e+01
1.227507946833986452e+01
1.270854747313825328e+01
1.281001609254794538e+01
1.235539868033532152e+01
1.215289635282095304e+01
1.198137543822819495e+01
1.226637752202093345e+01
1.216973274605871502e+01
1.302791449043935756e+01
1.236460227556914226e+01
1.227740420635093344e+01
1.198843313364008623e+01
1.219582385706920569e+01
1.243955053633172447e+01
1.246486564986052947e+01
1.269077881205219249e+01
1.273192472852537271e+01
1.269069952164552006e+01
1.255219916807050673e+01
1.274017281410640656e+01
1.298107878049531294e+01
1.295388280332191400e+01
1.222906700594574581e+01
1.259550241099481838e+01
1.216581947230803706e+01
1.238511788750512643e+01
1.312349563063790647e+01
1.336848818049129051e+01
1.276341690810577489e+01
1.323739072754304757e+01
1.302532752861084120e+01
1.307831888498722606e+01
1.288091334993673343e+01
1.342340723569539840e+01
1.379975042731290458e+01
1.354698912990761350e+01
1.341790228841227339e+01
1.279538411086262428e+01
1.257764237828991050e+01
1.241186798666681668e+01
1.249132360458196622e+01
1.300266162189140751e+01
1.278545916356018530e+01
1.316508534163082977e+01
1.236039631473872902e+01
1.201883820015755333e+01
1.184257864428015417e+01
1.195561266176422066e+01
1.199298444084240955e+01
1.237955513363077920e+01
1.235852188913811034e+01
1.220725194077857800e+01
1.275816263570831133e+01
1.318067941066061799e+01
1.272462600118589293e+01
1.306988168130484773e+01
1.357697199553630796e+01
1.276489209145634440e+01
1.299661948277179668e+01
1.257037763406441577e+01
1.244354654336858879e+01
1.254295121269987412e+01
1.208106497692838843e+01
1.227386936202544021e+01
1.216551393703243100e+01
1.158567492174382352e+01
1.156377414531593928e+01
1.174718013178340215e+01
1.186748341421840003e+01
1.197670921000135102e+01
1.142501581235652175e+01
1.110260931206349433e+01
1.130855588571528436e+01
1.140684844246309559e+01
1.118279944993819619e+01
1.159384060316767595e+01
1.234226666087712410e+01
1.224021840408034834e+01
1.285607085338464373e+01
1.270143200022000940e+01
1.234710702506421143e+01
1.211020132664285320e+01
1.180468357389547940e+01
1.246297638140824304e+01
1.244165960075680921e+01
1.202212167699014422e+01
1.210516080693874841e+01
1.202521752038175684e+01
1.168911354324816898e+01
1.154641194585318509e+01
1.154689287650533203e+01
1.127292703527412598e+01
1.191672841384121817e+01
1.196097776627092735e+01
1.207485884247796015e+01
1.191293644841739408e+01
1.248918349581169096e+01
1.313457260764632828e+01
1.272465342776552433e+01
1.253188381619570180e+01
1.228353915760557946e+01
1.248934650431149684e+01
1.243324356177196677e+01
1.217709470799769989e+01
1.177571063936807683e+01
1.209870347566091020e+01
1.161457427063353087e+01
1.145592064311115088e+01
1.158160186343039477e+01
1.142232028153620327e+01
1.164238159621236512e+01
1.192360855814495757e+01
1.273625379732584761e+01
1.212766205257627483e+01
1.181188633672587507e+01
1.244331924194282379e+01
1.212741284250216722e+01
1.219139066673735528e+01
1.169976639290620035e+01
1.187417273815828445e+01
1.255841376134322296e+01
1.267835408683643550e+01
1.296443858721168318e+01
1.320520068760104238e+01
1.261266251566127039e+01
1.257076236828990368e+01
1.229402149422099377e+01
1.237879652684501330e+01
1.132524790769530298e+01
1.108843175645298729e+01
1.133057200965099121e+01
1.188108360890664805e+01
1.186630169418546288e+01
1.232918006221594354e+01
1.241168891699094701e+01
1.250784812358476650e+01
1.205780898945143065e+01
1.221044610841688005e+01
1.179705148937171089e+01
1.212531120661828510e+01
1.227571434779984472e+01
1.234605781501096011e+01
1.231903378160672879e+01
1.250705418255548729e+01
1.283156793505607496e+01
1.248114318366192599e+01
1.330842425866910794e+01
1.253434446885331255e+01
1.276621569852589566e+01
1.271810761795461531e+01
1.199858114797959985e+01
1.224557227184994623e+01
1.263475523127486788e+01
1.251411782556780850e+01
1.151427901424275824e+01
1.169730820266030058e+01
1.209377662346284055e+01
1.222161242790635072e+01
1.153607325636683534e+01
1.157778045756072061e+01
1.171410315763152177e+01
1.196212671158857077e+01
1.190351919696639271e+01
1.197895703829679803e+01
1.158170489930193980e+01
1.151391858075983521e+01
1.160383467703394089e+01
1.220718174369373976e+01
1.222150975674187556e+01
1.178214382454585518e+01
1.159398280738410669e+01
1.224109830037565771e+01
1.269583265029131347e+01
1.233223777497205731e+01
1.283889585136698486e+01
1.234905386845093389e+01
1.266960002212477754e+01
1.248343836788206929e+01
1.251373111869385113e+01
1.235048735947880338e+01
1.238879717060699548e+01
1.234045126676484117e+01
