1.666666666666666574e-01
4.102231351345275168e-01
6.161822967410138796e-01
7.480062648785595902e-01
8.416219894548285785e-01
9.141472714883067674e-01
9.748097066548001566e-01
1.011184366957400993e+00
1.045089640768975814e+00
1.060751452303406728e+00
1.076531214662818092e+00
1.090159281091480414e+00
1.096412818358471153e+00
1.112599286274458921e+00
1.118516012888939981e+00
1.120122523362901967e+00
1.119153990019690736e+00
1.151103645928600594e+00
1.137872504443603328e+00
1.149203831087361349e+00
1.151550350636649789e+00
1.160559851492844574e+00
1.164151483582362534e+00
1.159335072503444586e+00
1.154598582009624952e+00
1.148021199963603189e+00
1.144118603252987088e+00
1.146375600597332900e+00
1.156616161070552762e+00
1.157425396445616039e+00
1.159825110968875528e+00
1.143160234873405123e+00
1.136803341316777294e+00
1.131751417137489835e+00
1.132911365649749813e+00
1.123895630320659977e+00
1.125013109855134807e+00
1.120054456589977931e+00
1.104771943379141419e+00
1.101815644832603969e+00
1.088317458386355296e+00
1.096705084855205570e+00
1.110717816234040756e+00
1.126536657952050158e+00
1.125806394331323235e+00
1.134590227521673489e+00
1.139617005893780011e+00
1.134777709393683498e+00
1.146211178797273300e+00
1.170200016742283688e+00
1.171983872481996425e+00
1.161506178535292921e+00
1.159551345571664394e+00
1.173029185187409729e+00
1.162557019324573337e+00
1.167907119063904986e+00
1.150163943502480857e+00
1.167279834933267590e+00
1.168188957630288627e+00
1.165634401634682238e+00
1.161261566399033773e+00
1.142885047550986188e+00
1.131685693955580607e+00
1.134993289906763847e+00
1.136683003372577438e+00
1.137859231866922505e+00
1.131912031858939294e+00
1.133706714015213501e+00
1.131042977175203301e+00
1.125434894210497472e+00
1.130614260858601394e+00
1.138214623871517839e+00
1.145701637262045880e+00
1.144606356929797508e+00
1.153681863724790091e+00
1.152571888660302468e+00
1.152053333146906278e+00
1.142475535404275488e+00
1.144907066024843934e+00
1.144224955487411544e+00
1.157162813888276354e+00
1.155872944521602053e+00
1.160905534318431576e+00
1.151846151641046090e+00
1.153542243686017432e+00
1.144949407411492759e+00
1.145277084408594659e+00
1.122563625031198109e+00
1.125259214757783566e+00
1.127283832787650208e+00
1.126773069615308431e+00
1.129235035335842241e+00
1.138599970039788634e+00
1.142392654196024537e+00
1.141799385224748109e+00
1.147154384899192969e+00
1.148508746133691805e+00
1.152350733607444555e+00
1.152069335026423280e+00
1.155035941639196873e+00
1.167399362062033541e+00
1.181891683941398652e+00
1.156039973340587501e+00
1.146083245209741142e+00
1.136710016131857515e+00
1.135137262047878126e+00
1.123119641809933400e+00
1.118354284081004790e+00
1.130166178106042807e+00
1.133524316074308258e+00
1.146856106914266427e+00
1.152635710639663635e+00
1.135069913180936751e+00
1.131987085578382457e+00
1.161310080306273695e+00
1.156109844635571315e+00
1.158177908085643804e+00
1.134084279064996759e+00
1.140338155499785122e+00
1.140306616875150336e+00
1.118218194958763956e+00
1.127405966068818488e+00
1.143701964599333820e+00
1.142365869938262390e+00
1.145898456879517191e+00
1.137052810390872137e+00
1.142021702732642918e+00
1.130366116805492149e+00
1.118707426086436252e+00
1.130769800942745373e+00
1.143647686625327564e+00
1.123989771065493581e+00
1.117901311660238983e+00
1.136772683945607376e+00
1.121638195515731296e+00
1.122463194072222281e+00
1.122207252025519519e+00
1.118541757925341384e+00
1.127012882594624621e+00
1.130538876771682411e+00
1.131090618671503290e+00
1.130305995518949169e+00
1.131469350639731308e+00
1.134586783082169648e+00
1.138600577522737245e+00
1.137676345712106407e+00
1.139909038294399934e+00
1.131103271819021039e+00
1.148199429371427938e+00
1.139267771195136003e+00
1.136589815553588734e+00
1.139877588857116208e+00
1.150354484723514759e+00
1.145072141983300318e+00
1.135324341368894263e+00
1.125061253529731520e+00
1.124128936493802078e+00
1.133651259143493073e+00
1.137991099707335030e+00
1.130965407127320077e+00
1.144800115471886537e+00
1.130949018974080289e+00
1.130025722362015816e+00
1.133552081270695844e+00
1.131788160168647250e+00
1.122219538072216194e+00
1.133754201008674301e+00
1.147581706642228694e+00
1.155806673034643461e+00
1.164381543399802599e+00
1.150767165384561030e+00
1.148875641799174563e+00
1.142557591863265776e+00
1.130449785719763955e+00
1.129894821452763543e+00
1.120698636614374966e+00
1.106677999136590040e+00
1.124662211681477952e+00
1.128973206494939818e+00
1.129566088844453420e+00
1.136174068298346551e+00
1.150175554604695449e+00
1.158047838791186335e+00
1.135898217117506048e+00
1.123867370951181499e+00
1.140866577790867753e+00
1.142133145784311798e+00
1.138516757680498648e+00
1.135245662718289417e+00
1.151997311385731360e+00
1.165572349686554210e+00
1.152781189129276740e+00
1.170498584083514038e+00
1.160373569168495100e+00
1.144621207866227230e+00
1.135704514495968764e+00
1.140418974111646611e+00
1.147609176388252550e+00
1.143803775441424087e+00
1.147262083833282542e+00
1.140991152490433480e+00
1.129918758230464837e+00
1.140702559180030384e+00
1.145428010539713659e+00
1.157147480885924784e+00
1.159574797241576860e+00
1.154762362965402689e+00
1.154958599057431812e+00
1.155798818104420977e+00
1.154369616505397378e+00
1.151117020221526843e+00
1.150231542972874665e+00
1.150954751815463251e+00
1.142833143657436601e+00
1.149114416755071089e+00
1.136074106431740560e+00
1.130512856038839775e+00
1.148888688082172926e+00
1.143740185335350601e+00
1.157713523669293254e+00
1.172841101885564896e+00
1.175457920362894981e+00
1.170809463633731839e+00
1.170698064597379684e+00
1.140275665225232604e+00
1.129818453797959421e+00
1.131743382225172345e+00
1.135371607991979559e+00
1.145537884994616062e+00
1.155049580195729897e+00
1.136284522993503021e+00
1.140031883429623472e+00
1.152774343190047457e+00
1.152124029493794000e+00
1.132937031508836734e+00
1.118818733388875941e+00
1.135774329107951175e+00
1.132948475655206400e+00
1.124907045064405420e+00
1.151198303435482906e+00
1.160476048835378471e+00
1.160939087379161627e+00
1.163561786000445020e+00
1.156728743311637997e+00
1.153704108920418969e+00
1.138486110781193439e+00
1.143336218997474951e+00
1.129445968215098128e+00
1.130129172291749917e+00
1.132383595128431120e+00
1.125750550968909858e+00
1.144946025594113070e+00
1.141219833716874410e+00
1.132425683891702173e+00
1.128492085163552705e+00
1.133822575951410006e+00
1.131263783797396227e+00
1.138695808623628958e+00
1.147392153941652060e+00
1.130963271372393608e+00
1.155048205368323755e+00
1.139963055422937632e+00
1.134032146339360558e+00
1.130803896465638836e+00
1.127193295626297553e+00
1.141073904371664005e+00
1.137148181255460688e+00
1.145455735415886522e+00
1.138732789124594635e+00
1.138544710166736751e+00
1.139396864384062624e+00
1.135300955365674769e+00
1.135344034958878812e+00
1.132832230601832579e+00
1.116264740060245675e+00
1.117410344869244954e+00
1.120822912894045009e+00
1.118069053128017742e+00
1.114398376630236553e+00
1.115768507376875274e+00
1.127263022072138243e+00
1.137224310829952012e+00
1.132509945363850523e+00
1.140299021621846931e+00
1.137371535824316382e+00
1.134094732450766418e+00
1.126975607067928875e+00
1.127425248831276816e+00
1.142423487549345973e+00
1.146545580382328788e+00
1.137668678112292886e+00
1.130512504057173295e+00
1.143275735135441451e+00
1.153777374439294290e+00
1.157828738780752875e+00
1.153808674665240064e+00
1.155914839765390889e+00
1.140120255245621328e+00
1.138136931510031147e+00
1.138803017462961753e+00
1.120810682595102525e+00
1.127872204393314481e+00
1.141423617509658150e+00
1.142180702066462716e+00
1.159229861838780851e+00
1.145346387354738704e+00
1.140544012915611471e+00
1.137809403600889890e+00
1.134291957710926946e+00
1.131275804031263599e+00
1.128106749671523579e+00
1.143344962616296367e+00
1.163129020497605248e+00
1.162971842570093450e+00
1.158107289483947699e+00
1.165418963266224850e+00
1.161932017822661090e+00
1.165043904366082073e+00
1.156446333095074053e+00
1.165242822810875323e+00
1.152984961564251121e+00
1.167236035173035091e+00
1.150423482078984261e+00
1.168189337944359973e+00
1.173323409814862162e+00
1.150576155456887850e+00
1.146166622317324801e+00
1.152636511516761164e+00
1.160804284307063838e+00
1.152702894233610609e+00
1.148864957483207938e+00
1.141453118280413070e+00
1.138304089684232245e+00
1.139214639596528578e+00
1.128832776434169460e+00
1.126156389524463064e+00
1.124635907202226726e+00
1.115485139280691929e+00
1.118505981177216002e+00
1.116454379014925280e+00
1.126096667805799312e+00
1.123142495810941721e+00
1.116976520916091564e+00
1.121496002070558218e+00
1.108607596972218001e+00
1.127148637386485408e+00
1.119810461577139371e+00
1.112661015348523907e+00
1.129580796110466023e+00
1.138712639856997333e+00
1.144054131027496757e+00
1.125330886236729278e+00
1.138780247140496638e+00
1.134219871352920128e+00
1.133689415136270640e+00
1.135889358545016270e+00
1.146080469475603048e+00
1.153932166558251593e+00
1.159897342157453881e+00
1.159920513894812988e+00
1.160634498034100348e+00
1.160542624350786811e+00
1.140972387582353420e+00
1.139811999738078674e+00
1.147510183282315577e+00
1.145842287099707812e+00
1.138525622592719833e+00
1.149948567784873088e+00
1.143935256382647925e+00
1.135210774619586083e+00
1.124433854114487596e+00
1.134509242464639911e+00
1.143867519163900281e+00
1.120511907871287072e+00
1.125982950095435919e+00
1.126576927775416070e+00
1.138776929114658998e+00
1.156836715404954363e+00
1.162357115881498704e+00
1.166802698089786094e+00
1.161946534561989264e+00
1.139919550984033414e+00
1.145381754024973109e+00
1.130730497481986063e+00
1.145784762882551711e+00
1.144894208213251163e+00
1.140350866071900615e+00
1.152275658410716330e+00
1.145155191087625868e+00
1.143104309548565789e+00
1.143792096660229740e+00
1.139163885418537969e+00
1.159448519916886911e+00
1.148991163288695772e+00
1.148617947870791633e+00
1.149366479040256017e+00
1.145120463472220074e+00
1.133886870590801621e+00
1.136584605693458316e+00
1.146455590765881549e+00
1.148877279234415960e+00
1.142682621063481285e+00
1.154735235604357202e+00
1.152524661630557112e+00
1.149114131963170804e+00
1.140704949996347084e+00
1.136655374394968554e+00
1.147281806120149072e+00
1.135126122957929917e+00
1.129551465677366640e+00
1.136281333678198058e+00
1.147980657579029673e+00
1.159473379062686993e+00
1.155247304481720416e+00
1.150162557052450740e+00
1.151667366656604852e+00
1.152699004948240402e+00
1.131748290873724416e+00
1.133274709648864897e+00
1.129869734578921259e+00
1.126852026441824028e+00
1.153347269786325180e+00
1.146052483597032046e+00
1.138908285180139535e+00
1.125768443025966237e+00
1.148525386493162603e+00
1.145114155403143652e+00
1.131841993959077364e+00
1.133784110634046716e+00
1.133748220810437024e+00
1.137304678541382286e+00
1.125713286887191744e+00
1.130894163025159216e+00
1.151440647065330003e+00
1.137637836169426375e+00
1.143594975772851408e+00
1.135628673192885962e+00
1.141923147608483458e+00
1.138299471040023603e+00
1.135528491627390668e+00
1.150198954013924579e+00
1.151812532604954864e+00
1.160273151900794053e+00
1.150432505172629183e+00
1.140342273964122910e+00
1.151060326755288354e+00
1.140645332880170226e+00
1.141645105215399081e+00
1.150394929059043392e+00
1.162000918537045457e+00
1.165426361661656030e+00
1.158818245980793638e+00
1.160180277920166425e+00
1.158824774623843812e+00
1.142571075094067856e+00
1.145768458870034978e+00
1.141745219986364246e+00
1.146267988250217806e+00
1.149304294263101989e+00
1.125286214958411746e+00
1.123547901401446447e+00
1.135884842793202010e+00
1.150929784638904829e+00
1.153954034727089129e+00
1.151708869846289840e+00
1.154628235708406558e+00
1.137978299979804930e+00
1.162271030421479168e+00
1.159362725152646822e+00
1.158671443813422020e+00
1.155309101229915703e+00
1.158010186886932580e+00
1.151733917810053631e+00
1.152141455438452811e+00
1.164536654085894352e+00
1.165376011214473539e+00
1.154168716993953403e+00
1.154391339012287743e+00
1.153799097153151543e+00
1.139767414003765689e+00
1.137338644753689731e+00
1.130650453174953496e+00
1.125986027895825581e+00
1.120494953952279937e+00
1.125397246138893026e+00
1.132456267838010122e+00
1.120868267558314146e+00
1.119369206442080600e+00
1.116883894106608377e+00
1.130851067743020799e+00
1.156282196558657605e+00
1.154979191532126359e+00
1.147545906563096629e+00
1.169616160780074132e+00
1.165970304296789051e+00
1.172431916633923876e+00
1.164388501160504852e+00
1.151515501625824500e+00
1.148923703469716839e+00
1.140761909764383297e+00
1.141351406730209517e+00
1.143506704826346310e+00
1.156407235625934726e+00
1.157771265702903118e+00
1.158224354008756674e+00
1.160235987365005217e+00
1.159451631544867967e+00
1.156183831830568609e+00
1.147721666884862657e+00
1.152054699318724618e+00
1.152301866536810770e+00
1.142201685506975206e+00
1.119115472675363154e+00
1.127108072137005701e+00
1.121382263151807557e+00
1.132367981705809434e+00
1.123433851549312523e+00
1.128501421483816491e+00
1.116808430891752968e+00
1.130647411324488205e+00
1.123053886605364760e+00
1.110553353562089951e+00
1.115709108157018070e+00
1.128995926212097656e+00
1.127822421451873725e+00
1.142036486350916702e+00
1.150986473060194859e+00
1.133811643912451261e+00
1.134835773894359079e+00
1.137401018868112734e+00
1.123454936010594096e+00
1.122395606034468640e+00
1.111019698279761991e+00
1.124991663773771355e+00
1.129753816449910575e+00
1.133918283289855777e+00
1.141563896737910033e+00
1.139270743474883663e+00
1.123369801607688956e+00
1.149375301512461700e+00
1.142760402921977336e+00
1.147726801410870356e+00
1.167082086415751840e+00
1.187213026067880595e+00
1.186458528459709783e+00
1.182511266930724503e+00
1.179734806078718501e+00
1.172663196714620382e+00
1.157357295624720006e+00
1.157443301426717364e+00
1.147582255246391680e+00
1.149681391993725876e+00
1.147398994565616670e+00
1.149159343034029446e+00
1.121720653429401970e+00
1.126923231321538932e+00
1.134986247225191480e+00
1.139841318576374274e+00
1.149407035766189855e+00
1.154812543668120473e+00
1.138348833066264554e+00
1.131088869869200098e+00
1.131781381329469260e+00
1.140758449687529374e+00
1.137253070961806278e+00
1.134996683413512342e+00
1.133174410903831308e+00
1.130863589403307667e+00
1.129112663359322477e+00
1.124881476685065440e+00
1.125526289339470631e+00
1.116055833651064200e+00
1.125457567190358610e+00
1.131782044762813078e+00
1.144120306149560617e+00
1.138397848776258936e+00
1.148737744403324434e+00
1.131145069717693019e+00
1.143739115686223773e+00
1.153212623047094931e+00
1.148891578170418537e+00
1.168204321526735923e+00
1.169849713330374463e+00
1.173999421591337411e+00
1.188790505665259900e+00
1.181687802483219363e+00
1.173543092835649837e+00
1.159558766097130045e+00
1.145227971964271507e+00
1.158413238576834203e+00
1.152505725581830287e+00
1.148831974761348684e+00
1.162489589636381604e+00
1.143522260497331633e+00
1.142143139540753749e+00
1.138097837506945043e+00
1.134773426969138743e+00
1.120712475689945808e+00
1.123194652658447978e+00
1.149358289386741117e+00
1.165220823807450845e+00
1.167977978859886079e+00
1.166587234609398172e+00
1.169902256880131608e+00
1.170212126274819520e+00
1.163651468091749797e+00
1.153832909766396853e+00
1.147231370289678587e+00
1.133687579458268369e+00
1.131683705957380770e+00
1.142191490134270015e+00
1.126872820775017603e+00
1.124025694000867048e+00
1.126569000780461627e+00
1.127360857910854719e+00
1.135189526631567025e+00
1.131783021624394037e+00
1.128491019777560611e+00
1.123765543726990446e+00
1.122972503496102226e+00
1.120418902076613321e+00
1.119985460545490863e+00
1.134327542175490144e+00
1.129799167279420091e+00
1.126604400683794527e+00
1.130646113550104026e+00
1.116352577227967213e+00
1.124558574947434275e+00
1.126553869436926147e+00
1.121057165683189361e+00
1.120636825300056483e+00
1.113044211420558094e+00
1.120002107582849238e+00
1.112972554212504628e+00
1.126552745586375082e+00
1.128501561902131911e+00
1.120114654296724632e+00
1.135993024858556355e+00
1.122945756020712116e+00
1.137698069227369713e+00
1.145177271993803814e+00
1.150892017644482346e+00
1.146684421451268143e+00
1.143701654064340545e+00
1.135093739005653912e+00
1.128606069677347223e+00
1.128295371408718939e+00
1.109962417228304021e+00
1.110792613478857493e+00
1.099630735242474122e+00
1.097538133468721533e+00
1.105679791132163858e+00
1.118445924617455178e+00
1.120289993661861105e+00
1.123719015530388887e+00
1.119705733915842494e+00
1.122860174662328125e+00
1.117534788797239775e+00
1.126250932948646089e+00
1.133796916943341726e+00
1.124117919360593021e+00
1.143564406969820313e+00
1.134894918252301599e+00
1.142716438133464907e+00
1.142149785339618973e+00
1.133699890541786326e+00
1.142280906488373216e+00
1.143626658953743824e+00
1.135108679446212854e+00
1.135071245012824859e+00
1.138973217695157913e+00
1.134726232691140035e+00
1.151287622947512634e+00
1.140118359631738798e+00
1.139332982049819032e+00
1.119957391163538762e+00
1.121760413795230837e+00
1.119483447842136936e+00
1.135570296757293818e+00
1.127677081013703786e+00
1.121750241582794905e+00
1.123414760590686789e+00
1.133255331812719646e+00
1.128810048470971106e+00
1.138238109926550834e+00
1.150800165961928467e+00
1.143445204815775940e+00
1.118475778757251682e+00
1.131613863413825305e+00
1.141059400929719692e+00
1.145668021672992198e+00
1.145559781866806848e+00
1.147194839098048647e+00
1.152995172808622293e+00
1.161298118160115189e+00
1.165967327225506667e+00
1.156272243830271496e+00
1.153855769942796039e+00
1.155737493774553259e+00
1.152514933856946699e+00
1.162507689344181694e+00
1.163311284271231649e+00
1.171373954705753340e+00
1.150631390876886151e+00
1.153351018405298190e+00
1.154518089186659990e+00
1.153352221260381061e+00
1.157777999477619391e+00
1.157322983242951242e+00
1.156197440666347998e+00
1.164121328592935045e+00
1.160517813876327242e+00
1.143936847134757739e+00
1.143257434331840239e+00
1.143254707621910171e+00
1.140608480335966179e+00
1.159190753716818900e+00
1.152133152319245735e+00
1.148998355923974701e+00
1.159096168325439269e+00
1.150917186025239403e+00
1.160316429861522503e+00
1.145079666475235847e+00
1.142062691193316937e+00
1.132568380153184728e+00
1.138519238872971462e+00
1.142657073015636016e+00
1.136012380104223451e+00
1.152046171191854373e+00
1.151057509891306285e+00
1.136304415568281323e+00
1.131490903814716065e+00
1.143398165219217777e+00
1.135676162633243003e+00
1.141692108104983117e+00
1.124481709841252508e+00
1.119019967267771865e+00
1.143522978468617612e+00
1.135285438184356899e+00
1.146531885441263610e+00
1.137042566587264769e+00
1.138633027995314739e+00
1.129380455129104233e+00
1.131906323746233900e+00
1.109441621353283614e+00
1.121888886285081766e+00
1.135202664401482764e+00
1.140619233182297743e+00
1.154383850737137784e+00
1.134468908343257088e+00
1.132283356991495404e+00
1.141770755587688591e+00
1.160864162949167611e+00
1.160395039814581475e+00
1.169152825810021001e+00
1.157191704866666004e+00
1.165780905132876910e+00
1.140467561468956115e+00
1.137715260203813861e+00
1.131902027335047300e+00
1.142308855927637756e+00
1.146589564354743240e+00
1.145769802990141750e+00
1.133593465148116763e+00
1.146814401122958182e+00
1.147467943204296903e+00
1.139379929300542660e+00
1.145112225367617365e+00
1.152435809527082800e+00
1.143562512063366343e+00
1.151894588035016653e+00
1.150349964387586299e+00
1.153516017131679172e+00
1.154894480363943376e+00
1.144781656316915974e+00
1.133117041680918424e+00
1.122910032076579911e+00
1.129942200185334533e+00
1.129615778994257136e+00
1.130967980770692716e+00
1.123722872260736860e+00
1.119802747075173466e+00
1.137556336150325142e+00
1.127745118952553804e+00
1.142419174767919543e+00
1.147118834266607212e+00
1.138303845859512498e+00
1.129787731819883678e+00
1.122835182102107199e+00
1.112727821251770610e+00
1.122794855748869614e+00
1.117895204273070542e+00
1.129001531851568263e+00
1.141494424837883104e+00
1.149075707384157097e+00
1.153486477533467003e+00
1.142248573992261651e+00
1.154428698729872860e+00
1.142972618147882091e+00
1.120430921385347833e+00
1.134139866853910217e+00
1.136129627592159741e+00
1.131857309556195901e+00
1.141407394020812482e+00
1.134008402053480857e+00
1.124080146349903719e+00
1.120336444907216844e+00
1.108186887552310873e+00
1.130850229262094331e+00
1.131260640098071146e+00
1.139596975715906790e+00
1.130221439333859434e+00
1.157453203162711164e+00
1.154221452714179419e+00
1.165804025978980585e+00
1.137498973866507335e+00
1.127262070603031630e+00
1.140614271213474806e+00
1.143969843693719124e+00
1.134269287959597916e+00
1.133545632681582260e+00
1.133043063715616361e+00
1.124443710086698189e+00
1.129844014872898761e+00
1.133219017295773456e+00
1.128545241539444355e+00
1.137710532968923216e+00
1.130471658922420186e+00
1.129602784083617806e+00
1.124378638495790339e+00
1.128857094842893982e+00
1.138747373646983085e+00
1.140287155704247102e+00
1.131116500974439720e+00
1.125578351687315459e+00
1.126964073491408591e+00
1.146277052117451012e+00
1.147615799304423145e+00
1.136233213406181219e+00
1.130793975792255823e+00
1.124802592463833184e+00
1.124650570856101428e+00
1.140072636117268390e+00
1.139101363584652749e+00
1.132070628896524545e+00
1.135919912574147039e+00
1.140624414572002365e+00
1.156753826841956823e+00
1.156121815574149947e+00
1.150711624740158312e+00
1.136183062656076048e+00
1.127161621500331945e+00
1.133286029388298699e+00
1.131278238058937680e+00
1.118150542598890462e+00
1.128338802158812548e+00
1.123875703252674940e+00
1.132135961655300838e+00
1.124487364509562548e+00
1.127951187848114767e+00
1.131392201904146688e+00
1.136478981454541737e+00
1.136960594354659237e+00
1.155710636731519081e+00
1.161513481685604310e+00
1.163887790377688081e+00
1.157554757397179612e+00
1.155909505978637508e+00
1.137647093661001030e+00
1.142643366181203213e+00
1.128738357482943711e+00
1.121428664348630200e+00
1.137490206693665407e+00
1.119498683449555276e+00
1.125066009879643003e+00
1.139732551667798299e+00
1.142651167562369841e+00
1.147672145655711073e+00
1.132226112042968635e+00
1.137916857409232874e+00
1.129625352051132126e+00
1.138576694573718129e+00
1.143359332086777203e+00
1.144935626344161461e+00
1.155405644448105118e+00
1.146916786364265084e+00
1.152306646599011053e+00
1.149909611937516951e+00
1.143083841959558367e+00
1.127735661589869709e+00
1.112986661631729435e+00
1.103406907827484185e+00
1.130521788020626417e+00
1.140718384239282068e+00
1.141903625755439355e+00
1.143044933093526838e+00
1.155527214734601182e+00
1.142754854751310223e+00
1.147022079547934448e+00
1.139627476305662190e+00
1.138933187520456691e+00
1.135947290580603841e+00
1.133180957913805909e+00
1.130710986813149965e+00
1.116533415877140500e+00
1.130258723839032697e+00
1.125337511355050779e+00
1.133076987967864380e+00
1.121733010066680247e+00
1.143124525728996810e+00
1.148596290353725458e+00
1.143124809393632146e+00
1.141904029310221391e+00
1.133543470506645390e+00
1.132757630185054376e+00
1.138727762613961136e+00
1.134014896268848105e+00
1.135108217232774663e+00
1.138616521707126461e+00
1.136205401759861955e+00
1.136287290466529321e+00
1.138030447057042149e+00
1.134659088530769688e+00
1.137645686464267225e+00
1.155780856518209276e+00
1.146114244322472331e+00
1.151388547361045900e+00
1.163473650899746747e+00
1.158161199799550012e+00
1.139849034424790464e+00
1.139412099177942617e+00
1.134407945899011505e+00
1.132142582999593472e+00
1.141909074770362631e+00
1.137647633042345507e+00
1.139988785167187491e+00
1.144426476785719293e+00
1.159920744556569350e+00
1.149283766507484428e+00
1.144719061996542386e+00
1.149063909377086468e+00
1.139956788530194887e+00
1.139248041346707874e+00
1.140724801172278591e+00
1.126402976279809565e+00
1.131454233103550644e+00
1.129324300119858071e+00
1.141825439084517058e+00
1.151932790501889903e+00
1.153488966001405158e+00
1.137414825162669452e+00
1.125695669216917327e+00
1.140796886118708775e+00
1.135167076499753014e+00
1.139463582655350082e+00
1.135902099777876373e+00
1.147487529683227425e+00
1.131676516030604818e+00
1.139176588360915066e+00
1.134615543678796135e+00
1.139583631326954061e+00
1.164139564720155562e+00
1.168805754901859784e+00
1.157656715910184708e+00
1.137445271940870528e+00
1.142600791394430937e+00
1.147741955229495847e+00
1.143023529225373647e+00
1.148493862612762761e+00
1.152350940843203553e+00
1.171173564785819243e+00
1.162860114234535391e+00
1.152107433532496561e+00
1.144967919453048211e+00
1.147597316669592082e+00
1.142695969978154480e+00
1.144292742949690078e+00
1.155213488691994916e+00
1.138696579181800894e+00
1.129354557694449479e+00
1.125618430558458893e+00
1.128896266058848186e+00
1.137990549830712794e+00
1.141874936592856216e+00
1.166499126070228431e+00
1.159821082560511307e+00
1.167145837949447484e+00
1.166481479298351331e+00
1.147043296799688861e+00
1.158984690385543193e+00
1.152057946579526426e+00
1.162214706385662710e+00
1.158002350372381528e+00
1.142795063416865098e+00
1.139379288478967966e+00
1.134504683970619210e+00
1.142551313829569093e+00
1.142134145577696547e+00
1.138585366944842248e+00
1.139319743406124630e+00
1.143229058272690501e+00
1.139038402969116515e+00
1.143888534409866375e+00
1.138099263431499253e+00
1.145738990329362883e+00
1.145279062612797105e+00
1.144793429909194860e+00
1.146880250552005931e+00
1.155685324524143853e+00
1.158202678878659908e+00
1.160077097014037939e+00
1.146208325424139751e+00
1.154709140890916252e+00
1.151550872168138007e+00
1.156731983723712442e+00
1.165248431346074920e+00
1.174977623199497501e+00
1.170271391444200892e+00
1.174691475617081649e+00
1.162423824238107972e+00
1.150237553864607243e+00
1.133144861916868029e+00
1.142460555916458897e+00
1.153947109445718988e+00
1.142045469293686333e+00
1.143625873090633238e+00
1.128603274024212677e+00
1.138707416536227202e+00
1.136479631880078278e+00
1.144671063941328004e+00
1.132410024829910489e+00
1.130970172180738365e+00
1.148445655061275161e+00
1.157600793489523605e+00
1.162075706541972453e+00
1.169549308865730941e+00
1.144333358456161909e+00
1.132647361330178182e+00
1.118109078123642908e+00
1.125760397036719151e+00
1.111933909877353299e+00
1.111987433987409624e+00
1.121229420463797144e+00
1.115162256954813635e+00
1.118177649245289063e+00
1.117397172779827974e+00
1.126638376699659494e+00
1.135641232828691116e+00
1.145112371237711590e+00
1.143000421381919374e+00
1.127133493084290894e+00
1.123936433834737958e+00
1.128977202161467241e+00
1.126048278895297017e+00
1.112807953865906807e+00
1.116690391448775133e+00
1.132546842488901584e+00
1.137972706997721239e+00
1.128945930562935684e+00
1.126113469523984278e+00
1.113132107858521014e+00
1.109278500775037646e+00
1.105613227007044452e+00
1.114651116152394206e+00
1.116490630542699813e+00
1.118359422418791160e+00
1.127282546294683829e+00
1.115938680894109636e+00
1.122934795639793704e+00
1.133225660573780935e+00
1.127821525076719844e+00
1.129477161962669340e+00
1.138534823495493065e+00
1.137014318637056043e+00
1.158526414405432359e+00
1.180610007585171761e+00
1.162998242287611506e+00
1.164372412821670144e+00
1.170239705651329842e+00
1.187250086210366318e+00
1.176102054270801389e+00
1.169099864208165807e+00
1.165958397791070134e+00
1.154742751762985353e+00
1.172464200214885288e+00
1.158650637339376566e+00
1.149726988682121309e+00
1.159733026493652730e+00
1.131007400787298334e+00
1.121920316490637060e+00
1.137851623002262613e+00
1.130640446330375415e+00
1.133396665856347463e+00
1.141812656677600346e+00
1.137453111679344708e+00
1.119475741032764926e+00
1.123045315439062719e+00
1.119466581585508935e+00
1.117268080816743003e+00
1.132582025248159097e+00
1.127610085528852224e+00
1.139483981045814387e+00
1.143374931487095791e+00
1.145442353648658873e+00
1.147361319449432759e+00
1.150926144207220725e+00
1.154632042445616458e+00
1.159611979438613272e+00
1.167098055399681922e+00
1.155933057903060446e+00
1.158149521519590719e+00
1.158227022440828868e+00
1.157287239219612296e+00
1.151534880560925567e+00
1.150171350418970562e+00
1.152937288925557802e+00
1.163942996012839570e+00
1.143226176502075919e+00
1.136291150176943709e+00
1.143693450341893403e+00
1.140162311095991532e+00
1.148654961743641234e+00
1.147393289187246479e+00
1.153283309352573838e+00
1.146700713088728341e+00
1.142404631908549018e+00
1.135673719542887650e+00
1.123037321815487655e+00
1.143796109263715222e+00
1.157024398009397492e+00
1.150149714128586131e+00
1.149036831306400996e+00
1.147410177983041679e+00
1.160323144487360736e+00
1.138362085066943585e+00
1.142277437719286359e+00
1.136596767101492045e+00
1.151587039657344214e+00
1.154258791059081357e+00
1.156459212128696734e+00
1.159963648698851824e+00
1.146001372168033106e+00
1.164487576254787493e+00
1.148328901690671699e+00
1.151803053938695198e+00
1.143043674001406496e+00
1.146758861038845945e+00
1.142559114250109253e+00
1.137884524706106015e+00
1.129961790982232150e+00
1.127084874747715793e+00
1.126035181953750630e+00
1.122264358182124111e+00
1.130744255575086843e+00
1.140366169933480167e+00
1.131089145979114363e+00
1.136407126590065486e+00
1.142592639486457617e+00
1.140923834282158378e+00
1.136313755804272185e+00
1.136314204830699337e+00
1.139155454654024568e+00
1.126752094660349091e+00
1.116172576804155492e+00
1.117144071717192322e+00
1.122585714541397328e+00
1.134204109787791959e+00
1.133232756527164264e+00
1.128570728549111335e+00
1.147329442672941235e+00
1.139717242681099085e+00
1.135435772413363242e+00
1.125768990974453709e+00
1.128730030576600374e+00
1.127320730675237304e+00
1.136869719612263019e+00
1.128395635247392725e+00
1.137137405853054339e+00
1.139706675916338785e+00
1.145109404621307725e+00
1.129576754564952656e+00
1.134529062787891673e+00
1.137153615625748904e+00
1.139594576323226249e+00
1.146661800386245655e+00
1.150811272850467359e+00
1.149283874197366329e+00
1.154650627842444655e+00
1.153182426855911213e+00
1.147465578646772677e+00
1.143589110608797421e+00
1.142509236170948572e+00
1.148698378300262446e+00
1.145294057775123386e+00
1.152968494894405671e+00
1.166482323159937495e+00
1.159214523114484141e+00
1.169274539735609686e+00
1.159311075276299174e+00
1.149886516153417304e+00
1.155913081740161052e+00
1.146248643948735824e+00
1.130063328025989966e+00
1.123992828371710662e+00
1.109133870525849330e+00
1.117309776784851216e+00
1.133207132246300874e+00
1.136077518355826932e+00
1.132407685429734023e+00
1.127529766841073977e+00
1.120121068689561739e+00
1.116271385367654023e+00
1.105600057681660697e+00
1.107307697383199452e+00
1.117658724084351629e+00
1.140996804794713437e+00
1.135706576053158390e+00
1.135397176526872220e+00
1.122695461635061731e+00
1.135043905990153146e+00
1.138177785140064735e+00
1.138274493888514982e+00
1.151543708536005184e+00
1.147972388826085766e+00
1.156894891412981963e+00
1.150296158113024214e+00
1.146215447442561874e+00
1.131594777584892464e+00
1.143532060888868385e+00
1.142326885330356756e+00
1.126264328748122212e+00
1.140036395456102802e+00
1.144112999325857416e+00
1.142948194106686355e+00
1.134809900065821830e+00
1.120126001239583724e+00
1.132713679598476020e+00
1.130836025321759752e+00
1.130635231776071947e+00
1.141726401503691424e+00
1.141906924962386993e+00
1.133969640969349602e+00
1.111209712890734780e+00
1.112782028189334582e+00
1.128153752994325298e+00
1.136387492621954598e+00
1.146592191090591184e+00
1.155020353940468425e+00
1.162154400118282416e+00
1.158544965536592697e+00
1.156223758153505532e+00
1.152079318075659442e+00
1.162074139333260314e+00
1.164961189011324727e+00
1.166656592227842237e+00
1.160787967848491142e+00
1.170852409127637106e+00
1.160571339490061193e+00
1.161066034435793703e+00
1.153207854323381909e+00
1.160263443702193031e+00
1.144493907646492170e+00
1.140118366358784829e+00
1.145473173065009620e+00
1.143409598673309047e+00
1.140202396690060738e+00
1.136461764127426388e+00
1.123755580369162344e+00
1.138410115454078442e+00
1.138006551697845925e+00
1.145808690380692330e+00
1.144027246948998711e+00
1.151433002544300477e+00
1.143510179901696899e+00
1.148247035224615242e+00
1.133119617839894788e+00
1.129965166541302635e+00
1.134610477030400633e+00
1.128967803007944415e+00
1.129387539448865274e+00
1.127112096997997526e+00
1.123540845197968485e+00
1.126594981564825959e+00
1.142184103960157016e+00
1.133837225727260423e+00
1.132594919802306643e+00
1.130646077742534894e+00
1.132866991351971331e+00
1.138037988403934886e+00
1.128382812506145250e+00
1.125740013440522436e+00
1.143034228638030170e+00
1.138166275109139036e+00
1.148146518340246836e+00
1.147492022683259227e+00
1.132367011933046674e+00
1.134059084693892272e+00
1.133861995787029953e+00
1.138666724790211804e+00
1.143926259036589066e+00
1.147574636566040418e+00
1.149897924289947415e+00
1.149161107019351702e+00
1.151149212384688925e+00
1.150504306121885145e+00
1.152939037601288019e+00
1.140205330835345254e+00
1.131482247466686131e+00
1.125291339790541523e+00
1.138387161151097393e+00
1.153239078378196503e+00
1.156823038919698732e+00
1.158354166532482576e+00
1.156981639408327212e+00
1.146275202488840517e+00
1.164838882713709722e+00
1.146691966211974556e+00
1.133016866482793983e+00
1.131829185513836711e+00
1.121556735523510540e+00
1.113271018592715045e+00
1.107906822139198777e+00
1.111836432859616419e+00
1.136529387581300510e+00
1.137614322671832490e+00
1.132810286447423653e+00
1.129985817569225226e+00
1.122828029860677868e+00
1.119594429785718992e+00
1.121873497053679447e+00
1.141628339756850741e+00
1.129126683263538933e+00
1.130923111471238807e+00
1.132737052910789410e+00
1.128716426387881722e+00
1.131913993468653290e+00
1.148173900544898096e+00
1.142802621154029641e+00
1.127778297048379841e+00
1.116438876176093054e+00
1.123168823051223120e+00
1.120726573568572748e+00
1.139282060779742922e+00
1.120106878093048097e+00
1.135805649107397342e+00
1.158858262227061342e+00
1.133162404474645779e+00
1.158549153312694369e+00
1.154922126842708785e+00
1.165453034417378353e+00
1.163730467299435078e+00
1.147825097030314767e+00
1.141291801107811255e+00
1.126916559890702052e+00
1.130243406533216532e+00
1.122352580959059987e+00
1.126916508153857910e+00
1.135516619390606330e+00
1.117139434817489230e+00
1.150069279459385863e+00
1.146430388739963613e+00
1.131128777612118830e+00
1.127605053997491780e+00
1.126392788320782490e+00
1.113222411639101184e+00
1.128944621739453869e+00
1.125596054985412486e+00
1.129392625150771545e+00
1.123496790285569702e+00
1.131925694033266483e+00
1.133033185252863673e+00
1.143388262055101245e+00
1.168455749843038127e+00
1.160748029298211970e+00
1.150223984396401722e+00
1.128073412674579057e+00
1.128192376084458104e+00
1.139330401815029870e+00
1.136356793985164204e+00
1.156479259865928588e+00
1.150379666168633630e+00
1.140105512647454633e+00
1.137141288054096977e+00
1.119945905147452736e+00
1.139537794822565120e+00
1.143549109685988885e+00
1.152698545394277296e+00
1.147048615807761296e+00
1.132790267349710778e+00
1.137461578456911093e+00
1.130420596168331571e+00
1.144739585738495435e+00
1.148319199257114454e+00
1.154132326114473583e+00
1.150960408936258617e+00
1.135756070587488065e+00
1.145737621346934798e+00
1.142340415822058031e+00
1.149406418344045999e+00
1.131657169535781993e+00
1.140730022770366947e+00
1.170769934186597805e+00
1.166326081490669964e+00
1.167093381625630366e+00
1.152999725863557590e+00
1.169139653961396519e+00
1.185004748088047677e+00
1.166232481145802469e+00
1.166882123522453574e+00
1.164632642867131196e+00
1.167322468340431962e+00
1.151578398976984996e+00
1.143102093704599920e+00
1.134922426307808818e+00
1.134559386774331990e+00
1.144831199862888615e+00
1.143947197189290721e+00
1.148727403909854505e+00
1.145357235892575209e+00
1.165406032404701531e+00
1.152660305107553906e+00
1.150342050227906476e+00
1.165790470395763334e+00
1.180457572363032615e+00
1.160073407264663237e+00
1.150673354759655265e+00
1.152766376655382619e+00
1.129920098605731615e+00
1.134458926057823502e+00
1.140004927727852335e+00
1.140267973609658370e+00
1.142994458846688932e+00
1.139625948948773226e+00
1.139323649628330992e+00
1.140972419660615467e+00
1.132122098230020191e+00
1.147678497455487667e+00
1.135139406100267534e+00
1.150176812983040087e+00
1.133812931398714197e+00
1.124770441453541547e+00
1.137021812905258944e+00
1.139498474952818308e+00
1.153244050309474966e+00
1.158190380766379812e+00
1.157901112429524204e+00
1.132069650353317414e+00
1.133637485745885520e+00
1.140078288704047260e+00
1.140600647578059457e+00
1.151358308404805575e+00
1.133230481030771397e+00
1.144494641188291029e+00
1.138321936582652905e+00
1.128596255498037992e+00
1.129061757998367943e+00
1.138489182709820025e+00
1.130062420658724864e+00
1.098630123558657967e+00
1.104322123255394805e+00
1.106561861830076099e+00
1.104638639276758427e+00
1.123067312916231852e+00
1.144185793766093528e+00
1.150338191893915285e+00
1.142940790464266554e+00
1.152383226654251080e+00
1.172025114997692130e+00
1.166808159101367925e+00
1.163649541129662124e+00
1.172814801374492122e+00
1.159568686922364700e+00
1.138696279767045239e+00
1.140741576558815362e+00
1.139458742406110447e+00
1.132810205162497530e+00
1.130352654909946297e+00
1.141703695146403463e+00
1.149823315608728080e+00
1.148020487904008791e+00
1.152999084083148995e+00
1.163636724021758662e+00
1.142495352960968269e+00
1.140643412211681529e+00
1.142471972042418349e+00
1.149014376336204180e+00
1.155439954083117948e+00
1.173804480935794370e+00
1.172313310757386651e+00
1.171505791647506678e+00
1.149982513844440613e+00
1.163600658849079483e+00
1.144110545838412873e+00
1.142840518432202579e+00
1.150664439889021784e+00
1.147253906503182375e+00
1.142130968265515412e+00
1.137789971233488462e+00
1.132839064518523342e+00
1.139549629866370983e+00
1.136983863300876196e+00
1.123037522012930722e+00
1.130350349179312763e+00
1.135884952892632915e+00
1.133916842817252579e+00
1.128537554296573209e+00
1.127640542344548136e+00
1.116301792241746416e+00
1.133798910666145687e+00
1.117002562299878266e+00
1.123249329772567640e+00
1.122777929069227021e+00
1.123527760124617192e+00
1.122569288382790686e+00
1.125983374756590827e+00
1.135410873214347305e+00
1.122144296516489392e+00
1.150610310985494822e+00
1.145836834676834393e+00
1.153790551228272454e+00
1.145874997302636533e+00
1.131519602237589517e+00
1.132092206979741666e+00
1.134019821187621568e+00
1.141306950581905344e+00
1.139430373116378181e+00
1.141714861017415705e+00
1.142080662019749004e+00
1.158536925372811055e+00
1.143454499159754167e+00
1.135981337063692642e+00
1.128338234397558759e+00
1.139024575724887134e+00
1.141811085035619566e+00
1.136349972102562278e+00
1.133935695278212474e+00
1.143798936162895519e+00
1.129714203840674225e+00
1.131940856655365701e+00
1.130499830237373216e+00
1.136867993925794185e+00
1.111212351627434369e+00
1.105865190148447974e+00
1.101327342295111977e+00
1.093172562636682388e+00
1.118913072064013248e+00
1.126560036946537835e+00
1.143767696221656527e+00
1.143906855154141811e+00
1.120351159863379298e+00
1.112416679392792096e+00
1.128299799950543525e+00
1.137847137302627321e+00
1.144525632416341088e+00
1.151922141492017104e+00
1.156077747641539588e+00
1.147684806970708848e+00
1.148646913225588317e+00
1.144773746010980808e+00
1.144212802619094083e+00
1.149929319717414744e+00
1.137311774083974658e+00
1.144414042748201688e+00
1.164464704933981132e+00
1.157623332925968640e+00
1.148164461179504769e+00
1.156752053128890845e+00
1.146295620173528595e+00
1.162082821146590783e+00
1.157251085086334674e+00
1.150871508651293063e+00
1.155620434078811209e+00
1.139088389545751312e+00
1.133393144463466173e+00
1.126996464178773527e+00
1.126600613421933295e+00
1.124583618627087445e+00
1.133399427252392844e+00
1.149443263558214579e+00
1.145327606642241314e+00
1.142797278606657807e+00
1.142442949617239023e+00
1.148267299512975237e+00
1.159234013421820197e+00
1.150065092391644450e+00
1.149966488848221280e+00
1.170793366144827763e+00
1.183309116715842046e+00
1.179937019972586931e+00
1.165231944193830360e+00
1.161238189167077550e+00
1.156255358238926778e+00
1.139453075671132964e+00
1.139927702685864075e+00
1.157617284555473081e+00
1.167134124885585322e+00
1.140863294627162405e+00
1.144314129045962414e+00
1.153617039678933365e+00
1.151240203472570167e+00
1.143469715195594816e+00
1.146819285770348751e+00
1.136550606923202755e+00
1.125398079674668983e+00
1.138109041118247067e+00
1.132902874310169672e+00
1.149245995916180041e+00
1.152158416218668657e+00
1.160861731131581420e+00
1.160216653388595587e+00
1.147413172689752736e+00
1.140463131181873369e+00
1.135729082424225433e+00
1.145264597959083863e+00
1.145096421199510717e+00
1.140601320606727365e+00
1.131162759325809564e+00
1.148053821428381749e+00
1.129073101209900676e+00
1.134433444424775006e+00
1.140247334628211373e+00
1.138190477823734170e+00
1.152798101028458033e+00
1.146415734433957168e+00
1.127958574964581517e+00
1.145234017724446218e+00
1.146702126526490728e+00
1.150937093377817133e+00
1.159465116385909766e+00
1.154574629220905368e+00
1.148160658981151494e+00
1.146625833403185135e+00
1.139151562845194920e+00
1.129819254025979491e+00
1.123084209577749570e+00
1.133331793778058927e+00
1.142045680813645214e+00
1.142307652685654151e+00
1.154227442887709065e+00
1.154429928693144536e+00
1.149065281741202593e+00
1.143603247796775912e+00
1.126845085833211302e+00
1.140799440073269500e+00
1.151322156961458898e+00
1.151568385441356757e+00
1.165073761846659783e+00
1.145926656644604247e+00
1.137037641179326597e+00
1.137156223984959524e+00
1.145597113047507998e+00
1.120590989663978077e+00
1.121151480169460202e+00
1.095717536432005090e+00
1.105888657141347320e+00
1.111085265739653938e+00
1.129665774458729066e+00
1.138419972269947511e+00
1.153999938541445003e+00
1.125976690090513266e+00
1.138032366998182443e+00
1.120410436520288711e+00
1.134225473439883114e+00
1.121866777434985751e+00
1.133001989174380553e+00
1.124544135278914503e+00
1.120846932362020709e+00
1.120462715353466310e+00
1.127621700092021451e+00
1.137702579318899732e+00
1.139785148487777677e+00
1.140468629663025091e+00
1.150375666053152113e+00
1.148021131348125223e+00
1.140672828339967637e+00
1.147358673955826802e+00
1.146586506098611569e+00
1.153386228338042274e+00
1.159259288587125347e+00
1.161357685072610835e+00
1.143005519186354624e+00
1.145212041659670943e+00
1.160825693512391732e+00
1.166290188508931402e+00
1.168780018592206815e+00
1.168901402809473744e+00
1.177730344535406148e+00
1.185526333474089089e+00
1.170799331964577306e+00
1.174808359832526072e+00
1.174369330719865712e+00
1.158299176046011070e+00
1.141210349686510694e+00
1.158100229371034073e+00
1.153172411426182986e+00
1.149477066781085632e+00
1.145155252219040243e+00
1.129562322114106676e+00
1.136800884407046297e+00
1.134990707272062194e+00
1.128711960980224305e+00
1.149426978238992536e+00
1.169670440280569323e+00
1.141600330886485493e+00
1.165158644023311929e+00
1.160798313661494774e+00
1.156763567633387613e+00
1.151814962441825241e+00
1.151772329234409531e+00
1.143241474599604901e+00
1.142022283058468757e+00
1.137887208053564914e+00
1.147190878879730258e+00
1.150405436738979770e+00
1.140489068589536803e+00
1.138827881612609838e+00
1.117773056043854130e+00
1.126140587991853348e+00
1.113381346433862218e+00
1.100030702947029093e+00
1.093376917202099508e+00
1.081860823624822388e+00
1.084981090226331046e+00
1.107663405395224787e+00
1.126828158139412839e+00
1.127950391250607920e+00
1.129042299094155766e+00
1.127640102801800159e+00
1.122290807293741421e+00
1.122804836861859501e+00
1.140355700555564678e+00
1.142659795941866951e+00
1.153497894717669503e+00
1.147811524908752379e+00
1.126325423708239848e+00
1.126156122884546251e+00
1.139200402399636047e+00
1.155912676419443175e+00
1.180402838536982690e+00
1.170757047143433205e+00
1.152931961173000897e+00
1.141957437612328041e+00
1.135425399378782174e+00
1.131363827893543617e+00
1.125604168095557300e+00
1.138400782388882648e+00
1.121996350073477755e+00
1.129895898034275925e+00
1.134680240633576309e+00
1.135380017114981266e+00
1.126351218851483260e+00
1.119522468914394553e+00
1.126050636788379355e+00
1.118665774667894741e+00
1.109688890851024290e+00
1.113219165344047967e+00
1.128939837937433799e+00
1.117131399656043467e+00
1.119305206408321984e+00
1.120314249380360616e+00
1.106882670038341177e+00
1.119241303280221755e+00
1.118551750256405297e+00
1.131294374075755060e+00
1.138747413525694974e+00
1.140255437049754850e+00
1.142939172989369423e+00
1.146766393123194172e+00
1.146571230204687319e+00
1.150812994696145841e+00
1.135897239138258463e+00
1.120825369572090446e+00
1.124687841254161880e+00
1.133532969004622748e+00
1.130452345081086829e+00
1.127894902131412191e+00
1.124990913352573729e+00
1.117006196725240930e+00
1.125572852136226043e+00
1.110982773959182879e+00
1.108950842463428899e+00
1.098891282959624238e+00
1.074056536646045501e+00
1.073051717974164543e+00
1.080730073296147342e+00
1.093523673250883510e+00
1.112465832323072279e+00
1.127977044059819578e+00
1.130573738615534563e+00
1.127842813050879744e+00
1.120580099179189215e+00
1.128099620185882168e+00
1.135858403377075554e+00
1.129464698063002093e+00
1.117594545928489058e+00
1.121941428478108627e+00
1.150700983640525088e+00
1.157682352501757439e+00
1.168378941526429626e+00
1.149786428017382844e+00
1.139385608875458145e+00
1.136337718576935218e+00
1.149603266461437512e+00
1.148930901936727311e+00
1.135243115473925091e+00
1.136641596925877851e+00
1.140970354875250115e+00
1.143504039318201659e+00
1.136663980099051452e+00
1.147871791624555327e+00
1.155614743860244653e+00
1.151457039053282339e+00
1.148122137129791165e+00
1.141737311934963639e+00
1.152942745887174603e+00
1.148848395543265566e+00
1.134276712251452102e+00
1.157697687961288135e+00
1.164226295589854798e+00
1.156725188535613569e+00
1.154710802446647033e+00
1.145878885880741160e+00
1.141801456559152106e+00
1.129756024503991929e+00
1.149051002005168076e+00
1.148096465878066796e+00
1.152760205758746048e+00
1.167333221369577734e+00
1.159622171169233606e+00
1.156426289054879097e+00
1.150290528110025967e+00
1.154864020150323300e+00
1.132084333637213946e+00
1.128423133105155962e+00
1.110189712312732224e+00
1.127475386803441060e+00
1.119110712578623712e+00
1.150377014570489020e+00
1.144775462928681709e+00
1.142306805490849175e+00
1.126924307452199514e+00
1.107886033070682119e+00
1.107029198453274743e+00
1.099922368587290311e+00
1.084491221753414836e+00
1.079211875185762226e+00
1.074273547800438378e+00
1.072194971503952488e+00
1.072477827090894564e+00
1.098149550862138168e+00
1.106966550683271100e+00
1.128756358230702084e+00
1.131306347047707384e+00
1.141518812749631628e+00
1.141023667661609675e+00
1.142758242248004485e+00
1.120518654385582513e+00
1.108429145560179796e+00
1.100581743954642588e+00
1.100308848627814973e+00
1.100617261451961593e+00
1.116235405395123337e+00
1.135510523548117545e+00
1.132206018695122829e+00
1.138593465201060306e+00
1.136049383433749060e+00
1.143407156968313743e+00
1.143584214331540894e+00
1.155970320394856143e+00
1.142189996113342598e+00
1.169075197578100411e+00
1.150516519285574413e+00
1.158139921122416816e+00
1.174704125679896460e+00
1.156898649737426732e+00
1.147059384053543019e+00
1.145707522425950309e+00
1.151369420427345247e+00
1.149416544998557388e+00
1.127368567325483406e+00
1.125367274194801315e+00
1.118904723410187430e+00
1.131650467419748507e+00
1.138227232567560421e+00
1.135812264665855720e+00
1.154395764428334692e+00
1.148848217885485523e+00
1.161065586370139124e+00
1.145454259520600093e+00
1.168748082858748205e+00
1.156989569495967096e+00
1.160830217896485106e+00
1.166511947171747110e+00
1.166653481902225176e+00
1.164820737199093514e+00
1.160760999532067350e+00
1.135214890935070997e+00
1.130718677754932511e+00
1.127000228747020438e+00
1.121330422081931566e+00
1.128759730816618623e+00
1.134227602947360358e+00
1.144344000128401984e+00
1.134239622881897613e+00
1.128960777982598973e+00
1.140747726038161325e+00
1.146495820792230225e+00
1.146461065891644537e+00
1.130185972318050514e+00
1.132316037961756505e+00
1.103443078839906999e+00
1.099569540600145556e+00
1.126430881534926653e+00
1.126115247009456644e+00
1.111553297918273620e+00
1.099321410561580725e+00
1.099359084949725007e+00
1.112381671369047087e+00
1.116677471034991376e+00
1.121320752370921214e+00
1.127574784393969409e+00
1.142597242987260397e+00
1.145137481636904875e+00
1.153134096470415093e+00
1.142808105301988508e+00
1.163368382021717773e+00
1.160638358301250728e+00
1.135618093772928772e+00
1.134782018016764038e+00
1.124356750595570498e+00
1.119795973747659268e+00
1.113186670918544063e+00
1.121145008420638467e+00
1.117692570993058521e+00
1.107504735714709865e+00
1.123309568949230286e+00
1.139095176189254044e+00
1.148169353454774777e+00
1.169624353193004396e+00
1.159642073205064294e+00
1.159920259697100553e+00
1.139691261305249226e+00
1.131720278903960430e+00
1.140856010247504049e+00
1.155365953186153316e+00
1.149527432147141814e+00
1.156386951519496664e+00
1.138695259809130222e+00
1.123005992321352231e+00
1.106918968545500537e+00
1.117593544215639279e+00
1.128601711074540104e+00
1.125895683217809085e+00
1.141365027778499908e+00
1.144461941049459197e+00
1.128460394788116661e+00
1.142226449563350732e+00
1.146446338304225154e+00
1.163980684827025325e+00
1.156286369336769315e+00
1.184971493543268029e+00
1.176876221641864007e+00
1.179968729696017515e+00
1.177016084608837776e+00
1.167925248413419492e+00
1.187113235171380010e+00
1.166222642201706350e+00
1.162866449737394170e+00
1.167922983362958300e+00
1.174411494217527441e+00
1.167965961393635510e+00
1.165974549864172483e+00
1.167819888139683293e+00
1.159210584340339745e+00
1.142709949014928617e+00
1.149378051741009488e+00
1.149714779499539485e+00
1.130416934641793381e+00
1.117503836454542432e+00
1.124590229367208094e+00
1.127879002581726020e+00
1.138397870065275708e+00
1.128479756783709265e+00
1.134511017597391147e+00
1.144464439813049461e+00
1.147755909292203835e+00
1.171839494245119573e+00
1.178547086698143564e+00
1.178523053190553949e+00
1.175077965408752645e+00
1.154258017663053915e+00
1.146633895720074792e+00
1.151947594112662010e+00
1.154731860799373955e+00
1.141438500699493819e+00
1.126201449339224725e+00
1.129065168330775304e+00
1.126884177110619056e+00
1.134070593341346189e+00
1.128785625668439430e+00
