1.666666666666666574e-01
4.427981190999958017e+00
6.526050089374254348e+00
8.510820578710410089e+00
1.005772689970394929e+01
1.135854492886767275e+01
1.268051013367198721e+01
1.305615504543532346e+01
1.367333795561160237e+01
1.374725351009247198e+01
1.347024277656342228e+01
1.395907447259961565e+01
1.383571649179427077e+01
1.409806884154990847e+01
1.441494959649348750e+01
1.507896701573141485e+01
1.522078391360470562e+01
1.554678333913908617e+01
1.586058539044463167e+01
1.539677541219963075e+01
1.497741504741574481e+01
1.544831349662045383e+01
1.481936209665866144e+01
1.545888962325429183e+01
1.534068055174335043e+01
1.575617556742223258e+01
1.578379832864759358e+01
1.647887000920115952e+01
1.689760694284614928e+01
1.664217911731976685e+01
1.641367136567701834e+01
1.624098874729212127e+01
1.570658931608472031e+01
1.590877681656900755e+01
1.646265596421310207e+01
1.613970636135544012e+01
1.601497456831256017e+01
1.621928213327699453e+01
1.571510615645015640e+01
1.570919058208197150e+01
1.550112738063642581e+01
1.520054715520200084e+01
1.542106340722800972e+01
1.539639661711531815e+01
1.488459171448550045e+01
1.494260857690325039e+01
1.445398168501426106e+01
1.462944088735251746e+01
1.446493824729093092e+01
1.486998991934891023e+01
1.516151317614292893e+01
1.530251777461483442e+01
1.505078353994159457e+01
1.526880335704712621e+01
1.502327796129459081e+01
1.478291016881838971e+01
1.481194566426805004e+01
1.487766962644638724e+01
1.429640785097830857e+01
1.427261127690092835e+01
1.453404805919026366e+01
1.493243541777325234e+01
1.487298555336005457e+01
1.480453998117417846e+01
1.523291594247125502e+01
1.527840091281297674e+01
1.494749902008072340e+01
1.540237192144777012e+01
1.555851007946063547e+01
1.560826989151390620e+01
1.582954135683618269e+01
1.582960355884187464e+01
1.629501634942351984e+01
1.577922259244295411e+01
1.619274672790288960e+01
1.666686454302972109e+01
1.592775976819067196e+01
1.620330639382481053e+01
1.562293228803973300e+01
1.572403444329153999e+01
1.536784370478830120e+01
1.548961151713231033e+01
1.537201148630619230e+01
1.506112327530393102e+01
1.503543142224591378e+01
1.558838331721873338e+01
1.557506682514662089e+01
1.606828932995978931e+01
1.650166462738988216e+01
1.664501568378232221e+01
1.624506772556447132e+01
1.613067688827102586e+01
1.582770500020009230e+01
1.599583873369028630e+01
1.573712740085744599e+01
1.494436704591786658e+01
1.537180895520238444e+01
1.537603858149016212e+01
1.533953128817613987e+01
1.547464133589714308e+01
1.568337268204521351e+01
1.609454038915879082e+01
1.603346739206900651e+01
1.654395976676544677e+01
1.669036972121707407e+01
1.659566591256381329e+01
1.650503423513359280e+01
1.649397635259515127e+01
1.667775022830276299e+01
1.650923616374258174e+01
1.662396775061598220e+01
1.676574163471653023e+01
1.631368045315336346e+01
1.643602036267300548e+01
1.574740454591713501e+01
1.600103412807426295e+01
1.616377502883906914e+01
1.549457423705676185e+01
1.522160651364130146e+01
1.555531944220387075e+01
1.537982751879514431e+01
1.556979431380846535e+01
1.581107500294134383e+01
1.561733049454890754e+01
1.634420194030755979e+01
1.707864252320331033e+01
1.636291608124562202e+01
1.567648793342612734e+01
1.547840219740679757e+01
1.534768634704577295e+01
1.541542620695438082e+01
1.598223441326425487e+01
1.580178441167565850e+01
1.528826720783986737e+01
1.500219648116267024e+01
1.534263961326311154e+01
1.555478084345247858e+01
1.524227633485745770e+01
1.566703067565808283e+01
1.598082589202348380e+01
1.599087917001176429e+01
1.628916257894352171e+01
1.576694158543581992e+01
1.618012802090338198e+01
1.629292103028678085e+01
1.600772692192884605e+01
1.556248747359080831e+01
1.489430336064770621e+01
1.469077145554143904e+01
1.459943101020722089e+01
1.444155595392961722e+01
1.456543827924432399e+01
1.481125082864258857e+01
1.509307446060550184e+01
1.509816163683334977e+01
1.476792994320980590e+01
1.452465160253630216e+01
1.487493615579005102e+01
1.473912655080659562e+01
1.494083830599126728e+01
1.480369209121115048e+01
1.508520144923790163e+01
1.510327982842866312e+01
1.490379910980287193e+01
1.494878391469466727e+01
1.565027564964661622e+01
1.551216663441658916e+01
1.554169751843218528e+01
1.497711963806449376e+01
1.467855051599192606e+01
1.449275607523199660e+01
1.493934143052323549e+01
1.531622794710706970e+01
1.521402743496305376e+01
1.509553855286859658e+01
1.498233669177585980e+01
1.547297910711148816e+01
1.594525177635666857e+01
1.579522370682509802e+01
1.587930798151210787e+01
1.550353146430702367e+01
1.540327915983741747e+01
1.536950332600262570e+01
1.568637073571943574e+01
1.518201378547771441e+01
1.538705831549201619e+01
1.547126988458130725e+01
1.489778879592695304e+01
1.452825426960345112e+01
1.512293367605652072e+01
1.507234223677851759e+01
1.506536244020198012e+01
1.472658062359756848e+01
1.455646028437061013e+01
1.505899205260872797e+01
1.504027199637507906e+01
1.538105517912828368e+01
1.600009985697434090e+01
1.611120878041609217e+01
1.609101479864361295e+01
1.563310902630542287e+01
1.502430648171992011e+01
1.508515612238923964e+01
1.519442375459454730e+01
1.498774836321623027e+01
1.515649962146654239e+01
1.526689908972440080e+01
1.556416003322204844e+01
1.508512859220074986e+01
1.526134740425528946e+01
1.572378746220209145e+01
1.500044803881520927e+01
1.439152729315170909e+01
1.452112886195205199e+01
1.425691556455156039e+01
1.523377197665319471e+01
1.481199583076495330e+01
1.464745923223239465e+01
1.477324439316467775e+01
1.492665989985183650e+01
1.518304081026323793e+01
1.543218285040960680e+01
1.553515837683063872e+01
1.538499572943227811e+01
1.584399248671729943e+01
1.600572963371350355e+01
1.553513108587161184e+01
1.544076371274021398e+01
1.527000521850293779e+01
1.517927875394627257e+01
1.480291656312805060e+01
1.514315660111002515e+01
1.459502962217682764e+01
1.393019724159912798e+01
1.384736085554286511e+01
1.451540019536543902e+01
1.424375024197992801e+01
1.407398787685852604e+01
1.467208946071752784e+01
1.537048570529887037e+01
1.488561713937488662e+01
1.514748885208889817e+01
1.566890928437115349e+01
1.541371381017807884e+01
1.495698506212104562e+01
1.462394106846889841e+01
1.465113065509135559e+01
1.468242499178964344e+01
1.441223485737114451e+01
1.509529080959238279e+01
1.455693520542227404e+01
1.480749427963322162e+01
1.525682740087811595e+01
1.574010100349119412e+01
1.533629766268944472e+01
1.575020923309605969e+01
1.592149376695757468e+01
1.654577354574602666e+01
1.608302639453450666e+01
1.545445874078044568e+01
1.543220434186580547e+01
1.556675583657116846e+01
1.542920481668700816e+01
1.552239082946364057e+01
1.571968908925091135e+01
1.646678103184340713e+01
1.599250838630469040e+01
1.579412395698417981e+01
1.616291271377814454e+01
1.643527165424431402e+01
1.536440782190029886e+01
1.612224574556180912e+01
1.569845592297561154e+01
1.519179926515195866e+01
1.539112401323239965e+01
1.620078661354010663e+01
1.497027027566043778e+01
1.493263378555064769e+01
1.469412090358842704e+01
1.491749460959848328e+01
1.484415197823810040e+01
1.512481080471805406e+01
1.538995373032664382e+01
1.530051089975862055e+01
1.570534652422024635e+01
1.510125956788709622e+01
1.533183939727571499e+01
1.477451825907059124e+01
1.463251138186860523e+01
1.458373380068544556e+01
1.505510241354733125e+01
1.502199997656849639e+01
1.454233919538163811e+01
1.443976868230843991e+01
1.444114363427592096e+01
1.467107073113298554e+01
1.502199449148928778e+01
1.476196132626654922e+01
1.454551480103219241e+01
1.437807794216043078e+01
1.467511477862819191e+01
1.486014192253928989e+01
1.529558955367761719e+01
1.522783367596464643e+01
1.522768759300120500e+01
1.547116217980953756e+01
1.528768473629962621e+01
1.537967780778604343e+01
1.615501451884831852e+01
1.594191966710680219e+01
1.642020824887554653e+01
1.567850220673683737e+01
1.599957821839204897e+01
1.568883540609770399e+01
1.587509419695934199e+01
1.508826225343128691e+01
1.515808189906053016e+01
1.567610777205606531e+01
1.510905444941968945e+01
1.539855981402478768e+01
1.540054160262747018e+01
1.578253905533553159e+01
1.648254360566885524e+01
1.610657153138342679e+01
1.586787818231359815e+01
1.539421597909450057e+01
1.573184931846333967e+01
1.537068091911581291e+01
1.542039637216089254e+01
1.537331387505822988e+01
1.579805187279281675e+01
1.641923631464467803e+01
1.664591446244746464e+01
1.585011248516746107e+01
1.587354965726608924e+01
1.550773115872553909e+01
1.522351611862305987e+01
1.565577106792336437e+01
1.588557295368129374e+01
1.597058839855251300e+01
1.653739281199782951e+01
1.609795353264525275e+01
1.603087937652653139e+01
1.629167744948708219e+01
1.639231570001642169e+01
1.544580176627887091e+01
1.517111583236748906e+01
1.542673483953234914e+01
1.579888195005058016e+01
1.525866732903727119e+01
1.497138104791043567e+01
1.539059924276238611e+01
1.598326068987224780e+01
1.574865877001566439e+01
1.602988086606055518e+01
1.631188623968314744e+01
1.626760061945993030e+01
1.522696805215021598e+01
1.429824313217420162e+01
1.403340256374652384e+01
1.474707305048751138e+01
1.511111261569570452e+01
1.536618621559304287e+01
1.588275288424986442e+01
1.477007437108857957e+01
1.553819882188312995e+01
1.519091122822112006e+01
1.524322771227164708e+01
1.505107671324941698e+01
1.539617102937014970e+01
1.578346705172057263e+01
1.536196856741445593e+01
1.568455335777641757e+01
1.561251351120573361e+01
1.542208551371898118e+01
1.484826867623359448e+01
1.499424306334787538e+01
1.486756777192406709e+01
1.535973421152135998e+01
1.577818899537249742e+01
1.477561073023045246e+01
1.470164489572758448e+01
1.522635785825842447e+01
1.536032774249928323e+01
1.521089892963732204e+01
1.506340877416169199e+01
1.542215914132006915e+01
1.565552023185395569e+01
1.563337040188411109e+01
1.514384851884451244e+01
1.535100504528941734e+01
1.554743619643421759e+01
1.573927117732416825e+01
1.624433130229403943e+01
1.636400614429237521e+01
1.615204200399149670e+01
1.612528783376389896e+01
1.626818257222839392e+01
1.657959243492175005e+01
1.606225467824317121e+01
1.547483184104723364e+01
1.548207754756423782e+01
1.513392256072232378e+01
1.550780744311593828e+01
1.544703874059506887e+01
1.532130809708021602e+01
1.536307853101345167e+01
1.567951711961683969e+01
1.599631055079791686e+01
1.597094147883546000e+01
1.548765378066011422e+01
1.516295059971842818e+01
1.493266245120578795e+01
1.517892200379116296e+01
1.480132054061677849e+01
1.549862685458991862e+01
1.544118642446934153e+01
1.559791947586227856e+01
1.539502840429064712e+01
1.498112647435425515e+01
1.605252978033536948e+01
1.599012866863371940e+01
1.612151879210580674e+01
1.590289581008919839e+01
1.622611697486615867e+01
1.601673555612421751e+01
1.601786169353832179e+01
1.661191767089462346e+01
1.689690271218109174e+01
1.703272182638547250e+01
1.621270809714031458e+01
1.629308243684531377e+01
1.585162138211061844e+01
1.629733864357120510e+01
1.612069269942719174e+01
1.578100825032331755e+01
1.610138986741474909e+01
1.555756298930508841e+01
1.601942647736333925e+01
1.593093116897281547e+01
1.538666379282232910e+01
1.502599954213919453e+01
1.541729535528579653e+01
1.611639481639253546e+01
1.611550274041099939e+01
1.584339531520779509e+01
1.603781253763338910e+01
1.690458325280956586e+01
1.630240899104661523e+01
1.613954863336203971e+01
1.538504640995097716e+01
1.590213108566355515e+01
1.590026525922800005e+01
1.565434828331462036e+01
1.598133057696610493e+01
1.662300178128044692e+01
1.603101168711258850e+01
1.635754530652681638e+01
1.608221301549408722e+01
1.663961030123453355e+01
1.588251815666759370e+01
1.584732394349487095e+01
1.556719248503780229e+01
1.600305183935088138e+01
1.635726701629180013e+01
1.620520013822400784e+01
1.607506166379911150e+01
1.603767910405836261e+01
1.544398274842419738e+01
1.523056231130375160e+01
1.487050015176031970e+01
1.532416874514985849e+01
1.489914997264580698e+01
1.466102500264040920e+01
1.499532798574783854e+01
1.488195072552486131e+01
1.550181850748666079e+01
1.602453385634379401e+01
1.568499308062722264e+01
1.627704094719002725e+01
1.592843061001160976e+01
1.610219383796040660e+01
1.603126167886161113e+01
1.604280016021968081e+01
1.546961309218518110e+01
1.554091775964546152e+01
1.571191255694613353e+01
1.502662385212401830e+01
1.527740101361418468e+01
1.480438382583516876e+01
1.493504857841834088e+01
1.478870366467315023e+01
1.508243858990925013e+01
1.494774591106451389e+01
1.453518654119598708e+01
1.451816178471597141e+01
1.446522051666154063e+01
1.463403297221823962e+01
1.469679119170313797e+01
1.440047682251473127e+01
1.493183033867869902e+01
1.505939804078125199e+01
1.534474866765677881e+01
1.534074056831715893e+01
1.517399725638593289e+01
1.466311534523835469e+01
1.485784730239569917e+01
1.534909397851358648e+01
1.561703347615853588e+01
1.533380717732522669e+01
1.526270454273531207e+01
1.572275445536106453e+01
1.510101687743776289e+01
1.466574520134368242e+01
1.483604086000966049e+01
1.504556076573888035e+01
1.526741762625402288e+01
1.533816739197174073e+01
1.497333706190440417e+01
1.478765379677047775e+01
1.470128548293122961e+01
1.431493211104608321e+01
1.438471900144936555e+01
1.442365128574727784e+01
1.428687017138440041e+01
1.412056081221674120e+01
1.516550322401185724e+01
1.521246138984476737e+01
1.525574864465026437e+01
1.536341549234409598e+01
1.555053412552818237e+01
1.610253738779530153e+01
1.666765942783677446e+01
1.602278728249157425e+01
1.525588850951825748e+01
1.482527219360870596e+01
1.490992880430110112e+01
1.521420597307950651e+01
1.461741436113810444e+01
1.539304414853164182e+01
1.492882957749332462e+01
1.451220135768316943e+01
1.520852602913777218e+01
1.495128453371267518e+01
1.526915719790417469e+01
1.582243507873001676e+01
1.599152447027070778e+01
1.599141246931033145e+01
1.576693152403805875e+01
1.602332396903565126e+01
1.605591117572357263e+01
1.664709697334112448e+01
1.656762860708587581e+01
1.677046638869719786e+01
1.645085087578641492e+01
1.673902845999720768e+01
1.722468951839805129e+01
1.689968325200104715e+01
1.639585779144098865e+01
1.571595464328681757e+01
1.596697312114999967e+01
1.569439391298861608e+01
1.515483038623789014e+01
1.492264325357071009e+01
1.516434854540276689e+01
1.439483334803041359e+01
1.484055852455817792e+01
1.516370563968908947e+01
1.571270358463024941e+01
1.569447617844049070e+01
1.603179238787659600e+01
1.578885792414777356e+01
1.562792588877529099e+01
1.583338993832809827e+01
1.566067503123512950e+01
1.553261401097963557e+01
1.539218375558585450e+01
1.550905346341004964e+01
1.556463216784754522e+01
1.564683884333052966e+01
1.518133341579098783e+01
1.521757130492893850e+01
1.555275756908322649e+01
1.555591581595943040e+01
1.511415931710856597e+01
1.549697657010219132e+01
1.558862914667633071e+01
1.622688004600134093e+01
1.526600862698611216e+01
1.503032624877595325e+01
1.528712725636035330e+01
1.520589395346977035e+01
1.567032481940226951e+01
1.552068114726019132e+01
1.610256901323391077e+01
1.614035413275796316e+01
1.580277907699837314e+01
1.582527093656778661e+01
1.660946535324578122e+01
1.648971044535941743e+01
1.612715618198228995e+01
1.537322960761481916e+01
1.544915704819519320e+01
1.591983397320793614e+01
1.586926142645420157e+01
1.561421732366497750e+01
1.536136246074408795e+01
1.484431607856398472e+01
1.490257937959948187e+01
1.446638797711966262e+01
1.451792620254968469e+01
1.454849018910175218e+01
1.476333411899269699e+01
1.543978363976289181e+01
1.502224492472698181e+01
1.548217172402050856e+01
1.548726105547869736e+01
1.495809977249494693e+01
1.478512608908835091e+01
1.481905304423904823e+01
1.545426067103046996e+01
1.554489550344919913e+01
1.526677579041506227e+01
1.531532744472301388e+01
1.549617529202371813e+01
1.551502075709540662e+01
1.602993499723156745e+01
1.575831259829491771e+01
1.556388010239879094e+01
1.538209343163131493e+01
1.552672688346335228e+01
1.546342698861225173e+01
1.543534698355236578e+01
1.502034830471051485e+01
1.462994497548036854e+01
1.500202602833474863e+01
1.541141189084483187e+01
1.539601422612293824e+01
1.582282736813770008e+01
1.556678523054638497e+01
1.505341336717824952e+01
1.588102445521037609e+01
1.469825862751393153e+01
1.454080598732666552e+01
1.464430779394495019e+01
1.443197723274197308e+01
1.504565330935070300e+01
1.519143675630726520e+01
1.549286168401124719e+01
1.533243449740812459e+01
1.615840924221902952e+01
1.596767551762548187e+01
1.586747463719090945e+01
1.548875711295496060e+01
1.624952878712765525e+01
1.612519076530498552e+01
1.639084012286011216e+01
1.654472723028218084e+01
1.615773059885419016e+01
1.597016991144696263e+01
1.543480879227529634e+01
1.526448946923844296e+01
1.537650436330139669e+01
1.495853751508758478e+01
1.521629150191170332e+01
1.518240089813765081e+01
1.583059533842112288e+01
1.531838939678789302e+01
1.596018022094567002e+01
1.661786642321585106e+01
1.630593994542006797e+01
1.634349917516750494e+01
1.631143473703601998e+01
1.633217792665415047e+01
1.563566624112532821e+01
1.530971229358954311e+01
1.585642588852583934e+01
1.563183602981145270e+01
1.499660436445946310e+01
1.470304874837517062e+01
1.450910723701803740e+01
1.452192567434982529e+01
1.477716925976451279e+01
1.453129891025459841e+01
1.434762255934329822e+01
1.537416585038052474e+01
1.589340428180719833e+01
1.638537859260954477e+01
1.585127953902228271e+01
1.612541105987955703e+01
1.606899916725148714e+01
1.592213604921953873e+01
1.577961818327435495e+01
1.549447892266009674e+01
1.591062949573828789e+01
1.550353667878151498e+01
1.550231407691296504e+01
1.551832842043190119e+01
1.543987773702014721e+01
1.520229728290371973e+01
1.562619446057823858e+01
1.523591952311109310e+01
1.528383023234685112e+01
1.494939700514053094e+01
1.554274685210965856e+01
1.533266519403681727e+01
1.530966516470297378e+01
1.568348999030632740e+01
1.550676767477420093e+01
1.561848032338023096e+01
1.516633246874846996e+01
1.543820834287951627e+01
1.544194086189936499e+01
1.555394920876441667e+01
1.618091137181059835e+01
1.643024242113079225e+01
1.685590964739505537e+01
1.652671952918499088e+01
1.693660806325118884e+01
1.599293677304303252e+01
1.575998103954282215e+01
1.555528294904074649e+01
1.504181666986679744e+01
1.491468664143729050e+01
1.450005773089903016e+01
1.436683028146292074e+01
1.437757442622750048e+01
1.456199145496293212e+01
1.484311091876825017e+01
1.427589195032186176e+01
1.434823514339570139e+01
1.471551751693065313e+01
1.463189295486322905e+01
1.488043738274303607e+01
1.511894019931828304e+01
1.480375169735495611e+01
1.483915309317505660e+01
1.504011364678288309e+01
1.542708748235586036e+01
1.543346832934066626e+01
1.576498153759901832e+01
1.532158865557407168e+01
1.524095444584568071e+01
1.492069760519046184e+01
1.574043724326799065e+01
1.555890222295546899e+01
1.566954471099039914e+01
1.560210118932897316e+01
1.540613686815292915e+01
1.584431715038120636e+01
1.602056865683806919e+01
1.608551310883637342e+01
1.572717541347808101e+01
1.586226454706346978e+01
1.591700294173539199e+01
1.564626524776888949e+01
1.542591104485751252e+01
1.540771193078054324e+01
1.537715498625558475e+01
1.516635550450445358e+01
1.543755521350285065e+01
1.555993038877876522e+01
1.525075022828458415e+01
1.555923691510833429e+01
1.530261333592167716e+01
1.588273416864108434e+01
1.551867960664055701e+01
1.476091813510502604e+01
1.486249315550253414e+01
1.504825461908153628e+01
1.503053805656801956e+01
1.484394748950562359e+01
1.462418167793197021e+01
1.486106212944048899e+01
1.474313676469349588e+01
1.522669911381515462e+01
1.553991668848412999e+01
1.615707298538206516e+01
1.597385576838505017e+01
1.584255151063550393e+01
1.583717230005793475e+01
1.584060349620400210e+01
1.592873518223023410e+01
1.545388131891943040e+01
1.610329359169573493e+01
1.632861949913032262e+01
1.587418033145854679e+01
1.596825378969134057e+01
1.580499456386482748e+01
1.562294085531386401e+01
1.513979146106983897e+01
1.519403103366703611e+01
1.476572586151670841e+01
1.456420287133183322e+01
1.493857794511070836e+01
1.457467246089052715e+01
1.465750723258613064e+01
1.453384093777480324e+01
1.445540882524146120e+01
1.453068506486726719e+01
1.456963622544968828e+01
1.451171716432632941e+01
1.508844327126828055e+01
1.524720471840556613e+01
1.540993103051227209e+01
1.519874401584169732e+01
1.598612371361303630e+01
1.691746689279175087e+01
1.677028282690790562e+01
1.601376785620989551e+01
1.550383898914456715e+01
1.585509393404424117e+01
1.571857227750360941e+01
1.534684864663945092e+01
1.508569142788357631e+01
1.536415981684219112e+01
1.598540672299129106e+01
1.591391678783394070e+01
1.560781362734210909e+01
1.567310702385251808e+01
1.607493468966734795e+01
1.599542665092971028e+01
1.603589782698364630e+01
1.570873128208491387e+01
1.522435919253283387e+01
1.539527463131239315e+01
1.522328910760312226e+01
1.565117959395986524e+01
1.602352599033487479e+01
1.581338984267186198e+01
1.658617046393962013e+01
1.637616555167384647e+01
1.680447727190472307e+01
1.677773377028863777e+01
1.704231692923367092e+01
1.727108484939638444e+01
1.684049299989834836e+01
1.705953151529602962e+01
1.626643357813560442e+01
1.556951748563905369e+01
1.579485968343106528e+01
1.599405958539497163e+01
1.596444902367394469e+01
1.602595501016425672e+01
1.568324936425928406e+01
1.598663271822622178e+01
1.610395884127601462e+01
1.608404143619616633e+01
1.575859023316969854e+01
1.654125842424901194e+01
1.704540246625148825e+01
1.641926844481333347e+01
1.646863381172743601e+01
1.636261139399966780e+01
1.695740213390312690e+01
1.678150174307556242e+01
1.633824284517398340e+01
1.647665702289577538e+01
1.636683729326059478e+01
1.592013233755330681e+01
1.500292349086050159e+01
1.561548905793907771e+01
1.516306985212732528e+01
1.486879872165557259e+01
1.505178674947434914e+01
1.458814476004453020e+01
1.401388249435987987e+01
1.396734073680309685e+01
1.371954846691219032e+01
1.333764280850144424e+01
1.390771981420921755e+01
1.426873421967632538e+01
1.501478234802316969e+01
1.572554852800310599e+01
1.556983428989756568e+01
1.568021988767558206e+01
1.633980936358279834e+01
1.603372473424307287e+01
1.609526371494177965e+01
1.568275994703610721e+01
1.604958078088884577e+01
1.551742247738341618e+01
1.587713287438961096e+01
1.540026895733459789e+01
1.593425484566536809e+01
1.530321936811112593e+01
1.536382617901988823e+01
1.547839103179244091e+01
1.548937183079076263e+01
1.585253470458489566e+01
1.620184637253783677e+01
1.624128084436541286e+01
1.630539207496843090e+01
1.567729445119267773e+01
1.552126057609581622e+01
1.563617888101350495e+01
1.524310038361051589e+01
1.531208706126414576e+01
1.515005801495579618e+01
1.478149405562654373e+01
1.434065799270516273e+01
1.466932724575124602e+01
1.468020653023150146e+01
1.446640275183037438e+01
1.426688311652553942e+01
1.475277293293002501e+01
1.534408738708417452e+01
1.488175641212468214e+01
1.480374061253062834e+01
1.485448595160903729e+01
1.450754701383450218e+01
1.487728189310933402e+01
1.471647978891838093e+01
1.484091600320701154e+01
1.486427605773247507e+01
1.466479358878025074e+01
1.471776195293767486e+01
1.499721065126529673e+01
1.526118920534710455e+01
1.503421197590401093e+01
1.554713261362998011e+01
1.582817304194509589e+01
1.640746326094553353e+01
1.633011026150737521e+01
1.617091207929943408e+01
1.589882285867187051e+01
1.557834808142166771e+01
1.576381855612048000e+01
1.640750881733519506e+01
1.574757203280505280e+01
1.561299970724421016e+01
1.608233116344560898e+01
1.626991959418009870e+01
1.567728525180828392e+01
1.592016067394708756e+01
1.549225782765538995e+01
1.558411568283085913e+01
1.530232492289004753e+01
1.520398479210449061e+01
1.526719092501473796e+01
1.561240278871433418e+01
1.583537280365093380e+01
1.564704158024169267e+01
1.592125954224714057e+01
1.606643359285261496e+01
1.623847044917837223e+01
1.618238144544287138e+01
1.603470589948738478e+01
1.602098992704264191e+01
1.559632253534390323e+01
1.553578629474646711e+01
1.556553296586273483e+01
1.561985691478474081e+01
1.620490810257834724e+01
1.641880795880679500e+01
1.661401764691421690e+01
1.628603838421071615e+01
1.577878365445271314e+01
1.609179972252381674e+01
1.556558633727806118e+01
1.550617462091099164e+01
1.580485458740879956e+01
1.591174141661769426e+01
1.616430101402496433e+01
1.691506107703178330e+01
1.679000411369022316e+01
1.673539732625084042e+01
1.607008993219174542e+01
1.631579639151549443e+01
1.651039932302838764e+01
1.671237763789121900e+01
1.676664372599831765e+01
1.663481867350965260e+01
1.616480529807453692e+01
1.554926752505875420e+01
1.575670182720108059e+01
1.537779842294435362e+01
1.535790730870412801e+01
1.509341256021209787e+01
1.543987790592076159e+01
1.549057231105920174e+01
1.517097290385268238e+01
1.545622997358841211e+01
1.528668862819048613e+01
1.462722316032141023e+01
1.487652770031139582e+01
1.441952199795810330e+01
1.409626021313859745e+01
1.458011689262816546e+01
1.509234091019715862e+01
1.551561621278314540e+01
1.558949890756212575e+01
1.624231834502408134e+01
1.608943785065444487e+01
1.570125987145921265e+01
1.581779565466552739e+01
1.540628631612589849e+01
1.540073418385876636e+01
1.483827517838172305e+01
1.476676820104986554e+01
1.533915716884282610e+01
1.572962474964247725e+01
1.531210599668822070e+01
1.608841783272299963e+01
1.570973294333063563e+01
1.479223681573956917e+01
1.543423326077162905e+01
1.537106254019716545e+01
1.625435950512482108e+01
1.591905934141466794e+01
1.614964597865534657e+01
1.597529700173864597e+01
1.666550230330581073e+01
1.690955282481534994e+01
1.634940370798572218e+01
1.575430948512287621e+01
1.529350338820683497e+01
1.542303900351782708e+01
1.578779352907984368e+01
1.574492960926278506e+01
1.536400587551486652e+01
1.472389964800525597e+01
1.441004556214184085e+01
1.461644621811869804e+01
1.427435642020281037e+01
1.429066107807011043e+01
1.403402322124005508e+01
1.375130180678261205e+01
1.402535499607508740e+01
1.433267047846284292e+01
1.460221278344174856e+01
1.457220620958901414e+01
1.466906756876394446e+01
1.476883262550427212e+01
1.433018805765728310e+01
1.426904734084559223e+01
1.474561683639951859e+01
1.468075021525823409e+01
1.528308735157721188e+01
1.544374417165693636e+01
1.492015421659120733e+01
1.442015991972094646e+01
1.422729598149895835e+01
1.480174551714882369e+01
1.508285307836149514e+01
1.557882824775915331e+01
1.570281831838144093e+01
1.509814626851071395e+01
1.486072743718811218e+01
1.459074586137973029e+01
1.467108278510327679e+01
1.528146002711745588e+01
1.461532473782924058e+01
1.479588348268541331e+01
1.464845012496363985e+01
1.444030648070979872e+01
1.470741629602604128e+01
1.489095376546499772e+01
1.499506481055283125e+01
1.489312636407918511e+01
1.475907138963669674e+01
1.440877339212611474e+01
1.466730287963152257e+01
1.396081414179259106e+01
1.425375171779585237e+01
1.462477234945668059e+01
1.483503372820717736e+01
1.492771020410957128e+01
1.488733704599583341e+01
1.408426829777448042e+01
1.504015764666794297e+01
1.576572201707485377e+01
1.633663105862725118e+01
1.607209148785815245e+01
1.628458878736450188e+01
1.575538786065151342e+01
1.590277812978228233e+01
1.520597152544680242e+01
1.507212661926322639e+01
1.601434058307822283e+01
1.648947425295326141e+01
1.665534198774316010e+01
1.739124468997917461e+01
1.669949602320940585e+01
1.630798084800760606e+01
1.574664379067446163e+01
1.546979403377671503e+01
1.517281288448892695e+01
1.512339418227453436e+01
1.542377831693010215e+01
1.547822391999523894e+01
1.508020937952680640e+01
1.520997281342995677e+01
1.563110009135357004e+01
1.560343102540399229e+01
1.560203931328894811e+01
1.554304470450180631e+01
1.649188385689882352e+01
1.593258089851455672e+01
1.547735468190854036e+01
1.550024959820433779e+01
1.511252336670468743e+01
1.565124268700590804e+01
1.616574113828382764e+01
1.626869528950425092e+01
1.675124771248029987e+01
1.659614523391735119e+01
1.634215010333049278e+01
1.634914778584554895e+01
1.593951316336233326e+01
1.598121175584775777e+01
1.569301081296321776e+01
1.555945701485631361e+01
1.578300365044210274e+01
1.641831091710030321e+01
1.645819565838955612e+01
1.664267227765888535e+01
1.641448346107136658e+01
1.711178787226045372e+01
1.682212230041755419e+01
1.727375631533904254e+01
1.628254776665468384e+01
1.645026521351741167e+01
1.673456296763772500e+01
1.592673184883888027e+01
1.517137644550421349e+01
1.524129254826121915e+01
1.498064801371052290e+01
1.531617917443414889e+01
1.497239515921235942e+01
1.463050630710690925e+01
1.475267848730243436e+01
1.526577302444306916e+01
1.528595990355676371e+01
1.542007757603932383e+01
1.531431217546210632e+01
1.528774363088671429e+01
1.537504314164795005e+01
1.512670667647980594e+01
1.525682669160321936e+01
1.449594477503708312e+01
1.480204887896028865e+01
1.488139163314938784e+01
1.485033852086153061e+01
1.541674295531613836e+01
1.529794765585027072e+01
1.452298167513871974e+01
1.447403942044551428e+01
1.467055671522946270e+01
1.439402861851437265e+01
1.471953824148384449e+01
1.479320270142267368e+01
1.477757352945429403e+01
1.500276652031272917e+01
1.510025029112480865e+01
1.540194594592600730e+01
1.519453986734409057e+01
1.494297069580725257e+01
1.515691914372095361e+01
1.463741199715571284e+01
1.464408390704714336e+01
1.500030792543926239e+01
1.471804773081544404e+01
1.494512936650127344e+01
1.542001396302643457e+01
1.582701044060179107e+01
1.622558643457445982e+01
1.667987863869127096e+01
1.765250576273339789e+01
1.625250412922875398e+01
1.586810014857828932e+01
1.545145076940976381e+01
1.551641370764303218e+01
1.519541835026903165e+01
1.422190808405001050e+01
1.396815783438185221e+01
1.400554898511292734e+01
1.410107493905060316e+01
1.441949179506490530e+01
1.480368504419246989e+01
1.537529885036706290e+01
1.524894858493053995e+01
1.599630961021073539e+01
1.531182794973239503e+01
1.575776656698451816e+01
1.558947374485680903e+01
1.541747353034504187e+01
1.569979416128468586e+01
1.603567858691412340e+01
1.592696546981492922e+01
1.572590205174799927e+01
1.605858654033321287e+01
1.567430540960884855e+01
1.560546628917328249e+01
1.545639769559548427e+01
1.548272177425584850e+01
1.541137920535752315e+01
1.539134802629205012e+01
1.463378198431565025e+01
1.534738365388306747e+01
1.548941535233871747e+01
1.533227672430257371e+01
1.481466133903191462e+01
1.473033605382918054e+01
1.455542266893547776e+01
1.494535891072598943e+01
1.498298250492887362e+01
1.542398872303835766e+01
1.492249791289269822e+01
1.490921842039009348e+01
1.507935711748772079e+01
1.511000698651501040e+01
1.510858271042236112e+01
1.522565773512387821e+01
1.544589985178374469e+01
1.479587637479882112e+01
1.471490512603905643e+01
1.425875873235615821e+01
1.476390790415247345e+01
1.439141525703515256e+01
1.453910603911221955e+01
1.490001091553683388e+01
1.465516319663504419e+01
1.475917018424487814e+01
1.504234265546265092e+01
1.469555204204983312e+01
1.462331014394750639e+01
1.471691112875479313e+01
1.526553933036539412e+01
1.497070994148485212e+01
1.491902068643280899e+01
1.577467706708484130e+01
1.502775051417086161e+01
1.501806916324708219e+01
1.502089954874730893e+01
1.517713784853115300e+01
1.575712997369721258e+01
1.588084278918982228e+01
1.519627267601091525e+01
1.553167478526685130e+01
1.613733298693730234e+01
1.579910105688680488e+01
1.570179474545893150e+01
1.587477757652709265e+01
1.571479276625251487e+01
1.579554384421353141e+01
1.527351436631600912e+01
1.600697488605682750e+01
1.614964139908773078e+01
1.575168378360345400e+01
1.566877645742909664e+01
1.517590628161708821e+01
1.572965562891963387e+01
1.549390938479470137e+01
1.575564969715641794e+01
1.579426965124651971e+01
1.562829094095931914e+01
1.556706434427831809e+01
1.618652818702354423e+01
1.533431855392929499e+01
1.563674924380710252e+01
1.548340000771533198e+01
1.527466776749338351e+01
1.481106049678498593e+01
1.536332912124320060e+01
1.593257893531756864e+01
1.514572996743562960e+01
1.536103031402980434e+01
1.540799737164607919e+01
1.540896376077987107e+01
1.576534160684308894e+01
1.587765848059840579e+01
1.549193260003402628e+01
1.539052546324253079e+01
1.493547258808055922e+01
1.561881065112962652e+01
1.630337642017043009e+01
1.693865551475182230e+01
1.624542350876395247e+01
1.659293208413420828e+01
1.688098033320932601e+01
1.634496619953948482e+01
1.641481446668049671e+01
1.583820073244322302e+01
1.530245678129526432e+01
1.564321525831747728e+01
1.541197518329671112e+01
1.576808879420819132e+01
1.607528504422101534e+01
1.604633755495766323e+01
1.612697363467450629e+01
1.594904230479615492e+01
1.624381855913526351e+01
1.632930303848461406e+01
1.644344020637995740e+01
1.715350561402628671e+01
1.744135356156502681e+01
1.741137268091902968e+01
1.704967836662104474e+01
1.694153609946305750e+01
1.678709573519294196e+01
1.701126037031650995e+01
1.693507589774060662e+01
1.725165283946122941e+01
1.701308611076613175e+01
1.652520833336939887e+01
1.700116853769663194e+01
1.717018996114551399e+01
1.688706972455192101e+01
1.746461626623209185e+01
1.742973241829668041e+01
1.705734157965786224e+01
1.735963046860923598e+01
1.665417009820764349e+01
1.589357767021141576e+01
1.588852151067301399e+01
1.528445073264832743e+01
1.499032165148427431e+01
1.451291123438723929e+01
1.477759670790566382e+01
1.489172018537088427e+01
1.465647792543900785e+01
1.511006242153620072e+01
1.517165674151640253e+01
1.582828815884404783e+01
1.583966843902228661e+01
1.598680854813509633e+01
1.553572917603280068e+01
1.538513740169275579e+01
1.612237307322796909e+01
1.628432410038092115e+01
1.610572743695336229e+01
1.594918806885871376e+01
1.608283173042463687e+01
1.649977191564314083e+01
1.704345912373997507e+01
1.711756749003887279e+01
1.655536750007016877e+01
1.675036446246038224e+01
1.662439627069316472e+01
1.596133174303401603e+01
1.629599949856514485e+01
1.577692291493386101e+01
1.579966041515728215e+01
1.664703723337328967e+01
1.607717713955953442e+01
1.559611016073363920e+01
1.640562225194016577e+01
1.653216645082704872e+01
1.588554395885566173e+01
1.559909018939830183e+01
1.456515967502775943e+01
1.411807095599854200e+01
1.351361678209001127e+01
1.381308623655921686e+01
1.402720575016665450e+01
1.402736415193351860e+01
1.432099345925123934e+01
1.419984054990377587e+01
1.406432511624037751e+01
1.483524628298542858e+01
1.503828581267712217e+01
1.511666330610490938e+01
1.508317875766392824e+01
1.591387548632375193e+01
1.562283030800829131e+01
1.556767755672442988e+01
1.537251403211076273e+01
1.600023557799372398e+01
1.628396305567778057e+01
1.539052415051046019e+01
1.610247497007999939e+01
1.591660323656119047e+01
1.645946773293944076e+01
1.580219366395726155e+01
1.599653613114544726e+01
1.601921039485063858e+01
1.597004399946013642e+01
1.586783453324610527e+01
1.584291623895150103e+01
1.650857436252212906e+01
1.641083844300804273e+01
1.588174718532473229e+01
1.647760059643256980e+01
1.604604568069595771e+01
1.572443335968410949e+01
1.610949406958692975e+01
1.666369391256145605e+01
1.671899072571590494e+01
1.687087959338389709e+01
1.676192950033700768e+01
1.567090973087464612e+01
1.573864203022958641e+01
1.577339318510366262e+01
1.586677944385988326e+01
1.619895440850492108e+01
1.560875372742991729e+01
1.599000961260192533e+01
1.630513097247111176e+01
1.612455939292523510e+01
1.599968195751623767e+01
1.614034637343952028e+01
1.598871808453477783e+01
1.593420100512665272e+01
1.524862472668012892e+01
1.488337704001031625e+01
1.513833065024159907e+01
1.514991616572637056e+01
1.582893681170440736e+01
1.550421618423272108e+01
1.567045222064556143e+01
1.571831496049204269e+01
1.645147864555419659e+01
1.628699585232704905e+01
1.621614732327466868e+01
1.577922990245195933e+01
1.647472725265705407e+01
1.538756643842289229e+01
1.665482715576320416e+01
1.601988762766003305e+01
1.575355509245515506e+01
1.546589127783608042e+01
1.547866236565916864e+01
1.497088879460702238e+01
1.503823025384474299e+01
1.531078478605699011e+01
1.546928154890846585e+01
1.613571128367452800e+01
1.581818340785006072e+01
1.546389097293289616e+01
1.596862990427927720e+01
1.636051569613379186e+01
1.629110239837327967e+01
1.616584235945757086e+01
1.654442421472882785e+01
1.604380087338548577e+01
1.592460395957182229e+01
1.602139156095431360e+01
1.649495807624312604e+01
1.712256978654103889e+01
1.692460736831348811e+01
1.673415433077587977e+01
1.687322854018355756e+01
1.712168414769166347e+01
1.647594950469459008e+01
1.571356766138419836e+01
1.612474780592215495e+01
1.556362176113950113e+01
1.607196022415719838e+01
1.568251060255926355e+01
1.637280878770847892e+01
1.610905157815632194e+01
1.650087794052445744e+01
1.663096979897616379e+01
1.639232032410396656e+01
1.717700431680246353e+01
1.654821144791762677e+01
1.721654769421432363e+01
1.659499752259085881e+01
1.729432648053041888e+01
1.710825401136972346e+01
1.672686386815553305e+01
1.668194546962629943e+01
1.606358593255557565e+01
1.618301523298944744e+01
1.580466595737320112e+01
1.516032705808699710e+01
1.474747491674597200e+01
1.446374439848289306e+01
1.455997894990578878e+01
1.480696742883579198e+01
1.525166927969810793e+01
1.538258022686778936e+01
1.518316845575997398e+01
1.544074317347548586e+01
1.550015401146720428e+01
1.584333659332587274e+01
1.591534475929405446e+01
1.581019877800102691e+01
1.653003782933937771e+01
1.564071733199770975e+01
1.593925799435967861e+01
1.626038525947010882e+01
1.574917706054283073e+01
1.577398970466543204e+01
1.660760555678263728e+01
1.622031248078424071e+01
1.632633129479742351e+01
1.679406237881823927e+01
1.579683032401842802e+01
1.551788775340309634e+01
1.551578140790886096e+01
1.549361941555788746e+01
1.626092356219508517e+01
1.569032188116213078e+01
1.567261056940543895e+01
1.589409270637336746e+01
1.545871582796404553e+01
1.501997964660941243e+01
1.459305599141765164e+01
1.447703572784353909e+01
1.417646006225897182e+01
1.456218816740404876e+01
1.462060541533372238e+01
1.415388637962821683e+01
1.457237643345151312e+01
1.466372996886508595e+01
1.478351498633188754e+01
1.499335128826676922e+01
1.473586535580296086e+01
1.448776387996092652e+01
1.474427271348018387e+01
1.536274919652325366e+01
1.548055669727492756e+01
1.579339626956673293e+01
1.577729061464928151e+01
1.568917403616836026e+01
1.607757157574600626e+01
1.571483151336938811e+01
1.532072720840567470e+01
1.611143479884400165e+01
1.570376495999817301e+01
1.512366139102940643e+01
1.569106952668949084e+01
1.571655703869199527e+01
1.635231152745675942e+01
1.562299467190195479e+01
1.608429740787676820e+01
1.637280390109454942e+01
1.611847820703147960e+01
1.594002153411776845e+01
1.588182822740169797e+01
1.559037408976214500e+01
1.549741321296832908e+01
1.562857785874748018e+01
1.542193710226390202e+01
1.526686632892652185e+01
1.483493291752446375e+01
1.450089163495960065e+01
1.423041639496150701e+01
1.430563833285271969e+01
1.468854715899924379e+01
1.481719188410670363e+01
1.498460204293986031e+01
1.495821279697099548e+01
1.543720342526601463e+01
1.581295724125829238e+01
1.540599091987053804e+01
1.588146831361832234e+01
1.590829728485732097e+01
1.628740236438861544e+01
1.605254438289168917e+01
1.598801653122003685e+01
1.584794849143325379e+01
1.607411424659484922e+01
1.630405059724576944e+01
1.576676324081709701e+01
1.538835954832339858e+01
1.515621071722182123e+01
1.524415115819444821e+01
1.539209295232449293e+01
1.527475269180590800e+01
1.538563668137121709e+01
1.532967165868416792e+01
1.539706073007276288e+01
1.502983563560338354e+01
1.461510269954646191e+01
1.441115409494412170e+01
1.463148069721964895e+01
1.477220958252312677e+01
1.489080099200812235e+01
1.495536941878969017e+01
1.440507389458027454e+01
1.532853971444848540e+01
1.520729432394495362e+01
1.494877049010334247e+01
1.519264892387278287e+01
1.525326791614574518e+01
1.513747112596025879e+01
1.602246187965485547e+01
1.591708703277263304e+01
1.602937452818676078e+01
1.543372759810031525e+01
1.495930061237216790e+01
1.475391572974248078e+01
1.531159022952828863e+01
1.501762632965842847e+01
1.433733710544869311e+01
1.421723852021359669e+01
1.420408403427294708e+01
1.384627103109123247e+01
1.444471705121633143e+01
1.484965328323706046e+01
1.511036057849516645e+01
1.506295331897247536e+01
1.518067171444001673e+01
1.581432352994885626e+01
1.585341396147765991e+01
1.584932146945736342e+01
1.544830254955846449e+01
1.545489401285555253e+01
1.505986642487303051e+01
1.463455295881574969e+01
1.427055331161756335e+01
1.464672874679050452e+01
1.472063799255012739e+01
1.444676679513870354e+01
1.436107363821915150e+01
1.446673164119492583e+01
1.471372826573778170e+01
1.510264427961266165e+01
1.512402943714062609e+01
1.429718054254317749e+01
1.458636089242790668e+01
1.530872476196858223e+01
1.551149414173609919e+01
1.479636956085943922e+01
1.465684773329686408e+01
1.556817769670369067e+01
1.525513279080051099e+01
1.457819183895485438e+01
1.462796591871989804e+01
1.445905510632813495e+01
1.470915492100873578e+01
1.433146668988997519e+01
1.459456925459614496e+01
1.492377245387838158e+01
1.456671304348504137e+01
1.474363562315789977e+01
1.473768986489404575e+01
1.524571515600491622e+01
1.524318041316801420e+01
1.488560085658799181e+01
1.479989938273859273e+01
1.532336381032430772e+01
1.511255099940597013e+01
1.530190143152929139e+01
1.508723735887031658e+01
1.565539939945419157e+01
1.624653798605731225e+01
1.668746493623885385e+01
1.635080369157849134e+01
1.619724841123378667e+01
1.585479469850176493e+01
1.616190461333889061e+01
1.657884144463239906e+01
1.661342226035712244e+01
1.631993367148042395e+01
1.699103113889506034e+01
1.681736435593346712e+01
1.714482025084281247e+01
1.683567661826810991e+01
1.647853245563825908e+01
1.677045485841421169e+01
1.561480363618527001e+01
1.596779235787708373e+01
1.620623772333851065e+01
1.626020464748048155e+01
1.565484275768493738e+01
1.526351775749040307e+01
1.555806538264752348e+01
1.576367923625777756e+01
1.557511070275941911e+01
1.585684361643125406e+01
1.602950007072400140e+01
1.596600526142803211e+01
1.671032025244448604e+01
1.712207676435072656e+01
1.645981169722405468e+01
1.618328602721083698e+01
1.549000083526109250e+01
1.547564116512837096e+01
1.560159029749812731e+01
1.551311994667635119e+01
1.557716283881826591e+01
1.518490648606522520e+01
1.588426607605129171e+01
1.507790477447868227e+01
1.482570670648587097e+01
1.451867796260561327e+01
1.492359272279704108e+01
1.496784400089075007e+01
1.560928924120018557e+01
1.569326000308063129e+01
1.507146268391653265e+01
1.554875519566265574e+01
1.550030486541411356e+01
1.551915960812547546e+01
1.566885934956492399e+01
1.616905720584150075e+01
1.554703594000326206e+01
1.590065300599176190e+01
1.546091117450448316e+01
1.528757242357893631e+01
1.539977641687559995e+01
1.597116344962990730e+01
1.547671980177215012e+01
1.526882522112448548e+01
1.507098996678817926e+01
1.536998558881015242e+01
1.555256329618936562e+01
1.579432374442459874e+01
1.532749105477867779e+01
1.521783799269071835e+01
1.555815624472690573e+01
1.618756108253237613e+01
1.634941213870540722e+01
1.647254484959636045e+01
1.636065293073686533e+01
1.712360439391141043e+01
1.698955850610789753e+01
1.676741625958794657e+01
1.608678415888794788e+01
1.626143900358226446e+01
1.552585308137940778e+01
1.611401852113412048e+01
1.543239714690821529e+01
1.540781529083804635e+01
1.598527863900233470e+01
1.627415959004197887e+01
1.610215660086947054e+01
1.627841441190119198e+01
1.641879518666917903e+01
1.687189933831109911e+01
1.604693328591915957e+01
1.553960950447888223e+01
1.593657617463499321e+01
1.656196976931588694e+01
1.604131431760369253e+01
1.575460520473531290e+01
1.623041155129137536e+01
1.671087381718727016e+01
1.627054460965785410e+01
1.644756675759315456e+01
1.767973392825187062e+01
1.783602993336107190e+01
1.686743270400773298e+01
1.728102644433132440e+01
1.744648079995979018e+01
1.680522450879005802e+01
1.656715656288934113e+01
1.670550815763688846e+01
1.656967295539901031e+01
1.628692664159084558e+01
1.682388117348675038e+01
1.652518101467932610e+01
1.628529505482365991e+01
1.533339931091405184e+01
1.627159000252377297e+01
1.518487195744863527e+01
1.531071709900523459e+01
1.520092964766787524e+01
1.541866435854270456e+01
1.508525232515063585e+01
1.522011610189508701e+01
1.442235727734157358e+01
1.443500415023779659e+01
1.445783581822045782e+01
1.486771718999082381e+01
1.468518413851765736e+01
1.501821838360793571e+01
1.486104044392295975e+01
1.604492187620970611e+01
1.629356518523490394e+01
1.575397225808021950e+01
1.593812419146548898e+01
1.584622326407714432e+01
1.554893201068941977e+01
1.573616984875007496e+01
1.621006709428905523e+01
1.586378424621824657e+01
1.631343870679370411e+01
1.581556758730852330e+01
1.599945413779417258e+01
1.542357753145709509e+01
1.576358872708442682e+01
1.585444225717704470e+01
1.575569157518607888e+01
1.574217736778197896e+01
1.562424199492079246e+01
1.576260570835424168e+01
1.546215584100200857e+01
1.483522427049316406e+01
1.441211111818015134e+01
1.482683597347750037e+01
1.527293167765895809e+01
1.519247967748618322e+01
1.588550454394978573e+01
1.517014879521898330e+01
1.547846189861959765e+01
1.553219720795693171e+01
1.529261299028388699e+01
1.520403373522314361e+01
1.525780156205102145e+01
1.484820034737345651e+01
1.508302532232931625e+01
1.537337334713499182e+01
1.560889216975775362e+01
1.582961728230044685e+01
1.552393216583339530e+01
1.511067592152104666e+01
1.531003491983692122e+01
1.509688768424902960e+01
1.532592122704996740e+01
1.459552555733206169e+01
1.556502255720217853e+01
1.546571467425635049e+01
1.563536128494764732e+01
1.543142168113287127e+01
1.556494261328509232e+01
1.629773563567310291e+01
1.645753777048244615e+01
1.553500359793512864e+01
1.576360169435728764e+01
1.561103331293596774e+01
1.611909964667865580e+01
1.574236703456493025e+01
1.532864239837460474e+01
1.568309040683444344e+01
1.572009322800452580e+01
1.570439599812702269e+01
1.546516075148144687e+01
1.503191145647262950e+01
1.507969531048024514e+01
1.535886336044200640e+01
1.493554894604267247e+01
1.527343340625414747e+01
1.479219374134156162e+01
1.513692356251306670e+01
1.583320711939754943e+01
1.593355622404327043e+01
1.601207721850931520e+01
1.540985352255705187e+01
1.527812963013214542e+01
1.626142273366596314e+01
1.599541275969572318e+01
1.519324866174428834e+01
1.513265183113962031e+01
1.473431672413446769e+01
1.555198181156051618e+01
1.538502211356313332e+01
1.525652792495168519e+01
1.541507221847033726e+01
1.499445534278471825e+01
1.529840708428237050e+01
1.558209859098587202e+01
1.488701349312632694e+01
1.521098817549780158e+01
1.449284748314529025e+01
1.442720422477864695e+01
1.434766895847173807e+01
1.484355215515798854e+01
1.531197231098851397e+01
1.541454760074755548e+01
1.489725503148326524e+01
1.505069253762280823e+01
1.586624128699471825e+01
1.568948475537937171e+01
1.623723235738179582e+01
1.587195069053682062e+01
1.607145326611084712e+01
1.644193511058248447e+01
1.613308145288419482e+01
1.578896121669828290e+01
1.526990217668032734e+01
1.478367214739797042e+01
1.455898631060055592e+01
1.443966981691630203e+01
1.465198399169744192e+01
1.473413069373006934e+01
1.546594933883218381e+01
1.518738718158665435e+01
1.517328370007323457e+01
1.582566863049858341e+01
1.582441534123289806e+01
1.594130994677793822e+01
1.612554290465720186e+01
1.612014298075310137e+01
1.604605198765653995e+01
1.585459540464096584e+01
1.494335815085155872e+01
1.532293186684728603e+01
1.504832421559128974e+01
1.507653210983046144e+01
1.564857726048910536e+01
1.532584581070352492e+01
1.606553014965152926e+01
1.682685930541943620e+01
1.656683647174539686e+01
1.637467328904253350e+01
1.620729694852784064e+01
1.618381393773853461e+01
1.627082924281415544e+01
1.687352737290171234e+01
1.661131439405545152e+01
1.635803314998138802e+01
1.653646753045384088e+01
1.623342641901746219e+01
1.635118304783437537e+01
1.666957524762799636e+01
1.665875655058920657e+01
1.674905199013712931e+01
1.557212261327856773e+01
1.525200067849338659e+01
1.565068944527117800e+01
1.580102994068893274e+01
1.594632296992711851e+01
1.514280314081848999e+01
1.531086390792210494e+01
1.534421962531757622e+01
1.566737085827456610e+01
1.615574541891782445e+01
1.587925792184712215e+01
1.587251443723901190e+01
1.622462686349199146e+01
1.555124294186145306e+01
1.574961841503209037e+01
1.604802370092126296e+01
1.588748812314397441e+01
1.541457650486050035e+01
1.541899424484415881e+01
1.542895934116021017e+01
1.513071001624071954e+01
1.513222245445530412e+01
1.517730485511708771e+01
1.467724661678315989e+01
1.442784954742728765e+01
1.505690938987905270e+01
1.480539937459274746e+01
1.503406891211652940e+01
1.531840804231195818e+01
1.503490950545374361e+01
1.560659537703938149e+01
1.560099086901529120e+01
1.534954656824932329e+01
1.520309880581002560e+01
1.451955060956595922e+01
1.478695925727815386e+01
1.528266387998172782e+01
1.548772055037589368e+01
1.526423276142208962e+01
1.552032011288585878e+01
1.590470920686727752e+01
1.542897305341932324e+01
1.640034750097509075e+01
1.655772991287519247e+01
1.695181994936467618e+01
1.716461673126704568e+01
1.668021209615787726e+01
1.676048426718473650e+01
1.598695287664193820e+01
1.604846368011061486e+01
1.568062579122691247e+01
1.540831887213060014e+01
1.525030264614846942e+01
1.554159473375988654e+01
1.536303862088381145e+01
1.524770672208900280e+01
1.646658107939297011e+01
1.564751623428501226e+01
1.629428226746852459e+01
1.560123449160363229e+01
1.617410890855201799e+01
1.628800610309756891e+01
1.636129886936691591e+01
1.562132890264539675e+01
1.471548121312403445e+01
1.309109742710488078e+01
1.285791529007597411e+01
1.290983618840328617e+01
1.293269607754748485e+01
1.332441192914470385e+01
1.345600131336231442e+01
1.397280536725627798e+01
1.372136245119946985e+01
1.344944430692390647e+01
1.414800336144549497e+01
1.422001051385433357e+01
1.440417193073235325e+01
1.398868115595169037e+01
1.355371736046082454e+01
1.433949975599710314e+01
1.418206699087623512e+01
1.440061765624654377e+01
1.410167515978119646e+01
1.492308487746255885e+01
1.490515577871287078e+01
1.481730546080038202e+01
1.464101085102576860e+01
1.467028367920229925e+01
1.531398499808738300e+01
1.559638423867203016e+01
1.623620247037159459e+01
1.585250308054605028e+01
1.534308083316911286e+01
1.536665176906810615e+01
1.576178991783972627e+01
1.592970188100545847e+01
1.596558093899159658e+01
1.595110344055251872e+01
