1.666666666666666574e-01
2.013422818791946178e-01
2.449852022361065362e-01
2.866109969651844391e-01
3.220326354220997001e-01
3.447725699148078138e-01
3.704063573585036351e-01
3.866620192866271899e-01
3.970278637770897623e-01
4.057311310530194448e-01
4.072458607797757035e-01
4.103877431819202837e-01
4.137596899224806335e-01
4.187858709346274355e-01
4.154392855472950896e-01
4.196996092094731345e-01
4.174574837921638526e-01
4.144880427211516394e-01
4.140201214706291655e-01
4.184886485478532259e-01
4.225037965072133694e-01
4.217511696744008498e-01
4.222486898523106214e-01
4.259348264923579763e-01
4.183202474423031170e-01
4.134610954991477239e-01
4.160457142857142965e-01
4.254128051935832655e-01
4.172312292669251854e-01
4.154822685249068837e-01
4.168944905240721255e-01
4.182539682539682668e-01
4.250522118853237163e-01
4.240610215313314613e-01
4.194027704548722868e-01
4.170122525918944500e-01
4.124206793579693886e-01
4.149656708109111247e-01
4.150608874166005768e-01
4.192168476472523664e-01
4.227408047632766896e-01
4.238193219674701306e-01
4.248804299590749900e-01
4.248507867607162480e-01
4.212275215011727636e-01
4.211088455189824220e-01
4.199932259157110326e-01
4.251310934161973143e-01
4.298575385833003359e-01
4.243352772561035935e-01
4.267353446161393227e-01
4.231744174709954343e-01
4.196176146437299304e-01
4.166469837970617207e-01
4.149605932005782649e-01
4.168955084942983502e-01
4.171425874356917141e-01
4.173105180831397920e-01
4.128564749883122942e-01
4.126683014852172149e-01
4.085194565968224834e-01
4.157782515991471084e-01
4.204161310289006304e-01
4.228275595122895081e-01
4.193985107823228198e-01
4.183775544229028642e-01
4.194120750011988696e-01
4.228911005894289143e-01
4.240667976424361552e-01
4.240927320747334694e-01
4.200648188458375731e-01
4.244517437928702619e-01
4.166305760069294317e-01
4.171148221530333045e-01
4.157076424444549057e-01
4.173332078667544853e-01
4.178374786405923413e-01
4.158710653180829886e-01
4.219232780339401967e-01
4.192573402417962281e-01
4.200066404211924564e-01
4.175568532497744845e-01
4.213054128043802193e-01
4.192879197221149878e-01
4.170717758078352766e-01
4.224673635531576710e-01
4.208931887032150709e-01
4.250012445860506527e-01
4.228204742567804875e-01
4.208417824818240227e-01
4.186720361457617057e-01
4.190064794816414917e-01
4.203371397498640305e-01
4.174929702530709164e-01
4.139656931823703645e-01
4.189694526734981106e-01
4.248577986228919134e-01
4.197136728687584362e-01
4.167073527975783676e-01
4.181296503428488243e-01
4.183929537961915135e-01
4.203055692459339299e-01
4.227799227799227677e-01
4.220379382262389734e-01
4.234327841274553306e-01
4.233037617088764581e-01
4.221289207211657013e-01
4.249311294765840130e-01
4.181586928871930398e-01
4.147189491983774290e-01
4.173450818887080027e-01
4.187548562548562558e-01
4.209755383037937504e-01
4.236411973217802385e-01
4.218185418007226462e-01
4.206248163744981117e-01
4.196419932268988795e-01
4.212634525360745008e-01
4.180367272377655818e-01
4.215986231953341434e-01
4.210551604843359441e-01
4.223617367967027469e-01
4.229106628242074728e-01
4.212925202705944394e-01
4.233184716429359007e-01
4.216288897426047066e-01
4.160150730098916561e-01
4.238304300618420672e-01
4.211983767008832813e-01
4.200492004920048927e-01
4.210451238647710537e-01
4.158950979931381187e-01
4.206640331075996997e-01
4.214104466893283107e-01
4.253483102733452426e-01
4.273437879302811049e-01
4.290227048371174634e-01
4.278130069311311123e-01
4.228715658673914968e-01
4.169350255730251975e-01
4.166549904254822079e-01
4.137851544490548372e-01
4.150683041258451667e-01
4.120181509831782329e-01
4.166359616801768584e-01
4.134872979214780364e-01
4.194789955409528037e-01
4.183071330784119413e-01
4.196564885496183450e-01
4.210450829468853073e-01
4.215325853425638813e-01
4.234762545664295108e-01
4.253992987923646552e-01
4.248478303553897550e-01
4.245531790213887824e-01
4.285007911392405000e-01
4.198949767165361946e-01
4.194549510231791456e-01
4.204071740184197603e-01
4.136645962732919402e-01
4.168493281235108872e-01
4.165464859148158561e-01
4.137616878446415680e-01
4.184104434632366920e-01
4.147327876745305897e-01
4.140075195218355097e-01
4.138762906494258265e-01
4.117253571599216455e-01
4.173239638606052182e-01
4.208531726751530422e-01
4.180664062500000222e-01
4.170340584274017659e-01
4.173457508731082677e-01
4.234415680110035773e-01
4.211783439490445757e-01
4.316347124117053680e-01
4.214795918367346683e-01
4.201348988258805650e-01
4.194193193743441239e-01
4.204797419875025422e-01
4.241617609418991686e-01
4.283711511501116509e-01
4.244005787515502393e-01
4.262853603138550551e-01
4.203467618561957941e-01
4.252897034049721858e-01
4.264162721739582773e-01
4.284074904804131001e-01
4.316090130117423151e-01
4.280738786279683628e-01
4.242455560148821747e-01
4.199165054475104131e-01
4.244542369447398822e-01
4.251583337624221248e-01
4.264904095386210514e-01
4.207608193439087985e-01
4.200264711871309342e-01
4.205674485301649224e-01
4.206992003280705106e-01
4.201286107992242558e-01
4.143559588381406367e-01
4.166374868690910782e-01
4.196290185490725300e-01
4.192063253765700992e-01
4.235867743410026143e-01
4.292952794581458842e-01
4.282295406066281562e-01
4.244826521157211707e-01
4.213205722140202503e-01
4.198889500275123643e-01
4.209031100478468623e-01
4.224556139034758573e-01
4.198473282442747867e-01
4.224636587696796175e-01
4.187415119963784349e-01
4.195629344401660132e-01
4.196424099764611837e-01
4.127109444389618353e-01
4.153204026516081337e-01
4.148512417014998954e-01
4.150961915979584083e-01
4.189002759164367484e-01
4.169968304278922622e-01
4.253144260159342771e-01
4.223874516194744411e-01
4.232260663745782137e-01
4.316435459749368153e-01
4.269989615784008374e-01
4.238259458362917398e-01
4.222233355042332437e-01
4.208642036696335076e-01
4.246726533888526833e-01
4.215799808670258053e-01
4.244010469096033966e-01
4.237211179497528124e-01
4.253881831014317272e-01
4.215764729418825518e-01
4.185050226511719540e-01
4.220319691196119938e-01
4.240196078431372473e-01
4.211972816310213807e-01
4.196903963715243324e-01
4.200701269198479082e-01
4.219199841159535502e-01
4.187282662692498603e-01
4.244066435847257956e-01
4.237942775829648956e-01
4.234652665589660470e-01
4.253973074197793247e-01
4.238695630158488825e-01
4.232551112901601353e-01
4.233233233233233417e-01
4.254964377747461057e-01
4.276540441363844702e-01
4.309679411310657349e-01
4.232941535643413022e-01
4.224513287623242186e-01
4.247189878522102946e-01
4.255416539517851704e-01
4.270031804657843377e-01
4.299050879103780698e-01
4.218152135095148414e-01
4.247729566094853859e-01
4.239792809262644679e-01
4.211190788809210939e-01
4.202324882252730931e-01
4.219086223289796322e-01
4.229026085204954932e-01
4.202891250692590286e-01
4.159607668301382177e-01
4.156239265910987024e-01
4.134198078704832691e-01
4.103528050896472212e-01
4.147001934235976517e-01
4.182466214543834604e-01
4.198507686914717540e-01
4.184048470401271480e-01
4.172936052266877915e-01
4.153973833235696245e-01
4.190863242422758761e-01
4.188813962713209271e-01
4.227181544633901722e-01
4.229581244619980973e-01
4.269169940309167632e-01
4.247887323943662086e-01
4.224930185326224996e-01
4.230575430817293259e-01
4.269217072798494050e-01
4.241593010261099361e-01
4.232742418855082178e-01
4.271271682233398481e-01
4.271393515376181171e-01
4.252891447539027814e-01
4.258523753030380998e-01
4.256492168178070967e-01
4.203393284760788551e-01
4.246533751644570587e-01
4.223360655737705138e-01
4.185308343409915310e-01
4.223269006736564690e-01
4.242346808401901148e-01
4.254449503311258374e-01
4.218523127981746446e-01
4.270457044133815216e-01
4.195198329853861985e-01
4.199022885060426646e-01
4.226830916367794733e-01
4.209648848598520621e-01
4.209817729908865158e-01
4.212401259744953386e-01
4.195485607786291204e-01
4.216674419806688556e-01
4.161331626120358673e-01
4.150771565899317173e-01
4.199715273540776672e-01
4.182571764826280569e-01
4.227903125646864102e-01
4.190246207149981861e-01
4.200270214092703958e-01
4.193983402489626644e-01
4.174636819521274078e-01
4.243998752987633849e-01
4.236947791164658583e-01
4.192402152897528600e-01
4.187189569536423628e-01
4.180484529159563811e-01
4.155382793595222002e-01
4.132655680476410298e-01
4.176072234762979729e-01
4.214733542319749060e-01
4.144675566594225313e-01
4.200466200466200228e-01
4.247374562427071454e-01
4.213270898738892267e-01
4.205434552759568789e-01
4.174428450465706986e-01
4.164730728616684030e-01
4.195454303507744620e-01
4.239312543911797904e-01
4.221566699442805826e-01
4.277893353772035390e-01
4.160372810541539401e-01
4.169743616412709963e-01
4.158134243458475598e-01
4.159616178291374311e-01
4.194207301105117303e-01
4.203097742771052525e-01
4.200882074976373115e-01
4.219966337050283789e-01
4.233553331913987861e-01
4.223222901254422568e-01
4.183326244151425177e-01
4.150599270453361189e-01
4.189768804268229063e-01
4.181311164895296084e-01
4.213997021910231844e-01
4.237607758620689502e-01
4.214139011998702666e-01
4.223762695469933659e-01
4.264008620689654916e-01
4.227409963338365495e-01
4.226544499812462941e-01
4.259888834925260603e-01
4.209397125080454605e-01
4.191572105908049628e-01
4.192625556261919684e-01
4.189545934530095050e-01
4.195277261873175956e-01
4.151706036745406725e-01
4.176479824148218167e-01
4.160062975596955925e-01
4.131076254076719856e-01
4.183318627705402970e-01
4.189791743167392557e-01
4.221870047543581639e-01
4.215546018121125171e-01
4.162410090691128772e-01
4.212575938522249430e-01
4.179808246450463782e-01
4.245347313237221587e-01
4.199799884143451401e-01
4.193735193471966327e-01
4.159292035398229892e-01
4.206361601332708755e-01
4.226025940888794574e-01
4.235003490682562877e-01
4.172581841296747474e-01
4.153902071758658332e-01
4.211158708598892741e-01
4.196705783297374204e-01
4.181288072057062766e-01
4.148094895758447365e-01
4.184029559683875577e-01
4.149829033260801769e-01
4.202047497791404629e-01
4.211908012181035388e-01
4.209041024301019007e-01
4.235983876877977283e-01
4.238386371949626197e-01
4.255589028064055701e-01
4.248465453019253935e-01
4.280611440878289709e-01
4.322101778181235421e-01
4.320030161038401206e-01
4.277862918141943638e-01
4.248338870431893621e-01
4.242439853691206131e-01
4.202189966895849005e-01
4.153092835015489426e-01
4.158876193302666335e-01
4.138119624123701157e-01
4.143596893049193430e-01
4.157978353688809303e-01
4.151150054764512487e-01
4.148920327624720517e-01
4.150755271947754177e-01
4.232169954476479590e-01
4.149994922311364132e-01
4.170240678137140944e-01
4.235949837436135401e-01
4.149705548093811092e-01
4.150303643724696512e-01
4.210553304958720156e-01
4.307133838383838120e-01
4.298845660538691549e-01
4.237766624843161689e-01
4.208885026327897072e-01
4.214393558127830786e-01
4.194305694305694443e-01
4.180506128904705188e-01
4.224056014003501058e-01
4.188145622304683680e-01
4.222421793144738866e-01
4.193355282849446364e-01
4.207873858589890603e-01
4.224043169781153129e-01
4.196041282345315815e-01
4.176453172801736780e-01
4.135294966104139380e-01
4.137358203996392980e-01
4.165082683900399041e-01
4.177422461953380628e-01
4.158411056879137702e-01
4.164571649584219437e-01
4.138312719572645459e-01
4.201493260932803175e-01
4.174899735889660568e-01
4.157401140868219880e-01
4.226606317032372551e-01
4.247800955013822377e-01
4.242241031841998966e-01
4.270106221547799730e-01
4.231489447846550900e-01
4.204330040905916444e-01
4.155571811753230871e-01
4.142946587680007564e-01
4.191710096926598572e-01
4.198048107255520356e-01
4.243676558454491099e-01
4.209085933223864484e-01
4.240339067564198317e-01
4.238337275426500850e-01
4.220814840672218460e-01
4.153974648717696505e-01
4.166463741294501588e-01
4.161339124493680375e-01
4.190537021569301634e-01
4.157829839704069164e-01
4.209053417124901664e-01
4.189883422248567579e-01
4.222497522299306083e-01
4.222646822204344508e-01
4.278042043885223467e-01
4.287490287490287599e-01
4.268525690679060292e-01
4.216952931043218555e-01
4.228312798591903343e-01
4.227252058808669832e-01
4.262120134159975704e-01
4.227870021391463839e-01
4.224046743565204043e-01
4.241354975299929664e-01
4.287604315082434447e-01
4.210954998981877306e-01
4.224263414144456275e-01
4.232114789839274138e-01
4.166290783340850790e-01
4.190334572490706511e-01
4.221246006389776095e-01
4.243742098609355473e-01
4.166791435843689162e-01
4.192599241970875745e-01
4.177882683808758491e-01
4.198919891989199016e-01
4.193580995703816150e-01
4.188257785380087306e-01
4.186463469296279882e-01
4.222067178311572078e-01
4.223099605177669802e-01
4.277614660321960027e-01
4.274039207572544186e-01
4.348074327831412678e-01
4.285419567796173168e-01
4.261340623734305444e-01
4.231653669266146611e-01
4.284709664456499700e-01
4.247273828756057967e-01
4.216328963051251266e-01
4.236912156166814380e-01
4.218528477144952160e-01
4.240747992950851808e-01
4.290086887835702911e-01
4.251968503937008093e-01
4.215681473137763979e-01
4.238546449155025653e-01
4.242246067911215612e-01
4.251452772579533135e-01
4.246883402591053458e-01
4.252445046964268283e-01
4.245136186770427922e-01
4.249879634087626590e-01
4.191950464396284604e-01
4.227055449330783810e-01
4.236426981515532542e-01
4.234859890243310443e-01
4.246416117783804456e-01
4.157035055879262364e-01
4.214754950612032980e-01
4.200789461168973338e-01
4.221701496819855737e-01
4.219071794626179650e-01
4.233988616252929438e-01
4.205531711969480169e-01
4.220871712088120620e-01
4.152649580658763773e-01
4.203760022117777329e-01
4.232036914963744345e-01
4.256351698544105222e-01
4.228604140826257018e-01
4.221436984687867988e-01
4.230064376674028681e-01
4.259968781041578167e-01
4.264536003080477422e-01
4.210900473933649191e-01
4.234259651102647570e-01
4.282178217821782096e-01
4.228146311221326892e-01
4.252443529906935193e-01
4.254595284222463802e-01
4.227825515330797534e-01
4.167241934741589549e-01
4.183223459877244976e-01
4.184929313263485162e-01
4.228373702422145164e-01
4.210843932782471488e-01
4.200723079035284524e-01
4.151310725766287901e-01
4.190252283208246720e-01
4.184564979978158128e-01
4.218426262719278119e-01
4.252035198343607214e-01
4.296296296296296391e-01
4.298304115853658347e-01
4.252677471329731618e-01
4.241138059701492491e-01
4.221716726242978335e-01
4.179565137276580189e-01
4.190493702307621637e-01
4.165709296447773768e-01
4.234430873542934237e-01
4.247029304549543305e-01
4.244427653947865364e-01
4.271383064707839905e-01
4.255096706743334845e-01
4.273960943779847588e-01
4.295060206693846472e-01
4.310675883256528396e-01
4.312307098765432167e-01
4.284348408069605374e-01
4.238756769484341991e-01
4.218814944811342671e-01
4.242578143035227733e-01
4.255309304585203622e-01
4.247242050616482634e-01
4.222416490291708846e-01
4.207500684369011590e-01
4.254335789136503010e-01
4.189250844055114609e-01
4.228364295423652219e-01
4.169271895247156912e-01
4.210383624779720502e-01
4.199472679334484981e-01
4.210311522241871884e-01
4.208462520517964878e-01
4.258653270037332517e-01
4.211894702632434373e-01
4.198417417554772824e-01
4.187465840772454095e-01
4.231278236663167935e-01
4.204177835289767962e-01
4.198895027624309217e-01
4.263735242167890904e-01
4.223697650663942871e-01
4.215005290031740293e-01
4.210070236249202069e-01
4.210285714285714187e-01
4.172872940645452333e-01
4.171137339055793758e-01
4.155884714910323963e-01
4.144995364033732255e-01
4.183904977979447382e-01
4.205433399963656171e-01
4.230999126396615684e-01
4.236531124965106643e-01
4.171044143396921977e-01
4.225126088950023062e-01
4.210404517263722779e-01
4.203392955928452746e-01
4.221438842246857392e-01
4.214632778919827905e-01
4.220377146073740482e-01
4.245977766311740953e-01
4.149252345128633945e-01
4.189949243220997821e-01
4.217778602579567715e-01
4.223848592205854957e-01
4.253950496434065198e-01
4.282340716950833737e-01
4.234717905246302982e-01
4.195762321510824733e-01
4.160429254215889383e-01
4.168536300816655937e-01
4.201960255372718112e-01
4.188745445549008073e-01
4.173235399498387843e-01
4.171099092656326834e-01
4.224569711319551835e-01
4.173956624749407540e-01
4.184667894193200843e-01
4.200036156557895861e-01
4.222343671722001979e-01
4.165649441656494312e-01
4.152696874027302365e-01
4.165520301752829169e-01
4.138542729167590806e-01
4.104025962634856861e-01
4.157218777679362320e-01
4.202020202020201878e-01
4.183849197114265506e-01
4.180213655364607428e-01
4.147469701174946732e-01
4.127869456992717123e-01
4.180167597765362952e-01
4.274291252725950785e-01
4.219508606738266998e-01
4.186646289043843838e-01
4.249467455621301903e-01
4.225859090036475085e-01
4.172685644148609874e-01
4.165316795482945089e-01
4.207997013950450227e-01
4.188909774436090361e-01
4.227473872516712139e-01
4.199305192023984890e-01
4.158968347010550959e-01
4.155193992490613386e-01
4.151354862657757883e-01
4.156780646662014411e-01
4.203212586556125951e-01
4.153460428591702613e-01
4.160093896713615291e-01
4.219551586547596322e-01
4.162156984818734529e-01
4.164701443260069857e-01
4.133509958839948761e-01
4.136113333647102874e-01
4.118665481259650707e-01
4.152019226238160554e-01
4.246595401962219851e-01
4.229721024726227907e-01
4.217610493857373855e-01
4.240935442664832689e-01
4.265391097452166380e-01
4.220788886132473272e-01
4.240310458319005993e-01
4.212681963977300548e-01
4.276570407859481837e-01
4.199009900990098854e-01
4.164468952289618886e-01
4.244527495995728539e-01
4.244093706571371860e-01
4.209796443960180379e-01
4.250784323489866234e-01
4.243407910507391301e-01
4.234488915339978954e-01
4.227138643067846480e-01
4.263298134807065876e-01
4.226287867519460395e-01
4.224307329534289779e-01
4.200264537304658763e-01
4.246391239422598329e-01
4.188679245283019048e-01
4.189427312775330647e-01
4.177184347741338399e-01
4.191576086956521618e-01
4.215993727949823855e-01
4.255075636942675099e-01
4.283423531769893766e-01
4.244194682378570893e-01
4.197249927374842593e-01
4.209717687728058433e-01
4.177566958938239705e-01
4.183415286198500782e-01
4.192656175488793657e-01
4.215123292959513379e-01
4.156315688897381788e-01
4.201115720211700544e-01
4.175016700066800368e-01
4.203506097560975596e-01
4.196151458721291139e-01
4.195960750690673757e-01
4.193257359924026373e-01
4.223270889937556505e-01
4.240120108485083139e-01
4.226499248557715749e-01
4.173589229447149940e-01
4.252396623265131126e-01
4.218924293127697678e-01
4.215818339266814152e-01
4.216019533681237275e-01
4.184921763869132172e-01
4.190552517442956981e-01
4.214555720369395631e-01
4.211846420991703921e-01
4.239457101308773401e-01
4.221605028504604729e-01
4.227095516569200906e-01
4.201280261827982643e-01
4.216180245270462756e-01
4.184129974099364269e-01
4.202625758787821852e-01
4.211434322135428898e-01
4.214175654853620778e-01
4.160587444807064550e-01
4.213058749939854741e-01
4.172032676597789425e-01
4.186986004905496883e-01
4.207496977025392826e-01
4.192744524847845655e-01
4.194562163706490043e-01
4.222339709699124977e-01
4.190715181932245792e-01
4.161579549790156429e-01
4.170778702006673333e-01
4.202850513755386208e-01
4.240825137922763499e-01
4.252352396275169144e-01
4.193844518529255549e-01
4.220285108842227184e-01
4.244329448179136044e-01
4.216797442603893997e-01
4.250096450617283916e-01
4.212624903920061392e-01
4.213893100833965288e-01
4.189412933440559983e-01
4.162840813267122408e-01
4.155795751024972118e-01
4.182245185533113863e-01
4.235661147108231162e-01
4.200095969289827091e-01
4.205081756209181343e-01
4.229197711868480369e-01
4.161378918458187304e-01
4.212906264719736282e-01
4.230273521409136372e-01
4.209239911818268842e-01
4.161025836590714344e-01
4.211203814064362061e-01
4.156683780186347099e-01
4.163647485060932851e-01
4.187556271620148651e-01
4.197785341067062914e-01
4.237034894929631590e-01
4.217690370083317375e-01
4.193950433823881996e-01
4.186001825431138190e-01
4.172696343859312873e-01
4.139940309820455688e-01
4.198696443975845627e-01
4.211932756777767017e-01
4.234628627643876042e-01
4.183539054495780118e-01
4.168601276842716086e-01
4.256730202397327467e-01
4.263120781706457030e-01
4.313804986823434051e-01
4.256702277766579168e-01
4.297086212075698630e-01
4.265293882447021012e-01
4.225887698157933525e-01
4.204440107343254684e-01
4.204866180048661972e-01
4.225448501735347140e-01
4.203271368247342710e-01
4.213639861485186655e-01
4.181835692959645634e-01
4.224357434542397316e-01
4.269364900044206323e-01
4.224520661560228207e-01
4.227980276515517777e-01
4.250267587817456727e-01
4.306492727545359056e-01
4.317881467927213723e-01
4.339980519813400051e-01
4.260768921095007822e-01
4.218443747549980305e-01
4.201521833955314533e-01
4.190668202764977202e-01
4.153331741103415409e-01
4.165753228804270347e-01
4.165545734050730142e-01
4.207053800999369098e-01
4.176736060561945241e-01
4.246648793565683810e-01
4.236467799288818892e-01
4.242768289070984467e-01
4.207730894069046657e-01
4.229796751920645859e-01
4.177507950274645943e-01
4.148465449067972322e-01
4.146616012382158267e-01
4.206762644440235066e-01
4.149326805385556982e-01
4.145166519987030229e-01
4.124023886081764068e-01
4.173340697781460218e-01
4.126808078007301872e-01
4.173108076834066149e-01
4.203317535545023631e-01
4.150469327770930361e-01
4.141205227037698666e-01
4.147737938802327773e-01
4.124235777290334859e-01
4.099666543164134924e-01
4.150819978507686026e-01
4.151530877010897735e-01
4.184871523433740803e-01
4.221526112280358234e-01
4.266526862392650554e-01
4.264232548782941334e-01
4.202560539896784686e-01
4.200568571708656052e-01
4.216962524654832567e-01
4.171459470087990895e-01
4.228863118247596642e-01
4.219554030874785866e-01
4.192407333599043606e-01
4.168272318561335732e-01
4.191245724483220192e-01
4.204061168212584465e-01
4.185545308740978299e-01
4.183810043126952039e-01
4.115722656249999889e-01
4.142143792117127798e-01
4.137611547276539570e-01
4.181045016862994235e-01
4.130933216254451534e-01
4.162293488824100884e-01
4.190048818975294909e-01
4.170889220069547987e-01
4.193160164476983365e-01
4.199899547965846303e-01
4.183944977157487699e-01
4.188841201716738127e-01
4.171308143910883448e-01
4.139391222039555673e-01
4.159881569207994345e-01
4.153233830845771135e-01
4.177296232455060543e-01
4.188224799286351385e-01
4.190107654908964419e-01
4.204494043130749259e-01
4.152432324443112721e-01
4.143074432069083768e-01
4.154458755284632931e-01
4.155410383614126513e-01
4.125948997469340296e-01
4.141394441735738452e-01
4.141126857254940341e-01
4.134794091753888345e-01
4.179650788940000861e-01
4.189792743513825468e-01
4.201972426285599527e-01
4.198020796704676760e-01
4.163658838071693236e-01
4.144297754177425075e-01
4.186478818119557799e-01
4.195592968556573488e-01
4.160977540318591128e-01
4.166216680575327569e-01
4.161878343570437622e-01
4.081444001167656155e-01
4.088599098667178300e-01
4.114469265586216951e-01
4.189370921950490434e-01
4.181356362712725372e-01
4.256147540983606370e-01
4.240220271182918443e-01
4.259201497192763308e-01
4.228502894091880626e-01
4.199660196674045998e-01
4.217694093371163189e-01
4.218151712718617441e-01
4.223881376285699152e-01
4.286860689064840302e-01
4.267248343835837732e-01
4.215794162343446949e-01
4.190299085696575498e-01
4.181530127255072560e-01
4.203548847644299480e-01
4.186547637371094144e-01
4.182069530489990195e-01
4.215383029178265684e-01
4.264542423119673797e-01
4.216676360175540816e-01
4.199644982771222890e-01
4.205031840484392824e-01
4.168569649159227786e-01
4.183951824592104796e-01
4.223534329606019599e-01
4.253766851704995910e-01
4.255466666666666842e-01
4.241251325556733565e-01
4.243126514273675154e-01
4.157930422990663843e-01
4.203683640303358393e-01
4.181551516421350145e-01
4.170133111480865407e-01
4.214278226229164481e-01
4.245318054008170305e-01
4.260449306920176538e-01
4.248938428874734496e-01
4.242746306727601113e-01
4.207464094768843532e-01
4.196058091286307135e-01
4.133775848863926461e-01
4.184145040881621092e-01
4.209199423749742652e-01
4.188153670912291848e-01
4.134771986970683932e-01
4.157713359010744014e-01
4.169990794722307492e-01
4.188468246639991954e-01
4.121396054628224670e-01
4.123189843285062217e-01
4.137055837563451965e-01
4.112302651176645840e-01
4.167958010497375687e-01
4.210795861927686401e-01
4.209652309289050320e-01
4.206754318123227532e-01
4.254057428214731429e-01
4.252831757248259348e-01
4.259912808802159279e-01
4.261795256059118242e-01
4.156803237228123282e-01
4.180206063007727568e-01
4.212286042217675552e-01
4.184556873342341055e-01
4.172031296424680846e-01
4.209274673008323586e-01
4.211773006753351534e-01
4.198294349409006920e-01
4.149322599646573795e-01
4.190967108492881787e-01
4.221513626625479354e-01
4.201470514680137880e-01
4.224876524543896839e-01
4.220396229268538746e-01
4.215886963902341633e-01
4.175970753878075481e-01
4.181352761642216920e-01
4.170983177938927255e-01
4.200128097748435652e-01
4.220499999999999807e-01
4.246929869075408703e-01
4.297815195496100249e-01
4.327090477446584038e-01
4.270224301052407689e-01
4.296017560363750154e-01
4.263760388897600562e-01
4.273210378243201268e-01
4.268356278681685323e-01
4.236858443708609312e-01
4.301405517959396296e-01
4.298775681782355251e-01
4.220122233064557693e-01
4.212035825701921921e-01
4.202264150943396115e-01
4.182410423452768700e-01
4.164962848451603250e-01
4.202194278843745523e-01
4.233481063658340315e-01
4.243909835237036354e-01
4.198775837848685577e-01
4.194222067525235076e-01
4.136182364236128395e-01
4.146317782416621966e-01
4.200499534747049180e-01
4.173908749753110770e-01
4.241115743498113932e-01
4.221385542168674676e-01
4.240827184660944660e-01
4.210684423972362866e-01
4.242439390152462075e-01
4.268353921864015410e-01
4.262525755063068522e-01
4.256248118036736194e-01
4.272099238565881807e-01
4.245801603711735206e-01
4.290462282203645894e-01
4.245720040281973917e-01
4.212776534924185801e-01
4.170254403131115617e-01
4.255308641975308892e-01
4.270722433460076295e-01
4.216378662659654442e-01
4.216987227274986427e-01
4.186586329514025984e-01
4.202380369300093288e-01
4.180524895756683734e-01
4.160661604681530346e-01
4.178602326252042753e-01
4.147740855845087338e-01
4.231236927866141584e-01
4.177512476758978299e-01
4.183282208588957052e-01
4.127127938581851008e-01
4.132969719766785843e-01
4.168172738514220321e-01
4.193548387096774355e-01
4.226527425336716881e-01
4.229037843185753376e-01
4.189308053166536094e-01
4.243683104442598220e-01
4.271717831482690908e-01
4.311077001790739049e-01
4.282413350449293943e-01
4.282294213528932136e-01
4.213233810772644694e-01
4.198143644215019399e-01
4.136871372128189117e-01
4.171865860791577063e-01
4.202891399812502815e-01
4.223196929671534927e-01
4.241783683124465409e-01
4.269062404560725055e-01
4.196574225122349233e-01
4.229356413223972488e-01
4.221762390229130690e-01
4.191363251481795005e-01
4.179303531736230926e-01
4.163012764298937851e-01
4.152091989564208885e-01
4.159330560123827292e-01
4.223350749548318017e-01
4.109124388234723924e-01
4.182754802368687241e-01
4.173317568233323449e-01
4.192707051818316266e-01
4.199593475782063545e-01
4.245107410575036377e-01
4.290180401804017940e-01
4.239135998362082436e-01
4.245665618980026257e-01
4.197060151507550074e-01
4.130702836004931933e-01
4.098518840160177423e-01
4.142628593590924613e-01
4.156140090157031675e-01
4.185397458260652903e-01
4.231352334748332278e-01
4.270345395583466375e-01
4.207772020725388806e-01
4.222029311137210916e-01
4.252903359601825084e-01
4.244664237376366556e-01
4.256591606427791441e-01
4.240486424153475098e-01
4.199483204134367154e-01
4.220339858478384110e-01
4.227364497592793757e-01
4.251046025104602277e-01
4.232323762532150813e-01
4.250863783896974279e-01
4.251360921727181386e-01
4.235318969159273528e-01
4.276308859159380638e-01
4.257103183080538367e-01
4.216068232073286182e-01
4.239945466939332164e-01
4.244699413102099306e-01
4.244741873804971366e-01
4.164671593629645230e-01
4.160739687055476366e-01
4.202176814868056054e-01
4.291032868843739911e-01
4.253476919746739804e-01
4.255629353636805612e-01
4.233513513513513238e-01
4.235534963904751815e-01
4.245267668275750084e-01
4.248110077772339066e-01
4.298819005767646195e-01
4.267050487156776040e-01
4.209698416142330091e-01
4.270127915726109613e-01
4.311074471008518594e-01
4.280401842704112947e-01
4.252464403066812948e-01
4.270061055385957482e-01
4.267359212684527225e-01
4.255412202055543491e-01
4.236148758538436643e-01
4.212086904954445155e-01
4.225269448297940267e-01
4.250147873312900004e-01
4.220060202107073777e-01
4.189274780956402378e-01
4.244158066413560859e-01
4.167238920289472182e-01
4.184371248107741081e-01
4.201354259618917397e-01
4.197602885023334895e-01
4.203422255287490583e-01
4.212716023042457625e-01
4.192130487740295397e-01
4.213512940178192889e-01
4.217552136385567807e-01
4.297772695093394213e-01
4.285002215330084296e-01
4.311026912575918191e-01
4.249203033967242082e-01
4.223515465028558902e-01
4.209212134091271373e-01
4.141487431977196043e-01
4.144967260545149856e-01
4.216104965268844817e-01
4.197389033942559022e-01
4.184168012924071034e-01
4.210663470057851576e-01
4.255755282245348714e-01
4.235163440177721617e-01
4.299670750796135144e-01
4.262686567164178930e-01
4.289979372489414744e-01
4.240082153280726462e-01
4.249080343338487165e-01
4.172835617157557575e-01
4.259637010303886084e-01
4.246873012507950129e-01
4.216930938207870128e-01
4.220063025210084029e-01
4.192628686952464823e-01
4.273841678786619580e-01
4.252891776263666435e-01
4.266088978125330278e-01
4.225270984971461474e-01
4.223489758879958589e-01
4.198127925117004500e-01
4.234257989663537392e-01
4.231014677728143214e-01
4.232424677187948125e-01
4.201887781856318838e-01
4.222768137152415058e-01
4.199106908326766252e-01
4.156741428203145072e-01
4.171194259354177314e-01
4.142117936369690834e-01
4.225687788197502459e-01
4.179983179142136018e-01
4.163591955516291465e-01
4.171550070009853450e-01
4.190769552051790692e-01
4.192793635938231178e-01
4.183801273353512373e-01
4.251528568416613751e-01
4.261748575115603677e-01
4.227299418139112697e-01
4.289648469139802356e-01
4.266082345939511966e-01
4.227422264671548136e-01
4.258986756359049997e-01
4.269769400863430708e-01
4.210063608625950193e-01
4.217249131412221796e-01
4.195022854240731403e-01
4.189114064790013803e-01
4.182286667003485836e-01
4.141530740276035405e-01
4.132828458970654317e-01
4.204161838061167833e-01
4.222519417725425495e-01
4.241388241388241442e-01
4.251310530959672151e-01
4.219322226234074602e-01
4.262966804979252955e-01
4.240967591874709175e-01
4.234436343241727574e-01
4.213292898660601637e-01
4.187075685189841634e-01
4.205003232705027960e-01
4.169053026562654085e-01
4.207866838402853360e-01
4.188596491228070429e-01
4.193947798524094717e-01
4.157674304015767652e-01
4.198145436798438324e-01
4.199333594668757108e-01
4.228816090809519035e-01
4.171324002176171053e-01
4.180543382997370938e-01
4.172524897480960893e-01
4.205962059620595994e-01
4.190707110693255300e-01
4.189750692520775588e-01
4.146066865730089757e-01
4.165284417991999000e-01
4.157672684458398882e-01
4.237550571899505458e-01
4.208725406330196539e-01
4.239835151027793181e-01
4.189865812136991940e-01
4.185257985257985203e-01
4.158736387717060778e-01
4.142141363039353874e-01
4.152480007849678745e-01
4.181566729230465351e-01
4.177740453490095263e-01
4.172721509728385403e-01
4.166423783153599403e-01
4.223703703703703960e-01
4.207061639736684455e-01
4.203222918531781538e-01
4.251253761283851351e-01
4.233205953338696759e-01
4.250479168768284133e-01
4.278609515996718571e-01
4.237978810105949568e-01
4.254305977710233222e-01
4.233891425672247633e-01
4.244949494949494806e-01
4.251735402204981362e-01
4.236553657914861049e-01
4.209459116946317470e-01
4.204493814693259224e-01
4.178096006454215527e-01
4.178020885131775164e-01
4.186927062574731240e-01
4.176759083174857445e-01
4.175835117240006000e-01
4.188581141885811543e-01
4.202186340387122909e-01
4.197067507381274098e-01
4.141681363903585988e-01
4.161493695441318974e-01
4.142000292583020160e-01
4.179214644227930431e-01
4.207368894665799997e-01
4.185088424437298782e-01
4.128789752213264941e-01
4.165226408572416106e-01
4.153284306368502654e-01
4.186549884224302631e-01
4.204848982946373659e-01
4.216171187587858804e-01
4.191309751929152005e-01
4.176258992805755299e-01
4.175980491769965552e-01
4.156846810239739898e-01
4.227372504977283119e-01
4.211015810685129757e-01
4.157589331161559709e-01
4.240338533700417911e-01
4.195677961730878147e-01
4.182706996639168895e-01
4.175385392974475529e-01
4.168935955622793954e-01
4.147727272727272929e-01
4.150592726542093880e-01
4.255012111529145047e-01
4.170261420924068485e-01
4.187793907176446395e-01
4.187067451709534094e-01
4.231210855949895655e-01
4.272808917533942874e-01
4.281883513890378801e-01
4.242895442359249092e-01
4.239316239316239243e-01
4.188599947465195816e-01
4.176642031851774961e-01
4.248531979050944041e-01
4.200084647127287907e-01
4.232996420299010576e-01
4.180199057097956916e-01
4.115890688259109531e-01
4.174874981057736245e-01
4.170385187464737964e-01
4.215711693025667728e-01
4.226128016789086894e-01
4.201152158976798057e-01
4.279129595883803261e-01
4.263026215598825219e-01
4.226904376012965980e-01
4.206514206514206378e-01
4.226003722414251595e-01
4.170181358076761047e-01
4.198481277821419222e-01
4.207333157478237995e-01
4.166580068585680197e-01
4.185805917649493280e-01
4.185620915032679523e-01
4.233246393782935102e-01
4.242994675415479033e-01
4.223226149348923708e-01
4.206173619890434257e-01
4.164971043981843812e-01
4.141682414832218440e-01
4.132611774226178647e-01
4.123089300080450270e-01
4.146562123039806980e-01
4.198006576243321075e-01
4.187279151943462674e-01
4.240041928721173803e-01
4.200053205639797671e-01
4.187952826696282327e-01
4.195232570403965577e-01
4.190023752969120885e-01
4.166841333053867280e-01
4.188376753507013772e-01
4.199787460148777796e-01
4.172581841296747474e-01
4.186672294623542401e-01
4.226308193917365785e-01
4.153176582983917897e-01
4.147851420247632981e-01
4.133457866334578901e-01
4.160990068119182483e-01
4.205736056725579153e-01
4.204405380781392476e-01
4.187252700245963077e-01
4.214213143682156160e-01
4.232353897864035708e-01
4.210183829510329989e-01
4.216783591281529353e-01
4.167855067870913088e-01
4.162047350152826009e-01
4.207123116232987514e-01
4.166449528375631983e-01
4.235061007404317679e-01
4.206597130301265586e-01
4.225046333068572801e-01
4.174940898345153584e-01
4.165243933985203761e-01
4.171062157410280191e-01
4.161858724465928305e-01
4.217188889470105395e-01
4.215856939389143743e-01
4.200567644276253509e-01
4.242199108469539293e-01
4.261013864354156744e-01
4.285170068027210899e-01
4.217852887011158125e-01
4.198243014394580919e-01
4.210358226433171813e-01
4.200074140761531627e-01
4.267252935814253023e-01
4.204225352112676006e-01
4.204177073922517049e-01
4.200490039416213683e-01
4.192317880794702023e-01
4.229639519359145727e-01
4.222198123949466031e-01
4.214786832164058028e-01
4.169133192389006259e-01
4.203243014841810399e-01
4.193548387096774355e-01
4.201676242686205320e-01
4.218898135468239774e-01
4.195763562410860237e-01
4.223906521395863201e-01
4.249245273025792913e-01
4.252628208549015243e-01
4.218001915097350785e-01
4.247323226969150767e-01
4.146455709378578103e-01
4.150695322376738439e-01
4.141664558563116771e-01
4.160609731475873319e-01
4.163679507244913425e-01
4.256617038875103454e-01
4.273044029141589983e-01
4.190234030408385713e-01
4.236662737662071354e-01
4.181136340285626085e-01
4.224936386768448071e-01
4.238689467467776084e-01
4.187796747146176335e-01
4.153853735462251229e-01
4.205677290836653537e-01
4.220044453424934283e-01
4.227426117189896915e-01
4.227754021584198552e-01
4.251828524989841318e-01
4.292037702442326741e-01
4.273869739792459654e-01
4.219682931850936569e-01
4.220802271920482962e-01
4.153568925818399982e-01
4.165969385243884493e-01
4.145750988142292703e-01
4.207152158669738573e-01
4.214422399033135314e-01
4.172941704483119629e-01
4.173424207750858206e-01
4.266138855054811274e-01
4.278047270100113764e-01
4.237461617195496522e-01
4.137588229446266808e-01
4.167033612211947791e-01
4.209634832860060794e-01
4.186139805435763472e-01
4.144512946979038159e-01
4.127147261782410648e-01
4.153277476589453121e-01
4.167582692115519016e-01
4.201480429933076577e-01
4.203903441191576551e-01
4.219883889695210666e-01
4.212770382695507632e-01
4.192214237708731805e-01
4.243864229765013096e-01
4.208496221005994520e-01
4.244216752931234682e-01
4.216829332629912774e-01
4.194525699958211451e-01
4.248159831756046501e-01
4.290670367207514713e-01
4.326406597580164104e-01
4.288650870929351933e-01
4.242680031653917050e-01
4.242202601744945456e-01
4.203992965759801304e-01
4.190287513969318534e-01
4.192775994701716802e-01
4.215781658047006997e-01
4.129443024013635943e-01
4.152845366967921614e-01
4.179427765464436839e-01
4.167974484888371522e-01
4.183295252602183267e-01
4.201495595164925212e-01
4.155837485232934392e-01
4.168057874234835647e-01
4.214067278287461638e-01
4.214608588452845583e-01
4.193185881391428560e-01
4.206401709836649627e-01
4.239718338605980019e-01
4.207382447541737069e-01
4.179549358391431713e-01
4.165781083953241093e-01
4.185648916377532891e-01
4.254940811868109796e-01
4.262976844483236660e-01
4.271536730100266022e-01
4.251603706343549671e-01
4.200180523518202702e-01
4.236093632016108557e-01
4.159076203275098305e-01
4.186126542451206745e-01
4.169466764061358632e-01
4.186377465894592365e-01
4.182185436988866134e-01
4.163111176499436072e-01
4.205556383877540605e-01
4.177013213662428281e-01
4.145619573796369139e-01
4.196393182718985426e-01
4.201957650819017065e-01
4.192219906718269162e-01
4.215925501718041923e-01
4.227422742274227208e-01
4.220004988775255539e-01
4.238960777402950297e-01
4.266113756207443597e-01
4.210793007347352623e-01
4.205593424218123655e-01
4.241797072185764517e-01
4.200816573415998567e-01
4.223534120472283160e-01
4.194832993180347414e-01
4.174234945705824207e-01
4.220905333399730952e-01
4.220961750828229886e-01
4.256179548096850618e-01
4.205598015893101116e-01
4.184567623053427332e-01
4.130402858681286316e-01
4.218534567658066003e-01
4.217415474806691100e-01
4.226757139963540633e-01
4.197180241403793421e-01
4.111670070229616059e-01
4.172921192968595538e-01
4.174440766375764889e-01
4.172945461803303502e-01
4.209777416404106298e-01
4.216811653883770217e-01
4.215882806476484168e-01
4.253010797342192673e-01
4.238292516650060127e-01
4.200397447965694142e-01
4.243736951983298478e-01
4.205873065993053217e-01
4.186190845616757361e-01
4.216693336086305699e-01
4.239870170662757842e-01
4.151012124681272009e-01
4.168662420382165390e-01
4.164421170369617120e-01
4.247773946162952119e-01
4.194704049844236726e-01
4.188736681887366697e-01
4.211823925214443487e-01
4.228125484521164101e-01
4.287208450998849507e-01
4.279307797826316095e-01
4.240771812080537106e-01
4.257830946009759088e-01
4.300727137625391383e-01
4.287312836361698576e-01
4.203433922996878125e-01
4.242033618644941995e-01
4.242141300964830108e-01
4.219243310387660872e-01
4.251300728407908514e-01
4.220630967206309703e-01
4.199938731747166476e-01
4.190903071359445842e-01
4.167874094429178111e-01
4.165249574872461613e-01
4.194360523665659479e-01
4.179089341851739414e-01
4.152745823747124310e-01
4.180315552216378738e-01
4.195131928819799683e-01
4.228574366356485648e-01
4.194047557641718549e-01
4.186094174309576421e-01
4.193745543445044355e-01
4.239738805970149071e-01
4.185926802903175981e-01
4.152256112931686505e-01
4.152146623148380566e-01
4.201846965699208569e-01
4.210338134640923546e-01
4.165946852294090674e-01
4.175774816589309935e-01
4.188552526062550019e-01
4.213517353359041984e-01
4.203472433749619319e-01
4.235017385968500858e-01
4.171997157071783979e-01
4.146584842588434960e-01
4.132755990749397146e-01
4.179947045011739859e-01
4.191001568905308727e-01
4.169769548153366423e-01
4.160103678596351329e-01
4.192501622485148016e-01
4.211744578070749090e-01
4.223502071334747643e-01
4.147476848412816053e-01
4.206392333152200735e-01
4.228079883293928143e-01
4.284909044324878291e-01
4.213739674721666550e-01
4.227851941747572950e-01
4.231339089562152211e-01
4.258641055929330843e-01
4.251658374792703365e-01
4.198653717691793741e-01
4.168309325246398744e-01
4.156812083871608832e-01
4.161546085232903924e-01
4.150221205945220371e-01
4.121185229009515227e-01
4.081285811401378916e-01
4.133391838525669049e-01
4.112414272935095982e-01
4.155850638977635625e-01
4.182775022770974793e-01
4.170926190962992997e-01
4.181938169450226117e-01
4.131078436292467404e-01
4.209299969607942504e-01
4.206028589185829558e-01
4.212573918456271604e-01
4.209674049310488941e-01
4.159901346213133455e-01
4.164520527192849819e-01
4.198340333982173989e-01
4.180176482659552772e-01
4.141153885015661507e-01
4.170561334740439108e-01
4.159878573235517574e-01
4.228139985715743121e-01
4.276931161324225017e-01
4.210964319151149216e-01
4.201551183933432410e-01
4.201037546869382244e-01
4.189444643130843526e-01
4.181827473426001363e-01
4.186329730552595385e-01
4.173710583590626300e-01
4.220375280440546439e-01
4.236251490177784795e-01
4.240341559929188819e-01
4.258580996232733118e-01
4.214553404122423630e-01
4.163281884646628517e-01
4.208946109612742292e-01
4.171122994652406435e-01
4.151637279596977481e-01
4.173406339478575311e-01
4.152677857713829024e-01
4.125463077303037629e-01
4.130962405270196536e-01
4.151556021779309602e-01
4.189791371278104304e-01
4.200305033045246828e-01
4.182817030367770306e-01
4.188252090556802143e-01
4.213379705400981945e-01
4.213999289376174073e-01
4.246909812299710096e-01
4.286306623820876904e-01
4.326282084929924943e-01
4.246873864992476433e-01
4.293837882547559825e-01
4.219644317252657650e-01
4.202602323146717445e-01
4.192955437428585452e-01
4.172061076246479372e-01
4.225912299890623447e-01
4.191622724107054165e-01
4.196335983408226999e-01
4.190742924528301772e-01
4.212573228966671746e-01
4.174857479850599407e-01
4.281736363184326932e-01
4.270801507281800635e-01
4.240702217261149709e-01
4.206229967948718063e-01
4.214080031774401491e-01
4.153740089624267662e-01
4.196684101450705584e-01
4.220335577212900868e-01
4.176786780808282029e-01
4.166339548577036034e-01
4.225771252851899806e-01
4.179432164063669464e-01
4.164287823604685412e-01
4.157571623465211585e-01
4.172351180252245051e-01
4.168464404785252042e-01
4.175164674310807289e-01
4.203288636586082205e-01
4.193579861449897583e-01
4.177069329748415716e-01
4.185231419243326534e-01
4.201445783132530254e-01
4.209685230024213243e-01
4.199341659405557148e-01
4.210526315789473450e-01
4.235322896281800142e-01
4.207766990291262332e-01
4.161576636762741033e-01
4.149140474963698422e-01
4.106159470590957650e-01
4.108402822322001491e-01
4.173198954833893248e-01
4.129035267773838447e-01
4.173469387755102122e-01
4.156002437538086625e-01
4.169317118802619015e-01
4.190332894489373627e-01
4.203015361274416994e-01
4.193286539655254885e-01
4.154344458526967876e-01
4.205453690644099796e-01
4.216342933690556127e-01
4.212355212355212153e-01
4.224811847535809850e-01
4.238352133398725075e-01
4.238286081836623587e-01
4.250074545273829774e-01
4.196957724219675945e-01
4.192620753521469901e-01
4.263956880779310454e-01
4.278313864906043706e-01
4.245302081228530811e-01
4.217955112219451408e-01
4.192154744955569612e-01
4.264945853730900405e-01
4.181709682231836700e-01
4.188356164383561508e-01
4.234207536919049608e-01
4.250977639626992710e-01
4.260098823289694692e-01
4.212923139199514222e-01
4.207841568313662739e-01
4.173531026908292030e-01
4.159672163523254751e-01
4.203909923286315298e-01
4.219802481640921865e-01
4.249554367201425764e-01
4.172918899607002685e-01
4.178616352201257600e-01
4.165252121817273889e-01
4.166418576957428010e-01
4.158908746950764068e-01
4.201311806256306514e-01
4.207516339869281086e-01
4.179643765903308106e-01
4.167588773765214527e-01
4.166080931820463906e-01
4.125397772474144742e-01
4.093668262350096398e-01
4.105310129406514741e-01
4.206598984771573457e-01
4.262046618584718338e-01
4.251146607622963702e-01
4.246949936895246247e-01
4.205456628137040354e-01
4.200917951627043401e-01
4.206300185299567396e-01
4.224250325945241302e-01
4.228409627182633246e-01
4.196611236426585623e-01
4.164300098105023773e-01
4.237782640408461199e-01
4.210192764721415459e-01
4.202685690306336430e-01
4.161290322580645240e-01
4.135965594072231744e-01
4.200345061954305348e-01
4.229227892065188232e-01
4.252623565874612543e-01
4.231166711993473162e-01
4.186689347225175384e-01
4.173835030872341534e-01
4.189395937747296128e-01
4.214032675937186001e-01
4.240885277451085233e-01
4.229356332854176670e-01
4.236260197509660874e-01
4.261136878438140374e-01
4.252599653379549594e-01
4.245161290322580494e-01
4.201818374035310444e-01
4.204302755638901767e-01
4.222583350807296854e-01
4.115112342259156786e-01
4.142978894069283546e-01
4.200673331973066582e-01
4.222785858481287735e-01
4.239772138788192590e-01
4.277932009847572048e-01
4.205636419944255300e-01
4.202568770226537409e-01
4.191970140219913321e-01
4.211592002024803771e-01
4.196599255458295374e-01
4.205764245412494384e-01
4.181863727454909752e-01
4.227097805987305446e-01
4.298339719029374284e-01
4.306958909788071721e-01
4.264443424608638233e-01
4.265307152591994444e-01
4.283692245475684834e-01
4.300709939148072980e-01
4.306757782839787385e-01
4.288877705083039560e-01
4.222377552548804425e-01
4.250012347508272947e-01
4.221751551571273908e-01
4.215094894806532544e-01
4.226240747180684543e-01
4.215477546170223189e-01
4.199911673781834276e-01
4.206589753617520633e-01
4.140662506000959975e-01
4.127313940309784712e-01
4.132031657267428160e-01
4.162895927601810153e-01
4.179510426110607524e-01
4.211564364056186172e-01
4.174026350079629299e-01
4.142379359770664293e-01
4.133945910102780341e-01
4.193455384171831946e-01
4.232778161032817454e-01
4.188618045999606965e-01
4.173659956342469224e-01
4.215963356398012007e-01
4.173392978702712974e-01
4.180288691329701045e-01
4.165675405624018612e-01
4.207098041093922380e-01
4.246862946145207873e-01
4.261695183463554693e-01
4.245907349355625415e-01
4.233367855205404928e-01
4.221351616062683498e-01
4.245523045307760257e-01
4.299186023426642689e-01
4.221090766669930439e-01
4.199074294984969091e-01
4.207293848790706337e-01
4.182662685435328820e-01
4.156839075123038296e-01
4.174689872245880284e-01
4.148001655705284563e-01
4.179811450908254566e-01
4.222825832435723181e-01
4.208339235963545200e-01
4.209196800299387364e-01
4.188942465240391155e-01
4.237113402061855605e-01
4.213109338870275056e-01
4.264091858037578064e-01
4.226882745471878255e-01
4.162340070461709729e-01
4.199092534029973955e-01
4.233157477006396219e-01
4.220751795016190466e-01
4.215498293036524236e-01
4.243518214637348462e-01
4.198347883225382327e-01
4.169519755713889109e-01
4.178360413589364830e-01
4.213096456143614610e-01
4.206442511168587139e-01
4.223049378062570525e-01
4.202564945741532609e-01
4.213924109423621833e-01
4.226919839117014299e-01
4.250494024654182801e-01
4.260190888147068478e-01
4.212924221292422278e-01
4.169686537416198435e-01
4.169494552598678183e-01
4.228875942735853544e-01
4.276100483982484546e-01
4.249687659062514333e-01
4.227382636069163535e-01
4.240932291431410706e-01
4.183746853649766284e-01
4.209476530295642727e-01
4.171499402363982312e-01
4.203019764933750291e-01
4.214585004903271814e-01
4.202182142061901549e-01
4.224137931034482873e-01
4.239452175833885450e-01
4.221816725265921666e-01
4.221029757417180117e-01
4.270603591844083224e-01
4.259622848271768514e-01
4.224184782608695898e-01
4.231270504696418300e-01
4.212111675583329329e-01
4.222422332282755320e-01
4.161307609860664392e-01
4.260264062217399283e-01
4.296721770804146634e-01
4.233796296296296058e-01
4.225185454876439484e-01
4.185239556919791992e-01
4.202274140534778546e-01
4.223979979443178157e-01
4.245784870615814666e-01
4.219956888809053286e-01
4.220310271041369243e-01
4.221459457049882014e-01
4.255655393507021267e-01
4.202341666289950983e-01
4.212806281304995459e-01
4.192992793364456183e-01
4.208224366489313750e-01
4.183530263932274118e-01
4.152300133988387487e-01
4.157238564266382830e-01
4.220979646611496272e-01
4.219357198372422624e-01
4.292696421984507626e-01
4.245076586433260135e-01
4.222841734838444494e-01
4.171770852098721227e-01
4.195463880703634296e-01
4.175255432115290155e-01
4.189612015018773228e-01
4.213394586317164570e-01
4.182707550160786325e-01
4.202840120055548190e-01
4.158367419526942665e-01
4.174526223005729508e-01
4.241192411924118999e-01
4.204238568224470396e-01
4.240509227457984198e-01
4.261226010806782316e-01
4.268315533071013745e-01
4.258158837955102749e-01
4.249846328431604592e-01
4.206308530960257142e-01
4.181368281171241597e-01
4.195868260730154509e-01
4.245841293509156067e-01
4.247833458929917150e-01
4.174179756482944703e-01
4.107094564139547321e-01
4.077374387930653987e-01
4.117360926859467418e-01
4.169896349707075123e-01
4.112627986348122988e-01
4.162166986478647024e-01
4.171659404502541801e-01
4.169935236705281656e-01
4.152268064736722164e-01
4.185779816513761631e-01
4.163963295949578147e-01
4.191460632304325751e-01
4.162663806370377473e-01
4.147039807887688001e-01
4.137265711135612034e-01
4.190587138863001160e-01
4.191339660952920765e-01
4.239764694719863614e-01
4.246850902821016072e-01
4.252515572592237558e-01
4.252630567433815512e-01
4.200038048130885771e-01
4.218823308623440016e-01
4.231098024316109485e-01
4.239833750531337153e-01
4.242337847469707657e-01
4.230915305734903042e-01
4.236999147485080996e-01
4.217261348776387142e-01
4.188254817000092167e-01
4.209588227229102975e-01
4.210502136261313200e-01
4.235721512002207367e-01
4.241778601204261312e-01
4.218635363169478958e-01
4.227216324279608473e-01
4.235234262985060893e-01
4.208390963577685606e-01
4.185313727281030349e-01
4.170978627671541039e-01
4.167640974907815266e-01
4.194688661288860643e-01
4.202812256675674263e-01
4.245370801153810492e-01
4.199043772919277551e-01
4.178900337375763829e-01
4.233830390632147278e-01
4.205279675096917358e-01
4.242396355772327654e-01
4.242744791427126017e-01
4.232108494456153225e-01
4.208600182982616400e-01
4.262568280714748581e-01
4.235676177221062155e-01
4.214373829213688416e-01
4.175824175824175977e-01
4.186098755447724140e-01
4.206431769867474690e-01
4.221703510458144626e-01
4.177672165608006249e-01
4.205530710961029595e-01
4.237233205240983347e-01
4.160739030023094531e-01
4.150627236085322469e-01
4.173079519373565360e-01
4.146198830409356662e-01
4.152478328517448247e-01
