1.666666666666666574e-01
9.897829058864200391e-01
1.514879672154138213e+00
1.963060244496273032e+00
2.332031174813311569e+00
2.549709982029775723e+00
2.764518722306185339e+00
2.920294434715639209e+00
3.025627022773328179e+00
3.150626102567374076e+00
3.140930765416257486e+00
3.248672273835712776e+00
3.299186941867248368e+00
3.406969280092837504e+00
3.467989330599221542e+00
3.534546471071098761e+00
3.582947219323713295e+00
3.618944919983449804e+00
3.476466811098748888e+00
3.493586014115250826e+00
3.494912520951392931e+00
3.542657569912640358e+00
3.534780806064932168e+00
3.614528908544127006e+00
3.536475109053552224e+00
3.653091929678036642e+00
3.644068449500898144e+00
3.593686102350476030e+00
3.523433469009396912e+00
3.515769461673141194e+00
3.516100673046482328e+00
3.505407241340821045e+00
3.531219292160268086e+00
3.487140619193049407e+00
3.454157421959871854e+00
3.424259291488649382e+00
3.361620313136893134e+00
3.427983064034305194e+00
3.320718588370570323e+00
3.297815454011438607e+00
3.234993251322783259e+00
3.148851840936019553e+00
3.216594706149050520e+00
3.218414440639683516e+00
3.240045270464818827e+00
3.197508417669067793e+00
3.208236157569120728e+00
3.259700038074104356e+00
3.337820172660814766e+00
3.282377967704535937e+00
3.205296791855106964e+00
3.150180765766481095e+00
3.180964568451322805e+00
3.192290657989218960e+00
3.314396803046131268e+00
3.377350343422191425e+00
3.459462738662739678e+00
3.535898327736222146e+00
3.553043994898988256e+00
3.397816075516854273e+00
3.486433630057700128e+00
3.396361574451683296e+00
3.438970650529483919e+00
3.422123261483708045e+00
3.388339846265883804e+00
3.407891303984956544e+00
3.416998825734259171e+00
3.245486802082750089e+00
3.273511769206276067e+00
3.328039569069927150e+00
3.396323726153353206e+00
3.436025242190311690e+00
3.523141373221959416e+00
3.490859622114267591e+00
3.430550602989300035e+00
3.376914255632653905e+00
3.391773887953389188e+00
3.298498129160407633e+00
3.384300984171502602e+00
3.390353147426843794e+00
3.322332004833108421e+00
3.391199176950633998e+00
3.393158734238524321e+00
3.279127748618380078e+00
3.309312540820842585e+00
3.372745977589977961e+00
3.246663194974875211e+00
3.251056503252263585e+00
3.344832834252962517e+00
3.333193480354363469e+00
3.364328544750575301e+00
3.463648750248705888e+00
3.437157647859523824e+00
3.460877696455511021e+00
3.469388400954261709e+00
3.476447002804912145e+00
3.471084973941347851e+00
3.489594331811497696e+00
3.428070433373428205e+00
3.475120964754784492e+00
3.450611722028580353e+00
3.568661157163235842e+00
3.458716812853721123e+00
3.435276864919676765e+00
3.462433838121560026e+00
3.516088117133676860e+00
3.463405562970277352e+00
3.470462258192689387e+00
3.436163661796133528e+00
3.507233338700953773e+00
3.568552967621301253e+00
3.561579684570730819e+00
3.559809184983822483e+00
3.563131123500311581e+00
3.523383939077193716e+00
3.509202717858922682e+00
3.503595262578548919e+00
3.466628439599778844e+00
3.401669502056294370e+00
3.345119980793182624e+00
3.354212600168097858e+00
3.334666236786482774e+00
3.379890859198439124e+00
3.462637533246104571e+00
3.414088495734562301e+00
3.337440455717709309e+00
3.336343766266068211e+00
3.418904766758152025e+00
3.425699377950669255e+00
3.359128461917114894e+00
3.435264470356084843e+00
3.414115784201144255e+00
3.504160281326634596e+00
3.561667829762811710e+00
3.608451520812521185e+00
3.563146777524738518e+00
3.570252679404926521e+00
3.526598244654660430e+00
3.546811394487268121e+00
3.534606685570986340e+00
3.489677452737367513e+00
3.405632765028781872e+00
3.405654924177519138e+00
3.338700250454731400e+00
3.353617663494475654e+00
3.390878700073554075e+00
3.427691313441724841e+00
3.353415237720150710e+00
3.453891269096379002e+00
3.422965705649650747e+00
3.465273679762681081e+00
3.418837058100437254e+00
3.212939984095939838e+00
3.366735891811766024e+00
3.461571438074656282e+00
3.404071145893358352e+00
3.425588091330217022e+00
3.431068148220957070e+00
3.426247945592622468e+00
3.317848596894238611e+00
3.372954342017413509e+00
3.414238782598961297e+00
3.426966642791315465e+00
3.396300103322309472e+00
3.472536878890659207e+00
3.465883686540608632e+00
3.491583671436055081e+00
3.409610379506225364e+00
3.492966412163215129e+00
3.553238618151610240e+00
3.433954384438822061e+00
3.326486187299100727e+00
3.238386038688986890e+00
3.211473035176367397e+00
3.299852985084707591e+00
3.244342514730917504e+00
3.231808879884246366e+00
3.250138741555490096e+00
3.297016395304541270e+00
3.317804969610802512e+00
3.318380653888838072e+00
3.371035699120282558e+00
3.470026455549265698e+00
3.470091207420873403e+00
3.513892810915073994e+00
3.576551994495587472e+00
3.558933952081385854e+00
3.487056315574209364e+00
3.444842292431804953e+00
3.378010913392460068e+00
3.285648095769574617e+00
3.411385160303354258e+00
3.457083201849608933e+00
3.451724616979506166e+00
3.448065972118628864e+00
3.391676202531294315e+00
3.367067957746145979e+00
3.320798957726547762e+00
3.312535859153569184e+00
3.334054321916863017e+00
3.301206072038292305e+00
3.343461824056382259e+00
3.379945583904626183e+00
3.303263934571504024e+00
3.314407738665150926e+00
3.309301762036787053e+00
3.317270962830832115e+00
3.245098419804639089e+00
3.196548469516211188e+00
3.186125270403663112e+00
3.082529501176708209e+00
3.010131398222683607e+00
3.104656156869257888e+00
3.158025274604275623e+00
3.156650963860436310e+00
3.221194195034908780e+00
3.172266858666103140e+00
3.217225215019522189e+00
3.263734637230864877e+00
3.260529842782811549e+00
3.299874674861666080e+00
3.338719690209571489e+00
3.329956201425335660e+00
3.302674962986730911e+00
3.233889391139737057e+00
3.249984935708865041e+00
3.278923755661582007e+00
3.402520354847227591e+00
3.404783303970698061e+00
3.408119711558940779e+00
3.400391803199871443e+00
3.420432916095514919e+00
3.375342476723204754e+00
3.307425600967549784e+00
3.319409200896699108e+00
3.391458021091868336e+00
3.541282338295224541e+00
3.490810835685134617e+00
3.571187601937333422e+00
3.508459076566445400e+00
3.480530714952960736e+00
3.474047134427638905e+00
3.442391214559366475e+00
3.369916801671929196e+00
3.516966310266421925e+00
3.455313907535591422e+00
3.440764459210240656e+00
3.472257992873820864e+00
3.385292038964212935e+00
3.287702700254122590e+00
3.214436390871169280e+00
3.292717508039987973e+00
3.249337390814398319e+00
3.290014194471268194e+00
3.521648454808607553e+00
3.533921031502206045e+00
3.518751199245651495e+00
3.483141124517692866e+00
3.336926468159811421e+00
3.278843506356003967e+00
3.247398438168486834e+00
3.348114581255766886e+00
3.419783950026127783e+00
3.385768368133557971e+00
3.338246743376302117e+00
3.401562270396235377e+00
3.444568117294828813e+00
3.407919552149309528e+00
3.292367353215345460e+00
3.338391766964351692e+00
3.367995880905133799e+00
3.301764349722461578e+00
3.383072410901547755e+00
3.337720086398383135e+00
3.382524332236761300e+00
3.352063564907602711e+00
3.324628565019529081e+00
3.255351837704205220e+00
3.260151420674863854e+00
3.284710711370696146e+00
3.363048259301315124e+00
3.303947515826725745e+00
3.355024105562863568e+00
3.366735766307566990e+00
3.350585492155484069e+00
3.352686905370344750e+00
3.343300643232651748e+00
3.248733196751570684e+00
3.276627179467594075e+00
3.199522041010113504e+00
3.341708625233739571e+00
3.329806528006720168e+00
3.385155051513658808e+00
3.376071475224408758e+00
3.407504866542634403e+00
3.377645959699676403e+00
3.352759133122967139e+00
3.303806484515545705e+00
3.346654469933098675e+00
3.383184647567317072e+00
3.460878430327456901e+00
3.485148308103310555e+00
3.492349214543910563e+00
3.453798876831423392e+00
3.469599900106412615e+00
3.469526199200710259e+00
3.488474477291434450e+00
3.499212434122914495e+00
3.457620339331971770e+00
3.524840883221726617e+00
3.506992144814962575e+00
3.482779357417657096e+00
3.576411792565755476e+00
3.578868448181616202e+00
3.638214452657446696e+00
3.664028656402575468e+00
3.599049580728758357e+00
3.568928882457767848e+00
3.531366116792526544e+00
3.548363771275356182e+00
3.491029212941189286e+00
3.508725279711139677e+00
3.431842812663805642e+00
3.414668407484233281e+00
3.362066725460662653e+00
3.392591897522638789e+00
3.372731082346122289e+00
3.434969501617132437e+00
3.477886086828759993e+00
3.524942927596094400e+00
3.578287839217489719e+00
3.528420680765818496e+00
3.498806526680269258e+00
3.446723016384612315e+00
3.418476999019642637e+00
3.417234173364928296e+00
3.412764793523875628e+00
3.373583409735909200e+00
3.352101698213437508e+00
3.400333495343126344e+00
3.412569539345314595e+00
3.450371704697048347e+00
3.399168109782091829e+00
3.378562744572228382e+00
3.461092799461056302e+00
3.457659774764092475e+00
3.471614056541048932e+00
3.484454132578732377e+00
3.490548185688007177e+00
3.435133031892859012e+00
3.470813610066916688e+00
3.368067316407450384e+00
3.327314172325368524e+00
3.341485601779282000e+00
3.448681769709140532e+00
3.405706314817201097e+00
3.336953471051784081e+00
3.384927154989870957e+00
3.474554392415644344e+00
3.513010392736568566e+00
3.494263223301540933e+00
3.503957382833123191e+00
3.552460773692788010e+00
3.511990034952338302e+00
3.461323462323522726e+00
3.422898880797431875e+00
3.347746993444282282e+00
3.301382992636317404e+00
3.304402513060096247e+00
3.444520185367610843e+00
3.432272722497483386e+00
3.430878744504007649e+00
3.381351791775334181e+00
3.350592995275456065e+00
3.436216165008733281e+00
3.409210797778999602e+00
3.295274378807499627e+00
3.408162633970789113e+00
3.342577221082434047e+00
3.299172308448005353e+00
3.355927817505001798e+00
3.371385370424405004e+00
3.455646371784623749e+00
3.492216439759817881e+00
3.473975312284285355e+00
3.508474471678586060e+00
3.529203287479608875e+00
3.502117640154492673e+00
3.397254738727663703e+00
3.406897693356484513e+00
3.281553927027286655e+00
3.253481595962936623e+00
3.234760236879929529e+00
3.328591431368264519e+00
3.319404104067489758e+00
3.336782501842699755e+00
3.409790157059306548e+00
3.349727155563926750e+00
3.302665506647483706e+00
3.324828053378079407e+00
3.457018913160294193e+00
3.479558987997712016e+00
3.479918925765051352e+00
3.313505571419069540e+00
3.235946787474426767e+00
3.201594548926739670e+00
3.199516619453997013e+00
3.208138165306971157e+00
3.280846668245899878e+00
3.371145796296808772e+00
3.347118483939954370e+00
3.483345779033491851e+00
3.437068430692290733e+00
3.403483386672771616e+00
3.437514663004314297e+00
3.329628839526335149e+00
3.295837613990786785e+00
3.390919830198763751e+00
3.410567800540492911e+00
3.382159870604070750e+00
3.404002022522900628e+00
3.428058979428748376e+00
3.387121170370412493e+00
3.364935228993926497e+00
3.396269743712239553e+00
3.391145274429363976e+00
3.420941215111277689e+00
3.421911586070770284e+00
3.433617188858041569e+00
3.462092674017039240e+00
3.431139909665707144e+00
3.305246383506618368e+00
3.282490533361413387e+00
3.302325657814212168e+00
3.261053092743995130e+00
3.220821971287160856e+00
3.265770713711875217e+00
3.248935265099663905e+00
3.235207113839929871e+00
3.224856298001732569e+00
3.304959625776629828e+00
3.266384037612585445e+00
3.236200044493111161e+00
3.291965606502717190e+00
3.296441151421878324e+00
3.292364391217490027e+00
3.271530352232884020e+00
3.266145658579615141e+00
3.275104902893124059e+00
3.212119824782833977e+00
3.147912474819474671e+00
3.079239359682713228e+00
3.146738127793649920e+00
3.141085600065715688e+00
3.202233278307606401e+00
3.208584831389865055e+00
3.277724542615295888e+00
3.296616183989433679e+00
3.334783274292776323e+00
3.384421974308257752e+00
3.364464577244742571e+00
3.457207666703483007e+00
3.422771471268306165e+00
3.494553003222852450e+00
3.460680398789945489e+00
3.449700933788073520e+00
3.448864678207726797e+00
3.560632466344025193e+00
3.623897722354636031e+00
3.549662709824947804e+00
3.654528791246274277e+00
3.597190253874253507e+00
3.511019036364753099e+00
3.443202865027096493e+00
3.415217657315831712e+00
3.329005539348995679e+00
3.297069690473431791e+00
3.335651881117407402e+00
3.359768889353028865e+00
3.377645347531073483e+00
3.377617139613866559e+00
3.394148080415345436e+00
3.341736133474643378e+00
3.377334549320293533e+00
3.339656853357185984e+00
3.370557730414961206e+00
3.203884220059732169e+00
3.285709825728811317e+00
3.334487681321729458e+00
3.332780908280607690e+00
3.285718074990666704e+00
3.264646288144986475e+00
3.296567525910810481e+00
3.288841580054509883e+00
3.332739437298259055e+00
3.289123742698476072e+00
3.373033907703682832e+00
3.467190843359552410e+00
3.495824607764446590e+00
3.435545009269858063e+00
3.507011976114403851e+00
3.480190349821137286e+00
3.505735497427997505e+00
3.447538155126508741e+00
3.362682406194048568e+00
3.340995534052008775e+00
3.373160610717285568e+00
3.401510224979823249e+00
3.460140854535082244e+00
3.457021801528458838e+00
3.437788382197245696e+00
3.430201557891262354e+00
3.441221625688291486e+00
3.397031619814291137e+00
3.350738665992729626e+00
3.280992691295979480e+00
3.332012255541449530e+00
3.327728939030193622e+00
3.344297076445704509e+00
3.430783201310301234e+00
3.335325423072579731e+00
3.354660333311087594e+00
3.365068892607079309e+00
3.425904856285613587e+00
3.376381048545739283e+00
3.374722976516383532e+00
3.344769369614524201e+00
3.362407204462968924e+00
3.322711259415633833e+00
3.407392743918121969e+00
3.425005340151377808e+00
3.473486815410360418e+00
3.461713160685410795e+00
3.484804116803950080e+00
3.544908803757117699e+00
3.509384274339113929e+00
3.491317474277958688e+00
3.479221885352922428e+00
3.493415554434872394e+00
3.440903739697283470e+00
3.464574003099694544e+00
3.419503950134249681e+00
3.413313542577305792e+00
3.434395972293628585e+00
3.350547760481824344e+00
3.371917303907949748e+00
3.483095153386101650e+00
3.506102135721446800e+00
3.461729530732960303e+00
3.420176975679523057e+00
3.537074565710826679e+00
3.587766653134083938e+00
3.524176039606401911e+00
3.496405807574866298e+00
3.395183577161239530e+00
3.378009984681508371e+00
3.311275418463836218e+00
3.281717285392196537e+00
3.302260485484972641e+00
3.336576069978433257e+00
3.359003242512914156e+00
3.363781251503339398e+00
3.417848824389356999e+00
3.428480727884650303e+00
3.475840615827962665e+00
3.458874644727472525e+00
3.364235154536351580e+00
3.375191624648919309e+00
3.310366476537277780e+00
3.310606465039273250e+00
3.327850805399214185e+00
3.294591380375125222e+00
3.229917335225877206e+00
3.323597629726681824e+00
3.275870889631848026e+00
3.352099943124708048e+00
3.356618514430953937e+00
3.303930042045857718e+00
3.335899378383979208e+00
3.415023205214198665e+00
3.380741498760830854e+00
3.340711634388954021e+00
3.450371985657926022e+00
3.485591694942591801e+00
3.509636271537316166e+00
3.547229172029200850e+00
3.511500331445726708e+00
3.469152956140825417e+00
3.501791652786349740e+00
3.495009068963269350e+00
3.436051839066311508e+00
3.403113800380096254e+00
3.292321345815104383e+00
3.393077237417489567e+00
3.393947406102814313e+00
3.479750935336327622e+00
3.387551832342926783e+00
3.313494479480274091e+00
3.365497319535365683e+00
3.333132154291701621e+00
3.304974988857874774e+00
3.363374594554049857e+00
3.317864532072639872e+00
3.309182311020224088e+00
3.433089338011864555e+00
3.440141052432988289e+00
3.363615980459242039e+00
3.356399900983605633e+00
3.327676330175945996e+00
3.401175440958432272e+00
3.418432272489617674e+00
3.452202504313851339e+00
3.417879821311390565e+00
3.352422186270901605e+00
3.375805381509743519e+00
3.387387712940357343e+00
3.380671400444576591e+00
3.426928540583106475e+00
3.431919118371310695e+00
3.473685642081365543e+00
3.444560394665051817e+00
3.427366003165236208e+00
3.453190301812209206e+00
3.348533012897213279e+00
3.372634456191924368e+00
3.343060027628644182e+00
3.406171048033981741e+00
3.453524738050538723e+00
3.447269780031088970e+00
3.403850113846734526e+00
3.328861291418185431e+00
3.242903304065305026e+00
3.265164707971689673e+00
3.253467366481163747e+00
3.342071222497494443e+00
3.371041781917478275e+00
3.349967695790095235e+00
3.334805864761492877e+00
3.399231779797688535e+00
3.384538271764193862e+00
3.355734322673023406e+00
3.300485453227473442e+00
3.335682266858646106e+00
3.243817243698797093e+00
3.359556899476188629e+00
3.379964011473870933e+00
3.336234049421811232e+00
3.369271589879496265e+00
3.390711403303927174e+00
3.425592970823299499e+00
3.381314370961262750e+00
3.394512361952874535e+00
3.414702399434818236e+00
3.441345732748759101e+00
3.431357055638760478e+00
3.429243910683425156e+00
3.548981583031610487e+00
3.629791270667358738e+00
3.604149631864260517e+00
3.452224551272260022e+00
3.464753362737913012e+00
3.468054523524823907e+00
3.381846924632837759e+00
3.362450366636179133e+00
3.346674319876639547e+00
3.337813523737833687e+00
3.340070728971149538e+00
3.328572671636321978e+00
3.329192067689361156e+00
3.347609847904374547e+00
3.317499790181491992e+00
3.248322681995437833e+00
3.200198359595200603e+00
3.245437323330909951e+00
3.168613655928589345e+00
3.218753218459903920e+00
3.307265281553149805e+00
3.285010386886677569e+00
3.355584224735290721e+00
3.325023733153763761e+00
3.269825212051828967e+00
3.342512262567792103e+00
3.312741120038200648e+00
3.313612713227175544e+00
3.295029414034498672e+00
3.319843854925490501e+00
3.333860476663963457e+00
3.283571457037112395e+00
3.317168335977587201e+00
3.405521864525784093e+00
3.340050686760929644e+00
3.333327143588644237e+00
3.325926951715780788e+00
3.367100523355278430e+00
3.358989913435274755e+00
3.368500137208937151e+00
3.254665400896918026e+00
3.274550881915240019e+00
3.351847938357017664e+00
3.363972100256198861e+00
3.379235671513583394e+00
3.322336677824912154e+00
3.404579045732861520e+00
3.406731773988276757e+00
3.350398038685412860e+00
3.458235150542468439e+00
3.401039984684553374e+00
3.327335899599119795e+00
3.366184620901619517e+00
3.375615014756301324e+00
3.464282102811340192e+00
3.388946157728285780e+00
3.464777403642785192e+00
3.503026695718869377e+00
3.475793275292186735e+00
3.436061349229152295e+00
3.392764949566676069e+00
3.385912790230258818e+00
3.426171129500493961e+00
3.443120710846229393e+00
3.457814856333947251e+00
3.478783359843212075e+00
3.588015982340329924e+00
3.441457001864190346e+00
3.419572860679833681e+00
3.407781894639803966e+00
3.344197168844938339e+00
3.295989859932863641e+00
3.352916888788546323e+00
3.370150961584774230e+00
3.397459521516607239e+00
3.367746666358901297e+00
3.385553589462993340e+00
3.420656035216866897e+00
3.435519842319167072e+00
3.414819322419585301e+00
3.430443482289686319e+00
3.383292078803811886e+00
3.389271491370152933e+00
3.374529066041853653e+00
3.524066668998631080e+00
3.528880205719984620e+00
3.523661223650285113e+00
3.467982506827893108e+00
3.438964413797737318e+00
3.369449133165970167e+00
3.312963513528204729e+00
3.279146949066339634e+00
3.298177029562355589e+00
3.365860156596121033e+00
3.344032972266190118e+00
3.363413474647680257e+00
3.364161344103355322e+00
3.362724422546973901e+00
3.251870901944987846e+00
3.248116040209608535e+00
3.208929365220108743e+00
3.153290719443050172e+00
3.184987587033343726e+00
3.149440429519139162e+00
3.127004551350960782e+00
3.156404078130274016e+00
3.250793795395750418e+00
3.311946202601069533e+00
3.302681441234563309e+00
3.347686451656376683e+00
3.389469741680049886e+00
3.427957154490302916e+00
3.532520546178592014e+00
3.501377671962102145e+00
3.523518578147245339e+00
3.489403356160411196e+00
3.521893550487567026e+00
3.559124956884924362e+00
3.504100655105574891e+00
3.537444219237980914e+00
3.441167103165489571e+00
3.503855110137730655e+00
3.442708713239665652e+00
3.395495295534451063e+00
3.355401877082047957e+00
3.418215936321006510e+00
3.380161224510928264e+00
3.486629401095211911e+00
3.443868075038960530e+00
3.372653360827999158e+00
3.342422183984226081e+00
3.294633787153454119e+00
3.336059085368610955e+00
3.307923470540394817e+00
3.386817823772438452e+00
3.429158032991491467e+00
3.384945776626176794e+00
3.453384577373723729e+00
3.421301464623207167e+00
3.362196227398403181e+00
3.317190217820164211e+00
3.427231576318226836e+00
3.451074055853453171e+00
3.430333548326083282e+00
3.358486503129474610e+00
3.423560050390926701e+00
3.358123359858115720e+00
3.448920597982454872e+00
3.408177027556683392e+00
3.337363439786014130e+00
3.417225686341345714e+00
3.336502022253626354e+00
3.347829782883654293e+00
3.377677760173156241e+00
3.320203397218335351e+00
3.358262208409973137e+00
3.353980408478444808e+00
3.321907256803625863e+00
3.291144478216174729e+00
3.292361814106046225e+00
3.290970951739085937e+00
3.334883713266119987e+00
3.391732990555060390e+00
3.405146219411590902e+00
3.334021008096454519e+00
3.344306997008152926e+00
3.319559105237432028e+00
3.386113605690235229e+00
3.442025391715644922e+00
3.411779624772808717e+00
3.456725160747484260e+00
3.368498373285636838e+00
3.415459827200791221e+00
3.401839681768188850e+00
3.444774373764858399e+00
3.356300806159588479e+00
3.343108732043061693e+00
3.419283756091854976e+00
3.364108587699224717e+00
3.415796262996472432e+00
3.429896629311314005e+00
3.480060573926498702e+00
3.467757305198287732e+00
3.455376907301630496e+00
3.342039006106967136e+00
3.325468947945430465e+00
3.353091892207337388e+00
3.292664388161058220e+00
3.343477993536441151e+00
3.386634144013309200e+00
3.324876624709755646e+00
3.381259068968212045e+00
3.250953397217359431e+00
3.277218513010506928e+00
3.267263798215872761e+00
3.360681468043744236e+00
3.320095908531440987e+00
3.344433305333178730e+00
3.399681375588462284e+00
3.334344369283738896e+00
3.389986706198189648e+00
3.343146461371956146e+00
3.339109723810400610e+00
3.319658296333063863e+00
3.295778278942055994e+00
3.381629276213191648e+00
3.435598389878153025e+00
3.382740047289332530e+00
3.375428524836274313e+00
3.361605984917596324e+00
3.400794666912555719e+00
3.395876106843525033e+00
3.421522348056169172e+00
3.333821329862588279e+00
3.298073482751146646e+00
3.215700323819452144e+00
3.370624684297852891e+00
3.424080262883534953e+00
3.398597894372531680e+00
3.433340937681981675e+00
3.503992941621499213e+00
3.532710170787355164e+00
3.473825719554334945e+00
3.409021830226121708e+00
3.461563359721605337e+00
3.442097894531023439e+00
3.386750723488075820e+00
3.348936958842060996e+00
3.378340053068141557e+00
3.410385918060444777e+00
3.425226765090593872e+00
3.455650742197737824e+00
3.409999262151322874e+00
3.300720842135191901e+00
3.298838130157935922e+00
3.320679409860546549e+00
3.345411380110695720e+00
3.340982114155738536e+00
3.377550112025391904e+00
3.343551052286374059e+00
3.397889663451941100e+00
3.441453976222468736e+00
3.437059444545601306e+00
3.310460131754706659e+00
3.176296951530953816e+00
3.181075513053662096e+00
3.171158594501550798e+00
3.226159516544518713e+00
3.160668005850184148e+00
3.112225412410221992e+00
3.195879789201702792e+00
3.268184905691005948e+00
3.210387598981871093e+00
3.208617226791753207e+00
3.306757235250459281e+00
3.337457184019391399e+00
3.408507925762917612e+00
3.414599296431561015e+00
3.422917591359062151e+00
3.437457489584051284e+00
3.441655261859806192e+00
3.377380854373522645e+00
3.383872424850277394e+00
3.349696659298282864e+00
3.323695395455581902e+00
3.282045445529241157e+00
3.310999500627294534e+00
3.324015214672606966e+00
3.259558880780322188e+00
3.310572150983383644e+00
3.362827472035213372e+00
3.430788494638502328e+00
3.454726375775955205e+00
3.302781446051472614e+00
3.434770566763579058e+00
3.420049849150872845e+00
3.448032643742140468e+00
3.461940454908227771e+00
3.486125977297656497e+00
3.499406787748963410e+00
3.510146374451717399e+00
3.546031740536630839e+00
3.550476394867668972e+00
3.555626432591222130e+00
3.545245754312008835e+00
3.514471350025584417e+00
3.530910883623054719e+00
3.466493086554715219e+00
3.469132632640597347e+00
3.530550342644430906e+00
3.531544151645392482e+00
3.640672965203401557e+00
3.630245166422928715e+00
3.584948479949176203e+00
3.625094047611883141e+00
3.521974744769680754e+00
3.476359612585573355e+00
3.484674153001640295e+00
3.515504281823118582e+00
3.449136626123920912e+00
3.429954883926030984e+00
3.392044761946479969e+00
3.353378293796412279e+00
3.271717123453834475e+00
3.273886406252795034e+00
3.371115678883419786e+00
3.378743830841526741e+00
3.321228923726023741e+00
3.367818712689363725e+00
3.450639777082555870e+00
3.515288927814887998e+00
3.475001745392967134e+00
3.495623590337870734e+00
3.503849685526053470e+00
3.486578056467656062e+00
3.490245273247783331e+00
3.553765590251567907e+00
3.573393636716012178e+00
3.536186611815680170e+00
3.559023875849458118e+00
3.600248719789058249e+00
3.667061083759733275e+00
3.542914068721553900e+00
3.482081335323405025e+00
3.415066128690099401e+00
3.363248709544868653e+00
3.290229567269103317e+00
3.330749088566832494e+00
3.445064132509964683e+00
3.370966588593272917e+00
3.432855182178051301e+00
3.484733311625256125e+00
3.583579260303238367e+00
3.535949583220209025e+00
3.467822822282663697e+00
3.523567575918713946e+00
3.503181049083873511e+00
3.515143547857692230e+00
3.483980795215033677e+00
3.600099737509280473e+00
3.551672611779878252e+00
3.591949931409091246e+00
3.491448210078115455e+00
3.427203744010597575e+00
3.383266140755297524e+00
3.412797799469497129e+00
3.473364219562828925e+00
3.462057598482900733e+00
3.525458811431650297e+00
3.524214257869144440e+00
3.491106124781799824e+00
3.472271220637109135e+00
3.535187443155428433e+00
3.540545807432341707e+00
3.485829165291643328e+00
3.500356667744939365e+00
3.449823173408476329e+00
3.403857736263952827e+00
3.407473458197904925e+00
3.455346381812186340e+00
3.523040430306188853e+00
3.475648661143624363e+00
3.561627072108094705e+00
3.536838772551993415e+00
3.527935838611739872e+00
3.540507568942023564e+00
3.508698300485485255e+00
3.455155617042041882e+00
3.434200124831039425e+00
3.439045243281306341e+00
3.431880722216379187e+00
3.326774940189590968e+00
3.328712231102907371e+00
3.400656964000512872e+00
3.443941771727716539e+00
3.528394066781176175e+00
3.602175955531214058e+00
3.612082705968352681e+00
3.577074993893097243e+00
3.527093359860491883e+00
3.481017761730197613e+00
3.521686829694866017e+00
3.494535403255028427e+00
3.510873784967208255e+00
3.527698755280556764e+00
3.513827870906894635e+00
3.546457507554994226e+00
3.430821821557725748e+00
3.329543450658225989e+00
3.383222854936963397e+00
3.385773765100332788e+00
3.416073756313271037e+00
3.413518071126394382e+00
3.458478644738974594e+00
3.454710515980692342e+00
3.491347763834853790e+00
3.451828515508779560e+00
3.456596528230112320e+00
3.512155261249709337e+00
3.389333534852501106e+00
3.326378647113167109e+00
3.239354873551396174e+00
3.244358779059399289e+00
3.312779414417622803e+00
3.364629687700628757e+00
3.363417732961341500e+00
3.457492876495083411e+00
3.380686622341999126e+00
3.381498175991200394e+00
3.303797497807531514e+00
3.311802437214254713e+00
3.248391752896623963e+00
3.296451613210381826e+00
3.339753823323275750e+00
3.287069429841877444e+00
3.390952837327100955e+00
3.377521950390288019e+00
3.315182049017604271e+00
3.398473800845430048e+00
3.365839186512141090e+00
3.323026650952180638e+00
3.284197967360879655e+00
3.246427772687218383e+00
3.275202850210254368e+00
3.313091535484260941e+00
3.261467213196819870e+00
3.333931085605150724e+00
3.342140771550991207e+00
3.406574460472855392e+00
3.365620186097487032e+00
3.422138403730997425e+00
3.343277974635280092e+00
3.316861524130799488e+00
3.322178898062258412e+00
3.436029248612943121e+00
3.418489460967311100e+00
3.452239426251275667e+00
3.425035534924813163e+00
3.413266476321528131e+00
3.334134022494830596e+00
3.340808866525418530e+00
3.357497635543939651e+00
3.353481363810276505e+00
3.271554103357191323e+00
3.246623287642700806e+00
3.330554196282998536e+00
3.386179861696648974e+00
3.429116261977442903e+00
3.527042312921232270e+00
3.439657848634998683e+00
3.347771610098408512e+00
3.340396856442889639e+00
3.335131051418039227e+00
3.326211468207597832e+00
3.280083262138964617e+00
3.310225752914851327e+00
3.297419249733743563e+00
3.371986154890070697e+00
3.327820888109106701e+00
3.269383256120690806e+00
3.359393263494869331e+00
3.400968860639966174e+00
3.355498691336587846e+00
3.396990190798427900e+00
3.302041422113379365e+00
3.382254806161889338e+00
3.387380630753261457e+00
3.420559306813400813e+00
3.450369938063020836e+00
3.412220634955434928e+00
3.555856913294442201e+00
3.462763211999746016e+00
3.399872852507159315e+00
3.424055114002961808e+00
3.420065583367260409e+00
3.266572708179247275e+00
3.300838438938435981e+00
3.354601852109436955e+00
3.330880368386514245e+00
3.341938558672756354e+00
3.324797725245074886e+00
3.361176924674236233e+00
3.332803105215940587e+00
3.351799186976046396e+00
3.361569234587670429e+00
3.407621712960736904e+00
3.383801080389725602e+00
3.449599299778427053e+00
3.529397888335754185e+00
3.516113953431386996e+00
3.400982973058025660e+00
3.330158956537910164e+00
3.374380178074655845e+00
3.336637026611943835e+00
3.331291201709650984e+00
3.402975411778320414e+00
3.367463368011255564e+00
3.333529607092217795e+00
3.378640193299178307e+00
3.320854815202264998e+00
3.240937587952432253e+00
3.254944399220902174e+00
3.319509705101744146e+00
3.368269497567670356e+00
3.487788139511769803e+00
3.443459633757756322e+00
3.450606611102220000e+00
3.427175699843654222e+00
3.428526210636324567e+00
3.442599931742665209e+00
3.471095525895116385e+00
3.442523050864418899e+00
3.329432322737165162e+00
3.414983353926604792e+00
3.482332175754546011e+00
3.503220358838816662e+00
3.516402206368739236e+00
3.473008432110598509e+00
3.379059778254290602e+00
3.450422413303183777e+00
3.505698216993536231e+00
3.457425042096411882e+00
3.492711996562508858e+00
3.541856521687837933e+00
3.561376163181173116e+00
3.618444468304439887e+00
3.574831041362320327e+00
3.486262354146742126e+00
3.448645394511650863e+00
3.498275854603098090e+00
3.531098894953983880e+00
3.455200576069260787e+00
3.425437110001179342e+00
3.452567388833403417e+00
3.395232766997505536e+00
3.346898527973313886e+00
3.375899068079834642e+00
3.413518647517718385e+00
3.316281147531099371e+00
3.333438578952880427e+00
3.418980806660349536e+00
3.460245662940672151e+00
3.519417286131482747e+00
3.596072778321973473e+00
3.571877216348525508e+00
3.599408995949360701e+00
3.590645797664162142e+00
3.447593394810213763e+00
3.403187710161526436e+00
3.365386545735737478e+00
3.449695826331847126e+00
3.414613716312214109e+00
3.338934462786546931e+00
3.370948353030490008e+00
3.368523132428566491e+00
3.353202458137788167e+00
3.335576554218535161e+00
3.330911238885991832e+00
3.373978547222838298e+00
3.371873735690891660e+00
3.368846849175894942e+00
3.331206129916685743e+00
3.325067881465359143e+00
3.347780664699042230e+00
3.255021448507556148e+00
3.295754169172048886e+00
3.235317372920178958e+00
3.213097118946249164e+00
3.244227355950858094e+00
3.231695221582767896e+00
3.293073281316801548e+00
3.363923607480692635e+00
3.361359440402143850e+00
3.324769186669153331e+00
3.324156672645574684e+00
3.400335018948554389e+00
3.325429901222564322e+00
3.337399485895942597e+00
3.320774753682792735e+00
3.338169787010249578e+00
3.411656454658816173e+00
3.433777534411210475e+00
3.431034693134078051e+00
3.397769345285885478e+00
3.387599347150930473e+00
3.370817390103571842e+00
3.312475250377428626e+00
3.341923507985467889e+00
3.421156160445996797e+00
3.486890332465559794e+00
3.504266031020905281e+00
3.388132610803578970e+00
3.289472527976290639e+00
3.240412464855754848e+00
3.253539897846053464e+00
3.246002696764219486e+00
3.209028783438534482e+00
3.150783680331447734e+00
3.199774268471148986e+00
3.195425908579830665e+00
3.201945269660006588e+00
3.271598748057665151e+00
3.221227143075715116e+00
3.250288973032442907e+00
3.263075502526187499e+00
3.223155094524513320e+00
3.300245178325150075e+00
3.312541495931358604e+00
3.351443930063119581e+00
3.310613566979001998e+00
3.408879696617414634e+00
3.463484821226810340e+00
3.392575401018101733e+00
3.420470041652456938e+00
3.495295459869744104e+00
3.366746279426070299e+00
3.294951554643510416e+00
3.343111316594196136e+00
3.327338844420790309e+00
3.411338076418385157e+00
3.401769236970819676e+00
3.433496792205147585e+00
3.415313409993756100e+00
3.398639136327973542e+00
3.499645652011255770e+00
3.506398114214704265e+00
3.452597289506033729e+00
3.447380966047135065e+00
3.446214879213917559e+00
3.432746869302509829e+00
3.319875909663302149e+00
3.380802963747015166e+00
3.367325607468947268e+00
3.324845677851917980e+00
3.216743947045441310e+00
3.318839165710064432e+00
3.182119403519190648e+00
3.310978280524198514e+00
3.284116815244716658e+00
3.328628425478970421e+00
3.343887141798082219e+00
3.375167309192331100e+00
3.307590082809248155e+00
3.439525533172385074e+00
3.468912721607921412e+00
3.427426755222585886e+00
3.401713099546870289e+00
3.308698883433993654e+00
3.399001312849269318e+00
3.412553044604521357e+00
3.469508133985494069e+00
3.498762799612158858e+00
3.462960919757365641e+00
3.469076549517211561e+00
3.474227266731829911e+00
3.407587685696292112e+00
3.444975266071188091e+00
3.463506362102956260e+00
3.406736805586620953e+00
3.344274226504424075e+00
3.377632227000713971e+00
3.408489800292870076e+00
3.447448138614950697e+00
3.443140053664947686e+00
3.412097593218214708e+00
3.511329562514961200e+00
3.481636568722933145e+00
3.440243624343857221e+00
3.428455932810843265e+00
3.398672357448104364e+00
3.333419938834078611e+00
3.255228899735878922e+00
3.314183825443326903e+00
3.397184074641101503e+00
3.353486439737155766e+00
3.453769754517727719e+00
3.526389947341084241e+00
3.500347751012836461e+00
3.485183329726199819e+00
3.544264014612855451e+00
3.500285952921720956e+00
3.480315733153160007e+00
3.432125946542126993e+00
3.356833122312660400e+00
3.367869589905541972e+00
3.337419365310285713e+00
3.354316046997483980e+00
3.451549094449063659e+00
3.491332347671420866e+00
3.413642670350404806e+00
3.442994077280864484e+00
3.481152324733833403e+00
3.475496902911364927e+00
3.498044059494994418e+00
3.442221070673745942e+00
3.404566748273659460e+00
3.428687164886717209e+00
3.415058252747579903e+00
3.419499549299334973e+00
3.338044610526427647e+00
3.308647707386694226e+00
3.361422545021691466e+00
3.335589310183463940e+00
3.362691249517679282e+00
3.355731597613642592e+00
3.394386541829615744e+00
3.352372931109559140e+00
3.342144735720792070e+00
3.384773698794762531e+00
3.461839522087599264e+00
3.491560228131052934e+00
3.527788604552376750e+00
3.592821923017750052e+00
3.457557614748133279e+00
3.484004455831982039e+00
3.517239977253579397e+00
3.470876547739172757e+00
3.407300467451319648e+00
3.489697310931729302e+00
3.455664114987366808e+00
3.371269852553843371e+00
3.263206856660656463e+00
3.321707560445974927e+00
3.354967125917928783e+00
3.393446175385025576e+00
3.281769945775153463e+00
3.398562987397687696e+00
3.417765071674507826e+00
3.289822753215456697e+00
3.291942500144669825e+00
3.265853784533418125e+00
3.298893586756333818e+00
3.310331671288891719e+00
3.317061880476757096e+00
3.289456847522782112e+00
3.328580377148854463e+00
3.365899887348341668e+00
3.427005776036714302e+00
3.425497353556758551e+00
3.578996102300914028e+00
3.591098240926887453e+00
3.657365887060676002e+00
3.579991389224093101e+00
3.555265316790899632e+00
3.557910491428292410e+00
3.466207198511582099e+00
3.460612706666466476e+00
3.305735121306515367e+00
3.360230278247976710e+00
3.423225760493069370e+00
3.385345524598824873e+00
3.437084186281195830e+00
3.398956481998214763e+00
3.417949426514776512e+00
3.315739838698136932e+00
3.308626464751989626e+00
3.300600291934629116e+00
3.238687954915409062e+00
3.295622481820190686e+00
3.371930457399965775e+00
3.332846161012431807e+00
3.331917562304061331e+00
3.252561280182389325e+00
3.207850716110957290e+00
3.218850966853124440e+00
3.268233816686749726e+00
3.332114327766577677e+00
3.344780866344454040e+00
3.368726682899960689e+00
3.313116131727978697e+00
3.312951476924058447e+00
3.170018317957621345e+00
3.173718675147176427e+00
3.188917074003696506e+00
3.198705345375633335e+00
3.125623907050422368e+00
3.267453648324897486e+00
3.214917735218274064e+00
3.162005081214080082e+00
3.158462670994827803e+00
3.278931796281552735e+00
3.317958965518541969e+00
3.356257334737606346e+00
3.261051545497652970e+00
3.234303745351264858e+00
3.318316212187256475e+00
3.330649592837814588e+00
3.279489506291719536e+00
3.296594479429337365e+00
3.324147817288407580e+00
3.381161880673056341e+00
3.298587633565129629e+00
3.353952696125153121e+00
3.365522720522474476e+00
3.412115714960508583e+00
3.351596291289994589e+00
3.388936938761106354e+00
3.247836753193110493e+00
3.220271319719171910e+00
3.180423945706109645e+00
3.250673118514550985e+00
3.206265633421355954e+00
3.189454155002053426e+00
3.235792928021796300e+00
3.205547975298292940e+00
3.259881139458317811e+00
3.368198990197929898e+00
3.423930056602876082e+00
3.412661567928168438e+00
3.363975077634478783e+00
3.335908459818390348e+00
3.323897679117200799e+00
3.295883901703598795e+00
3.305648182087777887e+00
3.333049558048563732e+00
3.358529698742040548e+00
3.335363687925319898e+00
3.283332073835900200e+00
3.334892304106164662e+00
3.291490913587535871e+00
3.347090425415955028e+00
3.317328379690901663e+00
3.342871538592059100e+00
3.397159149261001154e+00
3.428968999925603445e+00
3.442413747380940414e+00
3.453411511350660934e+00
3.452009446238599732e+00
3.446796242060454318e+00
3.330355234896497763e+00
3.360224256630636841e+00
3.356596141036054082e+00
3.419410196712041383e+00
3.395693758182535937e+00
3.335783306422471561e+00
3.309500431294433387e+00
3.293154217746735668e+00
3.255796020453161521e+00
3.282713560066512937e+00
3.270178586212027838e+00
3.302530538489840239e+00
3.316928199478371031e+00
3.311746575058925224e+00
3.337847203233916371e+00
3.329666594706983673e+00
3.418194085100457080e+00
3.488527091319778783e+00
3.437369648384389631e+00
3.393067397521319251e+00
3.410636473388110268e+00
3.463587764845899919e+00
3.417050458639069976e+00
3.367087884628380490e+00
3.386764392951689739e+00
3.405543506970214906e+00
3.379717715593749006e+00
3.441933500280043745e+00
3.450554844725670645e+00
3.431290350291444913e+00
3.457592769926184140e+00
3.518513790801229835e+00
3.401103822249391673e+00
3.509901939086913725e+00
3.565425561105144414e+00
3.515935607144602848e+00
3.458066855480501633e+00
3.410502611351063251e+00
3.516130852965318798e+00
3.478980368723793237e+00
3.400394694702068232e+00
3.379440238057168866e+00
3.397443871311805363e+00
3.392976703929849513e+00
3.424633288137042264e+00
3.471402071563281400e+00
3.529256218890338914e+00
3.456765415397128116e+00
3.463564242955648353e+00
3.509648363986717534e+00
3.516498748580761724e+00
3.435215569873373731e+00
3.353091835858922565e+00
3.373474131952222344e+00
3.336680899740906092e+00
3.213031499404553681e+00
3.246949158594510276e+00
3.308330903400377832e+00
3.389102424797895807e+00
3.426989339803141466e+00
3.416016807955819523e+00
3.469288437511051093e+00
3.551868009237411528e+00
3.576860106820384910e+00
3.599778864740326600e+00
3.516750065875603237e+00
3.386030386207281584e+00
3.451557791460261093e+00
3.337576415142653463e+00
3.301334893378669921e+00
3.296195414326663187e+00
3.233113913992072153e+00
3.209541410198782696e+00
3.254856501639761035e+00
3.278622875127028991e+00
3.305693495101584389e+00
3.304457082534238310e+00
3.343370555997545068e+00
3.354245684589451937e+00
3.301581836856639196e+00
3.380580773564703989e+00
3.273382687756890341e+00
3.269914915971269487e+00
3.266455565707786057e+00
3.241878652723572785e+00
3.301021507391421750e+00
3.264086325410162193e+00
3.310904630344844168e+00
3.309169279237448080e+00
3.273312560353483391e+00
3.207081291780831567e+00
3.280509823841701422e+00
3.287839667355297646e+00
3.382483269915371071e+00
3.427598210711623850e+00
3.374026232753207566e+00
3.408029641247143360e+00
3.398980932255616150e+00
3.367916854942774929e+00
3.300509756525612737e+00
3.374710068004133312e+00
3.390562621785339736e+00
3.305363783625296925e+00
3.235955269730546924e+00
3.261110822784616392e+00
3.242357860938403835e+00
3.290656916463365000e+00
3.373691688982824566e+00
3.411689839206845765e+00
3.439506667442258081e+00
3.303230157197028838e+00
3.277253951975845681e+00
3.222989483606542915e+00
3.400360900720051482e+00
3.438841451886722744e+00
3.393119293919677038e+00
3.413052648608250639e+00
3.560415638282189210e+00
3.561962421035265169e+00
3.544577070853752065e+00
3.467506077918669938e+00
3.397164298831031992e+00
3.289062498439312421e+00
3.403286621116141664e+00
3.538957480266974986e+00
3.530652378000591174e+00
3.505927719420406596e+00
3.516142264407783991e+00
3.488245807020033062e+00
3.487989826542252203e+00
3.474204400319453878e+00
3.484535192319112795e+00
3.463400841942850583e+00
3.482470803264360093e+00
3.522453393213627493e+00
3.492768987981853979e+00
3.556738929437780694e+00
3.538962933703865055e+00
3.534405271099519297e+00
3.607608291583635385e+00
3.576190345162026052e+00
3.609849845662528978e+00
3.569044036738582282e+00
3.644391739255203877e+00
3.514574236606790691e+00
3.419559636937352654e+00
3.447439562011028524e+00
3.416690460145970221e+00
3.434363939871258875e+00
3.436962335538137125e+00
3.479808844009139701e+00
3.466641354996617963e+00
3.549147839410692118e+00
3.541323364752256175e+00
3.574453899133272383e+00
3.509285769706610658e+00
3.532878041744311748e+00
3.545242881290533887e+00
3.533804015334179649e+00
3.553845096465539477e+00
3.545341850921209126e+00
3.580533709133207232e+00
3.559745657223092774e+00
3.470038136268163598e+00
3.403691870967870958e+00
3.412656399921173644e+00
3.326365605695311700e+00
3.339584887000924596e+00
3.308337703018028098e+00
3.299408025360569319e+00
3.283796761896510930e+00
3.291154601606379071e+00
3.368268300478928001e+00
3.337562517765373382e+00
3.436343927391579012e+00
3.338985948028587281e+00
3.420892992372149166e+00
3.402877454120369016e+00
3.397005195707850422e+00
3.372434931706659977e+00
3.368259107246456718e+00
3.404707872942619673e+00
3.455514531529346733e+00
3.467741606903257612e+00
3.407852182608379188e+00
3.381522351576378593e+00
3.402137262450198651e+00
3.459510130092571245e+00
3.508338792258326677e+00
3.498115807084926310e+00
3.540609511337847959e+00
3.454264629978844425e+00
3.430982995941548541e+00
3.513682625018718753e+00
3.452661719363423032e+00
3.503576514589404223e+00
3.457854951731208715e+00
3.416573192929057257e+00
3.465180149326388737e+00
3.404617611382308340e+00
3.442890541500412294e+00
3.399226021774945039e+00
3.372878411457178149e+00
3.336923251586853656e+00
3.407500502116352692e+00
3.499221753459493378e+00
3.512002297216814561e+00
3.535892555384607672e+00
3.487227945082404190e+00
3.369178290525521646e+00
3.325420652255979270e+00
3.320081947025181890e+00
3.286509270181503961e+00
3.307734960481909070e+00
3.322621917356069154e+00
3.293447070649541342e+00
3.276345776980912561e+00
3.357379512866713878e+00
3.314349745861148833e+00
3.276850168974343003e+00
3.373040712154387055e+00
3.401885031001577797e+00
3.380759436039616705e+00
3.428372613848145622e+00
3.461877768487891416e+00
3.456937257336315739e+00
3.516933390977558194e+00
3.500247574672092910e+00
3.531217690184790925e+00
3.555332944630651859e+00
3.494006955183394325e+00
3.499473313743425074e+00
3.561136390810164531e+00
3.413399574552605564e+00
3.455669107955538166e+00
3.354853437193032306e+00
3.295622674914015171e+00
3.353491179911795683e+00
3.409697872109655137e+00
3.368985329874770951e+00
3.451302909837317578e+00
3.345009639186449224e+00
3.377921478571657143e+00
3.367423333098304106e+00
3.470647011907446622e+00
3.423615684646394985e+00
3.434108780517284742e+00
3.509353240568227505e+00
3.502936381651787556e+00
3.422815798333286530e+00
3.371962040035622277e+00
3.353723011769355722e+00
3.268302068503941893e+00
3.179316373709633936e+00
3.233247783461105307e+00
3.157493061163567205e+00
3.214285806633778275e+00
3.153612944366415149e+00
3.210659385630543206e+00
3.237507346333371672e+00
3.345459161082957600e+00
3.292811382568172629e+00
3.303392464315336063e+00
3.245116091771037770e+00
3.366936481453771446e+00
3.356057581899078102e+00
3.362954254389523001e+00
3.442451138274265521e+00
3.365782229064103070e+00
3.391549784756159980e+00
3.360629265734145221e+00
3.351808881382342786e+00
3.352965566886668913e+00
3.270375294956853196e+00
3.262387820798635207e+00
3.408106204066166711e+00
3.530979510949521671e+00
3.487171747869124871e+00
3.470207754335991268e+00
3.435343744575785951e+00
3.306499716066013672e+00
3.364121114485877584e+00
3.444163582721824657e+00
3.361432670979631165e+00
3.371376243462882893e+00
3.393009285282639897e+00
3.371201865780172113e+00
3.351556988168847617e+00
3.367074191238997649e+00
3.406786311655809918e+00
3.389775041410018730e+00
3.372075612855476301e+00
3.416890370604371618e+00
3.357862935770841606e+00
3.422786547816508040e+00
3.501843823380053511e+00
3.533171988817981557e+00
3.547583590404140175e+00
3.607857695151277522e+00
3.590753813195253219e+00
3.618047776263138449e+00
3.680951616304318108e+00
3.574795874979129984e+00
3.555000557825430008e+00
3.493926543012132235e+00
3.385977702964793057e+00
3.348684538088270823e+00
3.439704824005168859e+00
3.492656397528851819e+00
3.441453726833454407e+00
3.472205664485268350e+00
3.475661844934566869e+00
3.433879076814601472e+00
3.462933881240443323e+00
3.482176060447617960e+00
3.454485082600055712e+00
3.336936641424990135e+00
3.340518007570604908e+00
3.352525897028981738e+00
3.418528336215310937e+00
3.348536018511569790e+00
3.372951948756363283e+00
3.380148460389122533e+00
3.420195351173394016e+00
3.328114640299512317e+00
3.329134074226839157e+00
3.335134676533062503e+00
3.312027976723260991e+00
3.386327892387980487e+00
3.427690083506611085e+00
3.437530821442555506e+00
3.359916974840950754e+00
3.357641371964695143e+00
3.366263656693438744e+00
3.382934585683704309e+00
3.401889379546437997e+00
3.385541929642359449e+00
3.344294435517559894e+00
3.407222798820582543e+00
3.391430669386240382e+00
3.359813926502331682e+00
3.462429981728520900e+00
3.383144787304770862e+00
3.492254492179654779e+00
3.516195273526526499e+00
3.453166136352258775e+00
3.453769133814880377e+00
3.484429267113194229e+00
3.451646828522315413e+00
3.545903401308403424e+00
3.422522254396360708e+00
3.399783007709148652e+00
3.377145711891495594e+00
3.347507932755154680e+00
3.465799555338399340e+00
3.384266807961741286e+00
3.384286943633087574e+00
3.368674318088659803e+00
3.365426643391382644e+00
3.346725034389994136e+00
3.384930053720776932e+00
3.318976493972882746e+00
3.316426281103163731e+00
3.238187721002837360e+00
3.180199392401049874e+00
3.236000600467285437e+00
3.301442758144565559e+00
3.385852907473567708e+00
3.403842194853831771e+00
3.432103687420417604e+00
3.514865974315800390e+00
3.476847139888911364e+00
3.533835309840786199e+00
3.581018980173233057e+00
3.559950781455727409e+00
3.532073591352120623e+00
3.593240961025728542e+00
3.497576477089257008e+00
3.481039530089512724e+00
3.488990336784683510e+00
3.482843532389727770e+00
3.422674411978912978e+00
3.455901282397875196e+00
3.357267203530506450e+00
3.448756330779306101e+00
3.316900201791168179e+00
3.233295476536542257e+00
3.300437682384599114e+00
3.349078274859178084e+00
3.294783833497337167e+00
3.331224974781193282e+00
3.354653273904163235e+00
3.294480450652370163e+00
3.253669679319858510e+00
3.325412582156357377e+00
3.380727125260494237e+00
3.342436504437706013e+00
3.390352064546348299e+00
3.347313395302453198e+00
3.365675588511789496e+00
3.364833718489418590e+00
3.411879846825843998e+00
3.513071456961160521e+00
3.432108331442616400e+00
3.421873499710612165e+00
3.313745525791267799e+00
3.266773423814316235e+00
3.293321209932848159e+00
3.286868719642930703e+00
3.346208546860169886e+00
3.272399284316773294e+00
3.287874292925876851e+00
3.303521328181617811e+00
3.356780307315414547e+00
3.286457781122652744e+00
3.292999638496091563e+00
3.217362445882146815e+00
3.295027150581420816e+00
3.369615649219130038e+00
3.409064058498139538e+00
3.365778575749538870e+00
3.377780680147820735e+00
3.401647399363943780e+00
3.329684167285387186e+00
3.416763727996670053e+00
3.354936011355300174e+00
3.370930627472750629e+00
3.446325516199132633e+00
3.501979283501039930e+00
3.469475277217497933e+00
3.497677426541103252e+00
3.518416386037367172e+00
3.438057048753538236e+00
3.500211665245740456e+00
3.482098775687260783e+00
3.378638839376164160e+00
3.311204309492620457e+00
3.277813455523177488e+00
3.374242621526624575e+00
3.472846606715005890e+00
3.387580153366671620e+00
3.362574510570486286e+00
3.410633387935400496e+00
3.481411412173702757e+00
3.473951460058393170e+00
3.475871500535474556e+00
3.544264359179803758e+00
3.417262777747454017e+00
3.404739677971055478e+00
3.369399526213886276e+00
3.443551183164703211e+00
3.389307766090821072e+00
3.349712782108899667e+00
3.386875487535909723e+00
3.430283845288100597e+00
3.396474129324044355e+00
3.430028726372805981e+00
3.433322091593537184e+00
3.424103326836537065e+00
3.293961657922335640e+00
3.341510695819604582e+00
3.361959250288032219e+00
3.311214368272684005e+00
3.304704663954486143e+00
3.328294992487863979e+00
3.430256413195316600e+00
3.539797808881206542e+00
3.474590765524725455e+00
3.499279332866349179e+00
3.454827227037572168e+00
3.456958207763319191e+00
3.529758969596258567e+00
3.505331073615821857e+00
3.436136834105950388e+00
3.402467887811074121e+00
3.340199891878543603e+00
3.405104631896838985e+00
3.438328308586127147e+00
3.480325794478978718e+00
3.501334660876182170e+00
3.568209535996655468e+00
3.607467372810192252e+00
3.573268098084740441e+00
3.542147504882326547e+00
3.539824666292206601e+00
3.598729364986147594e+00
3.594384691273651899e+00
3.480896996532540033e+00
3.431327154535776636e+00
3.491464304880854908e+00
3.550148857537853697e+00
3.512959392832567751e+00
3.525697234004538494e+00
3.500047397928490955e+00
3.484827866903916771e+00
3.440150220869122588e+00
3.407081670476147739e+00
3.527383135914568424e+00
3.532658973573835404e+00
3.522063719575545537e+00
3.526083246120061077e+00
3.576522424989012627e+00
3.495420397736270779e+00
3.597201458989056189e+00
3.466999791796845365e+00
3.477392201114558823e+00
3.474110017344318901e+00
3.461021421859033609e+00
3.528335641852959892e+00
3.406807660241177427e+00
3.317857299515832636e+00
3.353021530603083722e+00
3.326327849494544076e+00
3.398441171161295848e+00
3.392043974028111641e+00
