1.666666666666666574e-01
1.303149327864564055e+00
2.140571202153656039e+00
2.816194512247678361e+00
3.252416579707293032e+00
3.640075924615008951e+00
3.862024925055415725e+00
4.118728779699195819e+00
4.258069747571048502e+00
4.387186466741579416e+00
4.576678891818056094e+00
4.500915392769010204e+00
4.419799438773361011e+00
4.403277615360582153e+00
4.555849055727470898e+00
4.719687563967432276e+00
4.694444991107181941e+00
4.721409256570941793e+00
4.790854273192636903e+00
4.732467718165465520e+00
4.885308796160861000e+00
4.971081106229842561e+00
4.983084014013562602e+00
5.052298965921402818e+00
4.848755543544212010e+00
5.056169255656675077e+00
5.195381204675843634e+00
5.190706193410643543e+00
5.194161804599901622e+00
5.122535094838983838e+00
5.163864270999490635e+00
4.883106529869266410e+00
4.847412491347910191e+00
4.866479655882647748e+00
4.903109363889313954e+00
4.724604043767993922e+00
4.687479669852089970e+00
4.665556835147644854e+00
4.842018687428688573e+00
4.791207689306279605e+00
4.908290805973972049e+00
4.777933432935665081e+00
4.746262858349822977e+00
4.667677880509081945e+00
4.505594489384153079e+00
4.488511444516674942e+00
4.588305212882645812e+00
4.594494305837821813e+00
4.626859866266560317e+00
4.787228675484214158e+00
4.984069845117298669e+00
5.016929990641167514e+00
5.111316236036499205e+00
5.019359747686383599e+00
5.136565752417388886e+00
5.012902071794415271e+00
5.032951575079009032e+00
4.940785576915118327e+00
4.783107062912776541e+00
4.859711342799417189e+00
4.783967161365346499e+00
5.021120487499569407e+00
4.854578979587799381e+00
4.788069145037376018e+00
4.970182199147764379e+00
4.871904275771363757e+00
4.939769775622709247e+00
4.816265617369509755e+00
4.882617516952828751e+00
4.847136920118081171e+00
4.948261175845289017e+00
4.908737543393561609e+00
4.882792017679154384e+00
4.819370450271565076e+00
4.819257662496420735e+00
4.828056497825990334e+00
4.758017365471746807e+00
4.553641191192764559e+00
4.723585361673066529e+00
4.796692335130964935e+00
4.830538183611161607e+00
4.672909836504826941e+00
4.607394818440931239e+00
4.587944004469911796e+00
4.581086323955021022e+00
4.663222571839497732e+00
4.605809256796581153e+00
4.647738930023278314e+00
4.517335976254002183e+00
4.766121602552675363e+00
4.918405486367317891e+00
4.970874298781831513e+00
4.816719903492346688e+00
4.850189055832210272e+00
4.948934386279930209e+00
4.837978351968680535e+00
4.863022369104828435e+00
4.846840453032831952e+00
4.701914352271010067e+00
4.653988170425963133e+00
4.777041112164881476e+00
4.929157220023444808e+00
4.873677725186995602e+00
4.940626932270371086e+00
4.916251981196078980e+00
4.692880779299888339e+00
4.764583069350718070e+00
4.723994346685360668e+00
4.852187559834360009e+00
4.745025041916803410e+00
4.959109198563413479e+00
4.924364596784522874e+00
5.055155058269708235e+00
4.921747030906962195e+00
4.886936699585330501e+00
5.012121297424265265e+00
4.762395643250550314e+00
4.715654663997939089e+00
4.799791568129540664e+00
5.037563521878881900e+00
4.750003039252952419e+00
4.866292761455228266e+00
4.811095151604854792e+00
4.722273267663926966e+00
4.834927339792222334e+00
4.833877404278077883e+00
4.863099393121516734e+00
5.078178617283207963e+00
5.158456923422581220e+00
5.009600297486896281e+00
5.016836567612384279e+00
5.018788973537777309e+00
4.838087532842807903e+00
4.924433685805128746e+00
4.777083359543015995e+00
4.688062640058205943e+00
4.679552000064970407e+00
4.894822103176595718e+00
5.037765093340596856e+00
4.986870833709533990e+00
5.063489645070223588e+00
5.173332648428186076e+00
4.946351002633058158e+00
4.761353824329610518e+00
4.644830363459561795e+00
4.888811151015659995e+00
4.812499560369337459e+00
4.848597291303115675e+00
4.897708025305250956e+00
4.819715028952860969e+00
4.877575900308965373e+00
4.999025848851489151e+00
5.076369628345485552e+00
5.073214514181565882e+00
4.948095676708016200e+00
4.827470566226351067e+00
4.934498469964520240e+00
4.998601678947605542e+00
4.847948114372321982e+00
4.784860097156495407e+00
4.650016271667374745e+00
4.818677126222492113e+00
4.643580616886247903e+00
4.704048568953011156e+00
4.738339750582508003e+00
4.628794629864477095e+00
4.590043397708059913e+00
4.646249440506189821e+00
4.676068349706651972e+00
4.655874079508006247e+00
4.713755555551091270e+00
4.860951888575939073e+00
4.824301962571285962e+00
4.865198665945478673e+00
4.975542811340283755e+00
4.745452221921175884e+00
4.893281019848071622e+00
4.789763263353547629e+00
4.759388876072268459e+00
4.954271575439876507e+00
4.949224850706330336e+00
4.528507772049474411e+00
4.710585612353531459e+00
4.576805174302345236e+00
4.683929263351449102e+00
4.811032883628334922e+00
4.817356796399455909e+00
4.897618149048287961e+00
4.958035214776024269e+00
4.957416018738690866e+00
4.949857120920283293e+00
4.985777298979094496e+00
5.070954620089776377e+00
5.186080781350406177e+00
5.141392788223465793e+00
4.992934078573391332e+00
4.942733119420873678e+00
4.914710904535112945e+00
4.902021351140597005e+00
4.706509106384469732e+00
4.690137415294350909e+00
4.613060941703463591e+00
4.504346524829660581e+00
4.802746149401117215e+00
4.683049079170693574e+00
4.783460185834762513e+00
4.964319605734536012e+00
4.882052675696108679e+00
4.805691114488426230e+00
5.002038589325603191e+00
5.047491781687857504e+00
4.864195570768823806e+00
4.711436978701883938e+00
4.784287870417077926e+00
4.935620184270126387e+00
4.928714658839033369e+00
4.900770549140735177e+00
4.980592817718523690e+00
5.027786819271129026e+00
4.988879071780895735e+00
4.905187637209386331e+00
5.183195296371168936e+00
5.001117371810231305e+00
5.051354586388584700e+00
5.047873295157915052e+00
4.817409598458048947e+00
4.901214386416834046e+00
4.948013492849176131e+00
4.869202865815664971e+00
4.971554383882486050e+00
5.049132354925582433e+00
4.909647906318496347e+00
4.889383014243667169e+00
4.974196403241449183e+00
4.984379908926346303e+00
4.867883469446343980e+00
4.862649520632245093e+00
5.090639864906710166e+00
5.113332151466397413e+00
5.281972441449616973e+00
5.321892689703007662e+00
5.333605401445181471e+00
5.267170853595926516e+00
5.447798791337117308e+00
5.483371397120561319e+00
5.270745147344297443e+00
5.186116427888386227e+00
5.101716015215560951e+00
5.051614508774371792e+00
5.182370479242807804e+00
5.066592697650313504e+00
5.067728887315286812e+00
4.803077719538236146e+00
4.666331716158250487e+00
4.861070995898904457e+00
4.867978867359163964e+00
4.887130568901854488e+00
4.795977916819397890e+00
4.919260559822605572e+00
5.062297551524886252e+00
4.800486542611628771e+00
4.865644816018081187e+00
4.969267519156366220e+00
4.909338550916895194e+00
4.748814737830280741e+00
5.075831532314435179e+00
4.860551263628108742e+00
4.926428032204657192e+00
4.999915336249688202e+00
4.930094583495367111e+00
4.837422973888873656e+00
4.941315682976111567e+00
4.861849849973736148e+00
4.791251884303428632e+00
4.907014720571799771e+00
4.997544204862441219e+00
5.143556225751442668e+00
4.959115610591284806e+00
5.074821113004770901e+00
5.036233508686021487e+00
4.780056706911189224e+00
4.821248303316688855e+00
4.940747378506282317e+00
4.801016732263802211e+00
4.859549283521531926e+00
4.873740751449999742e+00
4.963036756999199994e+00
4.977922043160975640e+00
5.069923227361135432e+00
5.176572725829546862e+00
5.037457202971736159e+00
4.810186516364142406e+00
4.983039845843128646e+00
4.813641330499614845e+00
4.949790154443598489e+00
4.959931048364573769e+00
4.951991344803526651e+00
4.795898666843451785e+00
4.913392752231560578e+00
4.890031856426040768e+00
4.818526987653818594e+00
4.873156721177443806e+00
4.989666616564223389e+00
4.966191846085320272e+00
4.878147579816872970e+00
4.873065388268664755e+00
5.041940586980423689e+00
5.044498294514984771e+00
4.792725263165039884e+00
4.785687529469250023e+00
4.775029827322943454e+00
4.771474848556836790e+00
4.784567717458990899e+00
4.750080097679056479e+00
4.771482120104169944e+00
4.546361103707007523e+00
4.648087032118026762e+00
4.538395136509193684e+00
4.705582638609238977e+00
4.668753382210471869e+00
4.787268660569936607e+00
4.626301779693116956e+00
4.681615977326246458e+00
4.686454256842715438e+00
4.752259389219655183e+00
4.777009729431114238e+00
4.854280067579542113e+00
4.860452564658120700e+00
4.736449834128540815e+00
4.757218449560831175e+00
4.969655582709902042e+00
4.941218085651857272e+00
4.874891474338697073e+00
4.893061097994982234e+00
4.648341037308081347e+00
4.689023034397729717e+00
4.664111593657954913e+00
4.580964198168346435e+00
4.587029682786333495e+00
4.676922930470460926e+00
4.724122259446922989e+00
4.774341817870668692e+00
4.827408291463851420e+00
4.847389892925856536e+00
4.988135788930527781e+00
4.850938565409396830e+00
4.825908282357535661e+00
4.865686237491881450e+00
4.744357405292694452e+00
4.742257356714648431e+00
4.767424301913697704e+00
4.820367438519784109e+00
4.840790876198201254e+00
5.043939720419456485e+00
4.890136864557143248e+00
4.778680713552109438e+00
4.805763982409541057e+00
4.786176035439155818e+00
4.829509867324309091e+00
4.861932912216605729e+00
4.664923065122146717e+00
4.734709775197855741e+00
4.807335834259175655e+00
4.783598689435404339e+00
4.651518762771644333e+00
4.529794086737214620e+00
4.536545974117744962e+00
4.873051653903362812e+00
4.737213274942387642e+00
4.652304951124283328e+00
4.623710263597970993e+00
4.575415532191493995e+00
4.621807695297654561e+00
4.589121260602823327e+00
4.678187357032981275e+00
4.847175449189580654e+00
4.855110803387378660e+00
4.895620365501476279e+00
4.813986015124525508e+00
4.908302829133423195e+00
4.895017537128602214e+00
4.820805919648558202e+00
4.910771092991248032e+00
4.703094133884135886e+00
4.712991907711267636e+00
4.779346509357216277e+00
4.546076762491642498e+00
4.667583309845582562e+00
4.564996984751880760e+00
4.535789315893983265e+00
4.514119220004854327e+00
4.539596616475630064e+00
4.525596594555967300e+00
4.538045158193139805e+00
4.740631604282951272e+00
4.626120812632755097e+00
4.640326225363662793e+00
4.593825223323475981e+00
4.592523362148306809e+00
4.667827287950695236e+00
4.543782193223968591e+00
4.543846978647302137e+00
4.493042860236493574e+00
4.517719301278472877e+00
4.408729970828662914e+00
4.390209223783982928e+00
4.684859625702341823e+00
4.618014845702087534e+00
4.604820652878583331e+00
4.738303854505173440e+00
4.786076620875033605e+00
4.820657271523619336e+00
4.872115528539519680e+00
4.991815751158607206e+00
4.891168057692160787e+00
4.892663177994548640e+00
4.939821264547950008e+00
5.061034010743781231e+00
5.028589781493570499e+00
5.145023590577210371e+00
5.261777611366268204e+00
5.223875557602128517e+00
5.254586778641894718e+00
5.073044813759676863e+00
5.164711379052985940e+00
5.193951820933879304e+00
5.165504376612688908e+00
5.102322436298038610e+00
5.000492918481040938e+00
5.035347916314706573e+00
5.065098634413475409e+00
4.987911243780615678e+00
4.880190851817995501e+00
4.768396433912917232e+00
4.770638196460168068e+00
4.834720922459007753e+00
4.839126938797360111e+00
4.744603611179427638e+00
4.652516303912553219e+00
4.601936591705249491e+00
4.592161278854447914e+00
4.630714375034047592e+00
4.548432029241780583e+00
4.872256857394464902e+00
4.796001829467898325e+00
4.848458251831985422e+00
4.754054006274643918e+00
4.726335267296859044e+00
4.649304590441743379e+00
4.714865016905033457e+00
4.926114797294361303e+00
4.745505899450802367e+00
4.709259997270502929e+00
4.948992045592931710e+00
4.794220057134128687e+00
4.802830537524597432e+00
5.066744434718199130e+00
5.003409266129152932e+00
5.000214096476009118e+00
5.055658258110910630e+00
4.914686601381829334e+00
4.912934238000074672e+00
5.099684179510558302e+00
5.341884866391564124e+00
5.228444356330824938e+00
5.158619912296311227e+00
5.151475374613154301e+00
5.133698691571472850e+00
5.201908559992983072e+00
5.330164912927149778e+00
5.402241892391295153e+00
5.179192105289097903e+00
5.026025688253770163e+00
5.113706140014531165e+00
5.094354599107860260e+00
4.964587532467350961e+00
4.998734033266014620e+00
4.954451100462050839e+00
5.069191052565860112e+00
4.980217332685737297e+00
4.790089667099564075e+00
4.849244793602846215e+00
4.647875068446763791e+00
4.713299400674046069e+00
4.602507920380237039e+00
4.524405718274131516e+00
4.533127230849711253e+00
4.544452728498820093e+00
4.604161522690835895e+00
4.529885785430367129e+00
4.752319088338662567e+00
4.763437803226707956e+00
4.873634424410766108e+00
4.951360163952117865e+00
4.929654237407511630e+00
4.800730379161265660e+00
4.911475006486225148e+00
4.892549193204970059e+00
4.720507793650813966e+00
4.537619830433635038e+00
4.770497429484512608e+00
4.874484108422011630e+00
4.817439961273559668e+00
4.972641266898549794e+00
4.780409872132338478e+00
4.703473364329785689e+00
5.044067170522738230e+00
4.902113334584242033e+00
4.871310595042031011e+00
4.989990782444990280e+00
5.137223753652556013e+00
4.899839622874718081e+00
5.027771395483657813e+00
4.943933739492337942e+00
4.968588295056806103e+00
5.157171791313522213e+00
5.024970008580107006e+00
4.861128838542525976e+00
4.786675619255815306e+00
4.893679282920111895e+00
4.921187282103692162e+00
4.813712447640723369e+00
4.708873230984568004e+00
4.765917648230653114e+00
4.939108070971499842e+00
4.883438143048431712e+00
4.765506833439768997e+00
4.806022540517097319e+00
5.035583096155457739e+00
4.836483966343300800e+00
5.014334349297055127e+00
4.672214138404489070e+00
4.820276206552120968e+00
4.882142554048146899e+00
4.681130658603311900e+00
4.770289624136382578e+00
4.781780730430575055e+00
4.839338273475228824e+00
4.828439071489209589e+00
4.808460140401217053e+00
4.702797488231831302e+00
4.635466645028441413e+00
4.839413699477673525e+00
4.977180421368579744e+00
5.049729275158685304e+00
4.985947937298806032e+00
4.753366725902094636e+00
4.671953723885578391e+00
4.694156008275768066e+00
4.714310781578297416e+00
4.704315994585566152e+00
4.871036332776228939e+00
4.781659606473191992e+00
4.670640626507440274e+00
4.713397246598121981e+00
4.693298040176026475e+00
4.721076893482394787e+00
4.819869604445712774e+00
4.829551950810835770e+00
4.719242561074214137e+00
4.744577024566747347e+00
4.770372492814475507e+00
4.715058501168297944e+00
4.679535072521021632e+00
4.673473149592396680e+00
4.806809563974570487e+00
4.783690652995946202e+00
4.726561900283416939e+00
4.746339942650086741e+00
4.755080833176699606e+00
4.746984146044866293e+00
4.723865267449339989e+00
4.899201984794781417e+00
4.772201808628405040e+00
4.921954136862948026e+00
4.696285301623982278e+00
4.531374148700224147e+00
4.608605870698206708e+00
4.723202587042269585e+00
4.694770751949330467e+00
4.616518638105501893e+00
4.624368003011790407e+00
4.673331546642188528e+00
4.764330420398604105e+00
4.820385889766830800e+00
4.761155960084192174e+00
4.670164692873913559e+00
4.877174979674446575e+00
4.917919752564524849e+00
4.663647756708856562e+00
4.625940860725634707e+00
4.687996372335226702e+00
4.782060096678224070e+00
4.961343043474502501e+00
4.867526482387938280e+00
5.093295415633258827e+00
4.748891715755697795e+00
4.772409105727844825e+00
4.687652399916033552e+00
4.573392086282299651e+00
4.481936593283783132e+00
4.544880650911716558e+00
4.531255413896059459e+00
4.608512720027923670e+00
4.724529032711902055e+00
4.741667302590528266e+00
4.595974107806691578e+00
4.649811593047365577e+00
4.710330799956719439e+00
4.565319215268796249e+00
4.545751798618182349e+00
4.521612557667677557e+00
4.451863710984032885e+00
4.593587447166789239e+00
4.787536939247484469e+00
5.005794467563492667e+00
4.829309769398946628e+00
4.757796917670814807e+00
4.691830919471750683e+00
4.741334420133524574e+00
4.824414970507008960e+00
4.990637126585554029e+00
4.943417235705138246e+00
5.120832177335596924e+00
4.967746236163843143e+00
4.949396095552233810e+00
4.845342142709423428e+00
4.819141668714397753e+00
4.873901681857187640e+00
4.742893588348477962e+00
4.670760797765851180e+00
4.718680582859704487e+00
4.724531968438494545e+00
4.665848703329176672e+00
4.681943244991998654e+00
4.670195772074131391e+00
4.632735389426423822e+00
4.636182997059219879e+00
4.747360916468652547e+00
4.802638623985620470e+00
4.852654094804383256e+00
4.917680108134863559e+00
5.110144880333627349e+00
5.124474014890540552e+00
5.013594777881910325e+00
5.004012924564004372e+00
4.788554134816236818e+00
4.798306110227223087e+00
4.770596614281861214e+00
4.717677309074547409e+00
4.687192243369127098e+00
4.666238720575848653e+00
4.478999572750284486e+00
4.355221253632176825e+00
4.629512660719480088e+00
4.616240162627770260e+00
4.498523089775705586e+00
4.388858136277108635e+00
4.641242886359083997e+00
4.691999251327731102e+00
4.633797800675546696e+00
4.774651931536749494e+00
4.775410279531421054e+00
5.029082790565043481e+00
4.878010458686392603e+00
4.728489627627984859e+00
4.807120172339304887e+00
4.773905320129279595e+00
4.821061276760916670e+00
4.783914672942067625e+00
4.798102892377810846e+00
4.969880174239826864e+00
5.139035945576747366e+00
4.966296778066593198e+00
4.910893065603157304e+00
4.979776810272381837e+00
4.894288476714665492e+00
4.878573534025079539e+00
4.869268048610528865e+00
4.838667396608228088e+00
4.897756756926511024e+00
5.087053412944163355e+00
5.041180298169703811e+00
5.012344547380028104e+00
5.160380538713824627e+00
5.015920956702005995e+00
4.883739514490626377e+00
4.945869534543177792e+00
4.893526042830782075e+00
4.853082207416111515e+00
4.975949065451580111e+00
4.794674041166329559e+00
4.830638057866442736e+00
4.728996706505978587e+00
4.647428035565023485e+00
4.600806829456971059e+00
4.660884380495375900e+00
4.700278667100155516e+00
4.828413571438249896e+00
4.769702772188742834e+00
4.802124397346418050e+00
4.868302555584551605e+00
4.873454406569329933e+00
4.921815180744173013e+00
4.924231643494886512e+00
4.750284072890987197e+00
4.865012949629926808e+00
4.826930295483554900e+00
4.742832724294407498e+00
4.693786723370205749e+00
4.779037635833024211e+00
4.676742957048634963e+00
4.641943774390010269e+00
4.656737455581835050e+00
4.789572638453669207e+00
4.752335300122111583e+00
4.752713208380195731e+00
4.779565945021015949e+00
4.883707329536359332e+00
4.745832846635792635e+00
4.886151610099668474e+00
4.987915345294164027e+00
4.968374007239850343e+00
4.811702496082691738e+00
4.450685939933813451e+00
4.616391634895085083e+00
4.366702281323592061e+00
4.442226328255409307e+00
4.300551515018709026e+00
4.348395597147143299e+00
4.296531332063685760e+00
4.344521149163496077e+00
4.621629617013411462e+00
4.543918068621756845e+00
4.521889642640245732e+00
4.576037496070637367e+00
4.627752301738425444e+00
4.556908336815999938e+00
4.589665844452048837e+00
4.642045556519196481e+00
4.551244518258719118e+00
4.658245891128705019e+00
4.578198361417184614e+00
4.460741209961677001e+00
4.639891982325167419e+00
4.599156169076835887e+00
4.649884655913766096e+00
4.792960390189961117e+00
4.921849724179416796e+00
4.778781727849294114e+00
4.867050435049550927e+00
4.684979656190042974e+00
4.747056250416416212e+00
4.844087351054887414e+00
4.777135999579920522e+00
4.659920868222880763e+00
5.010094439808795208e+00
5.008091012898137961e+00
4.868130742416441059e+00
5.067047737721467549e+00
4.968092081306242136e+00
4.883146759671621595e+00
4.858681200476663520e+00
5.057691910650523148e+00
4.716280593312970559e+00
4.812390658377510455e+00
4.749776978595434684e+00
4.840497322580136874e+00
4.731950924415390780e+00
4.789143087557027556e+00
4.905623837391324571e+00
4.923075656811370493e+00
4.786488917398410869e+00
4.674423178487309372e+00
4.617412707057868992e+00
4.668911193367200951e+00
4.615796579104964437e+00
4.752461334782289271e+00
4.783888699765645569e+00
4.737991485797822477e+00
4.789821767879879566e+00
4.765498080265116343e+00
4.918407496141976587e+00
4.844747004408271884e+00
4.885082153896546764e+00
4.861665222325958879e+00
4.961583645838535617e+00
4.784798937680057485e+00
4.870029437367551672e+00
4.752242203021642908e+00
4.822915091976061497e+00
4.741311403303366312e+00
4.912011432024237401e+00
4.853070716037796828e+00
4.786110203812911301e+00
4.624633042218363244e+00
4.634559603710319386e+00
4.675086645495607485e+00
4.673014228180546681e+00
4.665561506344742426e+00
4.749387033949704850e+00
4.903130650160594683e+00
4.877424876032197432e+00
4.961992001567626431e+00
4.874986883420534767e+00
4.845342811593473797e+00
4.667189943921505879e+00
4.788906762932518824e+00
4.801707494451338931e+00
4.738231080921416982e+00
4.751437435063887271e+00
4.609839538819159976e+00
4.639677778642794514e+00
4.616400216577767779e+00
4.665677567964479522e+00
4.631490989202292852e+00
4.661578480918371348e+00
4.767951552305864205e+00
4.815137070614411208e+00
4.900095641380670664e+00
4.870403744871033780e+00
4.787556227255590713e+00
4.942768900396051102e+00
4.890847113850825600e+00
5.129687018007935251e+00
5.015248798663675345e+00
4.853077159762165138e+00
4.916366134648123776e+00
4.677569233941023974e+00
4.727609446977882435e+00
4.675208527491101940e+00
4.703547344464277913e+00
4.733124984425661097e+00
4.716295320346159059e+00
4.752494956280652438e+00
4.781710471450050015e+00
4.828742082422428972e+00
4.830460394534457969e+00
4.920068607332702904e+00
4.936402943776370122e+00
4.968208611557148657e+00
4.797112119420062548e+00
4.774728730704435264e+00
4.915086430739481038e+00
4.879461493871236399e+00
4.806003583624822717e+00
4.924050233831573919e+00
4.752022490510179331e+00
4.879465675144317949e+00
4.662956498343733713e+00
4.757067943658946696e+00
4.717580347916603856e+00
4.714483674714255557e+00
4.875747502177154580e+00
4.943440662357818205e+00
5.079464770909534188e+00
4.967553819500013290e+00
4.915369447701732675e+00
4.803922215664243822e+00
4.949931721505938853e+00
4.937941282168161194e+00
4.889953011306018560e+00
4.974075215428825025e+00
5.247153827656661385e+00
5.118979368762338389e+00
5.119605757749744690e+00
5.126633940206496654e+00
4.891774433958528512e+00
4.885337084242055816e+00
4.912569180990454143e+00
4.667803252357572319e+00
4.666865784688361884e+00
4.844790331015014218e+00
4.687699952879332166e+00
4.701596558373850598e+00
4.686592711903567299e+00
4.647672067823371833e+00
4.815370448975331286e+00
4.943549095945423133e+00
4.875930439998994892e+00
4.719286005934899109e+00
4.685815970426535415e+00
4.508767964070023559e+00
4.696804855343374996e+00
4.522759605874726141e+00
4.606007660662222669e+00
4.639261255546250240e+00
4.663395633180700273e+00
4.893371794491462978e+00
4.760080314845837712e+00
4.986125256880347578e+00
4.792927608491400093e+00
4.853909876556961933e+00
4.716410132095498753e+00
4.694790445077368091e+00
4.876535587008128836e+00
5.023508223975320597e+00
4.815699790705784800e+00
4.737379177658816332e+00
4.897141605687528099e+00
4.793690734962444466e+00
4.719946219074615534e+00
4.896093015401651094e+00
4.770019553616174690e+00
4.810919991676223972e+00
5.089459440614620966e+00
5.049682468815210434e+00
4.891120016406069304e+00
4.731702814646654431e+00
4.749796515299882671e+00
4.785141922380349300e+00
4.629110662824867717e+00
4.556901497154027147e+00
4.630339708005224431e+00
4.586679751970454078e+00
4.578710506796483948e+00
4.440162990996578962e+00
4.535374980470875173e+00
4.719288508026653339e+00
4.695367447633335800e+00
4.668338145522644922e+00
4.687157245832365149e+00
4.722005381811483993e+00
4.720806900795992966e+00
4.717774364155292943e+00
4.603328711517656657e+00
4.727136728562118861e+00
4.929485082408596952e+00
4.981190014895397589e+00
4.967562893213709252e+00
5.099699985337323938e+00
4.939023808824222428e+00
4.732671242725293936e+00
4.685255298318509176e+00
4.594026920125370061e+00
4.658386408675584178e+00
4.529429714093390125e+00
4.709498152068026577e+00
4.496628179715301599e+00
4.492936753828381313e+00
4.629101640666511308e+00
4.882083564823663124e+00
4.765362178988373110e+00
4.793471544177254628e+00
4.911953462260536973e+00
4.886341884736872920e+00
4.997474112705741156e+00
4.843270607271130679e+00
5.129677980967417561e+00
5.040188828724111225e+00
5.043202846409135631e+00
4.972960089946632856e+00
5.003980972786925108e+00
4.718144739532768916e+00
4.871644545760259071e+00
4.715513118911624169e+00
4.872702325552776159e+00
5.021884760137068859e+00
4.814583824115094224e+00
4.885815789989576885e+00
4.585995545205994617e+00
5.081004629829513952e+00
4.968654403989700263e+00
4.844518488172977477e+00
4.995040223087404918e+00
5.023136408283722432e+00
5.215070937012877827e+00
4.977458463210416184e+00
4.890184247882672253e+00
4.993429490988388508e+00
4.853105218781927910e+00
4.849870181444102535e+00
4.689980682842447735e+00
4.674715155979517256e+00
4.645666067089049278e+00
4.767182126895686878e+00
4.781920782727393515e+00
4.865243847409859157e+00
4.897973889148021343e+00
4.912526338888654642e+00
5.043888232514560421e+00
4.991131257787689179e+00
4.977957420298237068e+00
5.027363060929592287e+00
4.807789924004867821e+00
4.883847501351027631e+00
4.780840348300908538e+00
4.760664926073758352e+00
4.608118376335087696e+00
4.738436927857716086e+00
4.719234703312936929e+00
4.741425933609191290e+00
4.702376192417659695e+00
4.796295142301188363e+00
4.830650916086177027e+00
5.000691744610866074e+00
4.822228069638510917e+00
4.700557494308363893e+00
4.636045355133775914e+00
4.514844501691835710e+00
4.649415187979416331e+00
4.899997487585932454e+00
4.748953532118461496e+00
4.655913433867101325e+00
4.682470834759712375e+00
4.688848476357541095e+00
4.662059205914205862e+00
4.665233328950261438e+00
4.930343517862270986e+00
4.992494740431566491e+00
4.827116743747095207e+00
5.017143355677338157e+00
5.216367070763722857e+00
5.053041223464392218e+00
5.007062065691215480e+00
5.138750362369946423e+00
4.944699798393519252e+00
4.750683247041468604e+00
4.955371038467633049e+00
4.915594186950794864e+00
5.060457370264628274e+00
4.876554601370470365e+00
4.913306774643507957e+00
4.975406743943672438e+00
4.995706744688675371e+00
4.949574169222704434e+00
4.761301398630149784e+00
4.973439146027845759e+00
5.075594379783844978e+00
5.121270561367522234e+00
5.201172590339471213e+00
5.071278912382815918e+00
4.800232848493513949e+00
4.873459969661577240e+00
4.825125892125841531e+00
4.668569095878370767e+00
4.677503738037387393e+00
4.735570353766530793e+00
4.766718657706162432e+00
5.071048073988612792e+00
5.205561577021091679e+00
5.135227689648447225e+00
5.226168974627867669e+00
5.024340064023284036e+00
4.796117174187285670e+00
4.758491544689387176e+00
4.785097385097539124e+00
4.924873599936778312e+00
4.909175707987008863e+00
4.886015164141701561e+00
4.965244411118195700e+00
4.890792469109535467e+00
4.658115584399901365e+00
4.750034112839464306e+00
4.695423212763222054e+00
4.464758608680825525e+00
4.614289178868836494e+00
4.727487073232784276e+00
4.840183329573738646e+00
4.803487178654704870e+00
4.794342846224827426e+00
4.752005378628496146e+00
4.765034192393406975e+00
4.972087813815340596e+00
4.913444076946900552e+00
4.874839564281855608e+00
4.997448414476520107e+00
4.971910864359865734e+00
4.930906375193229607e+00
4.809270109246754465e+00
4.922088689852607502e+00
4.783096874165508439e+00
4.747699653344360726e+00
4.836560440742682765e+00
4.917942471286504968e+00
4.949761588033204873e+00
4.891569205403188292e+00
4.954059541994534577e+00
4.743554958644966568e+00
4.756941096879198305e+00
4.665787511197646786e+00
4.617176488107708643e+00
4.688123264806517199e+00
4.585277954736742601e+00
4.655892563081517110e+00
4.848083295228298617e+00
4.845995896819570881e+00
4.643907731705050779e+00
4.476741397313075410e+00
4.676271796710669726e+00
4.833391048772386789e+00
4.991825991527955253e+00
5.047411332119212446e+00
5.054047610457167217e+00
4.806683595538477682e+00
4.812140703890701587e+00
4.700207204589455401e+00
4.606818606441603237e+00
4.606385533635637408e+00
4.522945345736517631e+00
4.708534359034348249e+00
4.538565563460553953e+00
4.634877244328911239e+00
4.625264431162675827e+00
4.662063046702554558e+00
4.918414750188205176e+00
4.686414984941704276e+00
4.731447392154882081e+00
4.660732752770408993e+00
4.832368338388804752e+00
4.990544944230047797e+00
4.873421060373678948e+00
5.091240900861309981e+00
4.861535050747334274e+00
4.973207760384351417e+00
4.807873771525665418e+00
4.928425721617391453e+00
5.039999554756454891e+00
4.922539459761675396e+00
4.940381659035205431e+00
4.908708595353684423e+00
4.811392264454555701e+00
5.192938673378490577e+00
4.987089794332158377e+00
5.076416809731362001e+00
4.864854914554473275e+00
4.928237061239102879e+00
5.140355046443497500e+00
4.971050719379586980e+00
5.146289675073167480e+00
4.980661172954855331e+00
4.696672156348033589e+00
4.807977506743266183e+00
4.862444362172881895e+00
4.848693007061190663e+00
4.810942095441672173e+00
4.845042473205343647e+00
4.889589728467298002e+00
4.746534875617393290e+00
4.689174670169276027e+00
4.769506871762691169e+00
4.857769109678359065e+00
4.861755902232285820e+00
4.962521686088535056e+00
4.827783093760523947e+00
5.028955725420721556e+00
5.191452887537612249e+00
5.190814497222277168e+00
5.190575360280459627e+00
4.764824952934599622e+00
4.693927233308111013e+00
4.662645499625770462e+00
4.637156329895171680e+00
4.702584979789512509e+00
4.805040571990981668e+00
4.712102417605890992e+00
4.673588616722949673e+00
4.851417369036964189e+00
4.711337184683642931e+00
4.819158520086393338e+00
4.721229019417422457e+00
4.635404662659234454e+00
4.597491634054423848e+00
4.711935947222339216e+00
4.836875821976757805e+00
4.904189936736315758e+00
4.807501624718019784e+00
4.958375532483415782e+00
5.027804787516967799e+00
4.841033472939159310e+00
4.827094306960539427e+00
4.763895491541683569e+00
4.815558212828288553e+00
4.865049996555480760e+00
4.583020399689733182e+00
4.765155307967322784e+00
4.749494121462468854e+00
4.824717217904974653e+00
4.617296621705434312e+00
4.812346787019033734e+00
4.682260230329331918e+00
4.679975445767346365e+00
4.917875730383160615e+00
4.955220240588372960e+00
4.849191299387049625e+00
4.965990069572493226e+00
4.846040068944889256e+00
4.919698144230698844e+00
4.762743781558520517e+00
4.995854376190547619e+00
4.871406230412601346e+00
4.937203599926005104e+00
4.900795982623847635e+00
4.918249304130901223e+00
4.864535239670276567e+00
4.793292923939818095e+00
4.869192727331786763e+00
4.796823208991446208e+00
4.681408346097726714e+00
4.756675344793253934e+00
4.605036896105315414e+00
4.661443003397141460e+00
4.793361133192894030e+00
5.002836376492178161e+00
4.675996505793626135e+00
4.830220818528422555e+00
4.701422797563001410e+00
4.958955379349849757e+00
4.802449366651736717e+00
4.792662978718031042e+00
4.988016505682997703e+00
5.089414028190994976e+00
4.999765002310858186e+00
4.725812792756284964e+00
4.852268436989402467e+00
4.876753831136368511e+00
4.845348519361979633e+00
4.598842966225452855e+00
4.494387904653026844e+00
4.714433296907717619e+00
4.483262364272853517e+00
4.433528868165686809e+00
4.538855618262666702e+00
4.698081079863746901e+00
4.711682874464094617e+00
4.842791974312419256e+00
5.077421382305630893e+00
4.931495205617650868e+00
4.864589011747412428e+00
4.857612632447908751e+00
4.936765052569883849e+00
4.874812790579241550e+00
4.617067757381182247e+00
4.746608304902152575e+00
4.710066617090597596e+00
4.870900223120056438e+00
4.880042261873976273e+00
4.768107354851307988e+00
4.474595151302199092e+00
4.493325556073121341e+00
4.374192840250602288e+00
4.305181936426613731e+00
4.472653372197070709e+00
4.722907228972244909e+00
4.823596054295028246e+00
4.780049624854552093e+00
4.676699049835428390e+00
4.656011448620688498e+00
4.742123337908343395e+00
4.733570353382527074e+00
4.793118473791386336e+00
5.123028253392750031e+00
4.974382997062041234e+00
4.978653962705675617e+00
4.726597832335316163e+00
4.626288164646219947e+00
4.513115949720257092e+00
4.623602567408055641e+00
4.835516781394613162e+00
4.695068880163933756e+00
4.648017347583623504e+00
4.973051341900652567e+00
4.967860670836566683e+00
4.866243145889795230e+00
4.727107081211189055e+00
4.869082870924343887e+00
4.718444234890355027e+00
4.551779383250443622e+00
4.535501546824749042e+00
4.774029261443781813e+00
4.742911151013936788e+00
4.791130077825531686e+00
4.655524550509654524e+00
4.867475183276921413e+00
4.798108003182123049e+00
4.937205515526096988e+00
5.067080836959979351e+00
5.003003629419429110e+00
4.840002761600634251e+00
4.786547260741966348e+00
4.885206225311544692e+00
4.819053633250534041e+00
4.737761707786091847e+00
4.659575402654822618e+00
4.638996441886199307e+00
4.654877598391077953e+00
4.674157301359302963e+00
4.668665629647196447e+00
4.577190683415536476e+00
4.521403168459526611e+00
4.696620982271800138e+00
4.585720098859316529e+00
4.765595432812119725e+00
4.880322516500688046e+00
5.045199005669516623e+00
4.988537265715954128e+00
4.994500971769173958e+00
5.065329883999966754e+00
5.227482252761149972e+00
4.888377541084587108e+00
4.700407826131606903e+00
4.880034315694499192e+00
5.053937539180943794e+00
5.283541678237138051e+00
5.462076684627263923e+00
5.241735337989233301e+00
5.155005994630379895e+00
4.864240131337822071e+00
4.724977262258260424e+00
4.716703623638382581e+00
4.660728890411083292e+00
4.701136161103423916e+00
4.829458085857198490e+00
4.796875404369113305e+00
4.758679058825890706e+00
4.883376136493168040e+00
4.731759576305842430e+00
4.880375760703316246e+00
5.062050062714713583e+00
4.945805704023231719e+00
5.109856701698863191e+00
4.977069458098556609e+00
4.822725986839149215e+00
4.923734448681231335e+00
5.115881197996539065e+00
4.752512502899215896e+00
4.737283114604601053e+00
4.617379791708000170e+00
4.759420360808790385e+00
4.595764343377818584e+00
4.431231581457519830e+00
4.589106609957820382e+00
4.779215400288574500e+00
4.671898225854836717e+00
4.656294548968428870e+00
4.575535175878491678e+00
4.673608210374458949e+00
4.738902273575668289e+00
4.731862310147047168e+00
4.700310527501462943e+00
4.683066686880049900e+00
4.649625516520268675e+00
4.731679393865189986e+00
4.916110733255782961e+00
4.824237093682176791e+00
4.767419146285716280e+00
4.779152532460723357e+00
4.758056560271360702e+00
4.856215260649157983e+00
4.986805679223553334e+00
4.919231005936587131e+00
5.147259359620723451e+00
5.227573949403405251e+00
5.271828205841223358e+00
4.978719982277636014e+00
5.038473039339025128e+00
4.982346006405698802e+00
5.277336615779103290e+00
4.911578423509650904e+00
5.020226429642260513e+00
4.902059558196483202e+00
4.963089159399984851e+00
5.145287092170912402e+00
5.395426654261853194e+00
5.190652290064697638e+00
5.480246209329859397e+00
5.075440331479932787e+00
5.181645806213858840e+00
5.025479514212958243e+00
4.780463447338910044e+00
4.892278647634684674e+00
4.942184224084422262e+00
4.709506784830801429e+00
4.962520533161018932e+00
4.734672668962772057e+00
4.708921570259123612e+00
4.890600214207712959e+00
4.919900612644632076e+00
5.103857706951761664e+00
5.007393022411132932e+00
5.162853459560762026e+00
5.210181448175895014e+00
5.090453117481065881e+00
5.028365265049268729e+00
5.137833169093359409e+00
5.115161047197984701e+00
4.976638662149619918e+00
4.990415379176797117e+00
4.950497074192718117e+00
4.807482245084266026e+00
4.551235515263366338e+00
4.898845309896903366e+00
4.813298439452954547e+00
4.701588575261521186e+00
4.804755782233095296e+00
4.729871630252143078e+00
4.817620902958790197e+00
4.935567266054926350e+00
4.875298726840801677e+00
5.114444056215216250e+00
4.996755295833776422e+00
4.909029711636966553e+00
4.852932730335630218e+00
4.829838294291417533e+00
4.751264721487050480e+00
4.707341905739353294e+00
4.838608761056492291e+00
5.186409271175196345e+00
5.326302655353148729e+00
5.163858260195275385e+00
5.255843454042468110e+00
5.075341291768086016e+00
5.193006608195787521e+00
5.063869645235253181e+00
5.089605141054574844e+00
4.987665546766342217e+00
4.932020430472936035e+00
4.956365561759316307e+00
4.931358064133367414e+00
5.052773959438327189e+00
4.968249132608337781e+00
4.981755261270842894e+00
4.839560665137445206e+00
4.760761816033835636e+00
4.547895120251662426e+00
4.559990190455228465e+00
4.443329856452087334e+00
4.574286788688604943e+00
4.575651952612295403e+00
4.481269284148369891e+00
4.628127409867079933e+00
4.493488818354316017e+00
4.498656292242367627e+00
4.565585574718476813e+00
4.606987710728335905e+00
4.589250830619904242e+00
4.835762399191239069e+00
4.765391570957606682e+00
4.709369942760424976e+00
4.665013322402108642e+00
4.620107652725855552e+00
4.706738181972614399e+00
4.752318872664035077e+00
4.891827438226234115e+00
4.732557602640370398e+00
4.829241669190140307e+00
4.822205821859045116e+00
4.890199683507114869e+00
4.733557770081880278e+00
4.930087318821106734e+00
4.684014609053370748e+00
4.610759498452761562e+00
4.542611145826553454e+00
4.618328799339942670e+00
4.678281423377792514e+00
4.590419020934072059e+00
4.594439835610532263e+00
4.792004174954723084e+00
4.755759242476595539e+00
4.716718107007806360e+00
4.651414686000133081e+00
4.697985610478673912e+00
4.667792804038231935e+00
4.454624620924166223e+00
4.196536244178877162e+00
4.294150632400922873e+00
4.435991524547375775e+00
4.513653459713004246e+00
4.370664905966964220e+00
4.473190282492679692e+00
4.466284616946935238e+00
4.681230803311461131e+00
4.982144898266959387e+00
5.125406570887182767e+00
5.243715216679954771e+00
5.151756500777501913e+00
5.250112881563636869e+00
4.996032315645650534e+00
4.920487203427157397e+00
5.099953543397729661e+00
5.157147292177606701e+00
5.095104765604245856e+00
5.096022742486330692e+00
5.019351930798080730e+00
5.170890878732426366e+00
4.988321945597243179e+00
4.942508435697827274e+00
5.029348753501183822e+00
5.134170276820044343e+00
5.120175324115130877e+00
5.119562936814181064e+00
5.079269751332025962e+00
4.912302666847267574e+00
4.884530515339908341e+00
4.916706638318944833e+00
4.886151902678844472e+00
4.824743730112353468e+00
5.031875386822432183e+00
4.793019313934022918e+00
4.623612319408699101e+00
4.635519301212347010e+00
4.746787249611531756e+00
4.564306596132074567e+00
4.722569369917006377e+00
4.755283604866789915e+00
4.879681845687918518e+00
4.699236847588493582e+00
4.565815687882923690e+00
4.610360279486274138e+00
4.603406396577795157e+00
4.803090100369612259e+00
4.646745498973045230e+00
4.617995002726537734e+00
4.605251947464614304e+00
4.815657459678403640e+00
4.913538316929623839e+00
4.765106940764963106e+00
4.877381277636037460e+00
4.958865208755076637e+00
4.793864358955394422e+00
4.935912953009534476e+00
5.064705370230320192e+00
5.161709085861938995e+00
4.817449196637032749e+00
4.842712618712222472e+00
4.754282826456718070e+00
4.871542004747759336e+00
4.769004582054838792e+00
4.924709771875510178e+00
4.978113071666185441e+00
4.901591419552690176e+00
5.058122293066737996e+00
4.857935381832136912e+00
4.810919967679041953e+00
4.983603018718746114e+00
4.815880129734614989e+00
4.859093219458364032e+00
4.945748001976429720e+00
5.074669544658462428e+00
4.995418479409948986e+00
5.143728748864946354e+00
4.968466870335477736e+00
4.975902089912685788e+00
5.225464549139537951e+00
5.201775288327165292e+00
5.178492296149988405e+00
5.103837201724030770e+00
4.966986127790591787e+00
5.330505717745170458e+00
4.979412029538505813e+00
4.964006732970577040e+00
4.899490200289592146e+00
5.048501841502435639e+00
4.963539694181233308e+00
4.874850085758161811e+00
4.932956156856845631e+00
5.171274734915624727e+00
5.206468478098840613e+00
5.172375359540592576e+00
5.175749265766806495e+00
4.862620013035501287e+00
4.728059568111278033e+00
4.592876805844243293e+00
4.699534432460012567e+00
4.795975366543674845e+00
4.785071880908752462e+00
4.861766279261545698e+00
4.910028903722815308e+00
5.087687970178873087e+00
4.885802371535937105e+00
4.944811750324831223e+00
4.734197857527067121e+00
4.655823560570561348e+00
4.737899918038747771e+00
4.684572475695623517e+00
4.701229591688265153e+00
4.543043171497798127e+00
4.699552100685556510e+00
4.684897003610447364e+00
4.907951694099740081e+00
4.942280312721810454e+00
4.840404541744455891e+00
4.725061896791476812e+00
4.451399115002912410e+00
4.729277196552176044e+00
4.798473637189740515e+00
4.811842830914945246e+00
4.782099086400249277e+00
4.929153720014368467e+00
5.006599814776847346e+00
4.903552496726597099e+00
5.039709404759726397e+00
5.097794892944989442e+00
4.864012029615595090e+00
4.989549975014198502e+00
5.032385948696204814e+00
4.885404234712371618e+00
4.946622991245178014e+00
4.885258966008547254e+00
4.902434963533042200e+00
4.867433062638508723e+00
4.897241544978109040e+00
4.889338520887497097e+00
4.906848644050724850e+00
4.848639157442248937e+00
4.752881306025969366e+00
4.703925564049370678e+00
4.801121320090489419e+00
4.762842694392386278e+00
4.571518961849696083e+00
4.705974512366904783e+00
4.588091639738876459e+00
4.824891109218623519e+00
4.804920223343642327e+00
4.924491419750834709e+00
4.847593588327487879e+00
5.020422037311726982e+00
5.008780909072852339e+00
4.867616906085783235e+00
5.121688345363983430e+00
5.215039175180045561e+00
5.127488295649180294e+00
4.973568740453904624e+00
4.839082436898482165e+00
5.043699916904832214e+00
4.885203310256368781e+00
4.821369162073607662e+00
4.735287792355421743e+00
4.730326079342232148e+00
4.651795007248064273e+00
4.779005180296647559e+00
4.768548618998702970e+00
4.786064170065774448e+00
4.574808791685081033e+00
4.724006684509548748e+00
4.836054185348750423e+00
4.747574344891714482e+00
4.687678591166729802e+00
4.600822912814812149e+00
4.603451614477120479e+00
4.706997075501617722e+00
4.761812228507759315e+00
4.693861472348906716e+00
4.688387494146784462e+00
4.806984839051629876e+00
4.859928888166258787e+00
4.910015201885631342e+00
5.096339870093257396e+00
5.077292423813191569e+00
4.957881170660939141e+00
5.091853281127466602e+00
5.018147147292933319e+00
5.167088109292320652e+00
4.994016559477103101e+00
4.957304706442272391e+00
4.879540676914542630e+00
4.932113508270689728e+00
4.981500548180743948e+00
4.829939042010683359e+00
5.007594663747602759e+00
5.000291443421382098e+00
4.720184696961315929e+00
4.820201707302513405e+00
4.843184347044280358e+00
5.105223642018582808e+00
4.958814040921626365e+00
4.911462611988552496e+00
4.853413717382477621e+00
4.620825117356260670e+00
4.818320138478553893e+00
4.750299736385738214e+00
4.681162668934738313e+00
4.811642849798020372e+00
4.955208887013601959e+00
4.756005595902488281e+00
4.779975210277780384e+00
4.878836913573810108e+00
4.921825752880666371e+00
4.846899568751482867e+00
5.092582532408052032e+00
4.971895458771306231e+00
4.909054318909324088e+00
4.747987164801016569e+00
4.678906987541372686e+00
4.540236534085300590e+00
4.836393408531299620e+00
4.746118896598755299e+00
4.613277830820452508e+00
4.651169632232148743e+00
4.702843280594652065e+00
4.543245776334045694e+00
4.568674260739512327e+00
4.495679042324101538e+00
4.703115051888234532e+00
4.769669296832006467e+00
4.604559932144312029e+00
4.643928312906236755e+00
4.687554696999145953e+00
4.472938663709987495e+00
4.564654390312965049e+00
4.490904683194629321e+00
4.430076723863396460e+00
4.593379269217046534e+00
4.498815659313486037e+00
4.329104656003735840e+00
4.362501450766433031e+00
4.501191727262748188e+00
4.628697516161104808e+00
4.730500498774929063e+00
4.660726846742107021e+00
4.771646074285135875e+00
4.882557695537488307e+00
4.701161652295609450e+00
4.640117856907435723e+00
4.747719573611991706e+00
4.749539582798823822e+00
4.861139787361242526e+00
4.938542993427493144e+00
4.844093701726713164e+00
5.024435284403788948e+00
5.189955677070678064e+00
5.134954556186913877e+00
5.212972241003764218e+00
5.355609932028301046e+00
5.155556831559599651e+00
5.011358583947999712e+00
5.067204748926261715e+00
5.120575857674153575e+00
5.135127065183244355e+00
4.951114000788224168e+00
4.687975862842882258e+00
4.722944490973291387e+00
4.897582367674113257e+00
4.970138903869957048e+00
4.654281448414144151e+00
4.775326743348155212e+00
4.904529413988912623e+00
4.897423369384946490e+00
4.936614263451386542e+00
4.852047277153147320e+00
4.836718500336852244e+00
4.918336421218758581e+00
5.108014105288186002e+00
5.098725341380461629e+00
5.102257426479455127e+00
4.992844410161381141e+00
5.156346287220372915e+00
4.981872549462249999e+00
4.975894929216932105e+00
4.903355930437539811e+00
5.052088140721251897e+00
5.314129279034133013e+00
4.869093781641232965e+00
4.969650664967197429e+00
4.617812718661210347e+00
4.705227174708404014e+00
4.565820939084494157e+00
4.411599646987130363e+00
4.558994913023823869e+00
4.802452685931087650e+00
4.787974109726649274e+00
4.805214898786227984e+00
4.985846137671306799e+00
4.897810485233308420e+00
4.842844627333159124e+00
4.996518528597952979e+00
4.928798420201604635e+00
4.911213968972959698e+00
4.758594591467938173e+00
4.825040729145034568e+00
4.649562917562576558e+00
4.561975474925597851e+00
4.781230589505960360e+00
4.736509666348169389e+00
4.880019953822221090e+00
4.910234667598215808e+00
4.890613622403567007e+00
5.067909672384058872e+00
4.832353776657202005e+00
4.751281219031225689e+00
4.848970257639542147e+00
4.748751722762568406e+00
4.661695672490538733e+00
4.576042345548959389e+00
4.831028128113907805e+00
5.078362867789214974e+00
4.888073443360950954e+00
4.942952933215172706e+00
5.000416809727020961e+00
4.736469810796464230e+00
4.995037291810421998e+00
4.918093993459057067e+00
5.109052920457815894e+00
5.016210382285847480e+00
5.296887480690049443e+00
5.117696772703271613e+00
5.242605269713036975e+00
5.125069767125358666e+00
5.360465535414892457e+00
5.079224439366770483e+00
5.018086844166323779e+00
5.012610017066383428e+00
4.923230954774981960e+00
5.024680258143341405e+00
4.907388844030140085e+00
4.727842417370940353e+00
4.761826166493255741e+00
4.737325125644096246e+00
4.860755109337111968e+00
4.934955709513522137e+00
4.941516622276841630e+00
4.866712201967852813e+00
4.699552368209065634e+00
4.793749103652320542e+00
4.721733358079040599e+00
4.773630556963446736e+00
4.781129202820700641e+00
4.822393144361691419e+00
4.960044008156291540e+00
4.857515010732339711e+00
5.145611178319938972e+00
4.891744757289197665e+00
4.862630105273133552e+00
4.953480189062019257e+00
4.967722206289999498e+00
4.878549927761037353e+00
4.760432663360989025e+00
4.925638417955774173e+00
4.925658278125315981e+00
4.837514477913681610e+00
4.911650386510862276e+00
4.944159946343558154e+00
4.785319493921257994e+00
4.941530155159231441e+00
4.878624216899734911e+00
4.901867574311252085e+00
4.884880590548957180e+00
4.765546512205209417e+00
4.925573608078862797e+00
4.900977756642488359e+00
4.856911300185586811e+00
5.071470659382414148e+00
4.884981301044379443e+00
4.816544223049415763e+00
4.764719738811710847e+00
4.598939346825677177e+00
4.758909489760164035e+00
4.767472954024116305e+00
4.795385647018508557e+00
4.933987394941658167e+00
4.891560265528704043e+00
4.864888882011783267e+00
5.051279798190416948e+00
5.099672236128887093e+00
4.932212080580280933e+00
5.161083752524293189e+00
5.179192078208324723e+00
5.080673563707953200e+00
5.206173102440006417e+00
5.089349985597734438e+00
5.134032183013169437e+00
5.227539638167733038e+00
5.251305062778434340e+00
5.284902922073779763e+00
5.313841598786303244e+00
5.165752146354861019e+00
5.156284364004975806e+00
4.919512910353504687e+00
5.244591554007369538e+00
5.051115523735496993e+00
4.876246497453749384e+00
4.946117709626041581e+00
4.862723520158661827e+00
5.067019342201829701e+00
4.742479121318534219e+00
4.655398617092504132e+00
4.712971899645815199e+00
4.843387791843574597e+00
4.915755854057546337e+00
4.859895481191485622e+00
5.010595429189998562e+00
4.925566313253380457e+00
5.063691144809617128e+00
5.242499332871016549e+00
4.980899959850061620e+00
4.789052064508750206e+00
4.696365383726618603e+00
4.876386828052907241e+00
4.986003960642505284e+00
4.904151522406696273e+00
5.030656394649891894e+00
4.900147609758291445e+00
4.825911929257969746e+00
4.801760580429721870e+00
4.858097871705859383e+00
4.595716840794587199e+00
4.439497600822292611e+00
4.486927251449740695e+00
4.628166567949781651e+00
4.569510326472879136e+00
4.592417695730067528e+00
4.776419477402881419e+00
4.482135643267247005e+00
4.477739478017110919e+00
4.487738292108591764e+00
4.564917275650082651e+00
4.727406613602696872e+00
4.781078962731070803e+00
4.689834787981019382e+00
4.729051369012546857e+00
4.874499295793774500e+00
4.842726342822371244e+00
4.898950614838404327e+00
4.899629703460316676e+00
4.892641758700096766e+00
4.720504852401686158e+00
4.790736057735933251e+00
4.823370865943470420e+00
4.931233456680371496e+00
4.790913159674938804e+00
4.798344205272571550e+00
4.887908293564489526e+00
4.933016832143554353e+00
5.040856413667948566e+00
4.904987119260884043e+00
4.820466204109485453e+00
4.871458439279416908e+00
4.903604571241348964e+00
4.805364352440436804e+00
4.862413060561847189e+00
4.801952008950141959e+00
4.851491139078414783e+00
4.605435235803764016e+00
4.493558608149710309e+00
4.588193621745526585e+00
4.709008448750410913e+00
4.857803760942666749e+00
4.667733658688277387e+00
4.772336016764097799e+00
4.850616057610430687e+00
4.887436750460214085e+00
5.033598158863735961e+00
5.159265250150999016e+00
4.982116012576598862e+00
4.940386623739897232e+00
4.810442242592875672e+00
4.741788688899966075e+00
4.643513060258948499e+00
4.723355503302504310e+00
4.644600708579384118e+00
4.639771970606862972e+00
4.521800791272354125e+00
4.686908884176871126e+00
4.588860022631276792e+00
4.594285170133881380e+00
4.624166108588508628e+00
4.591159703132690950e+00
4.430529460334437175e+00
4.508402817624766357e+00
4.479188183329367412e+00
4.551437814604500254e+00
4.593222443786507903e+00
4.752375154787421785e+00
4.830064393559077907e+00
4.995534675166721783e+00
5.008660217500385592e+00
4.901758615386293094e+00
5.044401603185189487e+00
5.029689951912508228e+00
4.968456813608087330e+00
4.955413423801081407e+00
4.748967115700147623e+00
4.901760943808428195e+00
5.024235431512998673e+00
4.945145665527164169e+00
5.177335265424825472e+00
4.934389357501546947e+00
5.034661076897006815e+00
4.981461150345197986e+00
4.893758070846366159e+00
4.762324942558260332e+00
4.811894038783101735e+00
4.887007705100772093e+00
5.041237260812900800e+00
5.055561441205384199e+00
4.870220772681034482e+00
4.923119615983409858e+00
5.064454229757675563e+00
4.841761274952757432e+00
4.668160669428341514e+00
4.910356722013279551e+00
4.818369636287076929e+00
4.999903251849305619e+00
5.033247253833952328e+00
5.088290883224262373e+00
4.866155141702525277e+00
4.747957733677015568e+00
4.607840087465976175e+00
4.662165910674207936e+00
4.655337910832718862e+00
