3.333333333333333148e-01
6.456981158241547725e+00
1.018917382785776304e+01
1.264342735582476962e+01
1.407926529805567561e+01
1.546785363281732550e+01
1.587896925391547143e+01
1.628507022896851808e+01
1.646905159487344150e+01
1.686309341985603893e+01
1.685637396790256659e+01
1.734619976109081918e+01
1.779271509633844772e+01
1.699232039444045839e+01
1.778757597506204746e+01
1.774589157287586971e+01
1.728639202523933704e+01
1.716077902669676192e+01
1.736056963183252932e+01
1.761135977173702472e+01
1.773871686610916498e+01
1.706818742657295473e+01
1.656569593430722165e+01
1.663864454126418835e+01
1.623872698066189457e+01
1.668041813164230192e+01
1.667467623434964707e+01
1.711349474140253690e+01
1.694762273930837537e+01
1.698069198490408382e+01
1.688605342894679495e+01
1.695590396472676886e+01
1.740810770845779487e+01
1.706963645652427886e+01
1.660838176265927402e+01
1.721125192821421379e+01
1.689710372730804977e+01
1.736759162174406157e+01
1.714564746015095409e+01
1.667294987196975953e+01
1.684044690214440365e+01
1.685326328453285072e+01
1.721411695172904288e+01
1.699721831792146887e+01
1.687278131935313397e+01
1.667490799888731345e+01
1.693354595471194557e+01
1.662050302354077402e+01
1.703233965370203151e+01
1.690480313089944531e+01
1.696537624500586006e+01
1.776218424541218255e+01
1.735548574909921626e+01
1.726668975421279484e+01
1.683219099696983889e+01
1.687783794787105052e+01
1.684808888510365321e+01
1.656796116260665386e+01
1.683459286014358014e+01
1.747098931072180861e+01
1.719657599808416748e+01
1.717582551451599926e+01
1.766326291296118356e+01
1.752137594792749908e+01
1.730306794955658134e+01
1.756555885128390671e+01
1.736666599062343508e+01
1.670820075858122067e+01
1.654930251411078501e+01
1.671571177441174072e+01
1.663165589936003030e+01
1.664341229281654222e+01
1.686914863177826263e+01
1.680057017128466512e+01
1.690278808234343089e+01
1.646983988001489863e+01
1.653281444944218137e+01
1.668504951916071022e+01
1.744458502001362987e+01
1.681140638195295622e+01
1.731427529636038543e+01
1.727188567205443448e+01
1.701838138859393723e+01
1.688733447919314656e+01
1.687453501701467218e+01
1.709788553327250327e+01
1.662932151141713533e+01
1.640177808923154856e+01
1.654459088835360348e+01
1.637624584627709368e+01
1.659943327380612033e+01
1.689176085941312877e+01
1.684963804366799067e+01
1.681677348632092972e+01
1.714169346568224839e+01
1.700474797340989497e+01
1.660617863079630396e+01
1.657576227998909957e+01
1.705820800714915819e+01
1.752922990700793804e+01
1.785690114528028261e+01
1.757603735289458413e+01
1.777034115297896122e+01
1.728248996048482411e+01
1.731801743493897661e+01
1.772151881655914707e+01
1.690415490688010891e+01
1.711697853906729350e+01
1.704628943623301751e+01
1.693398265259440549e+01
1.677928022184315182e+01
1.651611784941937344e+01
1.720228365994900699e+01
1.710440442999579602e+01
1.731299885569234576e+01
1.678128944793573396e+01
1.678947519616702166e+01
1.669889980931461082e+01
1.712283582739148713e+01
1.769316585697691835e+01
1.754229278776956491e+01
1.686900356752328989e+01
1.663990864362883570e+01
1.676232452091652902e+01
1.715156427519202964e+01
1.708670038300269312e+01
1.724159979704896628e+01
1.733347595952408682e+01
1.691413137889318108e+01
1.753352303348899000e+01
1.711653119159745629e+01
1.713231341574211442e+01
1.662893947911535264e+01
1.712001256511641500e+01
1.657058409914231234e+01
1.639393451891492859e+01
1.634036271071999735e+01
1.644514530496477533e+01
1.585583560162640637e+01
1.601197971455175306e+01
1.638801944378905162e+01
1.626408191656732427e+01
1.699439366502348392e+01
1.753981973191064370e+01
1.735423368645454190e+01
1.743034021977145898e+01
1.734999368230431571e+01
1.719456081560050009e+01
1.687209879120710454e+01
1.708400889700472902e+01
1.720496523224449348e+01
1.754752797562629496e+01
1.695252112807022016e+01
1.713531669222984277e+01
1.650434837383429354e+01
1.712886635585831741e+01
1.734058188601362360e+01
1.757641075334546699e+01
1.678952214477657989e+01
1.726071885046760812e+01
1.774684264127633426e+01
1.765990168677315353e+01
1.694875591920488844e+01
1.739224861885045215e+01
1.732677790325294964e+01
1.739231843166804126e+01
1.683896039208018891e+01
1.742152321288824979e+01
1.679597051614193148e+01
1.720791536681707257e+01
1.664700195289427498e+01
1.675871926672204637e+01
1.672204556673137077e+01
1.629901913717283435e+01
1.692219503558445837e+01
1.662320577445169079e+01
1.667478650702965126e+01
1.662607735036826284e+01
1.678427930646621746e+01
1.685901701858422541e+01
1.726283796823252104e+01
1.682469785094723846e+01
1.720798425485428496e+01
1.709748528992236416e+01
1.700498858629374510e+01
1.682513537114071411e+01
1.643540848222595230e+01
1.659088684529469759e+01
1.709119232887334761e+01
1.668616051980019321e+01
1.691595832162186142e+01
1.704850196852283517e+01
1.722446416962715787e+01
1.722101882005971873e+01
1.645187368351518487e+01
1.663474787460305038e+01
1.633994342105339825e+01
1.617281482053462227e+01
1.688697935910094472e+01
1.781654501452224082e+01
1.715098888928097054e+01
1.753042838006546944e+01
1.695380625296094479e+01
1.713799079872314124e+01
1.667720954924095622e+01
1.721129575855815474e+01
1.707328326050798495e+01
1.685728213154717992e+01
1.703204498689041202e+01
1.656897054830792726e+01
1.719303080993867638e+01
1.735318609851067606e+01
1.696770347667716905e+01
1.680449324260628785e+01
1.721088732505750585e+01
1.710028947803479582e+01
1.730776239313185272e+01
1.700908081347814971e+01
1.705749490712739203e+01
1.692752245899987784e+01
1.660791778898185100e+01
1.743003555505634594e+01
1.685519314482436570e+01
1.695955984341653533e+01
1.728300805645750060e+01
1.675751248020397810e+01
1.679075692699811739e+01
1.733120070227572995e+01
1.683926273062196088e+01
1.739434390403337005e+01
1.650270163957324954e+01
1.649008804789133009e+01
1.673240722768282396e+01
1.655579302041958911e+01
1.732588817931566183e+01
1.729845306387986525e+01
1.679487195574539626e+01
1.700659152866536772e+01
1.711522255284638305e+01
1.738508111298918024e+01
1.734867505808193755e+01
1.723587532489526453e+01
1.735052862289981945e+01
1.741535075809663624e+01
1.727229966971796316e+01
1.747463079811015518e+01
1.748626499090226716e+01
1.731891207854158310e+01
1.696887292654265522e+01
1.703811359536173242e+01
1.703288778525739744e+01
1.725331852239344599e+01
1.790698308391873184e+01
1.714801797373882408e+01
1.728381137455120964e+01
1.731980478150234148e+01
1.683521575828152805e+01
1.662176255556207849e+01
1.652727666063011469e+01
1.683172767065573083e+01
1.704077157148912747e+01
1.683539080571751612e+01
1.697334538563761086e+01
1.690129814423685772e+01
1.691036203040726704e+01
1.730804574897189241e+01
1.775178941518253239e+01
1.775490237049164222e+01
1.694599216106668038e+01
1.715148191089738461e+01
1.716946140976228108e+01
1.633581022201980559e+01
1.622432708013678138e+01
1.619066499411183102e+01
1.721193251867719098e+01
1.724332987118848237e+01
1.758002048569658626e+01
1.733006302841952362e+01
1.736991114807591430e+01
1.756617022217866975e+01
1.710725721639494878e+01
1.680704481012170248e+01
1.663645456136189793e+01
1.621452872957454261e+01
1.681426086093967598e+01
1.686999321932043117e+01
1.680463074552605107e+01
1.713799342806191461e+01
1.731255947540665829e+01
1.763772580419633940e+01
1.708441715560730501e+01
1.734346252558678358e+01
1.699489708477861427e+01
1.672981674376264749e+01
1.707623051795411584e+01
1.717126043291582604e+01
1.703067297719897155e+01
1.700303205763321657e+01
1.667906212597848992e+01
1.658626450940309383e+01
1.670576015854340213e+01
1.603918419000530804e+01
1.587558633173659750e+01
1.661739018954622793e+01
1.673595848257947338e+01
1.679879444067357852e+01
1.687396366446006368e+01
1.717915441728045423e+01
1.727375301351191439e+01
1.759708022096750568e+01
1.685531461765604178e+01
1.659885789350846608e+01
1.687596550775412751e+01
1.654869183121407161e+01
1.629005796940853656e+01
1.657047378495624201e+01
1.661527540294329697e+01
1.657437630286051800e+01
1.653517276501502664e+01
1.671807736879908646e+01
1.689315929606189215e+01
1.743108930217440644e+01
1.784951804732112635e+01
1.740730844065587490e+01
1.788980611598238823e+01
1.771946863442551034e+01
1.695010104487547409e+01
1.707128635920122051e+01
1.641312553295405507e+01
1.678486556886393188e+01
1.658850980200716663e+01
1.643703727917376156e+01
1.711941750717298660e+01
1.741072372826848280e+01
1.744157244978348231e+01
1.719034548789846539e+01
1.664432474260116734e+01
1.681248929959793159e+01
1.712046873868687058e+01
1.652903959485661289e+01
1.679795729548380123e+01
1.717534644432389968e+01
1.675461085219708934e+01
1.733081972210244004e+01
1.743982479071881642e+01
1.688581040150014445e+01
1.751969707344471061e+01
1.709804923016400124e+01
1.741500367943267591e+01
1.749472985546605130e+01
1.723591191215502505e+01
1.789118571786976730e+01
1.714561111759297773e+01
1.726964905466483557e+01
1.711265066092181186e+01
1.681737741453619606e+01
1.696664686674033007e+01
1.642091044321543336e+01
1.684300191007397274e+01
1.717163222416272461e+01
1.714046158867165204e+01
1.766733456987754991e+01
1.786821747342040467e+01
1.728202471448013711e+01
1.696502536469270339e+01
1.741443865304210092e+01
1.732315823211657957e+01
1.724160952778939659e+01
1.720674897777011836e+01
1.708200226638363972e+01
1.674760277920674767e+01
1.704151566160690479e+01
1.731767000264654754e+01
1.718214005510880682e+01
1.737713043857066353e+01
1.738820969522621951e+01
1.779352344862958191e+01
1.786527482321736571e+01
1.789832253240402338e+01
1.785119286136757921e+01
1.726311078808087629e+01
1.742010018682518790e+01
1.738384699719492588e+01
1.774451338630444752e+01
1.806857922184042309e+01
1.766828357257951865e+01
1.727427347160802640e+01
1.757647281285087359e+01
1.790247651242356852e+01
1.730552274295050097e+01
1.687219631811225895e+01
1.660675349616095531e+01
1.703067649435485720e+01
1.728900564991327471e+01
1.650746515795014702e+01
1.642597359843102822e+01
1.654601157459071104e+01
1.692956533235444994e+01
1.699795748809046358e+01
1.698588574866028367e+01
1.664763950376655188e+01
1.648155120278242691e+01
1.678992896617029373e+01
1.660036841976108946e+01
1.651237382071257187e+01
1.650888415085108818e+01
1.682433485273612206e+01
1.700735836266695600e+01
1.663599735400757140e+01
1.689709622811081147e+01
1.640895966588442789e+01
1.652836133723561218e+01
1.671478709057983636e+01
1.718583256644057755e+01
1.660984729268925975e+01
1.724621745720590482e+01
1.738515042019062307e+01
1.764667277826751857e+01
1.668893601142257666e+01
1.696751046766278392e+01
1.611383883113505178e+01
1.680386753850393688e+01
1.630463938022828074e+01
1.663469469132914114e+01
1.667688277588904455e+01
1.701094184909135265e+01
1.679428393282394794e+01
1.736824244417587337e+01
1.691774510612923166e+01
1.756510721563936528e+01
1.743355803721357944e+01
1.687201944962136579e+01
1.673648040374814272e+01
1.649615117366532147e+01
1.764688394490179135e+01
1.710497156333005009e+01
1.624130614795695493e+01
1.694210121021722770e+01
1.723911703810052742e+01
1.726903338694016199e+01
1.670300880067835791e+01
1.632321343234573874e+01
1.631029676059715428e+01
1.650126642998222692e+01
1.646941494143596785e+01
1.679981686787617079e+01
1.708831515207794638e+01
1.727180425138974229e+01
1.656925335609793493e+01
1.714613090346186297e+01
1.735821001467441960e+01
1.719531321802794821e+01
1.689299781850291637e+01
1.759377274266372027e+01
1.750601228203562698e+01
1.766366435452380657e+01
1.771105892649881497e+01
1.753016785448809145e+01
1.732597933428687398e+01
1.722660049055343734e+01
1.781330601942116232e+01
1.713828190715965505e+01
1.743542198336940530e+01
1.751144236188753567e+01
1.670944352714435865e+01
1.659739959587518854e+01
1.678419815569413842e+01
1.676395773918719811e+01
1.653184647213588576e+01
1.703033740612761804e+01
1.710040181776447810e+01
1.641417253882140770e+01
1.654013976235489025e+01
1.702118575341800621e+01
1.600448052090314732e+01
1.625522767717841432e+01
1.606379253605616952e+01
1.619358325544243016e+01
1.639307502098341018e+01
1.707445671395167963e+01
1.679987041024558536e+01
1.628721625021735875e+01
1.702213589474354904e+01
1.727681114936572015e+01
1.694868213248407685e+01
1.701318487455749207e+01
1.657400119647962811e+01
1.665728088638777749e+01
1.716915922886288826e+01
1.700646116402689501e+01
1.711134065523368264e+01
1.755439960418958023e+01
1.701679322683611417e+01
1.737391558370489619e+01
1.722063215922789325e+01
1.646665506432917425e+01
1.703802079316155371e+01
1.694179488887281337e+01
1.625371534087394920e+01
1.667037345407237225e+01
1.661415600026663952e+01
1.730679486250193477e+01
1.711460528355596011e+01
1.715691199793159782e+01
1.696527463395601742e+01
1.716542176191749647e+01
1.709626946652943502e+01
1.698447360523992700e+01
1.686809048832206059e+01
1.712690821633634641e+01
1.703439093195348875e+01
1.670857892052708138e+01
1.631324196307478758e+01
1.697419943133870390e+01
1.712325351698674325e+01
1.695132155739202418e+01
1.680618358842340143e+01
1.646440975500685511e+01
1.617123100137762037e+01
1.624381476808148506e+01
1.697380078351724109e+01
1.707406493014890358e+01
1.629673244715778324e+01
1.588965688036937962e+01
1.634665214392351018e+01
1.665420942764258427e+01
1.675155671361135390e+01
1.738673596301580559e+01
1.713540151884499707e+01
1.680580568894483662e+01
1.709800198609354638e+01
1.693396762717017268e+01
1.712788097156263589e+01
1.730448440010058775e+01
1.718195183946787097e+01
1.672219245989002445e+01
1.665379672917593012e+01
1.670509710462377839e+01
1.698133093680430505e+01
1.722585954881203207e+01
1.693127979758380519e+01
1.711616497065961795e+01
1.710208155542974851e+01
1.768310668261996810e+01
1.736802746939063979e+01
1.711989057332356978e+01
1.728917675687923605e+01
1.667983334771621173e+01
1.677990571818555310e+01
1.665120016835772176e+01
1.643590240649512424e+01
1.674983312254951784e+01
1.707759598453371908e+01
1.709669184172283707e+01
1.718974859000994826e+01
1.708989823590374968e+01
1.665016902438564728e+01
1.662816280332837593e+01
1.660059448273281646e+01
1.645745554444039982e+01
1.700717908298675951e+01
1.703790145797483291e+01
1.677585304414365552e+01
1.673088526378255381e+01
1.713794473992927792e+01
1.745480971371845058e+01
1.739366375770362083e+01
1.708355366573281842e+01
1.651007132155044488e+01
1.691670926750547821e+01
1.650022630832102877e+01
1.678823125709145359e+01
1.636347785068024763e+01
1.630777262272702544e+01
1.639230852483073875e+01
1.712550910973239482e+01
1.742900381983080749e+01
1.724366068475506353e+01
1.678280660989357287e+01
1.612964091166621827e+01
1.648418865374336306e+01
1.697075246856020314e+01
1.740537790727507073e+01
1.759526578602580216e+01
1.746242951108730423e+01
1.814880360634162315e+01
1.748763666284817120e+01
1.721619582504829893e+01
1.701376528750935080e+01
1.714617330396812633e+01
1.701335815641542837e+01
1.705268292999570789e+01
1.755057444720194226e+01
1.751180664603304038e+01
1.762115213230414312e+01
1.767593158682416288e+01
1.761293063527534031e+01
1.749024373881447758e+01
1.697705989753111311e+01
1.707722935239184281e+01
1.657080550573242661e+01
1.705394769370541752e+01
1.702208630641990794e+01
1.747938336241149315e+01
1.741251533264989959e+01
1.795099179502032882e+01
1.791973741830903677e+01
1.760603353475998389e+01
1.805002766358385102e+01
1.811164545652367153e+01
1.775815093009051893e+01
1.833829006249452576e+01
1.785798688244389609e+01
1.776995338286584669e+01
1.792157745501490496e+01
1.754071166956464012e+01
1.758674722244617072e+01
1.709500825080125352e+01
1.722696707499139279e+01
1.664458555972393938e+01
1.662691030854732333e+01
1.686089687927053049e+01
1.675144568267265299e+01
1.624842338817635579e+01
1.663923420816012566e+01
1.697424592118141362e+01
1.704219108636493729e+01
1.681995048536840187e+01
1.723925640473008869e+01
1.726804107178250192e+01
1.761698527305916784e+01
1.787343200744039962e+01
1.768069585549199019e+01
1.697462273587401782e+01
1.772107435650044138e+01
1.727004764290433414e+01
1.667890694101179250e+01
1.708950053152380022e+01
1.655943369141571608e+01
1.675468800515972490e+01
1.736462543609437503e+01
1.694529079893304413e+01
1.721510275938660328e+01
1.748818564138090892e+01
1.773700441261739513e+01
1.772046388463650857e+01
1.788979586354439988e+01
1.753512985137418667e+01
1.710412059736057344e+01
1.694511240937058005e+01
1.671863046931696672e+01
1.656781446168121974e+01
1.721566409338963410e+01
1.721351586306564840e+01
1.690258277494345407e+01
1.663440974765946834e+01
1.703657325274255641e+01
1.705016172176804190e+01
1.752815446232498431e+01
1.732096069531308302e+01
1.657482559807827727e+01
1.704177709123559126e+01
1.710102770940946826e+01
1.759327990520284146e+01
1.760822708302541884e+01
1.795663670029701109e+01
1.802760145467336983e+01
1.794255754253494572e+01
1.823798681621492790e+01
1.716288136050342317e+01
1.715363115181479614e+01
1.778937975366611823e+01
1.772226917664348989e+01
1.756722053352964963e+01
1.749161787074585561e+01
1.746706497344565179e+01
1.699192162421250174e+01
1.687697463214454530e+01
1.688545839014884820e+01
1.677609114447616179e+01
1.693161989438804937e+01
1.658649150717203824e+01
1.644343401319685682e+01
1.586311438913818073e+01
1.614089767812505372e+01
1.647769189061120798e+01
1.693447345856386121e+01
1.653152989726665112e+01
1.651546154010145884e+01
1.677122336451904161e+01
1.689443485685671931e+01
1.688001025445777259e+01
1.645601424486847719e+01
1.620577551344124956e+01
1.646371421155986070e+01
1.709547517315606768e+01
1.684169475629201429e+01
1.677090564720320742e+01
1.644661071857922252e+01
1.646178479682447104e+01
1.692792524256471509e+01
1.655035578770333871e+01
1.627045069161610158e+01
1.639851652066106524e+01
1.636915709576321731e+01
1.678394861684834893e+01
1.686289216120187717e+01
1.662211923879373643e+01
1.686494957346226542e+01
1.695633299572400077e+01
1.709954309399927652e+01
1.696269547156144242e+01
1.678493440734216691e+01
1.740301106303478562e+01
1.738156930995469907e+01
1.720844076046726201e+01
1.745235731037016436e+01
1.738281424014944676e+01
1.707445914989358826e+01
1.675516421587082760e+01
1.724315646523396239e+01
1.660243045089512037e+01
1.686341190019284397e+01
1.717687909054497908e+01
1.681896675913166561e+01
1.682634191308760307e+01
1.672530558268939416e+01
1.671820070527819624e+01
1.707251278509546921e+01
1.695075292327898708e+01
1.668836746539606608e+01
1.713016134411278202e+01
1.729410853928024494e+01
1.720443056988054664e+01
1.703091558528846505e+01
1.713254525268388662e+01
1.704469961698478642e+01
1.711144676322902214e+01
1.733746670046268079e+01
1.661146949800554395e+01
1.625197559866327879e+01
1.691535469156030658e+01
1.738104558830491442e+01
1.688792662950233137e+01
1.700227132692545950e+01
1.734475853280773450e+01
1.679358712489507965e+01
1.676202344920203657e+01
1.654991912061424841e+01
1.659540449972287490e+01
1.733377656694300839e+01
1.692159737001748354e+01
1.697175289844653889e+01
1.683282154219957860e+01
1.696899761728649736e+01
1.715161556698469880e+01
1.745891632355298029e+01
1.636235188169775512e+01
1.694777475947598333e+01
1.654928296378827213e+01
1.723631340316958571e+01
1.760047573310419722e+01
1.773659964897664665e+01
1.768974155898958145e+01
1.781542400425288974e+01
1.771929892549356822e+01
1.747808918205321405e+01
1.715750956424343343e+01
1.689831976049567785e+01
1.654398128927142864e+01
1.682344359608492823e+01
1.601963725702233532e+01
1.652123377727616216e+01
1.702109372969292522e+01
1.636321693989414072e+01
1.708491558288447365e+01
1.743805292838163368e+01
1.717705655770546969e+01
1.707526641580412274e+01
1.721830411289753471e+01
1.671952788935960399e+01
1.662125751605455193e+01
1.685374590273214324e+01
1.697432446828998565e+01
1.675591291676224870e+01
1.722111054840057065e+01
1.686945497132072092e+01
1.691178826251031353e+01
1.657910031947633556e+01
1.627911875102928718e+01
1.636654435933074936e+01
1.622720188717464396e+01
1.642697858102452457e+01
1.701729663519237334e+01
1.672063891141649350e+01
1.713328263766921467e+01
1.740195351469480300e+01
1.707132405889385041e+01
1.726339063740925184e+01
1.691061651896867701e+01
1.681152217496174828e+01
1.706739478677797450e+01
1.749065225786686284e+01
1.746458409819162583e+01
1.751141037726814531e+01
1.682168378245227913e+01
1.666511033808929909e+01
1.659203034161214774e+01
1.692456533651561656e+01
1.637931885531612153e+01
1.670658618636231907e+01
1.675208924137738720e+01
1.679903235364017533e+01
1.619438784526291997e+01
1.695289143049295433e+01
1.689643729310617459e+01
1.667171813272297953e+01
1.706556190304072373e+01
1.744942790446555136e+01
1.742304709870347779e+01
1.701621783721005343e+01
1.662453819388488796e+01
1.677581042647545928e+01
1.671359468865151499e+01
1.651725652851021664e+01
1.622127154927100889e+01
1.632619827577310190e+01
1.699109159035949190e+01
1.677302832318072134e+01
1.640262128721868962e+01
1.655046695631644837e+01
1.698090074751066325e+01
1.710997004356125828e+01
1.689114490617552278e+01
1.711984539242579118e+01
1.679355214744379410e+01
1.669834368026449667e+01
1.698809496442906664e+01
1.673602636406237920e+01
1.659789356642074409e+01
1.692103485493339221e+01
1.633938275010977392e+01
1.647758599295896076e+01
1.680679776659329150e+01
1.720688892038742424e+01
1.726153377673709954e+01
1.706739007531471941e+01
1.656365395159892273e+01
1.667524214157036511e+01
1.659373089471063878e+01
1.653136930800994264e+01
1.710611063795817799e+01
1.671724802237850582e+01
1.710420696454496436e+01
1.694610904581237065e+01
1.692881777549033373e+01
1.654001744395706552e+01
1.717023585686815679e+01
1.697135103332660222e+01
1.681475879397946471e+01
1.700198438015793556e+01
1.717054664330592573e+01
1.705137866847472949e+01
1.704745726855856347e+01
1.707106443097807258e+01
1.724522393944185694e+01
1.702005658595715332e+01
1.686057016736049263e+01
1.737035062006930985e+01
1.709910140878572093e+01
1.721865581384049904e+01
1.783488909735183725e+01
1.750675967378260012e+01
1.768814913053289217e+01
1.718849624560021283e+01
1.675417479723750702e+01
1.665044022218742370e+01
1.703803277324368537e+01
1.720431936224350622e+01
1.752702534625128550e+01
1.775659252996537774e+01
1.770993405181325286e+01
1.755140724080406756e+01
1.766581088156409862e+01
1.703335878995252273e+01
1.695620208651991945e+01
1.678146999313857179e+01
1.712300752379869806e+01
1.743069770276827413e+01
1.738619292270309913e+01
1.739516099936662741e+01
1.716317339718591484e+01
1.694406454025270747e+01
1.681008757838072754e+01
1.710860510460312511e+01
1.705995131343023274e+01
1.700149239839868542e+01
1.714106276030550191e+01
1.696497511084886867e+01
1.727200270797945691e+01
1.675297253863326929e+01
1.633046250267814870e+01
1.581812706041526084e+01
1.664692067284820354e+01
1.639559116798797689e+01
1.664337365354051457e+01
1.694577400780718079e+01
1.693535400235714405e+01
1.720478223951566221e+01
1.675094763441778056e+01
1.658674254197332942e+01
1.719445182975315589e+01
1.725114911530505069e+01
1.686358538159733911e+01
1.703962550727441894e+01
1.718223578764893489e+01
1.727297392157825229e+01
1.692496384356769212e+01
1.672155846275716939e+01
1.655029901081519483e+01
1.639362235282869307e+01
1.648803182360135722e+01
1.617748525861379605e+01
1.694812811882683334e+01
1.696329501052343502e+01
1.696808499880438248e+01
1.674367310357374095e+01
1.727287131495705097e+01
1.728787537193962365e+01
1.721708201733441967e+01
1.723052760322529409e+01
1.712949166162578507e+01
1.725242068636089954e+01
1.752192933858412971e+01
1.708425938577850900e+01
1.696557735458330640e+01
1.741817028883009399e+01
1.710419657063878773e+01
1.668824755059279497e+01
1.664796390550102956e+01
1.651038633076032625e+01
1.655942422102872769e+01
1.629745303338746254e+01
1.715312109506061233e+01
1.670151971525656620e+01
1.670133277737352628e+01
1.639521820638670846e+01
1.693046680724652475e+01
1.692944634899353318e+01
1.705049729851941365e+01
1.663837078772228395e+01
1.646654382208400591e+01
1.655851585444418816e+01
1.730107922033239731e+01
1.732158571410675307e+01
1.741517446101375199e+01
1.678003911789330971e+01
1.653267046768780446e+01
1.604393753655384103e+01
1.604821039919763948e+01
1.641839238021830383e+01
1.633255563801111521e+01
1.659149267631799773e+01
1.613276271390355632e+01
1.606950882605520903e+01
1.718391456453629473e+01
1.711673788410085706e+01
1.692349279521368643e+01
1.632014398444691494e+01
1.622489468823738434e+01
1.663918749671992714e+01
1.664346636394927970e+01
1.711618138955202184e+01
1.684969460183813084e+01
1.718531071232917284e+01
1.763179060488084815e+01
1.701368094905367556e+01
1.655352986102901269e+01
1.668320604615493608e+01
1.743815177145085116e+01
1.750612942042399212e+01
1.724049412435273609e+01
1.722903122891385763e+01
1.746953494682379926e+01
1.684901583117542856e+01
1.695614236277916476e+01
1.632690005008059941e+01
1.632201049608312005e+01
1.623298099797275995e+01
1.619775445491811894e+01
1.608108760943407134e+01
1.734765467006656436e+01
1.700352418378732011e+01
1.654822319720524959e+01
1.699102240134966380e+01
1.690925183229228068e+01
1.734608729765187363e+01
1.711552791845468136e+01
1.699934584021073647e+01
1.667455621529657961e+01
1.659776697310235605e+01
1.646779037651635136e+01
1.682199397497809557e+01
1.670447814537576647e+01
1.677848291412484372e+01
1.725197226395362193e+01
1.653250202763580390e+01
1.648827158804760629e+01
1.678937747568880212e+01
1.648079388777602006e+01
1.688204541428756400e+01
1.687689660755005860e+01
1.709455321459912014e+01
1.738198401699697726e+01
1.706930822294210870e+01
1.651738951652032839e+01
1.646705830479558230e+01
1.644828867238470238e+01
1.666563383348952598e+01
1.703354748937841023e+01
1.715754713205842208e+01
1.714538338699654219e+01
1.782531915088821606e+01
1.737293207029098951e+01
1.683050599945674364e+01
1.697414204600341137e+01
1.692980390897178111e+01
1.677884985685682295e+01
1.715204731515504832e+01
1.755285294795493556e+01
1.725865705881026813e+01
1.751491992613222592e+01
1.686423378056328559e+01
1.702717850671363564e+01
1.719024208161651046e+01
1.734510688424812130e+01
1.713679400545050768e+01
1.696038416355033718e+01
1.707736779772601565e+01
1.761030685617727798e+01
1.696813872701257253e+01
1.758750463156384214e+01
1.725306862125835394e+01
1.772520362260377880e+01
1.754496937710776905e+01
1.705823284196386780e+01
1.672357163487142984e+01
1.640533475647836070e+01
1.681395976779703716e+01
1.664064142353197084e+01
1.703688032917209583e+01
1.696521154372488027e+01
1.679562484673542144e+01
1.760227304197843878e+01
1.785164507406869916e+01
1.752572223414976094e+01
1.742923470797036245e+01
1.720679978509719987e+01
1.643530183301002978e+01
1.637064562757932507e+01
1.615156913350870482e+01
1.615316361176888904e+01
1.597028396171150533e+01
1.662391920810227219e+01
1.655231427027103308e+01
1.660560379639827744e+01
1.768289061950836683e+01
1.722409800469002761e+01
1.713108391175690315e+01
1.707725442088046464e+01
1.725133471796390694e+01
1.755300061302266812e+01
1.731491217095977930e+01
1.675045181443191922e+01
1.686731916788172825e+01
1.744971773382244606e+01
1.695287434449787156e+01
1.717833512045372046e+01
1.707082980052747700e+01
1.783089807432314444e+01
1.758344062339250513e+01
1.746478580153414839e+01
1.733841454775631519e+01
1.724198452064785769e+01
1.739191372962092075e+01
1.749117109950283577e+01
1.766792173164358459e+01
1.734130856192981796e+01
1.689643697183476689e+01
1.699076459393685212e+01
1.733245663626698985e+01
1.667002767262862051e+01
1.682184628267829396e+01
1.667846808622679688e+01
1.715521801235334465e+01
1.734343406293891832e+01
1.689141091718978416e+01
1.655048311714065079e+01
1.680585551322826632e+01
1.678442811526897671e+01
1.741008294657380517e+01
1.718120019071091775e+01
1.710415373333195177e+01
1.718694107704329355e+01
1.659461016436908309e+01
1.704754640182202863e+01
1.727228446516399174e+01
1.734671302308136021e+01
1.702682530290120866e+01
1.735815745918193542e+01
1.767408405758554224e+01
1.746753071573554195e+01
1.745101777789821540e+01
1.705663146841390443e+01
1.733451748932190029e+01
1.764797913865376344e+01
1.749358906169553052e+01
1.654256481643990639e+01
1.708285032225388633e+01
1.700614277914905514e+01
1.730900458903317229e+01
1.710258383377267677e+01
1.713686675150114169e+01
1.627716323998080128e+01
1.626240721217285667e+01
1.641981821701427435e+01
1.655348123408331418e+01
1.649395644213023360e+01
1.669721771769993879e+01
1.666668073447985421e+01
1.672896383760765104e+01
1.730168295046181015e+01
1.721377022374945653e+01
1.733814909130885695e+01
1.694988462345764191e+01
1.721614038045647987e+01
1.707450908442338289e+01
1.663042907520847180e+01
1.714843628159592726e+01
1.728596798268376133e+01
1.641283305972880768e+01
1.671484969805218768e+01
1.703565796174360614e+01
1.702123887017188508e+01
1.658037945539228275e+01
1.635214124748642561e+01
1.605940834877134193e+01
1.661555105306203473e+01
1.730791508116337596e+01
1.677711899458486755e+01
1.719164560389757668e+01
1.668037664775865636e+01
1.680330022493932063e+01
1.679744143498524522e+01
1.650290806393726584e+01
1.631921866364695362e+01
1.609743760472619911e+01
1.625906093871140357e+01
1.665004942258541831e+01
1.756938721323895791e+01
1.761411415241624212e+01
1.767127753123210354e+01
1.775239368575655163e+01
1.839092458181839618e+01
1.791285557658400407e+01
1.848528818307226373e+01
1.849980858829475494e+01
1.738129681228960166e+01
1.804085569492965746e+01
1.738944863568711696e+01
1.726548763597919489e+01
1.726207109993455191e+01
1.677769965911370775e+01
1.661072129211954973e+01
1.645978795248798932e+01
1.711825627326987487e+01
1.728678230033560226e+01
1.705535962438424846e+01
1.729568475663566929e+01
1.715628929134918934e+01
1.632761113902211747e+01
1.723019823164166553e+01
1.714749774350291744e+01
1.713167108115348825e+01
1.684239217380952880e+01
1.664875862962268371e+01
1.711705938325024334e+01
1.705159790731317671e+01
1.713510865117336834e+01
1.696552154724144756e+01
1.673082147625352079e+01
1.720140453580854967e+01
1.673596938601994211e+01
1.624991652481294935e+01
1.700274115967538435e+01
1.731356087454484793e+01
1.663138841901000831e+01
1.690103881672563801e+01
1.693305614947189142e+01
1.697308720302735807e+01
1.676438567215944886e+01
1.704054842850192841e+01
1.752045511226038954e+01
1.696899890844846936e+01
1.716969142947359828e+01
1.677477119059996014e+01
1.767801181308416503e+01
1.693051104211633628e+01
1.712246424772499864e+01
1.745603373607032438e+01
1.733904696690585823e+01
1.743729182619231466e+01
1.723157210645420179e+01
1.700795466383485532e+01
1.691210040915177260e+01
1.715947285464776684e+01
1.688767470661247927e+01
1.642349474154457667e+01
1.658833409974533879e+01
1.676830212678039445e+01
1.656185991905740451e+01
1.720464603018187688e+01
1.695340874186229385e+01
1.685467425086734394e+01
1.726575859796308521e+01
1.682640082747184707e+01
1.729414869373193042e+01
1.729353124360320137e+01
1.733811073510408463e+01
1.664520308276398453e+01
1.667452887226811242e+01
1.705710300809713331e+01
1.667066598330385219e+01
1.698346785480362442e+01
1.704785827294789158e+01
1.691422555374938597e+01
1.712618545232962930e+01
1.705634670302042721e+01
1.718386618577616787e+01
1.718434526624854897e+01
1.758080113620559004e+01
1.771543352030363039e+01
1.742254784784572053e+01
1.686861540649087132e+01
1.740976137384224742e+01
1.735894701426392572e+01
1.763290135327481778e+01
1.745334077577558318e+01
1.783007134722505072e+01
1.784465456416299745e+01
1.779190020321625099e+01
1.793703363604002377e+01
1.777870089278554744e+01
1.724251883305623423e+01
1.741443755293312634e+01
1.787284379011018487e+01
1.754450786933748674e+01
1.674884675132909351e+01
1.694058352595470396e+01
1.723921391774373291e+01
1.742712714326061629e+01
1.730840540050575171e+01
1.682439863613995357e+01
1.727218570128911423e+01
1.708355453110953803e+01
1.706965527440230801e+01
1.690253150031121621e+01
1.660004816407191797e+01
1.670885505734950272e+01
1.698435512863596841e+01
1.697523199667232419e+01
1.699673600365166237e+01
1.710443361993640465e+01
1.692162631746079526e+01
1.713320406832597698e+01
1.726118932405385920e+01
1.671871858993952031e+01
1.698939144861818917e+01
1.754631599780431372e+01
1.742675249271470861e+01
1.751354815914275775e+01
1.706660668660082081e+01
1.694859776001664997e+01
1.685608657486147166e+01
1.636345705161024711e+01
1.613309216821571823e+01
1.627986010478699441e+01
1.655271154342124262e+01
1.664901904698930579e+01
1.643014752064344464e+01
1.657669092895121210e+01
1.677537546531242185e+01
1.697663553296525762e+01
1.727542370918737902e+01
1.728755276133514940e+01
1.685807959880165185e+01
1.672366758990960278e+01
1.610933226161639809e+01
1.625599000826507279e+01
1.687375195444452913e+01
1.679615309333725648e+01
1.659486503770297006e+01
1.637896633717675954e+01
1.657763038624577590e+01
1.737559622868816689e+01
1.706613331520122401e+01
1.665437074544327345e+01
1.637143045595883706e+01
1.703113260714576072e+01
1.660491579713056609e+01
1.739223505586958041e+01
1.713770272655849780e+01
1.688124437870133576e+01
1.678054051503324473e+01
1.637658189664412944e+01
1.707777393601097060e+01
1.729475910699771646e+01
1.753350702915176029e+01
1.749526962129065311e+01
1.708841500823189108e+01
1.707803316083257172e+01
1.676431753917524858e+01
1.679612068498132871e+01
1.746230274943846084e+01
1.729770093025917888e+01
1.664618980244318891e+01
1.659830461700382287e+01
1.724782244085454863e+01
1.691089493775136177e+01
1.704124615067351911e+01
1.755439644692608425e+01
1.739633316375404348e+01
1.745665279784951096e+01
1.769533005845199014e+01
1.720338017639629058e+01
1.715279309294506760e+01
1.748363591760442759e+01
1.736185257006278704e+01
1.693879567177803125e+01
1.737552075386883743e+01
1.746485355142456797e+01
1.789805402105386634e+01
1.764735974245137484e+01
1.757780808369751213e+01
1.754284048061176549e+01
1.753399521707345698e+01
1.760595161877832382e+01
1.727850634460428481e+01
1.644045256166330660e+01
1.619467678827479418e+01
1.616000715580569391e+01
1.586981568754132255e+01
1.662329159273683388e+01
1.632523990463796437e+01
1.713803697014888883e+01
1.647659739558248759e+01
1.676617187182798574e+01
1.689568622647694340e+01
1.709311829701716690e+01
1.626098280631673632e+01
1.626023128416376551e+01
1.654226765608611771e+01
1.666313685424879409e+01
1.733399955636819811e+01
1.710526012134872076e+01
1.679136784733405108e+01
1.665375231796962652e+01
1.730165631739813392e+01
1.688675466993446506e+01
1.732993883755457531e+01
1.702838608850032642e+01
1.699577959540346583e+01
1.653439800310093588e+01
1.710159079842960494e+01
1.671732641636884154e+01
1.683260649294502187e+01
1.742024828463981478e+01
1.720317209965379135e+01
1.749085783768857993e+01
1.729624298649675040e+01
1.754473234229855905e+01
1.688649398081897246e+01
1.707985167670903692e+01
1.770415924738421865e+01
1.792539083309070236e+01
1.770938668144675532e+01
1.773639653048942932e+01
1.744459185976752735e+01
1.781769154450008230e+01
1.734926713199968162e+01
1.683698212199755773e+01
1.631888947193972328e+01
1.689124224393325235e+01
1.691206791991267977e+01
1.593507374386880215e+01
1.613408223086517168e+01
1.614376851667235613e+01
1.680575042320971590e+01
1.715502687652719160e+01
1.711435885788279165e+01
1.717411588354169538e+01
1.763829661707945107e+01
1.767805525706017633e+01
1.747672828050017202e+01
1.827223012206906816e+01
1.746459641967905085e+01
1.727741891517410266e+01
1.764028405152971857e+01
1.696825209221191955e+01
1.734233148806804081e+01
1.786161268469822261e+01
1.776905879078738337e+01
1.765644737390785224e+01
1.786450309386234636e+01
1.702819524653479633e+01
1.731875296103082462e+01
1.694719773771216609e+01
1.674396484983094524e+01
1.649778454642061121e+01
1.636087276808240532e+01
1.654195590739382382e+01
1.701461874591672085e+01
1.746713760262343129e+01
1.770412504099892459e+01
1.713717022780078025e+01
1.749814327759453292e+01
1.752661291465267368e+01
1.728690288998318181e+01
1.730723807991079255e+01
1.675152312181416292e+01
1.660535450083856190e+01
1.673852188538202768e+01
1.665192750803103650e+01
1.705506820029048498e+01
1.668552200148426223e+01
1.693985018704455214e+01
1.699843500010979014e+01
1.748329945272670116e+01
1.730504358260725795e+01
1.726742200231435476e+01
1.783568277955495418e+01
1.753444278467503992e+01
1.725576541204683423e+01
1.754169917465867812e+01
1.712708793802765683e+01
1.731133341294816574e+01
1.745766473048722389e+01
1.722873002373303564e+01
1.723732150824515941e+01
1.741233470179494347e+01
1.657907676165227429e+01
1.679196197469778085e+01
1.658975514901203496e+01
1.673346755178909717e+01
1.656228158297859565e+01
1.684070881560366573e+01
1.655919016248074271e+01
1.671975417917841966e+01
1.721910826512324988e+01
1.708787477662901821e+01
1.705730681570002005e+01
1.693381979126661463e+01
1.660214830960991250e+01
1.662754339478849630e+01
1.705344841433414516e+01
1.701290837614604712e+01
1.720280312345957796e+01
1.781432989171839054e+01
1.715398343722734609e+01
1.707085654086946036e+01
1.732345587299341716e+01
1.726325428943069440e+01
1.741438686657894408e+01
1.680388096926256125e+01
1.758456613740464292e+01
1.733221957821645276e+01
1.722585082803567147e+01
1.779335150727918347e+01
1.769806206942829974e+01
1.707018978862065239e+01
1.738203118968180405e+01
1.673744825219076304e+01
1.632596905026591472e+01
1.649621822495608114e+01
1.731124118063542738e+01
1.731169731123770106e+01
1.692581544821795703e+01
1.632559444101990564e+01
1.670696224923174000e+01
1.633520715771886955e+01
1.676225762705832167e+01
1.639766333904992024e+01
1.670073692182625891e+01
1.669330759485362137e+01
1.646173675959564875e+01
1.612607072851971068e+01
1.603076416103297319e+01
1.603877661633499585e+01
1.648263967645920047e+01
1.651055579027537235e+01
1.632088458987237800e+01
1.640818474216770539e+01
1.626121104868690992e+01
1.636563200876816282e+01
1.683185229727366661e+01
1.681982535046565985e+01
1.671096494221537654e+01
1.607618742001513468e+01
1.623409624859601053e+01
1.636980588325348052e+01
1.657746152262876294e+01
1.650799382597173803e+01
1.655797032989050166e+01
1.628326745560523392e+01
1.674347638832354690e+01
1.641532933807050654e+01
1.638071590843366820e+01
1.648759164678399003e+01
1.640864821069548185e+01
1.693295798341031499e+01
1.718354404247588008e+01
1.753210492411511012e+01
1.725735550486206549e+01
1.712876123861224187e+01
1.678555084619158322e+01
1.647588032162141403e+01
1.649246255849601184e+01
1.697324204510786672e+01
1.624134571029221163e+01
1.679028758024089640e+01
1.686049311629669489e+01
1.725904262580885629e+01
1.683592030039793741e+01
1.699460555604999001e+01
1.714179599617475702e+01
1.668121060834850411e+01
1.706517497675477202e+01
1.735251851488382258e+01
1.700538003783406182e+01
1.739033189393031620e+01
1.758285596508509130e+01
1.699646153234863633e+01
1.709633863289861821e+01
1.733268034265628543e+01
1.714534794602741030e+01
1.621192100930601399e+01
1.635821953794198436e+01
1.643668096518956645e+01
1.649711771232535185e+01
1.642872496203151655e+01
1.665562349472769554e+01
1.641934119529987868e+01
1.626788866740143646e+01
1.634878065097636934e+01
1.660413422236697301e+01
1.660845182784537855e+01
1.663558333017860491e+01
1.669468083128930402e+01
1.596746323969066061e+01
1.634856750959870553e+01
1.637133604526355413e+01
1.674911327251939852e+01
1.632610993490251872e+01
1.691848758163054356e+01
1.695117423860538253e+01
1.679075492012254500e+01
1.717153609758524269e+01
1.688191143803978633e+01
1.749233692264259332e+01
1.708133182865227795e+01
1.729019479190762354e+01
1.731239117830533303e+01
1.742942579772474332e+01
1.732672948802055046e+01
1.748039933918543554e+01
1.722744460905516206e+01
1.676198448799352647e+01
1.711399508081343868e+01
1.748422633271292170e+01
1.687249169995063269e+01
1.675546326489932980e+01
1.699644228397173151e+01
1.719887816720288853e+01
1.725740058789080322e+01
1.663264412055960761e+01
1.685289260332026018e+01
1.636634044319529835e+01
1.724467605116463176e+01
1.701875818778634653e+01
1.681968491461986304e+01
1.689463713978574333e+01
1.674250795573873063e+01
1.734872234941207836e+01
1.682189124537494962e+01
1.671561644628197740e+01
1.690090165258109423e+01
1.690268282884161266e+01
1.698688901164944554e+01
1.703882247051513232e+01
1.672082838223289869e+01
1.680522763250546703e+01
1.659990186085336461e+01
1.674160607906480180e+01
1.743977449270668600e+01
1.685191821121819089e+01
1.752718014931397761e+01
1.780707730628755314e+01
1.786218444177206521e+01
1.731896403238418358e+01
1.725633154038270334e+01
1.721346664672559967e+01
1.756843815732655756e+01
1.800504035045646134e+01
1.715333769855435619e+01
1.631672025115945246e+01
1.739200425118832172e+01
1.739480005136158880e+01
1.803783286732971902e+01
1.842712760395857785e+01
1.756303917901483302e+01
1.749846808861850533e+01
1.724832174479359637e+01
1.736691337125878931e+01
1.744531879850219624e+01
1.692662377545141084e+01
1.657862710604047862e+01
1.749281055066974488e+01
1.721058500779849254e+01
1.737010549118243929e+01
1.768198991561601474e+01
1.685245408083760665e+01
1.703910427461943300e+01
1.710086533007351406e+01
1.660387657232139347e+01
1.660402567576873523e+01
1.630105533646707627e+01
1.656268321190287196e+01
1.668726771370355877e+01
1.673218281818920872e+01
1.659937769727600809e+01
1.717622815803104430e+01
1.699881610619171113e+01
1.686710535234279362e+01
1.634817713604100931e+01
1.632758944887418551e+01
1.562200566031262383e+01
1.570444282633783573e+01
1.590759224392184912e+01
1.665117437983652238e+01
1.680431984702460824e+01
1.643106196790829898e+01
1.694503130345782083e+01
1.677001179796406660e+01
1.703877019643192625e+01
1.708127688207006400e+01
1.735129625252579899e+01
1.713543320276636450e+01
1.726516397751393228e+01
1.729371306457029434e+01
1.690099708137397982e+01
1.734622725057444370e+01
1.784492717205994694e+01
1.718052018714556439e+01
1.774542438442757231e+01
1.728670076814962897e+01
1.658268496499109190e+01
1.648242084352276393e+01
1.681144447731216829e+01
1.644658744955999197e+01
1.667627405970674559e+01
1.647496729167501783e+01
1.637445288414150824e+01
1.741121877106636262e+01
1.718876592547338689e+01
1.671829097106311224e+01
1.705666965343342412e+01
1.674826659042312116e+01
1.722361137446354462e+01
1.692585763197293858e+01
1.710089418813830520e+01
1.724462150562464302e+01
1.752536995120172492e+01
1.781786703392272742e+01
1.722613040820816366e+01
1.713727191791887705e+01
1.683952945182852190e+01
1.728130969837715369e+01
1.760370583414842827e+01
1.781711047694419747e+01
1.757599198366797566e+01
1.764498958010707597e+01
1.724143072745885874e+01
1.701842498979642571e+01
1.683066504868238766e+01
1.717455626288904114e+01
1.683996441164357449e+01
1.712190810725941148e+01
1.675785411552354276e+01
1.693211704996635092e+01
1.714006329193954059e+01
1.759738752358068226e+01
1.733608901277636960e+01
1.732184062894047827e+01
1.743408634529187040e+01
1.714090454696904686e+01
1.698620019776416257e+01
1.734189510588610261e+01
1.718282050866428534e+01
1.719706103700027455e+01
1.694370368216821987e+01
1.735230212969067409e+01
1.645937307130227012e+01
1.732953412707091800e+01
1.733920424754678891e+01
1.718378510604085108e+01
1.734092037502727024e+01
1.676776608927796275e+01
1.634642368637465992e+01
1.605907365607268389e+01
1.686543153746643142e+01
1.707094531950098926e+01
1.697739961378223583e+01
1.732410037057048768e+01
1.696450221145925141e+01
1.621128238872055149e+01
1.690602827288645571e+01
1.737588585226795601e+01
1.723641932061157434e+01
1.702121681170461187e+01
1.678448163313176522e+01
1.658768059260599514e+01
1.602356515242328783e+01
1.609259898497743535e+01
1.590808940680596884e+01
1.619586665738152220e+01
1.635148102501888800e+01
1.684337591258216449e+01
1.719811752174046049e+01
1.667070001928492573e+01
1.727278950391380263e+01
1.703026296314870081e+01
1.715947993921654202e+01
1.711501144976366362e+01
1.693827067291097421e+01
1.702285436370864602e+01
1.697960445706066679e+01
1.745598181013697570e+01
1.711546798916073797e+01
1.750301515833676547e+01
1.733330979568629004e+01
1.719904439958617814e+01
1.722537182449690718e+01
1.714034314861535080e+01
1.727072132990547360e+01
1.695150731681957978e+01
1.690395769522583080e+01
1.685847978255344159e+01
1.693673660594178543e+01
1.619495533733569204e+01
1.633443404375796959e+01
1.658224009639089402e+01
1.625046042549660896e+01
1.633662332293933162e+01
1.690320061141564878e+01
1.625644077564569301e+01
1.689397958057974947e+01
1.708874081864134098e+01
1.698626597526749293e+01
1.719274343634749869e+01
1.710155094757532268e+01
1.684539663925822950e+01
1.648549933703093373e+01
1.753946116853078152e+01
1.756043446358535220e+01
1.805924407863790648e+01
1.764144580500465764e+01
1.765696831535074907e+01
1.674906035907617152e+01
1.652204433919686721e+01
1.667736457916226911e+01
1.671566825740374895e+01
1.655721542578226746e+01
1.738576936538273898e+01
1.734986570774712078e+01
1.790227802422487358e+01
1.733197793977484125e+01
1.678867374546410218e+01
1.671750868406898505e+01
1.657938337294272557e+01
1.639002779678818555e+01
1.692494969604573996e+01
1.717458081420042859e+01
1.681287750070418596e+01
1.721704258921031183e+01
1.672393576365002232e+01
1.665056675745512749e+01
1.676778389938023395e+01
1.692321782630440552e+01
1.726770771888931932e+01
1.694787788664492467e+01
1.683883169846577488e+01
1.748320824930047834e+01
1.724352778471530812e+01
1.734424910705041611e+01
1.687466628072922248e+01
1.691589610166545654e+01
1.688318591216239639e+01
1.673099042864459562e+01
1.703747466473671679e+01
1.689503786479587433e+01
1.654541704059303342e+01
1.614905299765300839e+01
1.678281908715754511e+01
1.659686340849719244e+01
1.680254788118877940e+01
1.698823889688602407e+01
1.666224307510998770e+01
1.666119575079867232e+01
1.683419705091683127e+01
1.685518043350425188e+01
1.658033872274539533e+01
1.646042068251865231e+01
1.623630822707406907e+01
1.625696682308556973e+01
1.604571808188628168e+01
1.704606207380650673e+01
1.774669094459785157e+01
1.703303943684535682e+01
1.695169735884761764e+01
1.702421843072517760e+01
1.732016459820290422e+01
1.768687284171878460e+01
1.744895708432201431e+01
1.741278413170097039e+01
1.749811808252708900e+01
1.731326120712357408e+01
1.696451560239182754e+01
1.724800647641033180e+01
1.751600209659443763e+01
1.749054888618473669e+01
1.727029228712228459e+01
1.725586158835957562e+01
1.703218672777731868e+01
1.648735749726525412e+01
1.697739171233121169e+01
1.640999657371527576e+01
1.684887885766272930e+01
1.695960977923028068e+01
1.722525703219353943e+01
1.732331572696708832e+01
1.656726430746573442e+01
1.676046474309476153e+01
1.637987683569438602e+01
1.676924608570005404e+01
1.688238236397948100e+01
1.651584871027815993e+01
1.644410488709526774e+01
1.625670839207835172e+01
1.655084327708769010e+01
1.704794861321779820e+01
1.653806769311097824e+01
1.719359266431174760e+01
1.754630331851808833e+01
1.718153944398347477e+01
1.682601036435470832e+01
1.722280114023425313e+01
1.689640267741776825e+01
1.660309029467245523e+01
1.662494795307942042e+01
1.714844424821042423e+01
1.760315097252622607e+01
1.738396520696581504e+01
1.712386286556222714e+01
1.705806919990326165e+01
1.682034150962952168e+01
1.677118700777295146e+01
1.728391860226365040e+01
1.706835308147850583e+01
1.752047401014774053e+01
1.682064669969177473e+01
1.665187284872924423e+01
1.762225819472810784e+01
1.707272561137141764e+01
1.786857614867989241e+01
1.779451613446174463e+01
1.757539924528483866e+01
1.742043806761692082e+01
1.738031984380125650e+01
1.794571779807141354e+01
1.793987521833225784e+01
1.715347737257635430e+01
1.716191738908874953e+01
1.804488450185463577e+01
1.766925337025738330e+01
1.785043105891475435e+01
1.814501075186047174e+01
1.845192929514407609e+01
1.788708284157254624e+01
1.754074609909758919e+01
1.708589038450833897e+01
1.755330376043142593e+01
1.722757752645446416e+01
1.739415564837190686e+01
1.681808664698131395e+01
1.670646513913657927e+01
1.724034971244461545e+01
1.758683661427009071e+01
1.744185835563351716e+01
1.752795447518311889e+01
1.713108964396057843e+01
1.689393737572462229e+01
1.662722311697751465e+01
1.776472756241196294e+01
1.731184889520364578e+01
1.717576361489776815e+01
1.682560468820115673e+01
1.683479554987320270e+01
1.710391552012244176e+01
1.649782159458248287e+01
1.635032959956895837e+01
1.668372222696557117e+01
1.662661090352474247e+01
1.701550068782562519e+01
1.748394206935016015e+01
1.687491599618482851e+01
1.631334341898030971e+01
1.679049657433520082e+01
1.687962582286113999e+01
1.753255963210787272e+01
1.787716696887491352e+01
1.815981257369499602e+01
1.722466229513889147e+01
1.752908795438526468e+01
1.760439845340868104e+01
1.732948329506386287e+01
1.821717203017454523e+01
1.812927692721473960e+01
1.759767958565965529e+01
1.755340659713077045e+01
1.742059722107983433e+01
1.714713781032385143e+01
1.673088287128614837e+01
1.740282868383852133e+01
1.693357203743204664e+01
1.779999923689479502e+01
1.733789342931358135e+01
1.692611292774034837e+01
1.699448084922988400e+01
1.655025046739679695e+01
1.678811738689273270e+01
1.644446366192376274e+01
1.747685272763291309e+01
1.765665984834569002e+01
1.782203601972258866e+01
1.791520128360344088e+01
1.793520651387931863e+01
1.773589980283358614e+01
1.775881424621377036e+01
1.731673736202911229e+01
1.705866278808376535e+01
1.722325269355073019e+01
1.713792889173067024e+01
1.754084512351358782e+01
1.799583257501491929e+01
1.748194493033878061e+01
1.701356624298382769e+01
1.700067399063003748e+01
1.739075062711228981e+01
1.760953678224643681e+01
1.703083185440947744e+01
1.725791360231851712e+01
1.693752624761559744e+01
1.675393369852659475e+01
1.661618705966199983e+01
1.654448668193826677e+01
1.660131481451616509e+01
1.617083211076446858e+01
1.633712291009216599e+01
1.645502975143776325e+01
1.676800465717521860e+01
1.617322350300498357e+01
1.646768377425826912e+01
1.649643935184531429e+01
1.652525782807364152e+01
1.614404944532748232e+01
1.634344656329504986e+01
1.674217765193275653e+01
1.681197153531008937e+01
1.751118842209519144e+01
1.647592859804822041e+01
1.670844571511663190e+01
1.663509539523491654e+01
1.711608799946659332e+01
1.685012714930531885e+01
1.682124586026325019e+01
1.734600249826630858e+01
1.719034628247964136e+01
1.722018219384157689e+01
1.745534333759220047e+01
1.677730814973757134e+01
