1.000000000000000000e+00
1.666666666666666785e+01
7.142857142857143238e+00
8.823529411764706509e+00
9.818481848184818617e+00
9.920222634508348847e+00
9.575812274368230348e+00
9.821109123434704102e+00
1.019354838709677402e+01
9.737735849056603499e+00
9.280550774526677316e+00
9.477462437395660189e+00
9.753954305799648949e+00
9.567375886524823514e+00
1.003284671532846772e+01
9.753246753246752832e+00
1.007448789571694547e+01
1.004015296367112775e+01
9.992424242424242209e+00
1.114915966386554658e+01
9.236893203883495218e+00
9.165605095541401681e+00
1.015357766143106488e+01
9.396057347670250692e+00
9.619694397283531373e+00
1.019082568807339406e+01
1.012379110251450598e+01
1.004789272030651404e+01
9.898686679174483416e+00
9.567084078711985740e+00
1.051612903225806406e+01
9.654510556621881179e+00
1.047801147227533392e+01
9.389610389610389518e+00
1.000886524822695023e+01
9.658759124087591630e+00
1.011808118081180830e+01
9.518181818181817633e+00
9.820105820105819561e+00
9.435314685314684979e+00
1.019056261343012793e+01
1.006796116504854410e+01
9.752788104089219701e+00
1.036711281070745727e+01
9.132379248658319071e+00
9.950086058519794108e+00
1.043025540275049146e+01
9.674952198852771801e+00
9.912727272727272165e+00
9.908582089552238514e+00
9.779411764705882248e+00
9.487676056338028019e+00
9.994594594594595094e+00
1.006909788867562305e+01
1.039321357285429137e+01
9.538752362948960339e+00
1.038563327032136030e+01
9.201451905626134575e+00
1.045802919708029144e+01
1.120842572062084308e+01
1.086836027713625796e+01
9.780241935483870108e+00
9.497354497354496772e+00
9.925000000000000711e+00
1.079837067209775903e+01
1.007851239669421517e+01
9.910815939278936781e+00
9.915887850467289155e+00
9.663023679417122480e+00
9.364888123924268726e+00
1.013285457809694812e+01
9.834586466165413654e+00
9.796733212341198538e+00
1.003525046382189245e+01
9.800000000000000711e+00
1.075793650793650791e+01
9.330812854442344317e+00
1.029549549549549603e+01
9.635687732342008260e+00
1.039097744360902276e+01
9.889748549323018167e+00
1.052549019607843128e+01
9.249541284403669295e+00
9.826758147512864028e+00
9.587921847246891005e+00
9.428327645051194139e+00
9.784347826086955635e+00
9.926873857404022061e+00
9.878003696857671656e+00
1.006003752345215752e+01
9.355239786856127893e+00
9.919439579684762975e+00
9.664855072463767627e+00
1.009225092250922451e+01
9.823639774859287854e+00
9.461403508771930149e+00
9.557069846678023950e+00
1.014389799635701195e+01
9.806331471135941058e+00
1.007763401109057355e+01
9.836126629422718537e+00
9.697132616487454726e+00
1.018738404452690105e+01
1.029330708661417404e+01
1.051515151515151558e+01
9.021238938053096845e+00
9.285491419656786150e+00
9.833333333333333925e+00
9.958105646630237118e+00
9.251712328767123239e+00
9.402261712439418773e+00
1.065427509293680330e+01
9.764478764478765171e+00
9.231543624161073325e+00
1.008854166666666607e+01
1.033852140077821069e+01
1.008966861598440623e+01
9.871747211895911533e+00
1.023818525519848777e+01
9.878557874762808666e+00
1.015759849906191370e+01
1.006513409961685745e+01
1.024903474903474887e+01
9.747663551401869242e+00
1.030451127819548951e+01
9.829545454545455030e+00
8.906403940886699289e+00
9.993322203672788007e+00
1.040350877192982537e+01
9.357664233576642232e+00
9.759862778730703070e+00
9.698046181172291114e+00
9.819320214669051694e+00
9.425087108013936898e+00
1.046840148698884754e+01
9.405204460966542612e+00
1.059322033898305015e+01
9.944333996023857480e+00
1.015869980879541146e+01
9.518315018315018250e+00
9.884341637010676251e+00
9.845303867403314868e+00
9.822669104204752699e+00
1.008801498127340857e+01
1.021832358674464025e+01
9.826996197718631976e+00
1.029770992366412230e+01
9.626865671641791522e+00
9.550173010380623495e+00
9.671902268760907972e+00
9.449826989619376505e+00
1.060606060606060552e+01
1.063113006396588567e+01
1.041249999999999964e+01
9.876208897485494020e+00
9.785454545454545183e+00
9.833333333333333925e+00
9.802536231884058537e+00
9.809009009009008295e+00
9.478260869565216851e+00
1.054579439252336392e+01
9.447761194029851595e+00
9.539763113367174086e+00
9.704347826086957340e+00
9.570434782608694846e+00
9.823943661971830110e+00
9.890710382513661969e+00
9.966789667896678750e+00
9.747272727272727977e+00
9.879279279279279180e+00
9.899082568807338944e+00
9.696043165467626679e+00
1.001272727272727359e+01
9.466312056737589131e+00
9.907017543859648612e+00
1.008224299065420482e+01
9.682481751824816740e+00
1.046691871455576539e+01
1.043177189409368566e+01
1.000000000000000000e+01
9.880733944954128489e+00
9.494773519163762998e+00
1.013237924865831907e+01
9.762867647058824261e+00
1.010110294117647101e+01
9.761029411764706509e+00
9.592334494773519182e+00
9.508474576271186862e+00
9.943661971830985991e+00
9.652329749103943257e+00
9.470085470085470192e+00
9.747841105354059010e+00
1.011049723756906005e+01
1.009160305343511510e+01
1.008380952380952422e+01
9.597096188747730849e+00
9.317114093959730781e+00
9.933797909407665827e+00
9.535714285714286476e+00
9.974910394265233293e+00
9.739926739926739074e+00
9.963369963369963500e+00
1.049606299212598337e+01
9.813953488372092693e+00
1.105306122448979522e+01
9.645290581162324628e+00
9.641608391608391671e+00
9.624125874125873281e+00
1.002359346642468196e+01
9.079037800687284943e+00
9.438511326860840711e+00
9.491554054054054390e+00
9.937611408199643392e+00
9.097602739726028176e+00
9.882653061224489832e+00
1.041553398058252355e+01
1.005731225296442766e+01
1.019535783365570580e+01
9.099824868651488430e+00
1.040966010733452585e+01
9.741873804971319828e+00
1.085599999999999987e+01
1.018333333333333357e+01
1.016992187500000000e+01
9.753271028037383772e+00
9.938069216757741131e+00
9.785714285714286476e+00
9.987132352941175739e+00
1.020114942528735646e+01
9.127845884413309463e+00
9.901528013582343135e+00
9.787658802177858774e+00
1.020973782771535632e+01
9.371171171171171821e+00
1.013774597495527807e+01
1.062601626016260248e+01
9.410546139359698969e+00
9.825783972125435639e+00
9.530035335689046150e+00
9.967684021543986361e+00
1.056374501992031867e+01
9.982035928143712766e+00
9.825278810408921260e+00
9.756363636363635905e+00
1.042581888246628097e+01
1.037500000000000000e+01
9.856589147286822339e+00
1.029942418426103679e+01
1.023107569721115517e+01
9.900573613766731285e+00
1.006191369606003683e+01
9.876404494382022392e+00
9.246127366609293574e+00
9.908304498269895788e+00
1.038596491228070207e+01
9.416666666666666075e+00
9.826619964973730248e+00
9.753176043557168384e+00
9.895795246800730638e+00
1.124050632911392356e+01
1.008369098712446288e+01
9.905303030303031164e+00
9.990601503759398483e+00
9.962264150943395791e+00
1.014176245210727956e+01
9.781954887218045513e+00
9.884403669724770580e+00
9.872458410351201863e+00
1.035077519379844979e+01
9.924124513618677312e+00
1.010857142857142854e+01
9.230088495575222041e+00
9.548494983277592496e+00
9.860962566844920119e+00
1.020801526717557195e+01
1.060905349794238717e+01
9.563706563706563912e+00
9.717314487632508602e+00
1.010261194029850706e+01
9.657992565055762313e+00
1.044230769230769162e+01
1.029713114754098413e+01
9.838150289017340455e+00
1.017748091603053417e+01
9.928571428571428825e+00
9.954631379962192383e+00
9.631192660550459195e+00
9.312714776632303071e+00
1.017721518987341689e+01
9.031634446397188043e+00
9.472131147540983065e+00
9.951263537906136492e+00
1.012716763005780329e+01
9.921305182341651374e+00
1.004190476190476211e+01
9.581952117863719920e+00
9.506108202443281030e+00
9.989110707803993350e+00
1.015860735009671245e+01
9.228571428571427759e+00
9.764199655765921193e+00
1.047368421052631504e+01
1.019591836734693935e+01
1.011023622047244075e+01
9.790170132325142660e+00
9.633574007220216728e+00
9.856363636363635550e+00
9.828996282527880268e+00
9.981167608286252602e+00
9.939047619047618909e+00
9.411131059245960273e+00
9.880357142857143060e+00
9.567811934900541715e+00
9.296422487223168218e+00
9.861646234676006983e+00
1.011619047619047684e+01
1.014509803921568576e+01
9.320072332730561016e+00
1.012072072072072082e+01
1.021456692913385744e+01
9.859884836852208068e+00
9.646098003629763440e+00
9.722719141323793224e+00
9.463286713286713336e+00
9.477891156462584732e+00
1.005945945945945930e+01
1.014643545279383474e+01
9.205985915492957972e+00
1.004886561954624824e+01
9.667279411764706509e+00
9.601754385964913041e+00
1.065637065637065639e+01
1.057537154989384298e+01
9.574427480916030575e+00
9.557858376511227050e+00
1.046415094339622698e+01
9.562500000000000000e+00
1.004909090909090885e+01
1.048007968127489953e+01
9.235831809872030007e+00
1.000871080139372893e+01
1.022393822393822482e+01
1.006601941747572759e+01
9.548094373865698259e+00
9.685314685314684979e+00
9.893309222423146920e+00
1.078873239436619791e+01
8.603146853146853346e+00
9.975767366720516449e+00
1.022499999999999964e+01
9.737335834896811093e+00
9.671403197158081610e+00
9.960144927536232373e+00
9.500888099467140080e+00
9.952127659574468765e+00
1.055314960629921295e+01
9.756286266924565354e+00
9.756708407871197863e+00
1.020825515947467110e+01
9.684112149532710490e+00
9.555166374781085992e+00
9.241610738255033652e+00
9.177419354838709964e+00
9.405891980360065574e+00
9.632302405498281317e+00
9.992687385740401496e+00
1.006095238095238109e+01
9.730983302411873481e+00
9.974264705882353255e+00
9.635701275045537528e+00
9.253378378378378954e+00
1.030615942028985543e+01
1.015537848605577764e+01
9.778409090909091717e+00
9.854779411764706509e+00
8.983108108108108780e+00
1.041502683363148485e+01
1.000796812749003983e+01
1.025098039215686363e+01
9.686907020872865814e+00
1.026476190476190453e+01
1.099568034557235485e+01
9.791322314049587305e+00
1.094855967078189352e+01
9.987447698744770008e+00
9.860640301318268186e+00
9.889925373134328623e+00
9.787037037037036313e+00
9.850553505535055265e+00
1.012237093690248635e+01
9.871647509578544089e+00
1.037328094302553971e+01
9.972166998011928740e+00
9.660482374768088576e+00
9.808394160583942423e+00
1.029434697855750436e+01
1.027142857142857224e+01
1.057411273486430048e+01
1.015637860082304478e+01
1.025149700598802482e+01
9.466417910447761486e+00
1.010885608856088602e+01
1.037575757575757507e+01
1.047798742138364858e+01
9.757396449704142327e+00
9.494623655913978055e+00
9.723214285714286476e+00
9.890538033395175788e+00
1.016699029126213638e+01
9.990176817288801914e+00
9.057793345008755992e+00
9.288273615635178615e+00
9.900355871886121761e+00
1.027810650887573907e+01
1.009677419354838790e+01
9.273224043715847742e+00
9.965827338129496837e+00
9.928571428571428825e+00
9.502762430939226235e+00
9.985185185185185830e+00
9.745247148288973094e+00
1.008445297504798432e+01
9.765384615384615330e+00
1.020428015564202262e+01
9.860784313725490691e+00
9.327956989247311981e+00
1.064728682170542662e+01
1.034978540772532263e+01
1.068534482758620641e+01
1.006054279749478120e+01
9.674858223062381413e+00
9.205882352941175739e+00
1.087015503875968925e+01
9.857438016528925928e+00
1.000000000000000000e+01
8.789473684210525661e+00
9.719471947194719519e+00
9.634057971014492239e+00
1.023282442748091547e+01
1.022515212981744348e+01
9.527410207939508879e+00
9.970479704797048370e+00
9.463369963369963500e+00
9.272572402044293227e+00
9.748681898066783091e+00
9.785582255083179248e+00
9.848880597014925797e+00
9.503623188405796895e+00
9.764811490125673288e+00
1.036614173228346480e+01
9.560693641618497551e+00
9.990740740740740478e+00
9.862332695984703079e+00
1.021093750000000000e+01
9.570075757575757791e+00
9.654740608228980392e+00
1.024856596558317356e+01
9.869395711500974500e+00
9.922201138519923802e+00
9.573529411764706509e+00
1.004655493482309048e+01
1.074686192468619161e+01
9.538767395626242873e+00
1.084569138276553169e+01
9.925155925155925374e+00
1.048192771084337416e+01
9.525096525096525824e+00
1.035619047619047706e+01
1.111555555555555586e+01
9.706250000000000711e+00
9.591726618705035179e+00
9.561061946902654540e+00
9.895604395604395975e+00
9.645101663585952778e+00
9.898148148148148806e+00
9.511839708561019791e+00
9.634103019538187596e+00
1.040388349514563160e+01
9.941883767535070859e+00
9.531250000000000000e+00
1.042471042471042431e+01
9.730693069306930454e+00
1.067342799188640967e+01
9.277992277992277437e+00
9.850267379679143787e+00
9.885496183206106124e+00
9.017452006980802182e+00
9.821490467937607605e+00
9.635185185185184409e+00
9.478571428571427759e+00
1.031297709923664208e+01
9.676356589147287579e+00
9.245644599303135536e+00
1.021139705882352899e+01
9.968253968253968367e+00
9.888461538461537970e+00
9.527573529411764497e+00
9.740942028985507761e+00
1.010536398467433017e+01
9.450651769087523135e+00
9.469458987783594850e+00
9.383419689119170570e+00
1.009944751381215511e+01
9.994117647058823550e+00
1.076200417536534459e+01
9.501984126984126533e+00
9.581272084805654288e+00
1.050684931506849296e+01
9.392720306513410833e+00
9.872072072072072046e+00
1.012015503875968925e+01
1.053830227743271308e+01
9.218045112781954487e+00
9.530716723549488734e+00
1.000371057513914685e+01
1.038663967611335970e+01
9.943661971830985991e+00
9.849523809523809348e+00
1.016764132553606181e+01
9.612167300380228596e+00
1.034883720930232620e+01
9.661448140900196435e+00
9.758302583025830756e+00
1.005576923076923102e+01
9.112903225806451957e+00
9.592150170648464425e+00
1.063346613545816766e+01
9.711693548387096087e+00
9.606557377049179891e+00
1.086122448979591759e+01
9.639511201629327175e+00
9.100854700854700496e+00
1.015675675675675649e+01
9.718689788053950451e+00
9.847014925373134275e+00
9.434782608695652328e+00
9.666666666666666075e+00
1.015517241379310320e+01
9.671785028790786498e+00
9.838589981447125155e+00
8.967297762478485978e+00
9.727427597955706773e+00
1.004770992366412230e+01
9.410681399631675603e+00
1.017504655493482346e+01
9.636882129277566378e+00
9.852670349907919345e+00
9.780487804878049474e+00
1.008237547892720265e+01
1.000000000000000000e+01
9.966990291262135315e+00
9.329710144927537030e+00
9.092561983471075138e+00
9.774696707105718474e+00
9.902071563088512107e+00
9.826086956521738358e+00
9.553734061930782673e+00
1.013883677298311525e+01
9.735124760076775630e+00
9.446236559139784106e+00
9.480769230769229949e+00
9.556537102473498635e+00
9.764598540145986050e+00
9.455855855855855197e+00
9.732974910394265322e+00
9.774491682070239662e+00
9.673992673992673375e+00
9.958955223880597174e+00
9.208185053380782747e+00
1.089105058365758794e+01
1.023060344827586121e+01
9.595825426944971426e+00
9.709909909909910652e+00
9.799632352941175739e+00
9.495495495495495319e+00
1.031939163498098821e+01
1.007474747474747545e+01
9.410681399631675603e+00
9.521739130434783149e+00
1.025047438330170735e+01
9.521821631878557568e+00
1.028761904761904766e+01
9.609195402298849942e+00
1.056102362204724443e+01
1.024947589098532497e+01
9.808139534883720145e+00
9.952919020715631504e+00
1.021414538310412645e+01
9.666666666666666075e+00
9.429071803852890454e+00
9.037581699346405983e+00
9.848639455782313590e+00
9.476785714285714590e+00
9.848484848484847731e+00
9.398589065255732677e+00
1.061216730038022860e+01
1.092904656319290524e+01
9.843621399176955222e+00
9.437722419928824991e+00
1.026345083487940713e+01
1.037627811860940774e+01
9.092558983666060968e+00
9.977351916376306917e+00
9.452898550724636806e+00
9.009819967266775365e+00
9.723905723905723164e+00
9.959031657355680522e+00
9.206713780918727608e+00
1.032967032967033028e+01
9.180327868852458550e+00
9.762478485370051473e+00
1.050197628458498045e+01
9.923541247484909178e+00
9.412296564195298032e+00
1.000546448087431628e+01
1.056530612244898037e+01
1.010927835051546353e+01
1.021513944223107551e+01
9.687022900763357924e+00
9.750000000000000000e+00
1.000945179584121014e+01
9.483455882352942012e+00
1.065362035225048842e+01
1.005383022774327095e+01
9.791271347248576618e+00
1.010476190476190439e+01
1.009626719056974409e+01
9.918918918918919303e+00
9.918406072106261462e+00
9.720670391061451809e+00
1.015047619047619065e+01
1.061458333333333393e+01
1.067763157894736814e+01
9.662674650698603429e+00
9.949814126394052494e+00
1.061836734693877560e+01
1.051508620689655160e+01
1.066090712742980529e+01
9.946830265848671360e+00
9.310160427807486982e+00
8.924799999999999400e+00
9.679401993355481792e+00
9.880294659300183469e+00
9.750000000000000000e+00
9.827205882352942012e+00
9.614130434782609314e+00
9.992619926199262537e+00
9.733208955223879855e+00
1.020571428571428640e+01
1.015873015873015817e+01
9.416819012797075672e+00
9.304347826086956985e+00
9.727586206896551957e+00
9.662499999999999645e+00
9.795332136445242810e+00
9.670863309352517589e+00
9.914700544464610132e+00
9.195501730103806892e+00
9.763202725724021036e+00
9.419860627177699897e+00
9.562393162393162171e+00
9.903225806451612101e+00
1.044117647058823550e+01
9.512241054613935987e+00
1.078058252427184449e+01
9.948979591836733860e+00
9.541516245487365211e+00
1.001270417422867531e+01
1.015667311411992202e+01
9.934740882917466820e+00
1.016314779270633473e+01
9.654850746268657247e+00
9.359589041095890849e+00
1.010554561717352406e+01
1.050704225352112609e+01
9.273567467652496177e+00
9.949300699300700046e+00
9.829944547134935817e+00
1.009380863039399578e+01
9.717190388170054760e+00
9.965328467153284464e+00
9.589928057553956720e+00
9.571675302245250094e+00
9.393581081081080697e+00
1.046309963099630913e+01
9.982421875000000000e+00
1.019961977186311763e+01
9.524500907441016295e+00
1.001071428571428612e+01
9.788602941176471006e+00
9.782764811490125112e+00
9.914545454545454106e+00
1.070517928286852616e+01
1.040918580375782909e+01
1.011264822134387309e+01
9.344522968197880530e+00
9.455445544554455850e+00
9.480737018425459794e+00
8.910236220472441460e+00
1.004841402337228651e+01
9.983177570093458186e+00
9.895027624309392422e+00
9.416666666666666075e+00
9.636209813874788921e+00
1.051039697542533169e+01
1.005522682445759308e+01
9.210344827586206762e+00
9.972649572649572747e+00
9.908256880733944172e+00
1.054757281553398052e+01
1.033805668016194268e+01
9.687732342007434383e+00
9.844247787610619582e+00
1.069980506822612121e+01
1.058700209643605916e+01
1.037195121951219434e+01
9.558011049723756258e+00
9.913580246913580751e+00
1.003881700554528678e+01
1.088640973630831610e+01
9.198515769944341613e+00
9.727574750830564554e+00
9.994584837545126277e+00
1.053216374269005762e+01
1.005490196078431353e+01
9.545293072824156511e+00
9.106109324758842050e+00
9.038167938931298551e+00
1.031195840554592635e+01
9.830508474576271638e+00
9.769642857142857295e+00
1.048761904761904695e+01
9.647834274952918676e+00
1.031666666666666643e+01
9.789868667917447809e+00
9.440823327615779803e+00
9.604060913705584568e+00
9.821869488536155046e+00
9.574430823117337397e+00
1.026923076923077005e+01
9.986666666666666359e+00
9.530864197530863891e+00
9.398671096345514897e+00
9.720067453625631515e+00
9.598275862068964770e+00
9.649572649572649041e+00
1.054221388367729872e+01
9.330308529945552820e+00
9.901023890784982129e+00
9.950819672131148153e+00
1.006296296296296333e+01
9.731884057971013746e+00
9.971223021582733992e+00
1.040690978886756213e+01
9.483576642335766138e+00
9.788296041308090167e+00
9.608391608391608329e+00
9.862433862433862330e+00
9.473043478260869676e+00
9.337171052631578760e+00
9.861538461538462030e+00
9.709964412811388002e+00
9.173553719008264551e+00
9.305863708399366274e+00
9.804753820033955236e+00
9.372649572649573102e+00
1.005087719298245652e+01
9.834254143646408153e+00
1.032892249527410122e+01
1.018235294117646994e+01
9.270650263620385800e+00
1.062087912087912045e+01
9.046428571428570820e+00
1.004054054054054035e+01
9.892791127541590512e+00
9.274744027303754024e+00
1.001899827288428391e+01
9.544483985765124245e+00
9.753899480069323502e+00
1.014862385321101002e+01
9.763302752293578024e+00
9.892665474060823527e+00
1.051247600767754342e+01
9.125886524822695023e+00
9.863333333333333286e+00
9.903985507246376940e+00
1.021951219512195053e+01
1.014807692307692299e+01
1.031201550387596910e+01
1.018482490272373475e+01
1.089876033057851323e+01
9.133086876155267930e+00
1.028222996515679455e+01
9.870300751879700130e+00
9.998178506375227315e+00
9.842391304347826164e+00
9.714788732394366022e+00
9.786713286713286664e+00
9.807420494699647051e+00
1.010420475319926936e+01
1.017045454545454497e+01
9.294938917975567705e+00
9.765494137353433857e+00
1.015779816513761524e+01
9.814338235294117752e+00
9.085245901639344979e+00
1.008614864864864913e+01
8.835526315789474339e+00
8.821582733812949328e+00
9.712025316455696000e+00
9.280730897009966895e+00
1.010726643598615837e+01
9.687160940325497904e+00
1.068833652007648105e+01
1.024543610547667427e+01
9.680147058823528994e+00
1.066858237547892685e+01
9.990099009900990978e+00
9.810909090909090580e+00
9.874100719424459882e+00
1.056976744186046524e+01
9.517757009345794827e+00
9.797227036395147692e+00
9.726148409893992763e+00
1.066730769230769305e+01
9.640000000000000568e+00
1.010450450450450433e+01
9.576028622540251334e+00
9.943760984182777207e+00
1.016387337057728146e+01
1.005451127819548951e+01
9.756317689530686010e+00
1.015846994535519165e+01
1.018406072106261817e+01
1.051372549019607838e+01
1.000385356454720664e+01
9.653710247349822637e+00
9.515966386554621792e+00
9.659966499162479181e+00
9.724786324786323988e+00
9.768965517241380070e+00
9.416387959866220569e+00
1.021153846153846168e+01
9.402097902097901638e+00
1.003626943005181360e+01
9.998161764705882248e+00
9.765652951699463458e+00
1.025688073394495348e+01
9.610108303249097261e+00
9.599999999999999645e+00
9.419834710743801409e+00
1.006065857885615245e+01
1.025519848771266496e+01
1.011619047619047684e+01
1.010506566604127521e+01
9.948339483394834204e+00
9.016447368421053099e+00
9.975247524752475670e+00
9.418965517241378649e+00
9.826825127334466004e+00
8.970873786407766559e+00
1.026520270270270352e+01
1.132622601279317642e+01
1.001455301455301417e+01
9.905626134301270369e+00
1.044318181818181834e+01
1.013346228239845281e+01
1.027428571428571402e+01
1.078904665314401612e+01
1.093548387096774199e+01
9.684615384615383959e+00
9.766323024054983648e+00
1.066037735849056567e+01
9.665420560747664425e+00
9.884083044982698851e+00
1.019343065693430717e+01
9.560070671378092300e+00
9.972318339100345597e+00
9.946043165467626679e+00
1.023616236162361659e+01
1.013133208255159445e+01
9.514834205933683009e+00
9.777777777777778567e+00
9.675213675213674591e+00
9.180064308681672003e+00
9.488188976377951889e+00
1.045863309352517945e+01
1.014395393474088358e+01
9.836956521739130821e+00
9.494915254237287883e+00
9.482026143790848849e+00
1.006932409012131657e+01
9.778175313059033869e+00
1.024408014571949010e+01
9.582142857142857295e+00
9.850515463917526304e+00
9.881415929203539505e+00
9.782073813708260346e+00
9.966371681415928663e+00
9.754850088183420809e+00
9.666095890410959512e+00
1.021762589928057530e+01
9.992592592592592027e+00
9.841354723707665286e+00
1.006822262118491906e+01
9.827648114901256449e+00
9.160130718954247797e+00
9.508688783570299563e+00
1.039821428571428541e+01
1.004905660377358423e+01
9.588541666666666075e+00
9.481178396072012404e+00
1.019304347826087032e+01
1.009074074074074012e+01
9.661996497373030124e+00
9.972366148531952135e+00
9.279801324503310411e+00
9.414062500000000000e+00
1.085740402193784249e+01
9.489908256880733362e+00
9.810631229235880824e+00
9.858620689655172242e+00
9.791738382099827831e+00
9.662731871838111886e+00
1.043165467625899367e+01
1.016477272727272663e+01
1.009706959706959672e+01
1.007636363636363619e+01
9.721541155866900041e+00
9.149443561208267184e+00
9.879870129870129247e+00
9.489898989898989612e+00
1.017301038062283780e+01
1.047328244274809173e+01
9.500891265597147139e+00
1.020450606585788478e+01
9.160267111853087840e+00
9.909238249594814363e+00
9.583050847457627697e+00
1.020942408376963328e+01
9.737588652482269680e+00
1.014991181657848252e+01
1.044150943396226339e+01
1.015689981096408268e+01
9.360406091370558457e+00
1.055008787346221411e+01
1.036964980544747128e+01
9.837251356238697397e+00
9.158400000000000318e+00
1.024916387959866171e+01
1.048659003831417635e+01
9.530249110320283989e+00
9.818936877076412273e+00
9.799657534246575707e+00
1.004561403508771988e+01
1.031123388581952049e+01
9.076539101497504092e+00
1.007131280388978922e+01
8.937699680511181910e+00
1.037397034596375534e+01
9.815217391304347672e+00
9.935763888888889284e+00
9.470686767169178566e+00
9.381329113924049778e+00
9.521462639109698145e+00
8.987823439878233955e+00
9.832025117739403797e+00
9.940972222222221433e+00
9.800693240901212633e+00
1.028366247755834806e+01
9.400343642611684203e+00
9.655896607431341039e+00
9.701168614357262854e+00
1.102095238095238017e+01
9.994129158512720323e+00
1.047486033519553139e+01
9.271157167530224896e+00
1.012020033388981588e+01
1.016697247706422047e+01
1.033333333333333393e+01
1.050483558994197253e+01
1.021839080459770166e+01
1.022532588454376246e+01
9.369230769230769695e+00
9.777777777777778567e+00
9.825042881646655957e+00
9.849480968858131291e+00
1.033941605839416056e+01
1.029961832061068705e+01
1.121946169772256674e+01
9.421252371916509105e+00
1.075454545454545396e+01
1.045070422535211208e+01
1.011886792452830264e+01
9.596187175043327855e+00
9.678275290215589521e+00
9.655518394648829883e+00
1.036559139784946204e+01
9.665474060822898394e+00
1.035778175313059002e+01
9.902930402930403275e+00
1.036630036630036678e+01
9.570671378091873294e+00
9.873737373737373701e+00
1.048708487084870811e+01
1.019047619047618980e+01
9.623036649214659732e+00
9.669421487603305110e+00
9.440129449838186915e+00
9.903973509933774011e+00
9.628378378378378954e+00
9.493527508090615186e+00
1.030622837370242273e+01
9.500863557858377106e+00
9.339593114241001359e+00
9.189107413010589198e+00
9.708006279434851393e+00
1.033745583038869320e+01
9.318104906937394460e+00
1.014262023217247055e+01
9.050000000000000711e+00
9.883647798742138946e+00
9.207667731629392449e+00
9.682316118935837324e+00
1.015889464594127745e+01
1.037037037037037024e+01
1.042585551330798488e+01
1.012777777777777821e+01
9.648464163822525919e+00
1.011623931623931583e+01
9.454849498327758894e+00
9.501572327044025101e+00
9.519047619047618980e+00
1.029965753424657571e+01
9.918003565062388560e+00
9.775337837837838606e+00
9.711920529801323809e+00
9.589285714285713524e+00
9.956666666666666998e+00
9.375816993464052729e+00
9.662440570522980110e+00
1.037521815008726023e+01
9.525043177892918322e+00
1.020918367346938815e+01
1.034935304990757921e+01
1.017527675276752852e+01
1.011310592459605040e+01
9.376859504132230683e+00
9.946341463414634987e+00
1.007678883071553244e+01
9.876949740034662639e+00
1.005862068965517153e+01
9.484297520661156611e+00
1.023529411764705799e+01
9.534569983136593763e+00
9.681020733652312416e+00
1.015084745762711904e+01
9.805507745266782038e+00
1.040740740740740655e+01
9.966010733452593584e+00
9.943493150684931337e+00
1.011826086956521742e+01
9.440594059405940541e+00
9.367534456355283368e+00
9.861022364217252090e+00
9.506493506493505663e+00
1.008803986710963407e+01
1.004203152364273244e+01
9.511551155115512302e+00
1.017362270450751183e+01
1.041423357664233507e+01
9.097719869706839546e+00
9.904173106646059210e+00
1.071766848816029061e+01
1.030056710775047257e+01
9.392026578073089382e+00
1.013398692810457469e+01
9.509933774834436804e+00
9.915857605177993861e+00
1.020659722222222143e+01
1.036660617059891187e+01
1.005545617173524064e+01
8.936923076923076081e+00
9.871794871794872250e+00
9.342271293375393526e+00
9.472012102874431960e+00
9.724842767295596602e+00
1.026485568760611145e+01
9.172800000000000509e+00
9.899845916795069201e+00
9.230293663060278320e+00
9.616191904047976635e+00
9.680817610062893763e+00
1.038813559322033875e+01
1.075751879699248192e+01
9.686514886164623306e+00
9.079528718703976153e+00
9.959028831562974915e+00
9.695299837925444919e+00
9.533333333333333215e+00
1.010662358642972514e+01
1.007325383304940303e+01
9.931323283082077680e+00
9.489763779527558896e+00
1.015645161290322562e+01
9.841137123745818727e+00
9.899350649350649789e+00
9.688498402555911326e+00
1.008794788273615595e+01
1.016894197952218448e+01
1.095361781076066876e+01
9.441379310344828468e+00
9.985849056603774088e+00
9.350467289719626152e+00
9.741641337386019117e+00
9.995121951219513079e+00
9.370892018779342081e+00
9.590090090090090058e+00
9.418429003021147494e+00
9.433035714285713524e+00
9.728527607361963092e+00
9.638497652582159958e+00
1.002415458937197990e+01
9.808196721311475130e+00
1.006754530477759424e+01
9.469745222929935480e+00
9.573373676248108310e+00
1.082525951557093435e+01
9.913669064748201976e+00
9.929159802306424254e+00
9.911184210526315042e+00
9.481132075471698784e+00
9.930708661417323668e+00
9.566878980891718953e+00
1.032284768211920500e+01
1.013660245183887909e+01
9.808013355592654747e+00
1.018456375838926142e+01
9.621710526315789380e+00
9.535493827160493652e+00
9.369924812030074435e+00
9.578549848942598643e+00
1.018226600985221708e+01
9.318400000000000460e+00
9.725190839694656475e+00
9.762360446570973238e+00
9.962356792144026585e+00
9.488853503184714100e+00
1.005948553054662398e+01
9.373608903020667071e+00
9.227737226277373139e+00
1.050983606557377037e+01
9.571428571428571175e+00
9.121122599704579059e+00
9.411935953420670131e+00
9.767187500000000355e+00
1.031841652323580050e+01
9.852173913043477782e+00
9.644371941272430249e+00
1.014907872696817392e+01
9.961871750433274997e+00
9.935483870967741993e+00
9.365231259968101796e+00
9.535168195718654260e+00
9.680884676145339540e+00
9.817292006525285331e+00
9.956448911222780751e+00
1.018434782608695599e+01
1.014361702127659548e+01
9.915224913494808945e+00
9.566775244299673631e+00
9.629746835443038222e+00
9.549763033175356242e+00
1.000822368421052566e+01
9.018575851393189069e+00
9.361794500723588541e+00
9.429652042360061159e+00
9.480061349693251316e+00
9.282051282051282826e+00
9.743431221020092181e+00
9.863486842105263719e+00
9.738486842105263719e+00
9.540540540540540349e+00
9.544323483670295261e+00
9.330792682926828618e+00
9.399399399399399613e+00
1.045454545454545503e+01
1.071153846153846168e+01
1.005360443622920563e+01
9.711892797319933379e+00
9.272024729520865094e+00
9.815912636505460753e+00
9.747540983606556964e+00
9.809135399673735378e+00
9.928571428571428825e+00
1.027478260869565219e+01
8.834365325077399689e+00
9.888059701492537101e+00
1.049293286219081267e+01
9.078048780487804947e+00
1.031039999999999957e+01
9.752577319587629745e+00
9.356249999999999289e+00
9.782472613458528699e+00
9.281055900621117516e+00
9.951026856240126506e+00
1.000510204081632715e+01
1.025438596491228083e+01
1.009203539823008811e+01
9.540362438220757468e+00
1.039728353140916894e+01
1.061931818181818166e+01
1.090438247011952200e+01
9.896103896103896957e+00
9.875838926174496990e+00
9.297169811320754818e+00
9.541729893778452265e+00
9.349085365853659013e+00
9.729813664596273171e+00
9.664526484751203128e+00
9.826580226904376048e+00
9.372056514913657210e+00
1.004333868378812156e+01
1.001369863013698591e+01
9.559543230016313231e+00
9.483771251931994328e+00
1.009951060358890729e+01
1.020562390158172228e+01
9.259677419354838790e+00
9.821428571428571175e+00
9.434439178515008351e+00
1.050592216582064253e+01
1.013974591651542667e+01
1.042369838420107797e+01
1.001592920353982308e+01
1.063898916967509045e+01
9.595155709342559902e+00
9.419354838709677935e+00
9.500000000000000000e+00
1.002588996763754103e+01
9.535714285714286476e+00
1.017792421746293208e+01
1.053818181818181898e+01
9.439393939393939448e+00
1.005627009646302206e+01
9.832495812395309898e+00
1.002671118530884797e+01
9.481481481481480955e+00
9.748043818466353372e+00
1.003140495867768678e+01
1.042553191489361630e+01
9.734939759036144835e+00
9.331269349845200622e+00
1.055946398659966512e+01
9.424703891708967163e+00
1.031893687707641227e+01
9.376237623762376572e+00
1.050336700336700346e+01
9.844797178130511028e+00
9.849087893864012955e+00
1.059180035650623886e+01
1.024721189591078030e+01
9.547738693467335835e+00
1.053793103448275836e+01
9.547332185886402200e+00
9.175412293853073109e+00
9.784946236559139976e+00
9.543130990415335191e+00
9.786283891547048697e+00
1.012542372881355845e+01
1.003993055555555536e+01
9.864406779661017310e+00
9.558064516129032739e+00
1.007590759075907627e+01
1.071851851851851833e+01
9.417677642980935460e+00
9.752365930599369293e+00
9.788524590163934391e+00
9.255451713395638436e+00
9.461538461538461675e+00
1.047700170357751226e+01
9.552315608919382584e+00
1.103610108303249149e+01
9.885981308411215807e+00
9.380952380952381375e+00
1.051269035532994955e+01
9.615916955017301149e+00
9.666666666666666075e+00
9.595879556259905740e+00
9.696343402225755526e+00
9.357585139318885581e+00
1.050838926174496635e+01
1.031365313653136617e+01
1.036131386861313786e+01
9.327272727272728048e+00
1.078829604130809017e+01
9.777978339350180903e+00
9.949999999999999289e+00
1.012586206896551744e+01
1.041877256317689593e+01
9.658031088082902116e+00
1.025680272108843560e+01
9.923478260869565304e+00
1.038908450704225395e+01
9.500000000000000000e+00
9.747634069400630707e+00
9.304953560371517440e+00
1.011538461538461497e+01
1.003626943005181360e+01
9.436392914653783492e+00
1.021276595744680904e+01
1.031956912028725348e+01
9.574789915966386289e+00
9.653543307086614789e+00
1.000329489291597973e+01
9.867003367003366776e+00
9.986554621848739544e+00
1.013275862068965516e+01
9.721008403361343753e+00
1.011744966442953064e+01
1.063970588235294201e+01
9.942238267148013620e+00
9.509708737864077222e+00
9.825599999999999667e+00
9.938230383973289506e+00
9.427884615384614975e+00
9.206231454005934012e+00
9.311306901615271414e+00
9.829420970266040669e+00
1.060962566844919763e+01
9.510344827586207472e+00
1.024040066777963354e+01
9.371100164203612692e+00
9.748043818466353372e+00
9.490506329113923556e+00
9.548837209302325491e+00
9.513219284603421144e+00
9.931818181818181657e+00
9.954159592529711276e+00
9.564437194127243913e+00
1.002796052631578938e+01
9.442463533225284422e+00
9.655226209048361596e+00
1.006156405990016722e+01
9.369951534733441889e+00
1.020949263502454940e+01
9.107936507936507553e+00
1.061056105610561140e+01
9.802491103202847000e+00
1.038327526132404266e+01
9.593856655290101898e+00
9.701754385964912686e+00
1.092363636363636381e+01
1.041878669275929603e+01
9.654576856649395467e+00
9.685483870967741993e+00
1.000335570469798618e+01
1.023049645390070950e+01
9.919156414762742457e+00
9.967465753424656683e+00
9.211446740858505677e+00
1.021370309951060307e+01
9.664383561643836273e+00
9.958263772954925486e+00
1.029181494661921725e+01
1.032228360957642721e+01
1.009601449275362306e+01
9.865284974093263770e+00
9.288431061806656786e+00
9.866666666666667140e+00
1.001541095890410915e+01
1.059558823529411775e+01
1.036952380952380892e+01
9.591065292096219608e+00
9.642743221690590616e+00
9.822950819672131573e+00
9.740495867768595772e+00
9.673701298701299578e+00
9.709886547811994006e+00
9.812500000000000000e+00
9.842192691029900686e+00
9.395866454689983271e+00
9.993527508090615186e+00
1.016230366492146509e+01
9.654300168634064150e+00
9.472527472527472625e+00
9.516228748068005672e+00
9.714738510301108576e+00
1.027054794520547887e+01
9.004769475357710107e+00
1.027186009538950628e+01
9.616298811544991665e+00
1.044482758620689644e+01
9.553264604810996374e+00
1.007615894039735061e+01
9.688552188552188582e+00
9.950248756218904589e+00
9.773869346733668806e+00
9.561996779388083567e+00
1.005306799336650059e+01
9.449180327868852203e+00
9.379204892966360063e+00
9.775316455696202667e+00
9.889816360601001222e+00
1.025000000000000000e+01
9.070512820512821150e+00
1.040325203252032438e+01
9.690434782608695841e+00
9.908940397350994189e+00
1.011398963730569989e+01
8.992163009404388063e+00
9.921658986175115658e+00
9.745424292845257241e+00
9.757377049180327333e+00
9.219814241486067985e+00
1.044925124792013271e+01
9.899821109123434937e+00
1.014236111111111072e+01
9.802405498281787644e+00
1.007179487179487154e+01
9.526578073089700283e+00
9.481249999999999289e+00
9.573899371069181541e+00
1.106227106227106205e+01
9.719330855018586846e+00
9.532051282051282826e+00
9.853181076672104410e+00
1.047037701974865342e+01
1.015584415584415545e+01
1.056848030018761797e+01
9.634581105169340631e+00
9.785831960461285561e+00
9.756260434056761355e+00
9.788944723618090649e+00
1.001549053356282215e+01
9.497504159733777485e+00
1.015177065767285036e+01
9.898066783831282578e+00
9.848122866894197358e+00
9.698996655518394405e+00
9.281889763779528124e+00
9.685039370078740717e+00
1.014629948364888179e+01
1.012972972972973018e+01
9.738754325259515454e+00
9.705298013245032607e+00
9.976190476190476275e+00
9.555183946488293500e+00
1.057978723404255383e+01
9.742753623188406209e+00
1.000857632933104568e+01
9.676320272572402459e+00
9.197183098591549921e+00
1.104464285714285765e+01
1.018577075098814255e+01
1.027757352941176450e+01
9.614186851211073304e+00
1.038947368421052708e+01
9.614035087719297934e+00
1.099814471243042746e+01
9.640595903165735336e+00
9.944444444444444642e+00
1.005789473684210478e+01
1.002120141342756199e+01
9.930191972076789497e+00
1.013604240282685431e+01
1.091085271317829530e+01
9.766791044776120145e+00
9.938775510204081343e+00
1.022994652406417160e+01
9.438240270727581205e+00
9.610142630744849868e+00
9.897350993377482808e+00
9.643926788685524443e+00
9.738134206219312361e+00
9.934343434343434254e+00
1.030535714285714199e+01
9.955277280858675581e+00
1.026381461675579310e+01
9.978571428571427759e+00
1.050183150183150182e+01
9.604938271604938294e+00
1.012606473594548540e+01
9.436454849498327135e+00
9.998349834983498496e+00
9.227786752827141115e+00
9.347432024169183507e+00
9.713831478537361619e+00
9.792013311148085819e+00
1.001029159519725553e+01
1.052952029520295163e+01
9.471204188481674890e+00
9.750809061488673990e+00
1.010517241379310427e+01
9.891608391608391671e+00
9.659432387312186563e+00
1.071869328493647977e+01
9.975563909774436411e+00
1.085199240986717228e+01
9.593065693430656182e+00
9.844628099173553082e+00
1.030496453900709142e+01
9.861456483126110228e+00
9.360841423948219386e+00
9.824476650563607194e+00
9.000000000000000000e+00
9.889235569422776706e+00
9.365259740259739729e+00
9.967266775777414267e+00
1.066168224299065415e+01
9.666061705989109853e+00
9.884228187919463338e+00
9.994782608695652826e+00
1.002650176678445249e+01
1.020758122743682250e+01
9.771528998242530406e+00
1.040787119856887344e+01
1.021161048689138617e+01
1.007985480943738743e+01
9.343853820598006621e+00
9.548742138364779919e+00
1.049029982363315661e+01
9.879120879120879550e+00
1.007394366197183011e+01
1.021675774134790515e+01
9.613913043478261145e+00
1.000000000000000000e+01
9.075441412520063977e+00
1.011363636363636331e+01
1.011978221415608026e+01
9.937611408199643392e+00
1.024187725631768942e+01
9.909909909909909942e+00
9.605396290050590480e+00
1.097947761194029859e+01
1.019801980198019820e+01
9.351351351351350871e+00
9.795454545454544970e+00
1.029569892473118209e+01
9.749110320284698261e+00
9.941780821917808098e+00
8.838759689922481400e+00
9.835889570552147632e+00
9.670568561872910252e+00
9.639934533551555162e+00
1.028919860627177663e+01
9.695271453590192934e+00
1.002555366269165305e+01
1.039890710382513639e+01
9.408547008547008872e+00
9.787439613526570881e+00
9.752921535893154470e+00
9.786666666666667069e+00
1.058227848101265778e+01
9.859999999999999432e+00
9.727424749163880335e+00
9.871021775544388532e+00
1.009756097560975618e+01
9.597292724196277547e+00
9.538338658146964022e+00
9.519047619047618980e+00
1.032185886402753816e+01
9.796460176991150348e+00
9.453074433656958320e+00
9.320000000000000284e+00
9.246246246246245803e+00
1.085340314136125706e+01
9.727106227106226299e+00
9.620129870129870753e+00
1.017657045840407548e+01
1.001590106007067149e+01
1.007005253940455347e+01
9.741056218057922322e+00
9.946127946127946373e+00
9.654941373534338567e+00
1.010544217687074742e+01
9.629441624365481900e+00
9.812807881773398577e+00
1.013471502590673623e+01
1.007992895204262851e+01
1.025493716337522443e+01
1.052532833020637959e+01
9.882459312839060317e+00
9.442463533225284422e+00
9.659270998415214748e+00
9.856198347107438806e+00
1.041889483065953570e+01
9.270903010033444858e+00
9.363909774436089961e+00
9.711356466876971183e+00
9.626623376623376416e+00
9.866556836902800498e+00
1.002061855670103085e+01
9.813675213675214337e+00
9.895270270270270174e+00
9.797979797979797567e+00
9.747107438016529457e+00
1.003553299492385875e+01
9.723440134907251675e+00
9.943143812709029916e+00
9.591433278418451280e+00
9.790584415584415723e+00
9.994923857868020178e+00
1.014912280701754455e+01
1.026666666666666750e+01
9.287128712871286496e+00
9.805687203791469742e+00
9.741721854304635997e+00
9.299212598425196319e+00
9.385779122541602959e+00
1.021393034825870672e+01
1.024275362318840621e+01
9.376039933444259233e+00
9.465437788018432386e+00
9.237878787878788245e+00
9.574272588055130484e+00
9.895253682487725300e+00
9.769230769230770051e+00
9.626016260162602478e+00
9.945364238410595803e+00
9.141509433962264453e+00
9.683486238532109880e+00
9.695299837925444919e+00
9.939999999999999503e+00
9.822635135135135087e+00
9.601957585644372628e+00
9.281972265023112456e+00
1.076724137931034520e+01
9.915129151291512954e+00
9.431340872374798678e+00
1.006896551724137900e+01
9.769100169779287413e+00
1.010902896081771729e+01
9.595993322203673515e+00
1.053739130434782645e+01
9.917414721723519122e+00
9.816053511705685963e+00
1.110299625468164741e+01
1.026666666666666750e+01
8.979365079365079438e+00
1.042649434571890232e+01
9.477001703577512259e+00
9.498452012383900467e+00
9.561815336463224568e+00
9.607594936708860445e+00
9.916118421052631859e+00
1.027592267135325166e+01
9.980530973451326560e+00
9.807432432432431568e+00
1.048845470692717541e+01
9.276381909547739113e+00
9.581929555895865036e+00
9.755627009646302028e+00
1.011035653650254673e+01
9.564059900166389738e+00
9.908943089430893636e+00
9.621311475409836333e+00
9.976897689768977173e+00
9.891156462585033893e+00
1.082624768946395477e+01
9.671480144404332790e+00
1.007058823529411740e+01
1.011463844797178169e+01
9.901041666666666075e+00
9.813445378151261167e+00
9.537216828478964459e+00
1.037948717948717992e+01
9.648180242634316173e+00
9.199074074074074403e+00
1.045819397993311028e+01
9.879712746858169581e+00
9.766778523489932695e+00
1.012371134020618513e+01
9.930313588850173900e+00
9.530278232405892780e+00
9.135542168674698260e+00
1.043421052631578938e+01
9.212271973466004127e+00
9.819032761310452884e+00
9.996610169491525255e+00
9.855442176870747417e+00
9.528363047001620956e+00
1.008278145695364181e+01
9.989565217391303875e+00
9.485294117647057988e+00
1.059792027729636033e+01
9.580701754385964719e+00
1.003476821192053059e+01
9.869047619047618625e+00
1.038204225352112609e+01
9.704152249134947894e+00
9.912251655629139790e+00
1.033333333333333393e+01
9.443697478991596839e+00
1.018438538205980137e+01
9.486666666666666359e+00
9.736000000000000654e+00
9.714285714285713524e+00
9.636363636363636687e+00
9.589743589743589425e+00
9.406885758998434710e+00
9.877419354838709253e+00
1.071062271062270987e+01
9.924354243542435228e+00
9.894557823129252583e+00
1.037477797513321498e+01
9.673611111111110716e+00
9.599678456591639986e+00
9.911037891268533073e+00
9.780569514237855699e+00
1.061579892280071746e+01
9.697508896797153000e+00
1.009322033898305015e+01
1.025627240143369256e+01
9.190864600326264622e+00
9.743788819875776497e+00
9.747126436781609726e+00
9.451355661881978065e+00
9.489130434782609314e+00
1.076637168141592937e+01
9.126064735945485396e+00
1.003011093502377094e+01
9.464696223316913404e+00
9.520249221183799904e+00
9.245426829268293289e+00
1.038039867109634606e+01
1.028650646950092451e+01
1.044859813084112155e+01
9.575916230366491533e+00
1.005016722408026730e+01
9.759795570698466705e+00
9.656301145662848029e+00
1.059502664298401342e+01
1.001289134438305695e+01
9.133545310015898977e+00
9.475187969924812492e+00
9.908496732026144116e+00
9.336012861736334045e+00
9.312688821752265866e+00
9.862838915470494072e+00
9.996581196581196593e+00
9.308064516129032739e+00
1.021252059308072546e+01
8.993620414673046071e+00
1.004374999999999929e+01
9.939550949913643407e+00
9.546798029556649468e+00
9.839024390243903184e+00
1.058483754512635322e+01
1.058058252427184520e+01
9.862068965517241992e+00
1.059165154264972841e+01
9.165820642978003363e+00
9.435897435897436125e+00
8.912023460410557263e+00
9.851454823889739032e+00
9.208530805687203724e+00
9.829921259842519632e+00
9.910169491525424590e+00
1.049546279491833012e+01
9.878623188405796895e+00
9.955326460481099815e+00
9.913793103448275801e+00
1.061764705882352899e+01
9.823315118397085044e+00
1.007785467128027612e+01
1.044587155963302827e+01
1.051242829827915948e+01
9.912885662431941469e+00
9.384491114701130954e+00
8.931686046511627453e+00
9.685714285714285054e+00
1.043508771929824519e+01
9.279461279461280299e+00
9.238450074515649035e+00
9.758620689655172598e+00
9.517799352750808239e+00
9.271889400921658364e+00
9.596899224806200834e+00
1.070071684587813543e+01
9.326352530541011987e+00
1.015091210613598705e+01
1.016756756756756808e+01
9.316225165562913801e+00
9.486068111455107754e+00
9.893267651888342229e+00
9.932874354561102237e+00
9.747457627118643941e+00
1.007388316151202723e+01
9.611864406779661252e+00
9.933110367892975745e+00
9.975736568457538311e+00
9.845360824742268591e+00
9.628524046434494110e+00
1.023103448275861993e+01
1.020072992700729841e+01
9.888692579505299562e+00
1.073791821561338367e+01
9.875695732838590146e+00
9.885077186963979301e+00
1.004363001745200634e+01
1.000884955752212413e+01
1.015384615384615330e+01
1.065333333333333421e+01
9.873605947955390150e+00
9.986062717770034070e+00
1.016249999999999964e+01
1.005026929982046724e+01
1.000883392226148416e+01
1.031397459165154196e+01
9.989130434782609314e+00
9.309328968903436419e+00
9.539906103286384109e+00
1.034434782608695613e+01
1.011418047882136229e+01
9.471380471380470567e+00
1.044347826086956488e+01
1.051830443159922979e+01
1.022873345935727762e+01
9.659722222222221433e+00
1.007020547945205458e+01
9.471571906354515846e+00
9.471698113207546399e+00
9.877049180327869493e+00
1.064088397790055218e+01
1.013421550094517976e+01
1.020108695652173836e+01
9.813708260105448389e+00
9.626865671641791522e+00
9.944630872483221751e+00
1.034358047016274895e+01
1.013259668508287348e+01
9.845884413309981653e+00
1.017750439367311088e+01
9.946714031971580994e+00
1.007017543859649145e+01
9.968365553602811957e+00
1.008802816901408406e+01
9.394693200663349231e+00
1.005289256198347125e+01
1.028933092224231416e+01
9.744308231173379298e+00
1.026306620209059162e+01
9.197693574958814011e+00
1.075000000000000000e+01
1.025000000000000000e+01
1.005585585585585662e+01
9.505862646566164642e+00
9.586261980830670382e+00
9.438095238095238315e+00
1.031794871794871860e+01
9.713532513181020178e+00
9.825795644891123004e+00
1.044223826714801362e+01
9.197969543147207716e+00
1.000647249190938481e+01
9.769363166953528577e+00
9.955479452054794010e+00
1.009540636042402895e+01
9.534686971235194264e+00
1.011734693877551017e+01
9.303986710963455309e+00
9.717252396166134787e+00
9.567213114754098413e+00
9.536977491961414088e+00
9.949999999999999289e+00
1.026118067978533155e+01
9.629757785467127462e+00
9.427662957074721461e+00
9.754838709677418507e+00
9.858585858585858119e+00
9.412337662337662891e+00
9.601895734597157173e+00
9.804597701149425859e+00
9.526058631921824116e+00
1.029452054794520599e+01
9.614186851211073304e+00
9.594507269789984250e+00
9.312012480499220146e+00
9.659340659340658775e+00
9.631493506493505663e+00
1.012013536379018674e+01
1.013143872113676736e+01
9.076555023923445376e+00
1.042200328407225030e+01
1.005454545454545467e+01
1.057380073800737996e+01
9.638938053097344749e+00
9.964999999999999858e+00
1.021378091872791494e+01
9.887719298245613686e+00
9.757118927973198907e+00
9.996621621621621046e+00
9.989583333333333925e+00
9.627090301003343953e+00
1.024871355060034261e+01
9.948398576512454738e+00
9.676174496644295075e+00
9.407936507936508264e+00
1.045051194539249195e+01
1.043750000000000000e+01
1.005291970802919721e+01
1.023613595706618895e+01
1.104322200392927300e+01
9.060869565217391397e+00
9.357879234167894467e+00
9.442396313364055160e+00
1.045111492281303534e+01
9.578125000000000000e+00
1.055769230769230838e+01
9.686170212765956578e+00
1.024827586206896513e+01
1.031433823529411775e+01
9.624137931034482563e+00
9.670967741935484696e+00
1.030968858131487842e+01
1.085825242718446582e+01
9.466071428571428470e+00
1.035604770017035747e+01
9.311447811447811418e+00
9.780254777070064520e+00
9.759999999999999787e+00
9.832495812395309898e+00
9.221518987341772444e+00
1.012195121951219434e+01
1.017235188509874355e+01
9.707903780068727784e+00
9.648692810457516700e+00
9.959798994974875086e+00
9.377235772357723320e+00
1.007236842105263186e+01
9.646859083191850814e+00
9.986531986531986149e+00
9.813675213675214337e+00
9.500813008130080561e+00
9.130105900151285425e+00
1.026143790849673287e+01
9.522184300341297813e+00
9.840722495894910438e+00
1.002951388888888928e+01
9.726027397260274654e+00
1.035929203539823007e+01
1.012132352941176450e+01
9.848167539267015158e+00
1.014335664335664333e+01
9.640410958904109151e+00
1.063016157989227928e+01
1.016257088846880841e+01
9.996441281138789492e+00
9.792452830188679513e+00
1.033687943262411402e+01
1.025000000000000000e+01
1.046816479400749067e+01
9.826164874551970740e+00
9.878583473861720421e+00
9.247226624405705309e+00
9.708722741433021497e+00
1.014334470989761172e+01
9.792452830188679513e+00
1.035789473684210549e+01
9.711805555555555358e+00
9.713355048859934726e+00
1.096139705882352899e+01
9.362344582593250308e+00
9.672413793103448398e+00
9.548644338118021935e+00
1.023102866779089304e+01
9.668941979522184482e+00
9.861614497528830015e+00
9.494345718901454845e+00
9.696825396825396126e+00
1.032758620689655160e+01
1.006989247311827995e+01
9.529801324503310411e+00
9.955810147299509083e+00
1.013937282229965220e+01
1.100963391136801484e+01
9.482014388489208301e+00
1.035702199661590583e+01
9.307947019867549798e+00
9.805642633228840666e+00
9.994949494949494806e+00
9.722408026755852362e+00
9.068285280728376918e+00
1.029742765273311811e+01
9.927816901408450079e+00
9.565573770491802463e+00
9.950738916256158362e+00
1.000341880341880341e+01
9.599670510708401494e+00
9.983552631578946901e+00
1.003786574870912141e+01
1.023280423280423257e+01
1.044587155963302827e+01
9.684027777777778567e+00
1.064893617021276562e+01
9.292517006802720303e+00
9.913112164296999040e+00
9.640983606557377072e+00
1.050347222222222143e+01
