1.000000000000000000e+00
7.000000000000000000e+00
5.468750000000000000e+00
5.358851674641148755e+00
5.861378205128205288e+00
5.819371727748690937e+00
5.875874125874125831e+00
5.457821457821458111e+00
5.663772691397000791e+00
5.461115475255302165e+00
5.702296120348377073e+00
5.814129520605550994e+00
5.650542118432026584e+00
5.470125786163522186e+00
5.666666666666666963e+00
5.883248730964466766e+00
5.739690721649484573e+00
5.924675324675324539e+00
5.864481842338352457e+00
5.802951388888889284e+00
5.712711864406779583e+00
5.644975288303130334e+00
6.020887728459530130e+00
6.078578110383536348e+00
5.579358196010407944e+00
5.625501202886928453e+00
5.846476510067113885e+00
5.588628762541805628e+00
5.847698744769874502e+00
5.637055837563451632e+00
5.501592356687898366e+00
5.665060240963855520e+00
5.962641181581234129e+00
5.723776223776224192e+00
5.585585585585585378e+00
5.735245901639344446e+00
5.628215767634855204e+00
5.732452518579686185e+00
5.815542271562766707e+00
5.711734693877550839e+00
5.794392523364486181e+00
5.699745547073791663e+00
5.663907284768211703e+00
5.898972602739726234e+00
5.847845206684256780e+00
5.821490467937608493e+00
5.470349309504467961e+00
5.784155214227970632e+00
5.937664618086039958e+00
5.837312113174181860e+00
5.821645021645021956e+00
6.063791554357591984e+00
5.746017699115044230e+00
5.524576954069298829e+00
5.594827586206896797e+00
5.694601128122481981e+00
5.739850869925435362e+00
5.535800482703137959e+00
5.822857142857142954e+00
5.793515358361775114e+00
5.803754266211604396e+00
5.880622837370242273e+00
5.728205128205128283e+00
5.643678160919540332e+00
5.775847808105872616e+00
5.517437145174371338e+00
5.744336569579288287e+00
5.729933110367892546e+00
6.029903254177660266e+00
5.767524401064774153e+00
5.814212328767123239e+00
5.745531914893616587e+00
6.166365280289331174e+00
5.629531388152077653e+00
5.648058252427184733e+00
5.699346405228758350e+00
5.776480400333610987e+00
5.642148760330578661e+00
5.847117794486215381e+00
5.813953488372092693e+00
5.774468085106382986e+00
5.688225538971807715e+00
5.623176661264181142e+00
5.954159592529711276e+00
5.802101576182136178e+00
5.849397590361445687e+00
5.537448559670782089e+00
5.891178895300907215e+00
5.818496110630942297e+00
5.819112627986347874e+00
5.888027562446167096e+00
5.753191489361702438e+00
5.758706467661691697e+00
5.442352941176470615e+00
5.580350342726580593e+00
5.805668016194331926e+00
5.755425709515860078e+00
5.895004233700253948e+00
6.099730458221023888e+00
5.876010781671158867e+00
5.647254575707155055e+00
5.608108108108107892e+00
5.546801872074882844e+00
5.722709163346613614e+00
5.799498746867167931e+00
6.009640666082384008e+00
5.542188805346699887e+00
5.756605284227381603e+00
5.893707482993197466e+00
5.837349397590361200e+00
5.577705451586655983e+00
5.822240259740259383e+00
5.755256518082422446e+00
5.795150501672241106e+00
5.434096290449881295e+00
5.771473601260835196e+00
5.676543209876543372e+00
5.815986677768526292e+00
5.568052159739201201e+00
5.702076677316293640e+00
6.042497831743278702e+00
5.921960072595281233e+00
5.985611510791366996e+00
5.781195079086115740e+00
5.834760273972602995e+00
5.762393162393162349e+00
5.984196663740123157e+00
5.755711775043936385e+00
5.670274771024146787e+00
5.792294807370184095e+00
5.865334491746307499e+00
5.660136286201022493e+00
5.659836065573770725e+00
5.668863261943986487e+00
5.941840277777777679e+00
5.709424083769633285e+00
5.736930860033726987e+00
5.440418679549114067e+00
5.625196850393701098e+00
5.512738853503185155e+00
5.834021469859620446e+00
5.945584299732382227e+00
6.038709677419355160e+00
5.759821428571428648e+00
5.836646499567847535e+00
5.500000000000000000e+00
5.794285714285714484e+00
5.575331125827814205e+00
5.822351959966638901e+00
5.502885408079142948e+00
5.777596075224856520e+00
5.732142857142856762e+00
5.514193025141929994e+00
5.532396565183450576e+00
5.673076923076923350e+00
5.824369747899159400e+00
5.622389306599832715e+00
5.672091131000813746e+00
5.609756097560975263e+00
5.703431372549019329e+00
5.585842148087876602e+00
5.590909090909090828e+00
5.875630252100840778e+00
5.863074204946996382e+00
5.891651865008880939e+00
5.486688851913477549e+00
5.863523573200992267e+00
5.574290484140234092e+00
5.485179407176286936e+00
5.442161339421613064e+00
5.698738170347002807e+00
5.926369863013698946e+00
5.864555848724713805e+00
5.643755238893545467e+00
5.873215785054576088e+00
5.926056338028169002e+00
5.479934479934479796e+00
5.797113071371291504e+00
6.113799283154121689e+00
5.928505957836846640e+00
5.780086580086580383e+00
5.710241465445462516e+00
5.858347386172006566e+00
5.793133047210300646e+00
5.727120067170445417e+00
5.691164327002477208e+00
5.734051367025683632e+00
5.623673469387755475e+00
5.567010309278350277e+00
5.655227454110135277e+00
5.787128712871287384e+00
5.650990099009900902e+00
5.721951219512194875e+00
5.628640776699029402e+00
5.458750963762528663e+00
5.880321285140562182e+00
5.944006999125109658e+00
5.830729166666666963e+00
5.663358147229114792e+00
5.582608695652173658e+00
5.797089733225545771e+00
5.687756778964667248e+00
5.956192080876158812e+00
5.724429416737109477e+00
5.634692246203037769e+00
5.599060297572435729e+00
5.857610474631750996e+00
5.773457311918850365e+00
5.991386735572781674e+00
5.750000000000000000e+00
5.651050080775444684e+00
5.936613844870725742e+00
5.664995822890559474e+00
5.675459632294164614e+00
5.628184713375795845e+00
5.461361897475133453e+00
5.582259287338892761e+00
6.059764309764309687e+00
5.737662337662337464e+00
5.893097643097642724e+00
5.748523206751054992e+00
5.429906542056074592e+00
5.559487951807229322e+00
5.820533548908650268e+00
5.669686985172981863e+00
5.789819376026272835e+00
6.065789473684210620e+00
6.175865294667914007e+00
5.852888086642598964e+00
5.972052401746724470e+00
5.802426343154245991e+00
5.584615384615384315e+00
5.496159754224270166e+00
5.870370370370370239e+00
5.707011686143572682e+00
5.743673469387754693e+00
5.669910786699108307e+00
5.930369127516778249e+00
5.723116003386960138e+00
5.556259904912836944e+00
5.687155240346729812e+00
5.638399999999999856e+00
5.446153846153846345e+00
5.719750195160031581e+00
5.737315875613748339e+00
5.820149875104079662e+00
5.676276771004942212e+00
5.778688524590164022e+00
5.960515021459227292e+00
5.777397260273972712e+00
5.659090909090909172e+00
5.643879173290938134e+00
5.573113207547169878e+00
5.642014162077104267e+00
5.769983686786297028e+00
5.658775510204081982e+00
5.841584158415841443e+00
5.849701110162254913e+00
5.833333333333333037e+00
5.710944026733500323e+00
5.739094650205760928e+00
5.728323699421965287e+00
6.060209424083769392e+00
5.625106746370623689e+00
5.767668562144597999e+00
5.481072555205047436e+00
5.727699530516431992e+00
5.710204081632652695e+00
5.821815154038301188e+00
5.616776315789473450e+00
5.919166666666666465e+00
5.724342663273961129e+00
5.578525641025641413e+00
5.804878048780487632e+00
5.841121495327103119e+00
5.773920406435224528e+00
5.969696969696969724e+00
5.766435986159169858e+00
5.755629691409508197e+00
5.708264462809917283e+00
5.712765957446808152e+00
5.673718470301057692e+00
5.961702127659574302e+00
5.435102040816326863e+00
5.670031055900620842e+00
5.577352472089314617e+00
5.751818916734033671e+00
5.430479183032207224e+00
5.725352112676056038e+00
5.967213114754098768e+00
5.938172043010752965e+00
5.404549147034931167e+00
5.469662921348314555e+00
5.613354037267081154e+00
5.602848101265823111e+00
5.701612903225806051e+00
5.689967105263157521e+00
5.711348684210526550e+00
5.592562651576394650e+00
5.437837837837838251e+00
6.039933444259567352e+00
5.449372384937238856e+00
5.708300395256917348e+00
5.820794590025359483e+00
5.961165048543689338e+00
5.643344709897610834e+00
5.948040885860306659e+00
5.869565217391304657e+00
5.680779000846739812e+00
5.773789649415692615e+00
5.843508168529664815e+00
5.733843537414966107e+00
5.788720538720538933e+00
5.867012089810017095e+00
5.665818490245970729e+00
5.506369426751592577e+00
5.800163132137030608e+00
5.866724738675958228e+00
5.732528041415013043e+00
5.547755102040816233e+00
5.541501976284584963e+00
5.737315875613748339e+00
5.497156783103168465e+00
5.627795527156549404e+00
5.576891781936534009e+00
5.788767812238055477e+00
5.554166666666666252e+00
5.742148760330578305e+00
5.903625110521661945e+00
5.899909008189262671e+00
5.729203539823008562e+00
5.738382099827883387e+00
5.596801346801346888e+00
5.724137931034483096e+00
5.711835334476844217e+00
5.821989528795811886e+00
6.025758969641214158e+00
5.815837937384898737e+00
5.683753258036490230e+00
5.930973451327433921e+00
6.084360189573459365e+00
5.745638200183655009e+00
5.639999999999999680e+00
5.810717372515125767e+00
5.823529411764705621e+00
5.993583868010999183e+00
5.914656771799628565e+00
5.700794351279788508e+00
5.659340659340659663e+00
5.796216680997420490e+00
5.774561403508771562e+00
5.801056338028169002e+00
5.562818336162988153e+00
5.780322307039864604e+00
5.973540145985401395e+00
5.706678700361011103e+00
5.837004405286343456e+00
5.529863481228669109e+00
6.037985865724381895e+00
5.786111111111111427e+00
5.738095238095238138e+00
5.988106129917658116e+00
5.682683590208521984e+00
5.634271099744245781e+00
5.799304952215464937e+00
5.825696316262353847e+00
5.479626485568760863e+00
5.752301255230125143e+00
5.822064056939502130e+00
5.617187500000000000e+00
5.681663837011884155e+00
5.902938557435440714e+00
5.764014466546112381e+00
5.982632541133455106e+00
5.847222222222222321e+00
5.871026339691189477e+00
6.024321796071094859e+00
5.581105169340463412e+00
5.744047619047618625e+00
5.943942133815551365e+00
5.749772520473157122e+00
5.922101449275362306e+00
5.552447552447552503e+00
5.584019769357495555e+00
5.790557939914163121e+00
5.900090826521344312e+00
5.892592592592592382e+00
5.692927484333035082e+00
5.936880072137060260e+00
5.881529850746268551e+00
5.418011894647408511e+00
5.827993254637436671e+00
5.585069444444444642e+00
5.779690189328743344e+00
5.935041171088746736e+00
5.976303317535545112e+00
5.388458225667528190e+00
5.823677581863980102e+00
5.565595134665508148e+00
5.556658395368073045e+00
5.807592752372735312e+00
5.976851851851852082e+00
5.757326007326007300e+00
6.117150890346766623e+00
5.791509433962263920e+00
5.845807033363390026e+00
5.612565445026177713e+00
5.504942339373970484e+00
5.538021259198691482e+00
5.752991452991452981e+00
5.755102040816326259e+00
5.750221434898139528e+00
5.902815622161670994e+00
5.793229643183897437e+00
6.051594746716697948e+00
5.650137741046831863e+00
5.576142131979695549e+00
5.861159929701230453e+00
5.891162790697674012e+00
5.500435919790758632e+00
6.024042742653606730e+00
5.765581395348837290e+00
5.770258236865538848e+00
5.319341563786008642e+00
5.982066609735269047e+00
5.476651982378854200e+00
5.547385620915032511e+00
5.700170357751277450e+00
5.797682709447415483e+00
5.502586206896551424e+00
5.837954939341421401e+00
5.561896400351185044e+00
5.582914572864321912e+00
5.651656754460493204e+00
5.608547008547008161e+00
5.721934369602763581e+00
5.703964757709250932e+00
5.645525629887054642e+00
6.048802946593001550e+00
5.763380281690141160e+00
5.988837209302325881e+00
5.528049866429207704e+00
5.731457800511509326e+00
5.734098939929328509e+00
6.034514925373134275e+00
6.059230009871668265e+00
5.755890669180018904e+00
5.737499999999999822e+00
5.942645698427382328e+00
5.761374187558031323e+00
5.927777777777778034e+00
5.720695970695970800e+00
5.759111111111111292e+00
5.746869409660106953e+00
5.755813953488371659e+00
5.752920035938903887e+00
5.922222222222222499e+00
5.509316770186335255e+00
5.616806722689075215e+00
5.673010380622837801e+00
5.513213981244671658e+00
5.860300618921308491e+00
5.883852691218129927e+00
5.547000895255147945e+00
5.989945155393052723e+00
5.933528836754643265e+00
5.453736654804270501e+00
5.458708094848732983e+00
5.589075630252100524e+00
5.929680365296803757e+00
5.440888888888888886e+00
5.462356792144026585e+00
5.634517766497461722e+00
5.862194016319129730e+00
5.746753246753247168e+00
5.704238052299368533e+00
5.669937555753791436e+00
5.883593033913840920e+00
5.757263355201499344e+00
5.794470046082949466e+00
5.898305084745762983e+00
5.745318352059925360e+00
5.591836734693877986e+00
5.671340929009640597e+00
5.620811287477954110e+00
5.474576271186440302e+00
5.719827586206896797e+00
5.671122994652406213e+00
5.695035460992907694e+00
5.753141831238779424e+00
5.645648312611012187e+00
5.964088397790055396e+00
5.419240953221535761e+00
5.732824427480916363e+00
5.752484191508581368e+00
5.449612403100775104e+00
5.737339055793991172e+00
5.894346617238183761e+00
6.009727626459143934e+00
5.944062806673208854e+00
5.849092645654249800e+00
5.646098003629764328e+00
5.724290780141844337e+00
5.418999151823578941e+00
5.597337770382695865e+00
5.821746880570409566e+00
5.568888888888888999e+00
5.851785714285714590e+00
5.500883392226148416e+00
5.879539415411868752e+00
5.923518164435946254e+00
6.089020771513353303e+00
5.775096525096524935e+00
5.767612076852699055e+00
5.759781619654231299e+00
5.968838526912181308e+00
5.374336283185840557e+00
5.806896551724137545e+00
5.808155699721964993e+00
5.797409805735430410e+00
5.627133872416891336e+00
5.526992287917737556e+00
5.813994685562444253e+00
5.857410881801126123e+00
5.681943171402383363e+00
5.493138936535163275e+00
5.542642140468227119e+00
5.866548042704626376e+00
5.613861386138613518e+00
5.800711743772241746e+00
5.912921348314606362e+00
6.149105367793240795e+00
5.791626095423564102e+00
5.632471008028545612e+00
5.804659498207885626e+00
5.737226277372262651e+00
5.577192982456140591e+00
5.718885987815491845e+00
5.748207885304659648e+00
5.840182648401826881e+00
5.528483786152498247e+00
5.673208191126279942e+00
5.589301121656600202e+00
5.600511073253833239e+00
5.889883616830796420e+00
5.881086142322097032e+00
5.552120141342756554e+00
5.784722222222222321e+00
5.375210792580101149e+00
5.750418760469012014e+00
5.511130136986301054e+00
5.316164817749603699e+00
5.622672064777328060e+00
5.812720848056536660e+00
5.831192660550458484e+00
5.712612612612612217e+00
5.836036036036036379e+00
5.534782608695651973e+00
5.816840277777777679e+00
5.833789954337899708e+00
5.772438803263826301e+00
5.816621499548328522e+00
5.630185348631950859e+00
5.630136986301369717e+00
5.733449477351916457e+00
5.704063604240282359e+00
5.755319148936170137e+00
5.620087336244541376e+00
5.831858407079645978e+00
5.741379310344827402e+00
5.688277087033747570e+00
5.582179930795847511e+00
5.767543859649122417e+00
5.670818505338078630e+00
5.758682101513802110e+00
5.546724890829694665e+00
5.653846153846154188e+00
5.726232394366197020e+00
5.473594548551958816e+00
5.885288966725044091e+00
5.664551223934723545e+00
5.660558464223385933e+00
5.871841155234656995e+00
5.605924596050269493e+00
5.811002661934338676e+00
5.683783783783783683e+00
5.647368421052631149e+00
5.817117117117117431e+00
5.465741543798785962e+00
5.623115577889446826e+00
5.635263612791702847e+00
5.679475982532751210e+00
6.059869036482694149e+00
5.672574626865671377e+00
5.769094138543517047e+00
5.599122807017543835e+00
5.702515177797050860e+00
5.915750915750916050e+00
5.699358386801099741e+00
5.982407407407407618e+00
5.897803247373447633e+00
5.542477876106194579e+00
5.538269550748752046e+00
5.863037752414398618e+00
5.633601429848078546e+00
5.814159292035398607e+00
6.154738878143133363e+00
5.698202459791863461e+00
5.812834224598930177e+00
5.978544776119402826e+00
5.552678571428571352e+00
5.647009267059814874e+00
5.920863309352517589e+00
5.592888888888889021e+00
5.713304721030042721e+00
5.753982300884955770e+00
5.630244755244754984e+00
5.842526690391458999e+00
5.928037383177570341e+00
5.600179694519317408e+00
5.914798206278026882e+00
6.021256038647343267e+00
5.923523717328170513e+00
5.839285714285714413e+00
5.827331486611265099e+00
5.719457013574660742e+00
5.763864042933810161e+00
5.612676056338028019e+00
5.846153846153845812e+00
5.287866108786611008e+00
5.403238242097147648e+00
5.656198347107437741e+00
5.836607142857142883e+00
5.857802400738688853e+00
5.967863894139886938e+00
5.928160919540229834e+00
5.544078361531611598e+00
5.561976549413735427e+00
5.640102827763496585e+00
5.700787401574802793e+00
5.919043238270469409e+00
5.613079019073569320e+00
5.781415929203539861e+00
5.519163763066202044e+00
5.988288288288288186e+00
5.889529298751201125e+00
5.721100917431193089e+00
5.678729037952338743e+00
5.748444444444444024e+00
6.087786259541984712e+00
5.931952662721893255e+00
5.665141811527904636e+00
6.000000000000000000e+00
5.587055606198723545e+00
5.630453378956373101e+00
5.761694616063548047e+00
5.995305164319248981e+00
5.773708920187793581e+00
6.117929050814956859e+00
5.885294117647059231e+00
5.936372269705603166e+00
5.815023474178404150e+00
5.631016042780748521e+00
6.102420856610800470e+00
6.001980198019801982e+00
5.572719060523938950e+00
5.964093357271095464e+00
5.783658310120705970e+00
5.999065420560747874e+00
5.698252069917203677e+00
5.597424892703863009e+00
5.721837088388214809e+00
5.695229681978798197e+00
5.773416592328278085e+00
5.713903743315507988e+00
5.831683168316831534e+00
5.738461538461538503e+00
5.820882088208820804e+00
5.504325259515570501e+00
5.964539007092198197e+00
5.628726287262872496e+00
5.579036348267117695e+00
5.563333333333333464e+00
5.687606112054329088e+00
5.951086956521739246e+00
5.614003590664272458e+00
5.637755102040816091e+00
5.726480836236933492e+00
5.568475452196382847e+00
5.543405676126877957e+00
5.815652173913043121e+00
5.527826086956522111e+00
5.579734219269102624e+00
5.626373626373626813e+00
5.723718505647263477e+00
5.728241563055061825e+00
5.799283154121863681e+00
5.828337874659400342e+00
5.725067385444743806e+00
5.745567375886524886e+00
5.807726864330637895e+00
5.799273387829246396e+00
5.690666666666666984e+00
5.845878136200717279e+00
5.801276207839562105e+00
5.639401934916446812e+00
5.572151898734177600e+00
5.835222319093286814e+00
5.756537421100090590e+00
5.643044619422572516e+00
5.653482373172828979e+00
5.767400881057268336e+00
5.760752688172043001e+00
5.503842869342442157e+00
5.793133047210300646e+00
5.442650807136788060e+00
5.783645655877342584e+00
5.758093525179855732e+00
5.661389621811785844e+00
5.704090513489990855e+00
5.877256317689530718e+00
5.626226583407671455e+00
5.722703639514731044e+00
5.589301121656600202e+00
5.775563258232235597e+00
5.734929078014184611e+00
5.639585133967156771e+00
5.666952054794520244e+00
5.835992907801418106e+00
5.596506550218340870e+00
5.906360424028268774e+00
5.875695732838590146e+00
5.759963768115942351e+00
5.834837545126354108e+00
5.507308684436801549e+00
5.650542118432026584e+00
5.859555555555555628e+00
5.728093947606142322e+00
5.405652535328345998e+00
5.498402555910542944e+00
5.534257748776508556e+00
5.418138041733547183e+00
5.857142857142856762e+00
5.698838248436103981e+00
5.599657827202737082e+00
5.878653675819308866e+00
5.824448529411764497e+00
5.718498659517425864e+00
5.861635220125785750e+00
5.555555555555555358e+00
5.731394354148845238e+00
5.510602205258694042e+00
5.753180661577608213e+00
5.710272168568920392e+00
5.588888888888888573e+00
5.670638297872340416e+00
5.946412352406903246e+00
5.726770929162833923e+00
5.505541346973571670e+00
5.620805369127516826e+00
5.364975450081833408e+00
5.688687035507844492e+00
5.775310834813499383e+00
5.489726027397260566e+00
5.578034682080924789e+00
5.665254237288135819e+00
5.362601626016259893e+00
5.615819209039548454e+00
6.009082652134423164e+00
6.000000000000000000e+00
5.682320441988950144e+00
5.617241379310344840e+00
5.812555260831122617e+00
5.750000000000000000e+00
5.941666666666666430e+00
5.532560214094558226e+00
5.666950596252129380e+00
5.620988725065047653e+00
5.792369121561668166e+00
5.698469846984698606e+00
5.815551537070524191e+00
5.685868586858686236e+00
5.686015831134564991e+00
5.608166811468288770e+00
5.957077625570776469e+00
5.644954128440367036e+00
5.769094138543517047e+00
5.778785131459655666e+00
5.738738738738738299e+00
5.781081081081080875e+00
5.431623931623931867e+00
5.705733558178752496e+00
5.724598930481283432e+00
5.909926470588235503e+00
5.971098265895953716e+00
5.495971351835272856e+00
5.773356401384083014e+00
5.741410488245930921e+00
5.759675967596759705e+00
5.564798598949211694e+00
5.623188405797101552e+00
5.604631217838765167e+00
5.846428571428571530e+00
6.033557046979865390e+00
5.726078799249530782e+00
5.782569631626235385e+00
6.159112825458052498e+00
5.618556701030927414e+00
5.767810026385224553e+00
5.715817694369973445e+00
5.739555555555555522e+00
5.594969644405897391e+00
5.634042553191489056e+00
5.701388888888889284e+00
5.691498685363716170e+00
5.596732588134135433e+00
5.813380281690140983e+00
5.730630630630630939e+00
5.610966057441252985e+00
5.513422818791946511e+00
5.874230430958663263e+00
5.657323688969258413e+00
5.818425760286225490e+00
5.527607361963189803e+00
5.649616368286444867e+00
6.055917986952469967e+00
5.861702127659574657e+00
5.923295454545454142e+00
5.746296296296296013e+00
5.740574506283662615e+00
5.893186003683241303e+00
5.463628396143733745e+00
5.769561478933791676e+00
5.791590493601462164e+00
5.489565217391304763e+00
5.807155322862128877e+00
5.762122598353156100e+00
5.634341637010676251e+00
5.787634408602150948e+00
5.525528169014084945e+00
5.549831081081080697e+00
5.932126696832579427e+00
6.066205533596837896e+00
5.770192307692307843e+00
5.669064748201439130e+00
5.696269982238010954e+00
5.591388400702987482e+00
5.653007846556233673e+00
5.627947598253275174e+00
6.067478912839737504e+00
5.393369175627239720e+00
5.756159728122344887e+00
5.568161829375549488e+00
5.699215344376634462e+00
5.636123348017621382e+00
5.863387978142076129e+00
5.561545372866127934e+00
5.617368873602751833e+00
5.758651286601597086e+00
5.508268059181896881e+00
5.684436801375752246e+00
5.604895104895105007e+00
5.737027264731750620e+00
5.844811753902662943e+00
5.709854014598540140e+00
5.467576791808873793e+00
5.651143099068585585e+00
5.424369747899159933e+00
5.983156028368794566e+00
5.670074349442379535e+00
5.871350364963503488e+00
5.735970561177553328e+00
5.850869167429094020e+00
5.629364368845120481e+00
5.627787307032590114e+00
5.799118942731277926e+00
5.658730158730159054e+00
5.799999999999999822e+00
5.766397124887690850e+00
5.612847222222222321e+00
5.776327241079199482e+00
5.800900900900900936e+00
5.916283348666053321e+00
5.667866786678668056e+00
5.476627712854758023e+00
5.513403736799349808e+00
5.622073578595317755e+00
5.683304647160069223e+00
5.584470989761092241e+00
5.671755725190839925e+00
5.814651368049426061e+00
5.604184829991281980e+00
5.634064080944351183e+00
5.675491033304867372e+00
5.743231441048035180e+00
5.807174887892376347e+00
5.731597845601436703e+00
5.887773722627737349e+00
5.788073394495413027e+00
5.655809859154929953e+00
5.689387402933563820e+00
5.597281223449448007e+00
5.577629382303840089e+00
5.689039932030586222e+00
5.604452054794520244e+00
5.818499127399650916e+00
5.975858867223769799e+00
5.932765151515151381e+00
5.722574796010879261e+00
5.784832451499117845e+00
5.662303664921465973e+00
5.746747614917606661e+00
5.828724353256021118e+00
5.612510860121633804e+00
5.897887323943661997e+00
5.651018600531443781e+00
5.622259696458685063e+00
6.086599817684594349e+00
5.668207024029574548e+00
6.003642987249544483e+00
5.802973977695167207e+00
5.537275064267352498e+00
5.627597672485452840e+00
5.419853539462978098e+00
5.687960687960687878e+00
5.669230769230769518e+00
6.128558310376492457e+00
5.708603145235892740e+00
5.931250000000000355e+00
6.100856327307326410e+00
5.707875457875458025e+00
5.693162393162393364e+00
5.346368715083799295e+00
5.368144252441773290e+00
5.747368421052631682e+00
5.539232053422370683e+00
6.075904677846425628e+00
6.062741312741312782e+00
5.603386809269162327e+00
5.659733777038269409e+00
5.731914893617021001e+00
5.625316455696202311e+00
6.059821428571428470e+00
5.671454219030520605e+00
5.412991178829190453e+00
5.917224080267558861e+00
5.855978260869565410e+00
5.655142610198789832e+00
5.548440065681445432e+00
5.589660743134087006e+00
5.726588628762542044e+00
5.401778496362166671e+00
5.901502504173622654e+00
5.535683576956148322e+00
5.771043771043770754e+00
6.063594470046083096e+00
5.902071563088512107e+00
5.843012704174229022e+00
5.788958147818343392e+00
5.504610226320201249e+00
5.617073170731707421e+00
5.871972318339100383e+00
5.931381518755718396e+00
5.394449116904961983e+00
5.558011049723757147e+00
5.604440789473684070e+00
5.545977011494253262e+00
5.985964912280701711e+00
5.794495412844036686e+00
5.633851468048359123e+00
5.777969018932874512e+00
5.799822852081487845e+00
5.507588532883642252e+00
5.736227045075125375e+00
5.504594820384293818e+00
5.795780590717299674e+00
5.862377122430741494e+00
5.303352412101389746e+00
5.688394276629570534e+00
5.521523178807947296e+00
5.841702127659574195e+00
5.914389799635701550e+00
5.666371681415928840e+00
5.798785776235906297e+00
5.596746575342465668e+00
6.002657218777679660e+00
5.835807050092764570e+00
5.578448275862069039e+00
5.607615894039734705e+00
5.897727272727272485e+00
5.831521739130434590e+00
5.861510791366906226e+00
5.700000000000000178e+00
5.646362098138747676e+00
5.701353637901861227e+00
6.216216216216215784e+00
5.910939012584704777e+00
5.730116175156389602e+00
5.667523564695801319e+00
5.788744588744588526e+00
6.104089219330854910e+00
5.432077125328659051e+00
5.582999198075381031e+00
5.621375310687655613e+00
5.968141592920353844e+00
5.870490286771508082e+00
5.836347197106690921e+00
6.007386888273314796e+00
5.662186379928315638e+00
5.530528052805280481e+00
5.756281407035175768e+00
5.677280550774526979e+00
5.799134199134199363e+00
5.563404255319149172e+00
5.862039417309340195e+00
5.920692798541476343e+00
5.644620811287477835e+00
5.783132530120481896e+00
5.546768707482993221e+00
5.718855218855218858e+00
5.728384279475982943e+00
5.946265938069216439e+00
5.732304900181488527e+00
5.708188153310104873e+00
5.735191637630662420e+00
5.905405405405405261e+00
5.759459459459459474e+00
5.670700086430423781e+00
5.404048582995951477e+00
5.764754098360655554e+00
5.807929515418502220e+00
5.851254480286738335e+00
5.999074930619796575e+00
5.787878787878788067e+00
5.560851063829787222e+00
5.928321678321678334e+00
6.155555555555555891e+00
5.483035714285714235e+00
5.653530377668309015e+00
5.838596491228070562e+00
5.754700089525514706e+00
5.653078924544666428e+00
5.810026385224274392e+00
5.591659426585577464e+00
5.809067131647776883e+00
5.705412599822537345e+00
5.704446381865736271e+00
5.819073083778966371e+00
5.747747747747747660e+00
5.593750000000000000e+00
5.693367786391042351e+00
5.799643811219946876e+00
5.936861652739089834e+00
6.021256038647343267e+00
5.694161260426320759e+00
5.759751773049645251e+00
5.730769230769230838e+00
5.653204565408253224e+00
6.015625000000000000e+00
5.768796992481203034e+00
5.831511839708561240e+00
5.887546468401486877e+00
5.937794533459000768e+00
5.595152603231597688e+00
5.758260869565217099e+00
5.592367736339983075e+00
5.812773403324584365e+00
5.656637168141593008e+00
5.609589041095890849e+00
5.994545454545454177e+00
5.728624535315985256e+00
5.914757103574702413e+00
5.391379310344827758e+00
5.819491525423728717e+00
5.823421774931381911e+00
5.490940465918895619e+00
5.599999999999999645e+00
5.517558528428093467e+00
5.697952218430033966e+00
5.871701546860782273e+00
5.880526810912511948e+00
5.607913669064748419e+00
5.717791411042944638e+00
5.744165170556552624e+00
5.761384335154827063e+00
5.842592592592592560e+00
6.053606237816763880e+00
5.686907020872864926e+00
5.700357781753131015e+00
5.797814207650273666e+00
5.779425393883225404e+00
5.712979890310785791e+00
5.678635547576301512e+00
5.653606411398040876e+00
5.579824561403508909e+00
5.837398373983739397e+00
5.576714801444043523e+00
6.002793296089385500e+00
5.779283639883833423e+00
5.641492265696087749e+00
5.921495327102803685e+00
5.776076555023923476e+00
5.938638542665388265e+00
5.911504424778761368e+00
5.605947955390334414e+00
5.856485740570376741e+00
5.739906103286385175e+00
5.611562782294489793e+00
5.727436823104692820e+00
5.566577301161751201e+00
5.700444444444444869e+00
5.534100974313552079e+00
5.649168853893263176e+00
5.816589861751151780e+00
5.871892925430210575e+00
5.962708537782138940e+00
5.596441947565542918e+00
5.920074349442379535e+00
5.724596391263057527e+00
5.705291970802919721e+00
5.705454545454545112e+00
5.561450044208664956e+00
5.574394463667820432e+00
5.772890484739677142e+00
5.791239515377446523e+00
5.546678635547576341e+00
5.537735849056604209e+00
5.787310098302055117e+00
5.980732177263969440e+00
5.910433070866141669e+00
5.441860465116278966e+00
5.702329594477998143e+00
5.538057742782152459e+00
5.955922865013774548e+00
5.594995366079703381e+00
5.790090090090090236e+00
5.881291547958214849e+00
5.611059907834101246e+00
5.945845004668534273e+00
5.827519379844961378e+00
5.875478927203064750e+00
5.943248532289628017e+00
5.515596330275229775e+00
5.918647166361973966e+00
5.511861313868613443e+00
5.753327417923690845e+00
5.774674115456238432e+00
5.766573295985060632e+00
5.426690079016680990e+00
5.428571428571428825e+00
5.908190819081908352e+00
5.928431372549019862e+00
5.652255639097744755e+00
5.598047914818101489e+00
6.026565464895635493e+00
5.679807692307692335e+00
5.663053297199638791e+00
5.447709593777009474e+00
5.802829354553492358e+00
5.903256704980843317e+00
5.528284671532846417e+00
5.598962834917891485e+00
5.834097158570119568e+00
5.589954337899543546e+00
5.868010999083409729e+00
5.768867924528302105e+00
5.848684210526315930e+00
5.799999999999999822e+00
5.772811918063315062e+00
5.628158844765343005e+00
5.885215794306703607e+00
5.776944704779756634e+00
5.827618164967562464e+00
5.566222222222222626e+00
5.846291331546023429e+00
5.500442869796279943e+00
5.860692102928127589e+00
5.794227188081936930e+00
5.820370370370370416e+00
5.645683453237410276e+00
5.526900085397096873e+00
5.798598949211909215e+00
6.028544243577544925e+00
5.712149532710280475e+00
5.769436997319035143e+00
5.605263157894737169e+00
5.685121107266436269e+00
5.966820276497696085e+00
5.719591457753018027e+00
5.803071364046973990e+00
5.486556808326105816e+00
5.898139946855624594e+00
5.816556914393226307e+00
5.755494505494505475e+00
5.740271493212669718e+00
5.759493670886075556e+00
5.686433063791554332e+00
5.687666370896184986e+00
5.966511627906976756e+00
5.728209934395501080e+00
5.877192982456140413e+00
6.091535433070865757e+00
5.830078125000000000e+00
5.558222222222222619e+00
5.934664246823956546e+00
5.645338208409506287e+00
5.986162361623616590e+00
5.583409298085688199e+00
5.889686098654708601e+00
5.772140221402214166e+00
5.924860853432281971e+00
5.719152854511970752e+00
5.725734639358860179e+00
5.815217391304347672e+00
5.668458781362007315e+00
5.800356506238859566e+00
5.717371737173717605e+00
5.889295516925892038e+00
5.851024208566108165e+00
5.813590449954086026e+00
5.626878868258178734e+00
5.630323679727427866e+00
5.958483754512635677e+00
5.833020637898687077e+00
5.830119375573921126e+00
5.907992565055762313e+00
5.868224299065420979e+00
5.789908256880734072e+00
6.248538011695906391e+00
5.744660194174757706e+00
5.523605150214592641e+00
5.738869863013698946e+00
5.764968722073279928e+00
5.969387755102040671e+00
5.914204003813155808e+00
5.746104491292392424e+00
5.675461741424801865e+00
5.695727986050566294e+00
5.752650176678445249e+00
5.683700440528633990e+00
5.811555555555555586e+00
6.130518234165067248e+00
5.824038461538461497e+00
5.656610470275066582e+00
5.613344739093242275e+00
5.669237360754070032e+00
5.862903225806451957e+00
5.470639032815198810e+00
5.941279579316389281e+00
5.661510464058234327e+00
5.762577228596645895e+00
6.186473429951690584e+00
5.821637426900585055e+00
5.975402081362346074e+00
5.824810606060606410e+00
5.516608391608391671e+00
5.716609589041095951e+00
5.675461741424801865e+00
5.654482158398607794e+00
6.005524861878453358e+00
5.521038495971351878e+00
5.849171752397558599e+00
5.856614246068454932e+00
5.804967801287948426e+00
5.732495511669658761e+00
5.703345070422535024e+00
5.562231759656651953e+00
5.886042402826855202e+00
5.988549618320610612e+00
5.714417744916820752e+00
6.012999071494893322e+00
6.098116947472745686e+00
5.850386100386100630e+00
5.996197718631179008e+00
5.473262032085561835e+00
5.701694915254237550e+00
5.792825112107623298e+00
5.690241718889883948e+00
5.688323090430201567e+00
5.765070921985815389e+00
5.911111111111111427e+00
5.789962825278810676e+00
5.622458001768346314e+00
5.909172661870503163e+00
5.709206927985414737e+00
5.837376460017969393e+00
5.452830188679245182e+00
5.778154106689246561e+00
5.830308529945553708e+00
5.602811950790861140e+00
5.525790349417637692e+00
5.782347900599829060e+00
5.676625659050966277e+00
5.859555555555555628e+00
5.599300087489063493e+00
5.771354616048317787e+00
5.837668161434977243e+00
5.903669724770642446e+00
5.805100182149362631e+00
5.837983798379838163e+00
5.803057553956834091e+00
5.638575152041703120e+00
5.948398576512455627e+00
5.717509025270758549e+00
5.384930384930385117e+00
5.933786078098472139e+00
5.797445255474452885e+00
5.799821268990169365e+00
5.940421631530705682e+00
5.919475655430711747e+00
5.797433547204399851e+00
5.675153643546971161e+00
5.447000821692687289e+00
5.972389991371872320e+00
5.850649350649350211e+00
5.812104787714543974e+00
6.061032863849765029e+00
5.872744539411206333e+00
5.553524804177545349e+00
5.869982547993019217e+00
5.662499999999999645e+00
5.638936535162950570e+00
5.744125326370757456e+00
5.775200713648527717e+00
5.651675485008818001e+00
5.846702317290552564e+00
5.714028776978417490e+00
5.673362445414847244e+00
5.625322997416020598e+00
5.612820512820512420e+00
5.872321428571428470e+00
5.663063063063063396e+00
5.942622950819671956e+00
5.984630163304514916e+00
5.784442361761949591e+00
5.487532244196044573e+00
5.537953795379538136e+00
5.903999999999999915e+00
5.789229340761374409e+00
5.787079162875341076e+00
5.692307692307692513e+00
5.895738893925657642e+00
5.877589453860640134e+00
5.744250229990800705e+00
5.766937669376694053e+00
5.732432432432432279e+00
5.712500000000000355e+00
5.555844155844155807e+00
5.767685589519651046e+00
5.726780883678990186e+00
5.810172570390554014e+00
5.815157116451016961e+00
5.802218114602587740e+00
5.933899905571293765e+00
5.662983425414364724e+00
5.777777777777777679e+00
5.632471008028545612e+00
5.575000000000000178e+00
5.660869565217391042e+00
5.405405405405405261e+00
5.758798283261802986e+00
5.750684931506849118e+00
5.567781690140845008e+00
5.481917577796467711e+00
5.609322033898305193e+00
5.826282628262826613e+00
5.846948356807511793e+00
5.481481481481481843e+00
6.002717391304347672e+00
5.783063748810656435e+00
5.793388429752066138e+00
5.685585585585585910e+00
5.520137103684661817e+00
5.711951848667239595e+00
5.667253521126760951e+00
5.662020905923345282e+00
5.662303664921465973e+00
5.599654874892148193e+00
5.618884120171673935e+00
5.887387387387387427e+00
5.815298507462686395e+00
5.662780269058296234e+00
5.470092670598146967e+00
5.910604732690622143e+00
5.943809523809523654e+00
5.844339622641509635e+00
5.607111111111111157e+00
5.921692169216921542e+00
5.519893899204244114e+00
5.912544169611307687e+00
5.728191000918273268e+00
5.730666666666667020e+00
5.825181159420290022e+00
5.690026954177897167e+00
5.729276895943562486e+00
5.599134199134199186e+00
5.636054421768707634e+00
5.946798917944093432e+00
5.310902896081771907e+00
5.721903199343723934e+00
5.592560553633218134e+00
5.797190517998243919e+00
5.904275092936803304e+00
5.775510204081633070e+00
5.906220984215413417e+00
5.681901279707495256e+00
5.859346642468239885e+00
5.756209751609935310e+00
5.686832740213523252e+00
5.404166666666666785e+00
5.480321285140561827e+00
5.597164303586321665e+00
5.714161598609904580e+00
5.650485436893204039e+00
5.674846625766870822e+00
5.858052775250227384e+00
5.725598526703499225e+00
5.684539767649686937e+00
5.625438596491227905e+00
6.052190121155638813e+00
5.654750705550329215e+00
5.900183150183150538e+00
5.678932842686292837e+00
5.792760180995474961e+00
5.353793691389599374e+00
5.709595959595959336e+00
5.814781021897810653e+00
5.582663092046470155e+00
5.613459879206212477e+00
5.882620564149226183e+00
5.884652049571020171e+00
5.654761904761905100e+00
5.684024713150926722e+00
5.940685820203892575e+00
5.666666666666666963e+00
5.876937101185050416e+00
5.522546419098143033e+00
5.688946015424164671e+00
5.983224603914258921e+00
5.588127853881278639e+00
5.850892857142857117e+00
5.832866479925303160e+00
5.634234234234233973e+00
5.958563535911602038e+00
5.871401151631477688e+00
5.717311233885819632e+00
5.725806451612903025e+00
5.939309056956115995e+00
5.675925925925925597e+00
5.636203866432337506e+00
5.564878892733563731e+00
5.586919104991394214e+00
5.815647482014388636e+00
5.742619926199261648e+00
5.921919096895578605e+00
5.596507352941176627e+00
5.438818565400843852e+00
5.723275862068965658e+00
5.260434056761268629e+00
5.630238290879210794e+00
5.781081081081080875e+00
5.729185727355901037e+00
5.748862602365787389e+00
5.851817334575954987e+00
5.738646895273401327e+00
5.887850467289720058e+00
5.820075757575757791e+00
5.761374187558031323e+00
5.621184919210054254e+00
5.550347222222222321e+00
5.767730496453900457e+00
5.955280685061845602e+00
6.215967246673490543e+00
5.607521697203471156e+00
5.655263157894736992e+00
5.591783216783216659e+00
5.890710382513661081e+00
5.656221198156681673e+00
5.721824686940966131e+00
5.675044883303411503e+00
5.976503759398496207e+00
5.561694290976058497e+00
5.775800711743772631e+00
5.554666666666666863e+00
5.700877192982455988e+00
5.863216266173751912e+00
5.975728155339806058e+00
5.630597014925372790e+00
5.538461538461538325e+00
5.859459459459459119e+00
5.784702549575071018e+00
6.008712487899322774e+00
5.766409266409266543e+00
5.714416896235078092e+00
5.638814016172506882e+00
5.728494623655913998e+00
5.425734024179620363e+00
5.785340314136125706e+00
5.598915989159891637e+00
5.725402504472271836e+00
6.054158607350096588e+00
5.712909441233140484e+00
5.571681415929203851e+00
5.839350180505415544e+00
5.966183574879226903e+00
5.623134328358209366e+00
5.969158878504672749e+00
5.656927426955702387e+00
5.629333333333333300e+00
5.725560538116591935e+00
5.579928952042628509e+00
5.910338517840805217e+00
5.951028403525954857e+00
5.564695009242144330e+00
5.646801051709027242e+00
5.858986175115207473e+00
5.777568331762488185e+00
5.653600729261622604e+00
5.858195211786371814e+00
5.779245283018868307e+00
5.997101449275362484e+00
5.553803339517624948e+00
5.789615040286481218e+00
5.909609895337773366e+00
5.997055937193326969e+00
5.843232716650438086e+00
5.752567693744164323e+00
5.635707844905319952e+00
5.353484466834593114e+00
5.746358183376178097e+00
5.926666666666666750e+00
5.650793650793651146e+00
6.087332053742802174e+00
5.790971540726202349e+00
5.696969696969697239e+00
6.082771896053897898e+00
5.795520934761441367e+00
5.874882408278456758e+00
5.705936920222634434e+00
5.768670309653916028e+00
5.831471135940409667e+00
5.429447852760736382e+00
5.690333618477331434e+00
5.538327526132404088e+00
5.873987398739873633e+00
5.945945945945945610e+00
5.601102941176471006e+00
5.651223776223775808e+00
5.933456561922366035e+00
5.576675849403121887e+00
5.740674955595026496e+00
5.428571428571428825e+00
5.891964285714285765e+00
5.923902439024390176e+00
5.786806883365200882e+00
5.611413043478260754e+00
5.898242368177613493e+00
5.769083969465649275e+00
5.801125703564728120e+00
5.786252354048964541e+00
5.700554528650647157e+00
5.759191176470587870e+00
5.799999999999999822e+00
5.782159624413145238e+00
5.763772175536881370e+00
5.991279069767442067e+00
5.770873786407767270e+00
5.901529636711281057e+00
5.395182872435325905e+00
5.873001776198933932e+00
5.412499999999999645e+00
6.137802607076349837e+00
5.478342749529190314e+00
5.927206551410373336e+00
5.702549575070821497e+00
5.970504281636536348e+00
5.844878048780487667e+00
5.604032997250229187e+00
5.637488947833775299e+00
5.707470747074707695e+00
5.520741394527802548e+00
5.800896860986546777e+00
5.627970749542961393e+00
5.711971197119711796e+00
5.814711359404096669e+00
5.583636363636363953e+00
5.739910313901344985e+00
5.649042844120327977e+00
5.693490054249547683e+00
5.729779411764705621e+00
5.785512699905926759e+00
5.744821092278719732e+00
5.534715960324616546e+00
5.795806745670009086e+00
5.728733459357277624e+00
5.798866855524079433e+00
5.880582524271845024e+00
5.616981132075471450e+00
5.815126050420167836e+00
5.624186046511628234e+00
5.724358974358974450e+00
5.826086956521739246e+00
5.932352941176470829e+00
5.506024096385542244e+00
5.677018633540372505e+00
5.819379115710254347e+00
5.822115384615385025e+00
5.680074836295603724e+00
5.815298507462686395e+00
5.801141769743101584e+00
6.126252505010019611e+00
5.723488602576808582e+00
5.578139114724480763e+00
5.502608695652173587e+00
5.812669683257918329e+00
5.848601735776277621e+00
5.743785850860420261e+00
5.768649669499527732e+00
5.525362318840580045e+00
5.642793987621574026e+00
5.775830258302582898e+00
5.963867187500000000e+00
6.000000000000000000e+00
5.708333333333333037e+00
5.874762808349146326e+00
5.673258003766478375e+00
5.739410681399631287e+00
5.990291262135921890e+00
5.699711260827719173e+00
5.942693409742120458e+00
5.811284046692606786e+00
5.851247600767754520e+00
5.878640776699029402e+00
5.939960629921260171e+00
5.743515850144092383e+00
5.567956795679568138e+00
5.795825771324864206e+00
5.475978647686832623e+00
5.869486948694869533e+00
5.780743565300285880e+00
5.589836660617059749e+00
5.635961027457927486e+00
5.845227062094531689e+00
5.760189573459715717e+00
5.882633587786259888e+00
5.563133640552995196e+00
5.534258456201214038e+00
5.535004321521175719e+00
5.866727941176471006e+00
5.947576656775470205e+00
5.926926926926927131e+00
5.476937269372693429e+00
5.633420822397200212e+00
5.841565703634668871e+00
5.967294350842418105e+00
5.538461538461538325e+00
5.672905525846702268e+00
5.952975047984645052e+00
5.762414800389484171e+00
5.354330708661417582e+00
5.874219446922390730e+00
5.844878048780487667e+00
5.949604743083003910e+00
5.783625730994152114e+00
5.818095238095238209e+00
5.780834914611006070e+00
5.615808823529412130e+00
5.818181818181818343e+00
5.844230769230769340e+00
5.699340245051837783e+00
5.741905642923219588e+00
5.935265700483092211e+00
5.729287090558766948e+00
5.497326203208555917e+00
6.078598484848484418e+00
5.502365184484389715e+00
5.796564195298372191e+00
5.659238625812442081e+00
5.762696214219760193e+00
5.791115311909262431e+00
5.717636022514071215e+00
5.932756964457252202e+00
6.033333333333333215e+00
5.731707317073170493e+00
5.879392212725545797e+00
5.782442748091603413e+00
5.833808167141500078e+00
5.472172351885098429e+00
5.619499568593615102e+00
5.787602552415679114e+00
6.010742187500000000e+00
5.978809283551967724e+00
5.760890609874152801e+00
5.724489795918366930e+00
5.855263157894737169e+00
5.925781250000000000e+00
6.026104417670683056e+00
5.837278106508875908e+00
5.672237697307335402e+00
5.449350649350649611e+00
5.711169284467714213e+00
5.996157540826128951e+00
5.691275167785234679e+00
6.060077519379844624e+00
5.679883945841393000e+00
5.661857529305680536e+00
5.867537313432835688e+00
5.776930409914204034e+00
5.781749764816557224e+00
5.577757685352621841e+00
5.635004397537379361e+00
5.778793418647166114e+00
5.865900383141762653e+00
5.839303000968054214e+00
5.667913938260055851e+00
5.728689275893675159e+00
5.676416819012796822e+00
5.575999999999999623e+00
5.720391807658058880e+00
5.887005649717513833e+00
5.988188976377952777e+00
5.809893307468477097e+00
6.081773399014778647e+00
5.496275605214152371e+00
5.873987398739873633e+00
6.011787819253438414e+00
5.763741562198649859e+00
5.481546572934973938e+00
5.810786914235190004e+00
5.352536543422184323e+00
5.607794361525704652e+00
5.694346289752649781e+00
5.776255707762556924e+00
5.819029850746268551e+00
5.513802315227070316e+00
5.618680377035133233e+00
5.690053285968028618e+00
5.699369936993699426e+00
5.548245614035087314e+00
5.593103448275861922e+00
5.554883318928262703e+00
5.830477908025248013e+00
5.887404580152671763e+00
6.134538152610441664e+00
5.800395256916996090e+00
5.639090909090908710e+00
5.767567567567567721e+00
5.827906976744186451e+00
5.638838475499092340e+00
5.897884084636614510e+00
5.745079662605435900e+00
5.626452189454870023e+00
5.958371877890841439e+00
5.618651892890119903e+00
5.879781420765027633e+00
5.839353612167299978e+00
5.778819119025304651e+00
5.654923215898826072e+00
5.816196542311192097e+00
5.652411282984531660e+00
5.529513888888889284e+00
5.939835916134913241e+00
5.600550964187327452e+00
5.786738351254480328e+00
5.767097966728281122e+00
5.774283071230342124e+00
5.626126126126125726e+00
5.853102189781021814e+00
5.699082568807339655e+00
5.763963963963964154e+00
5.527972027972028357e+00
5.809734513274336543e+00
5.648916967509025611e+00
5.805956678700360918e+00
5.853133769878390957e+00
5.449912126537785895e+00
5.674893617021276704e+00
5.783078307830782805e+00
5.671762589928057707e+00
5.742857142857142883e+00
5.785388127853881457e+00
5.640681003584229636e+00
5.872842870118074821e+00
5.721915285451196986e+00
5.886426592797784352e+00
5.844778927563499593e+00
5.666969147005445073e+00
5.634615384615385025e+00
6.102539981185324258e+00
5.834630350194552229e+00
5.793357933579335928e+00
5.685585585585585910e+00
5.603478260869565020e+00
5.579351535836177156e+00
6.228003784295174761e+00
5.732229795520934701e+00
5.503004291845493334e+00
5.860526315789473806e+00
5.617857142857142883e+00
5.713664055700609090e+00
5.799283154121863681e+00
5.649777777777777565e+00
5.614987080103358785e+00
5.797703180212014473e+00
5.925373134328357771e+00
5.822761194029850706e+00
5.459157351676697800e+00
5.459307010475423105e+00
5.853068280034571913e+00
5.864312267657992628e+00
5.555555555555555358e+00
5.817626527050610896e+00
5.809349220898258892e+00
5.753164556962024889e+00
5.580086580086580206e+00
5.869373345101500661e+00
5.685251798561151482e+00
5.945404913557779558e+00
5.775718257645968912e+00
6.064211520302172254e+00
5.554950045413260540e+00
5.738607050730868409e+00
5.609565217391303982e+00
5.717259323503903090e+00
5.851583710407239458e+00
5.631249999999999645e+00
5.582978723404255383e+00
5.835689045936395480e+00
5.489120974760661298e+00
5.486111111111110716e+00
6.071493212669683004e+00
5.566298342541436739e+00
5.639624252775405466e+00
5.573264781491002573e+00
5.643410852713178549e+00
5.892335766423357768e+00
6.007744433688286811e+00
5.694470477975632328e+00
5.500429184549355810e+00
5.925826630920465021e+00
5.766355140186916195e+00
5.513043478260869712e+00
5.928122192273135305e+00
5.703429101019462877e+00
6.125478927203064750e+00
5.726224783861671774e+00
5.708296164139161633e+00
5.543327556325823302e+00
5.801231310466138602e+00
5.713122171945701488e+00
5.821557971014493127e+00
5.793767186067827701e+00
5.939252336448598513e+00
5.623869801084991238e+00
5.803003533568904970e+00
5.839743589743589425e+00
6.120656370656370804e+00
5.628491620111732097e+00
5.806194690265487068e+00
5.799999999999999822e+00
5.494827586206896264e+00
6.045658012533571934e+00
5.810246679316888319e+00
5.807657247037374404e+00
5.928571428571428825e+00
5.506619593998235196e+00
5.786206896551724377e+00
5.661361626878868236e+00
5.861359570661896612e+00
6.003780718336483524e+00
5.715867158671586346e+00
5.703152364273204711e+00
5.896832579185520729e+00
5.894491129785247807e+00
5.495213228894691326e+00
5.966460723742277317e+00
5.609558160504959368e+00
5.545226130653266416e+00
5.630912162162162282e+00
5.827402135231317004e+00
5.769509981851179248e+00
5.858447488584475060e+00
5.649955237242614281e+00
5.748017621145374179e+00
5.941449814126394280e+00
5.537701974865350429e+00
5.775065387968613351e+00
5.646384479717813321e+00
5.445462114904246143e+00
5.596854304635761501e+00
5.776315789473684070e+00
6.068376068376068133e+00
5.702247191011236005e+00
5.690079016681299784e+00
5.799820466786355766e+00
5.469018932874354810e+00
5.513888888888889284e+00
5.670638297872340416e+00
5.525063721325403243e+00
5.670068027210884765e+00
5.955087076076993391e+00
5.759813084112149539e+00
5.531766753698868833e+00
5.691049913941480298e+00
5.846363636363636651e+00
5.737569060773481056e+00
5.819762122598353571e+00
5.495171202809482125e+00
5.835532102022867207e+00
5.462074978204010556e+00
5.833478639930253173e+00
6.218037661050544784e+00
5.800985221674876513e+00
5.838086476540937930e+00
5.762340036563071699e+00
5.620386643233743484e+00
5.989021043000914979e+00
5.902392344497608079e+00
6.065955383123180944e+00
5.611623616236162349e+00
5.651502145922746578e+00
5.991758241758241788e+00
5.778611632270169274e+00
5.743705035971222728e+00
5.888786764705882248e+00
5.775830258302582898e+00
5.904059040590405871e+00
6.057170542635659238e+00
5.586080586080585775e+00
5.996366939146231090e+00
5.717068645640074109e+00
5.549356223175966107e+00
5.566527196652719667e+00
5.842706502636203503e+00
5.606571936056838013e+00
5.830823737821080321e+00
6.002843601895734515e+00
5.586739327883742057e+00
6.145116279069767096e+00
5.890303623898138774e+00
5.840148698884758183e+00
5.625222024866785020e+00
5.954751131221719618e+00
5.727356746765249973e+00
5.767441860465115866e+00
5.605078809106830207e+00
5.748691099476439526e+00
5.652899824253075245e+00
5.482845188284518834e+00
5.682046979865772229e+00
5.720950704225352013e+00
5.714791851195748507e+00
5.654991243432574421e+00
5.733977172958735657e+00
6.057384760112888067e+00
5.866858237547893040e+00
5.664573991031390143e+00
5.710664335664335844e+00
5.704225352112676006e+00
5.878402903811251967e+00
5.407026563838902788e+00
5.755648535564853674e+00
5.882783882783883200e+00
5.891385767790262129e+00
5.649327354260089251e+00
5.817213842058562179e+00
5.743218806509945651e+00
5.660823838737949032e+00
5.536440677966101731e+00
5.942170818505338126e+00
5.905803996194101124e+00
5.683682771194165539e+00
5.776690391459074370e+00
5.638128861429832384e+00
5.967948717948718063e+00
5.515205724508049911e+00
5.630067567567567544e+00
5.549319727891156795e+00
5.662671232876712146e+00
5.618592528236316497e+00
5.862007168458781337e+00
5.935727788279772987e+00
5.684065934065934300e+00
5.664335664335664156e+00
5.768617021276595480e+00
5.929368029739777057e+00
5.576057605760576408e+00
5.812555260831122617e+00
5.882352941176471006e+00
5.534986713906111966e+00
5.977497749774977720e+00
5.687212511499540213e+00
5.770870337477797207e+00
5.608428446005267354e+00
5.809397163120567420e+00
5.637900355871885871e+00
5.757067137809187329e+00
5.897959183673469497e+00
5.811214953271027994e+00
5.658295964125560573e+00
