3.333333333333333148e-01
6.500000000000000222e-01
1.031746031746031855e+00
1.325957906098219174e+00
1.504243141898559344e+00
1.566876017678529909e+00
1.699790794979079589e+00
1.716173513358230318e+00
1.714078374455732856e+00
1.678642714570858230e+00
1.651577503429355387e+00
1.686793493245106079e+00
1.707442258340462038e+00
1.709372312983662878e+00
1.763126843657817133e+00
1.757373061720887808e+00
1.750525367757430173e+00
1.688831318364997225e+00
1.721436651583710509e+00
1.769413864921154378e+00
1.703180212014134165e+00
1.700170357751277672e+00
1.701097663945961180e+00
1.733944954128440408e+00
1.721886683922922101e+00
1.766627771295215865e+00
1.749703791469194414e+00
1.767070647354419100e+00
1.732028053769725240e+00
1.728711162255466061e+00
1.752544344286129707e+00
1.723570190641247724e+00
1.724781011585193591e+00
1.752497858978018908e+00
1.773087071240105450e+00
1.738470519556333915e+00
1.765852239674229107e+00
1.719403840642017789e+00
1.707364341085271242e+00
1.731351654514862615e+00
1.793674253621046377e+00
1.777070063694267565e+00
1.748224852071005975e+00
1.764431486880466471e+00
1.730924855491329462e+00
1.718820224719101120e+00
1.788184438040345769e+00
1.731282646546720816e+00
1.780678851174934740e+00
1.784643071385722868e+00
1.717497837993658072e+00
1.754232505643340767e+00
1.723050942865184343e+00
1.684210526315789380e+00
1.672675026123301878e+00
1.742074153680816861e+00
1.709703947368421018e+00
1.733807051106859731e+00
1.751814628699050802e+00
1.737461473802185408e+00
1.747126436781609282e+00
1.710886214442013165e+00
1.757600884466556046e+00
1.762842465753424737e+00
1.709587513935340031e+00
1.751590594744121709e+00
1.742599379757541644e+00
1.734597156398104190e+00
1.734643054786939587e+00
1.750560538116591847e+00
1.742889326950154860e+00
1.771412202807218561e+00
1.770863623146263555e+00
1.752383704131753817e+00
1.747732426303854947e+00
1.747877758913412460e+00
1.769143182465129582e+00
1.749151583710407243e+00
1.742331288343558215e+00
1.770095559302979238e+00
1.731059547106513774e+00
1.702659145850120792e+00
1.729452977634060806e+00
1.747502774694783545e+00
1.734483718341218950e+00
1.775585001409641928e+00
1.743749999999999911e+00
1.735690235690235728e+00
1.724157146837559162e+00
1.750490058807056881e+00
1.731947176173082248e+00
1.713141910546659208e+00
1.695828819068255777e+00
1.682868525896414447e+00
1.697902840456596785e+00
1.746575342465753522e+00
1.733689538807648978e+00
1.692664303245159596e+00
1.738549618320610612e+00
1.797281665702718412e+00
1.780053428317007969e+00
1.761020881670533722e+00
1.760986674227388749e+00
1.807848837209302229e+00
1.838914027149321173e+00
1.774193548387096753e+00
1.719900359811790791e+00
1.774659627674354034e+00
1.687465940054496016e+00
1.740848806366047663e+00
1.717362045760430611e+00
1.726684636118598348e+00
1.759745645562621030e+00
1.729287891382654374e+00
1.765195670274771089e+00
1.677514792899408302e+00
1.753932284724073476e+00
1.724015317286652138e+00
1.734770889487870615e+00
1.771310344827586203e+00
1.781982490821801823e+00
1.754896474538332418e+00
1.783897120492032418e+00
1.795649685174584897e+00
1.763795045045045029e+00
1.750344068263143482e+00
1.699946609717031487e+00
1.804449327107937373e+00
1.743018335684062059e+00
1.747330960854092563e+00
1.804138321995464755e+00
1.791485664639443920e+00
1.740771812080536884e+00
1.714553738943982886e+00
1.722677957131516280e+00
1.707258707790481278e+00
1.707150368033648835e+00
1.748176168603080338e+00
1.760906040268456429e+00
1.756186726659167530e+00
1.722878330129085311e+00
1.735174654752233980e+00
1.730665224445646189e+00
1.750136091453456721e+00
1.713360323886639724e+00
1.745435016111707816e+00
1.742411812961443873e+00
1.743379743379743330e+00
1.775771047513198031e+00
1.740421987784564140e+00
1.702630879617326620e+00
1.624502982107355775e+00
1.665535627726611789e+00
1.664682539682539764e+00
1.707106598984771573e+00
1.690937257939581828e+00
1.757785467128027745e+00
1.716442048517520247e+00
1.746471371504660475e+00
1.715392838054516256e+00
1.717653221581980194e+00
1.742902626691430035e+00
1.716327070653612008e+00
1.729166666666666741e+00
1.706715634837355777e+00
1.693714580113343526e+00
1.714322714322714214e+00
1.673851680780087170e+00
1.716666666666666563e+00
1.705298877577655858e+00
1.720542231491136498e+00
1.754499059897931756e+00
1.744617061869719210e+00
1.804311310190369610e+00
1.795121951219512235e+00
1.726495726495726579e+00
1.718592964824120495e+00
1.783938814531548678e+00
1.756225788599889315e+00
1.824964539007092101e+00
1.758923512747875284e+00
1.713294180459156379e+00
1.667926429831191770e+00
1.742966751918158641e+00
1.711864406779661119e+00
1.706449974606399245e+00
1.656088560885608851e+00
1.732116058029014471e+00
1.702688728024819076e+00
1.726568551510456961e+00
1.725306228824602606e+00
1.730548302872062738e+00
1.786562331354560218e+00
1.750000000000000000e+00
1.761415833558497734e+00
1.752233956133224968e+00
1.663233779608650931e+00
1.733485772357723498e+00
1.734574468085106291e+00
1.656945510360706031e+00
1.696704942586120923e+00
1.691562579658424603e+00
1.749273447820343552e+00
1.693142705851204743e+00
1.673340091231626969e+00
1.707535121328224825e+00
1.724228152799581304e+00
1.725396825396825484e+00
1.717557251908397031e+00
1.686889460154241682e+00
1.731362467866323973e+00
1.706673564407656496e+00
1.740114464099896008e+00
1.713616245769330915e+00
1.659242761692650392e+00
1.674140872532293489e+00
1.706220334748938194e+00
1.702730288338861975e+00
1.651451252790870683e+00
1.701385452746165372e+00
1.687957586468063598e+00
1.675092936802973886e+00
1.739530132788559724e+00
1.746082337317397037e+00
1.687034659820282334e+00
1.803614137656125438e+00
1.792800453514739267e+00
1.680566483084185769e+00
1.703121098626716678e+00
1.723768189941281559e+00
1.699438202247190999e+00
1.735810113519091757e+00
1.789288612388423072e+00
1.728108108108107999e+00
1.724030200468627871e+00
1.747950277704310995e+00
1.749193548387096842e+00
1.746036011824778189e+00
1.678929765886287617e+00
1.734167517875383036e+00
1.704498448810754851e+00
1.745383615084525442e+00
1.718103222425988896e+00
1.675784190715182032e+00
1.710047369733233680e+00
1.776986012140406412e+00
1.666752180605438616e+00
1.716868962100569718e+00
1.672880934625901039e+00
1.715211970074812964e+00
1.724600309437854584e+00
1.655334987593052087e+00
1.753799392097264542e+00
1.743781759828831213e+00
1.692367199587416104e+00
1.688516387290467824e+00
1.706045340050377890e+00
1.714469288100745281e+00
1.746460409019402249e+00
1.780249593054801904e+00
1.761194029850746245e+00
1.727126375100617173e+00
1.769502582223430265e+00
1.722540201689833683e+00
1.713496448303078123e+00
1.708540088796030254e+00
1.702359346642468241e+00
1.630753918885294862e+00
1.679370543398082116e+00
1.679350583460172519e+00
1.688448675070748584e+00
1.697135416666666563e+00
1.681782642689601204e+00
1.628340897629853679e+00
1.741164241164241178e+00
1.767100056529112395e+00
1.788756882063170073e+00
1.744393329499712486e+00
1.773439726417782802e+00
1.763912794033275944e+00
1.737677053824362661e+00
1.766410912190963245e+00
1.734578381437464678e+00
1.695652173913043459e+00
1.739427012278308426e+00
1.709331131296449202e+00
1.706887201735358017e+00
1.788314987298899261e+00
1.748422260470453349e+00
1.698752711496746226e+00
1.686826189850118229e+00
1.787945811445949662e+00
1.733580810965162700e+00
1.721947194719471996e+00
1.665783196395441257e+00
1.719353984643897215e+00
1.677298311444652912e+00
1.737887860642351567e+00
1.695209251101321479e+00
1.683284457478005924e+00
1.713630229419702999e+00
1.735712294396431599e+00
1.704722222222222250e+00
1.767336541183130549e+00
1.762071992976294910e+00
1.745433458973615570e+00
1.794351279788172882e+00
1.765717674970344042e+00
1.757549361207897842e+00
1.789689513766842488e+00
1.746059544658493889e+00
1.733957978421351465e+00
1.671764063353358809e+00
1.716996476009758688e+00
1.756563926940639231e+00
1.726827864133563706e+00
1.715454032712915966e+00
1.730190286850326720e+00
1.755574862438459283e+00
1.753093694755450738e+00
1.749561659848042128e+00
1.782234105763517595e+00
1.722580645161290391e+00
1.752391997680487146e+00
1.709436133486766485e+00
1.763234438627108824e+00
1.748358208955223869e+00
1.737719298245613997e+00
1.773579291877417363e+00
1.689177489177489111e+00
1.717574396406513104e+00
1.697694038245219250e+00
1.729821580288869898e+00
1.746928028086600415e+00
1.757539564048969938e+00
1.756425582785415385e+00
1.730814639905549068e+00
1.749412455934195032e+00
1.690169102894812259e+00
1.691627521414755364e+00
1.710084033613445298e+00
1.728105323411562644e+00
1.717128027681660951e+00
1.737010159651669161e+00
1.774077407740774159e+00
1.689544392523364413e+00
1.733963344788087113e+00
1.746887966804979264e+00
1.700087183958151726e+00
1.733584032398032937e+00
1.726551014407527118e+00
1.679096045197740139e+00
1.690027700831024937e+00
1.682697622996130349e+00
1.683162842134365400e+00
1.726859738784781273e+00
1.696256381168462779e+00
1.679480088495575174e+00
1.654274084124830457e+00
1.675697642915199070e+00
1.670781893004115171e+00
1.714526079641054412e+00
1.742265032107413791e+00
1.758487194758785011e+00
1.712364805612394125e+00
1.722729868646487805e+00
1.648491558261832246e+00
1.741720011132758206e+00
1.711494252873563271e+00
1.741602067183462443e+00
1.761229314420803771e+00
1.761605271039233367e+00
1.681584948688711556e+00
1.702942809550249903e+00
1.725028376844494948e+00
1.720950200343445813e+00
1.713354125318967913e+00
1.770615563298490125e+00
1.727352425482174159e+00
1.718474238542556209e+00
1.709351305812973898e+00
1.712248322147650992e+00
1.764722863741339465e+00
1.758907363420427528e+00
1.745161290322580605e+00
1.777014925373134435e+00
1.700116346713205440e+00
1.702642559109874831e+00
1.767986131175960596e+00
1.727512452387928610e+00
1.753774680603948921e+00
1.719734180872580120e+00
1.732780794512717826e+00
1.762682215743440306e+00
1.748824911868390064e+00
1.755471257659760642e+00
1.801618219958046163e+00
1.797247706422018254e+00
1.686481851957702283e+00
1.673941974980037273e+00
1.732586724938541378e+00
1.684457964601769886e+00
1.690668824163969797e+00
1.758001122964626628e+00
1.755864465682015707e+00
1.768470040721349612e+00
1.717453098351336083e+00
1.676557863501483725e+00
1.733333333333333393e+00
1.712176093619392603e+00
1.697540983606557363e+00
1.711528004350190368e+00
1.710519088162592682e+00
1.686194738269595872e+00
1.697560975609756051e+00
1.741374474053295929e+00
1.718181818181818254e+00
1.732485875706214706e+00
1.676511178581286288e+00
1.610152022674568473e+00
1.684142561983471120e+00
1.637198321091290598e+00
1.667274147357459047e+00
1.667636940989679850e+00
1.744757174392935983e+00
1.680455302609661361e+00
1.721508608909538163e+00
1.681258549931600621e+00
1.691011235955056202e+00
1.757838745800671898e+00
1.704360056258790390e+00
1.749789148158560570e+00
1.763747454175152773e+00
1.706283764572078532e+00
1.715395284327323244e+00
1.739154929577464870e+00
1.721736678883563521e+00
1.660296096904441354e+00
1.708690987124463545e+00
1.657689200107729688e+00
1.668245198631938875e+00
1.673164218958611560e+00
1.637322087506589252e+00
1.708915145005370562e+00
1.703404017857142794e+00
1.717129240257919909e+00
1.712795941375422792e+00
1.704347826086956452e+00
1.739675306180575420e+00
1.723317865429234264e+00
1.725100748416810603e+00
1.719142857142857084e+00
1.775116822429906538e+00
1.777305825242718518e+00
1.785430058157330802e+00
1.764048338368580104e+00
1.749043836422477183e+00
1.755125951962507314e+00
1.741982507288629689e+00
1.777215942891136269e+00
1.789569990850869097e+00
1.723354000590493040e+00
1.797524314765694076e+00
1.785888821014049999e+00
1.795787545787545847e+00
1.771871202916160293e+00
1.772809123649459861e+00
1.820955315870570024e+00
1.795809881175734812e+00
1.801673380849085904e+00
1.748861220771333214e+00
1.748677248677248608e+00
1.745277449822904448e+00
1.752366863905325367e+00
1.733925925925925871e+00
1.784699123072270854e+00
1.781616286243059788e+00
1.770642201834862428e+00
1.785167024210848830e+00
1.689011949868842954e+00
1.710262130507529177e+00
1.735800344234079251e+00
1.739698200812536344e+00
1.735865468251667210e+00
1.737666860127684343e+00
1.760671180453341256e+00
1.709919261822375969e+00
1.678679504814305279e+00
1.727626459143968951e+00
1.699717514124293727e+00
1.695280154568037601e+00
1.716250350827954074e+00
1.691316526610644244e+00
1.737737453926849973e+00
1.750584795321637355e+00
1.735689252336448662e+00
1.738336713995943139e+00
1.694973019028685135e+00
1.774390243902439046e+00
1.773406526379993853e+00
1.794190358467243618e+00
1.730421686746987930e+00
1.793550331525014974e+00
1.766198044009779977e+00
1.759242560865644789e+00
1.752088305489260200e+00
1.721706326175275636e+00
1.687080536912751727e+00
1.687892866903525579e+00
1.700608743774211451e+00
1.711018131101813111e+00
1.711711711711711770e+00
1.665378244064052993e+00
1.660225442834138532e+00
1.745695738075077719e+00
1.709968032548677686e+00
1.737010159651669161e+00
1.735999999999999988e+00
1.720420683610867751e+00
1.714904679376083152e+00
1.667036625971143105e+00
1.653115806365338392e+00
1.688604840902909965e+00
1.715291467192340269e+00
1.728769497400346689e+00
1.697289586305278153e+00
1.693701226309922037e+00
1.739217366466723869e+00
1.736966126656848353e+00
1.695802185163887366e+00
1.725092777619183559e+00
1.704486996284652722e+00
1.752111855519953298e+00
1.783338419285932286e+00
1.698877068557919534e+00
1.669064748201438908e+00
1.732446206115515253e+00
1.757982691733810832e+00
1.751357875678937859e+00
1.670962199312714835e+00
1.688393839383938388e+00
1.666666666666666741e+00
1.663328822733423529e+00
1.680325644504748972e+00
1.692562897428808499e+00
1.676812396236856628e+00
1.713173985547526312e+00
1.659122274358266536e+00
1.731167740128815469e+00
1.726027397260273988e+00
1.773337309871756640e+00
1.743983152827918159e+00
1.743952802359882037e+00
1.744206512173658075e+00
1.708668197474167538e+00
1.671728326891220417e+00
1.700027196083763847e+00
1.738723404255319238e+00
1.750440399295361216e+00
1.777546158427635525e+00
1.756651718983557542e+00
1.758661533905833574e+00
1.762671437090041815e+00
1.800975312404754725e+00
1.692979900961258277e+00
1.668370091447014536e+00
1.683399734395750302e+00
1.723445239405613671e+00
1.746795784676730356e+00
1.719874357509994178e+00
1.694436756158317126e+00
1.728930643824260871e+00
1.757610568638713344e+00
1.748109365910412993e+00
1.690081483562798637e+00
1.743402582818641244e+00
1.689051918735891666e+00
1.689890710382513594e+00
1.729050279329608975e+00
1.781185491005603083e+00
1.658156028368794388e+00
1.735594154948993717e+00
1.675306577480490500e+00
1.724453060094156776e+00
1.681010549694614165e+00
1.683667932718393878e+00
1.692202462380300920e+00
1.666396979503775633e+00
1.687432578209277168e+00
1.826627218934911312e+00
1.734081261370527649e+00
1.691917769642354186e+00
1.726634858265506667e+00
1.754827384435342363e+00
1.773465703971119023e+00
1.733789411064842412e+00
1.741935483870967749e+00
1.819507748404740166e+00
1.723616570910190493e+00
1.756646216768916080e+00
1.800485879137564638e+00
1.755838641188959715e+00
1.797346200241254577e+00
1.758245083207261805e+00
1.748600058944886459e+00
1.756748826291079757e+00
1.743777452415812501e+00
1.762558411214953269e+00
1.735958309206716788e+00
1.687431091510473991e+00
1.669480348193088881e+00
1.732336956521739024e+00
1.731280022605255819e+00
1.729813664596273393e+00
1.725733634311512388e+00
1.695061043285238656e+00
1.694573220616307552e+00
1.673813990887161651e+00
1.672582781456953605e+00
1.640339593516850991e+00
1.692727272727272636e+00
1.741056686846450097e+00
1.717719396310788182e+00
1.809910170964937670e+00
1.695453245639119144e+00
1.766881479405996158e+00
1.684503901895206157e+00
1.682036247334754764e+00
1.671957671957671865e+00
1.717983283904017222e+00
1.744394618834080646e+00
1.751425313568985231e+00
1.732350439466969094e+00
1.747320924985899637e+00
1.708882039787055218e+00
1.712835984640702192e+00
1.697757111597374191e+00
1.728602981778023295e+00
1.697936726272352148e+00
1.707111834961997809e+00
1.687956698240866027e+00
1.675172780435938424e+00
1.696994095544820169e+00
1.712445175438596534e+00
1.737548964745383229e+00
1.697565024903154418e+00
1.696781173924803987e+00
1.683831376734258312e+00
1.644111570247933862e+00
1.691486592033324632e+00
1.751045441873431807e+00
1.711754780652418484e+00
1.726114649681528723e+00
1.681175190424374355e+00
1.683774391873830600e+00
1.751533742331288446e+00
1.764347826086956506e+00
1.738629821531376018e+00
1.685871056241426524e+00
1.723959749796029284e+00
1.727550736725048663e+00
1.742288278182837935e+00
1.719386331938633106e+00
1.772946859903381744e+00
1.774155653450807613e+00
1.760844079718639987e+00
1.753396935530500134e+00
1.748051948051948079e+00
1.740381875178113491e+00
1.705996668517490322e+00
1.668355105305251884e+00
1.642599277978339378e+00
1.725105932203389925e+00
1.775007165376898843e+00
1.746290369508292084e+00
1.751301330248698607e+00
1.722919042189281713e+00
1.729319077096229673e+00
1.668385345997286384e+00
1.728485838779956429e+00
1.762600229095074411e+00
1.703745743473325858e+00
1.712659633536923964e+00
1.687001923605386144e+00
1.702878870179250326e+00
1.772584781989170688e+00
1.697753767415410842e+00
1.746510329424902253e+00
1.767293777134587573e+00
1.725760183591508845e+00
1.765227337718044076e+00
1.744531933508311372e+00
1.687377553876294511e+00
1.709881640517478596e+00
1.755950673931746531e+00
1.737057619186896718e+00
1.760926958052214664e+00
1.783539342779620229e+00
1.685089234312032280e+00
1.698980996970531621e+00
1.660607704829083042e+00
1.657218543046357517e+00
1.681241565452091802e+00
1.706867671691792321e+00
1.718776793369534150e+00
1.665177324769617329e+00
1.674172544763971704e+00
1.715798272499303501e+00
1.704797047970479706e+00
1.711249645792009000e+00
1.700084961767204694e+00
1.713635069740962136e+00
1.708476517754868196e+00
1.651003022808463783e+00
1.701039387308533879e+00
1.678809788654060053e+00
1.713522631430981269e+00
1.736260540854899670e+00
1.713702623906705469e+00
1.754566882734236888e+00
1.714285714285714191e+00
1.662657342657342552e+00
1.723654708520179435e+00
1.701054431461954897e+00
1.769028103044496536e+00
1.740929535232383918e+00
1.698701298701298601e+00
1.699324324324324342e+00
1.679429849077697101e+00
1.709985935302390958e+00
1.709195402298850475e+00
1.708609271523178874e+00
1.718370883882148981e+00
1.698626216370921593e+00
1.734393063583814953e+00
1.699102229944975395e+00
1.736872642877864914e+00
1.706961840955432574e+00
1.713792110567232907e+00
1.680216031836270663e+00
1.693912063134159984e+00
1.739321240491515486e+00
1.660485021398002914e+00
1.683561643835616461e+00
1.633727175080558647e+00
1.651267159450897637e+00
1.724070992789794809e+00
1.720775462962963021e+00
1.770121770121770188e+00
1.743504531722054329e+00
1.790831815421979334e+00
1.772252915899324766e+00
1.762752792031391458e+00
1.766027561414020397e+00
1.738081224249558465e+00
1.757063792601223362e+00
1.736888111888111874e+00
1.705266138165345335e+00
1.737946681792399417e+00
1.700280898876404434e+00
1.674568965517241326e+00
1.739669421487603396e+00
1.766637605347282758e+00
1.774859840660961918e+00
1.703450242372398060e+00
1.705817782656421588e+00
1.665773251139104794e+00
1.765921787709497259e+00
1.749853200234879669e+00
1.735446685878962558e+00
1.731118682566723521e+00
1.724449463579898367e+00
1.703085904920767391e+00
1.698133918770581730e+00
1.697202413603949633e+00
1.722082985240879882e+00
1.718829158457641393e+00
1.714005602240896264e+00
1.724292518912860839e+00
1.747575584711922314e+00
1.724167378309137577e+00
1.707812065610230690e+00
1.707209686296092377e+00
1.714919578480310625e+00
1.700192890603472007e+00
1.671137339055793980e+00
1.726353198469108730e+00
1.776429809358752276e+00
1.724992793312193795e+00
1.771510791366906368e+00
1.810313630880578950e+00
1.734754292480757742e+00
1.697070204532891147e+00
1.772817179994348624e+00
1.704058624577226677e+00
1.737248414667769580e+00
1.734042553191489366e+00
1.747398030942334701e+00
1.766018306636155666e+00
1.791800878477306069e+00
1.749201741654571762e+00
1.802734943264474810e+00
1.720844026233247837e+00
1.699091394975948743e+00
1.602926587301587213e+00
1.716943187531422721e+00
1.686467767714437960e+00
1.681652806652806698e+00
1.672034764826175968e+00
1.698347107438016534e+00
1.688657105606258257e+00
1.728496042216358886e+00
1.722578919208132664e+00
1.712845010615711150e+00
1.724248070268831423e+00
1.698817345597897432e+00
1.738534528202424934e+00
1.725107066381156296e+00
1.779053869291769230e+00
1.804123711340206215e+00
1.775650185767362110e+00
1.688301282051282159e+00
1.719834282755049237e+00
1.756320602474448656e+00
1.777684563758389347e+00
1.710965272080940736e+00
1.693175853018372701e+00
1.640967498110355249e+00
1.710566615620214392e+00
1.746524938675388494e+00
1.694346767649445473e+00
1.695402298850574807e+00
1.738247863247863290e+00
1.723762914627514853e+00
1.742919389978213607e+00
1.686065136145221466e+00
1.679649213309259759e+00
1.685750962772785577e+00
1.713347346295323259e+00
1.728613569321533872e+00
1.695351925630810053e+00
1.728160464502507265e+00
1.670135275754422555e+00
1.717340891522803448e+00
1.703014416775884721e+00
1.752205292702486039e+00
1.728065395095367940e+00
1.754696433433160951e+00
1.761838825810024822e+00
1.712510132396649620e+00
1.747591006423982796e+00
1.752263374485596659e+00
1.773959206482257578e+00
1.886985272016832083e+00
1.806431852986217557e+00
1.873591227535790438e+00
1.808269525267993894e+00
1.786342321219226204e+00
1.775151340443932080e+00
1.742649117894147226e+00
1.727745823062174724e+00
1.732532751091703016e+00
1.723601637107776252e+00
1.717643880032423631e+00
1.691551540913921459e+00
1.680497925311203344e+00
1.681853281853281867e+00
1.743678466861857901e+00
1.753683625243258382e+00
1.762860373092142385e+00
1.749718468468468568e+00
1.767161669935556123e+00
1.757770932511901529e+00
1.791737891737891664e+00
1.726019690576652499e+00
1.702172760996290446e+00
1.726362918093231391e+00
1.715307203389830448e+00
1.714998686629892299e+00
1.667601325516186561e+00
1.658716498647651916e+00
1.676907829534192373e+00
1.700610997963340143e+00
1.700051361068310118e+00
1.715688808477642713e+00
1.754961630060862587e+00
1.719032429558745356e+00
1.696030729833546635e+00
1.679104477611940371e+00
1.705134596211365983e+00
1.763522341259472270e+00
1.748130341880341776e+00
1.725346586450431596e+00
1.714139081344624005e+00
1.714431412544620059e+00
1.672822560519091617e+00
1.719263315082130372e+00
1.727577319587628946e+00
1.752563765448330368e+00
1.760075228371843048e+00
1.712555935772571702e+00
1.741253263707571719e+00
1.788678208298983163e+00
1.722947253942360035e+00
1.743055555555555580e+00
1.763661202185792254e+00
1.753285870755750375e+00
1.774931129476583935e+00
1.722012917115177677e+00
1.750000000000000000e+00
1.758322056833558911e+00
1.731251668001067445e+00
1.700948961272121140e+00
1.723116219667943705e+00
1.750394944707740930e+00
1.739235089596148809e+00
1.728139904610492827e+00
1.705867014341590604e+00
1.725592293673522626e+00
1.772492525142701725e+00
1.804905875641757085e+00
1.701975850713501659e+00
1.699532952776336314e+00
1.732925857028966288e+00
1.688594164456233448e+00
1.760422306442880336e+00
1.739748953974895374e+00
1.784197111299915095e+00
1.712336396546922934e+00
1.792415730337078683e+00
1.769006699679580574e+00
1.804584190420217560e+00
1.742066957787481885e+00
1.742407199100112436e+00
1.677672530446549404e+00
1.653964194373401586e+00
1.675856737954135589e+00
1.728231476473769623e+00
1.707168557985053958e+00
1.781009409751924677e+00
1.748835855646100113e+00
1.671420735052111972e+00
1.686507936507936511e+00
1.660794109913226402e+00
1.688073394495412938e+00
1.706308724832214851e+00
1.747843028110214414e+00
1.734069668649107943e+00
1.674551386623164717e+00
1.751440329218107106e+00
1.762990762124711397e+00
1.714933408897704625e+00
1.750141643059490049e+00
1.799406528189910981e+00
1.767455798621516250e+00
1.718132340303637928e+00
1.726942425936277337e+00
1.685139233526330216e+00
1.723152979950562935e+00
1.642665952890792314e+00
1.689057990028863809e+00
1.753655793025871823e+00
1.744972311279510357e+00
1.797540491901619575e+00
1.676901004304160780e+00
1.736856745479833153e+00
1.788030660377358583e+00
1.696535929000858811e+00
1.718151995626025164e+00
1.721452328159645218e+00
1.775107296137339086e+00
1.715786484951731916e+00
1.656093047845625055e+00
1.667269906928645185e+00
1.717046979865771705e+00
1.695901639344262302e+00
1.712191148520228134e+00
1.691112322791712197e+00
1.737982772992497926e+00
1.684094661529994541e+00
1.700081059173196518e+00
1.703248703248703144e+00
1.732960893854748496e+00
1.743093135858729603e+00
1.662136450122315923e+00
1.716046075542459137e+00
1.704764527678325425e+00
1.677966101694915224e+00
1.719752088385879896e+00
1.775198187995469912e+00
1.771278151506288312e+00
1.792675723567631385e+00
1.714611872146118765e+00
1.707642099537666658e+00
1.719055374592833862e+00
1.818470418470418570e+00
1.829447852760736293e+00
1.740827707660698609e+00
1.728128460686600310e+00
1.756878158338012419e+00
1.735302390998593625e+00
1.766307430516165677e+00
1.702351313969571178e+00
1.726094003241491093e+00
1.721132897603485867e+00
1.760132340777502025e+00
1.762935883014623117e+00
1.787818129825564872e+00
1.774405954766676174e+00
1.725872972229859803e+00
1.722428419936373301e+00
1.671999999999999931e+00
1.681221605249873852e+00
1.732637075718015618e+00
1.733008394259409668e+00
1.745316318218843366e+00
1.693471337579617764e+00
1.709702660406885677e+00
1.698978255174220520e+00
1.701020141250326967e+00
1.673047077082255640e+00
1.724626278520849709e+00
1.781782620843811227e+00
1.772151898734177111e+00
1.747520544063474013e+00
1.760068065796936976e+00
1.776145203111495263e+00
1.762442129629629539e+00
1.739722143464700777e+00
1.728643216080401945e+00
1.775178316690442237e+00
1.717985202048947002e+00
1.741845553387231682e+00
1.703816371681415864e+00
1.718018508437670011e+00
1.774487471526195792e+00
1.744650086755349827e+00
1.699805609552901942e+00
1.701305767138193703e+00
1.674046412376633874e+00
1.677722642987725221e+00
1.714932126696832482e+00
1.690016103059581276e+00
1.734379226399783702e+00
1.717218724336162072e+00
1.670466595970307555e+00
1.664698331193838143e+00
1.726959745762711940e+00
1.724355458036204158e+00
1.649842271293375351e+00
1.683927198154319349e+00
1.681699003670686920e+00
1.727564102564102644e+00
1.641573326387079979e+00
1.695284469502819080e+00
1.695467797508613872e+00
1.714057507987220452e+00
1.740213523131672657e+00
1.714945652173913038e+00
1.700847906730259762e+00
1.704646888947230154e+00
1.737251744498121253e+00
1.754945054945054927e+00
1.707277628032344952e+00
1.650240080869345372e+00
1.675742574257425677e+00
1.707455012853470455e+00
1.716205533596838029e+00
1.672418233324748815e+00
1.717049264895537775e+00
1.690327613104524174e+00
1.726607422895974908e+00
1.717955508474576343e+00
1.795940756993966048e+00
1.738598442714126779e+00
1.772577092511013142e+00
1.726549643444871052e+00
1.755525238744884087e+00
1.777374301675977764e+00
1.785309132161088996e+00
1.815135759676487659e+00
1.756290641786824924e+00
1.794421199442119974e+00
1.755697609783212876e+00
1.794410625345877142e+00
1.774347460005613275e+00
1.722807017543859676e+00
1.754050464807436871e+00
1.718610160568570633e+00
1.769496021220159143e+00
1.734574468085106291e+00
1.709212557900154472e+00
1.705420466058763962e+00
1.672216699801192918e+00
1.733299466598933192e+00
1.706878582595101612e+00
1.727131782945736438e+00
1.743562516591452116e+00
1.716402116402116373e+00
1.698142414860681182e+00
1.673803526448362611e+00
1.727296115255981368e+00
1.754314994606256839e+00
1.750683433570257019e+00
1.739402173913043415e+00
1.698307773664727627e+00
1.690673575129533646e+00
1.700729927007299302e+00
1.678314491264131458e+00
1.610503282275711268e+00
1.688987000245278480e+00
1.679047131147541005e+00
1.678035123441079079e+00
1.699821017642546561e+00
1.715070643642072179e+00
1.771054783319705672e+00
1.717110683878055433e+00
1.672266735590591802e+00
1.720611082340756104e+00
1.711416490486257880e+00
1.736419587904736384e+00
1.702738633342196328e+00
1.724029380902413422e+00
1.764020590625846596e+00
1.759602100027631844e+00
1.795326576576576683e+00
1.786324786324786418e+00
1.769144460028050592e+00
1.735430916552667568e+00
1.739600216099405738e+00
1.692813898394314398e+00
1.684815950920245387e+00
1.695384615384615490e+00
1.650765754456439804e+00
1.685359801488833797e+00
1.721847431240269843e+00
1.742221030042918395e+00
1.713943587014369330e+00
1.733757623972421058e+00
1.749257759784075494e+00
1.728467936678293571e+00
1.755842062852538188e+00
1.732592793280953725e+00
1.696232339089482011e+00
1.756246677299308834e+00
1.722416107382550354e+00
1.778077753779697678e+00
1.740174672489082974e+00
1.705131544673091915e+00
1.681404749873673499e+00
1.712722646310432584e+00
1.688152866242038197e+00
1.752668575891694891e+00
1.755991285403050162e+00
1.739142163474507674e+00
1.727248536455561423e+00
1.771374458874458879e+00
1.721624529316837071e+00
1.746374901133667334e+00
1.768458197611292082e+00
1.742284786139685959e+00
1.728309896524276912e+00
1.693623639191290886e+00
1.713547052740434395e+00
1.741066666666666762e+00
1.689011566771819073e+00
1.675963488843813298e+00
1.699643947100712094e+00
1.699870633893919791e+00
1.733966745843230406e+00
1.747148288973384034e+00
1.760881542699724411e+00
1.780045351473922954e+00
1.792409430707303075e+00
1.710957004160887696e+00
1.706842105263157938e+00
1.746264674493062996e+00
1.725304465493910699e+00
1.719701014415376372e+00
1.714776632302405401e+00
1.710574652322225164e+00
1.728548728813559254e+00
1.692571127502634276e+00
1.627470355731225338e+00
1.696640316205533683e+00
1.705104949468774223e+00
1.721045751633986987e+00
1.686405767250257481e+00
1.776214494292540413e+00
1.701881720430107547e+00
1.727083333333333304e+00
1.704734651404786749e+00
1.790628385698808334e+00
1.727398396461155672e+00
1.732138078672732062e+00
1.710993377483443600e+00
1.711232733906697945e+00
1.788193495490571161e+00
1.786510431551872058e+00
1.785694010786261776e+00
1.703613807982740092e+00
1.699358151476251688e+00
1.687801166624397720e+00
1.745449817992719810e+00
1.775122216186854951e+00
1.768326039387308590e+00
1.776082811223099966e+00
1.767372421281216077e+00
1.791020408163265243e+00
1.723105458399575962e+00
1.701005025125628123e+00
1.737780040733197584e+00
1.745359477124182934e+00
1.739926739926739963e+00
1.697821681864235099e+00
1.722680670167541894e+00
1.691584158415841532e+00
1.724702380952380931e+00
1.708542713567839266e+00
1.631779257849667042e+00
1.672727272727272618e+00
1.669694072657743833e+00
1.696506550218340514e+00
1.729559748427673016e+00
1.781942977824709562e+00
1.716671014870858381e+00
1.751020408163265207e+00
1.672795031055900550e+00
1.711575875486381237e+00
1.741632860040567943e+00
1.732179752066115741e+00
1.756657963446475179e+00
1.671551288529560475e+00
1.722043144061492725e+00
1.747046738572162194e+00
1.780715811965811968e+00
1.768438177874186445e+00
1.694687983496647732e+00
1.744588744588744689e+00
1.708792617277621106e+00
1.681829358249323780e+00
1.700292397660818633e+00
1.763998977243671717e+00
1.756278086174993369e+00
1.751838235294117752e+00
1.749541043797534723e+00
1.764488935721812535e+00
1.731827622014537882e+00
1.768930523028883650e+00
1.753691983122362963e+00
1.753850169668493830e+00
1.744198174706649285e+00
1.772195640616693213e+00
1.774150026983270401e+00
1.771651425497579257e+00
1.803771522273845296e+00
1.765748568311971578e+00
1.834162520729684998e+00
1.815459212778094633e+00
1.766849315068493187e+00
1.798752373203146293e+00
1.735773443761688517e+00
1.720959918304825198e+00
1.765438505448884365e+00
1.789956803455723611e+00
1.768566027545233510e+00
1.811506849315068557e+00
1.738498789346246909e+00
1.756742602775595685e+00
1.739381227058206525e+00
1.755707163474153676e+00
1.793262700353164929e+00
1.713982488723799325e+00
1.731191022698291171e+00
1.756962690488702128e+00
1.722324480673152802e+00
1.734282018111254819e+00
1.753688092729188686e+00
1.775829511734556165e+00
1.705205336123463145e+00
1.754123711340206171e+00
1.699180747567844429e+00
1.749425287356321856e+00
1.698850574712643668e+00
1.795597484276729494e+00
1.720825615242127515e+00
1.731919243547150433e+00
1.677274987568373898e+00
1.676279740447008004e+00
1.735002478929102532e+00
1.707532861476238617e+00
1.716696046335935533e+00
1.699723826261611892e+00
1.741845056065239650e+00
1.745944531658817356e+00
1.764892772041302571e+00
1.744438559322033955e+00
1.742313705054715944e+00
1.726027397260273988e+00
1.681148564294631775e+00
1.726704971271546318e+00
1.713525835866261504e+00
1.701951951951951925e+00
1.687807276302851545e+00
1.744232698094282830e+00
1.710439420878841821e+00
1.763785586047704523e+00
1.688054780623890361e+00
1.715342871238283218e+00
1.717980914113510726e+00
1.692269573835480712e+00
1.677691936262674988e+00
1.701780053645452373e+00
1.703960396039603920e+00
1.668763609968545891e+00
1.679118773946360221e+00
1.742735470941883857e+00
1.738020833333333348e+00
1.787596486558424180e+00
1.771041948579161085e+00
1.757051623203831792e+00
1.739926739926739963e+00
1.657340925971775292e+00
1.694168884587466728e+00
1.735643814824184172e+00
1.710371318822023090e+00
1.688155922038980572e+00
1.725549658832448818e+00
1.745087765260675994e+00
1.744523621008181591e+00
1.780645161290322687e+00
1.721824449748077468e+00
1.716628234691263133e+00
1.686102035687358613e+00
1.679207920792079145e+00
1.706783919597989918e+00
1.741194886511870488e+00
1.720611491829203921e+00
1.763108863454884156e+00
1.717697001857256600e+00
1.705217167823181779e+00
1.709323116219668037e+00
1.769067796610169552e+00
1.757848757848757826e+00
1.726664883658732386e+00
1.712799167533819000e+00
1.701668806161745762e+00
1.699720315280955907e+00
1.687279151943462896e+00
1.756258234519104011e+00
1.694613955956487228e+00
1.712927268054484697e+00
1.713575725869735722e+00
1.711493354182955340e+00
1.684169884169884224e+00
1.688628847621470364e+00
1.709819121447028412e+00
1.723632556922271686e+00
1.681129653401797208e+00
1.762228616269944981e+00
1.729481641468682440e+00
1.700678496868476053e+00
1.696018376722817855e+00
1.726402896302043022e+00
1.720875065893516132e+00
1.789849108367626895e+00
1.717301891965999472e+00
1.722119694173477544e+00
1.797895902547065328e+00
1.742696629213483117e+00
1.722237160527023470e+00
1.710026385224274303e+00
1.707732634338138933e+00
1.734042553191489366e+00
1.714132762312633895e+00
1.705695364238410505e+00
1.764274061990211973e+00
1.731108659680088202e+00
1.801974612129760178e+00
1.722549845549003145e+00
1.761030419292956894e+00
1.767546322290847849e+00
1.754469273743016755e+00
1.711309523809523725e+00
1.707805907172995852e+00
1.701998947922146233e+00
1.691419574914720503e+00
1.693071895424836493e+00
1.723624767472761166e+00
1.762735326688815052e+00
1.776729559748427612e+00
1.764655418930511921e+00
1.700299156921403210e+00
1.683212058212058215e+00
1.658770161290322509e+00
1.674780426599749017e+00
1.733629011218366767e+00
1.697041732699418937e+00
1.716484089723526285e+00
1.668117797695262583e+00
1.719815431940528105e+00
1.737193169690501637e+00
1.726930320150659171e+00
1.708653082826144587e+00
1.668280254777070093e+00
1.714870744816995085e+00
1.708431219002871204e+00
1.757104557640750686e+00
1.748911860718171951e+00
1.782178217821782207e+00
1.746128318584070804e+00
1.783388520971302516e+00
1.733773377337733734e+00
1.747510094212651355e+00
1.689196242171189910e+00
1.685124590989176996e+00
1.733195982487767184e+00
1.686793422404933240e+00
1.678358208955223807e+00
1.698520190619513315e+00
1.699238578680203116e+00
1.710096889342172410e+00
1.764317761942465035e+00
1.753239740820734305e+00
1.786221979223619361e+00
1.747050754458161936e+00
1.767726161369193250e+00
1.702523240371845992e+00
1.740595611285266520e+00
1.746777658431793778e+00
1.727078891257995741e+00
1.730304621848739455e+00
1.715064935064934959e+00
1.779978586723768741e+00
1.718908799144156285e+00
1.746670148863933125e+00
1.720503408495018371e+00
1.703093306288032460e+00
1.696749999999999980e+00
1.741335372069316989e+00
1.747183652082787475e+00
1.736649214659685914e+00
1.715418051649194586e+00
1.749095607235142014e+00
1.749538136711533465e+00
1.719781648037431721e+00
1.703199798437893708e+00
1.707108766641547426e+00
1.735031847133758021e+00
1.767650158061117027e+00
1.694257630625970013e+00
1.703105590062111707e+00
1.653184790506175839e+00
1.707684824902723664e+00
1.717813051146384495e+00
1.708312342569269449e+00
1.666424418604651070e+00
1.716824933041149359e+00
1.713288456743954136e+00
1.719530469530469619e+00
1.717293233082706871e+00
1.763374485596707730e+00
1.728286232823437851e+00
1.694818136522172392e+00
1.735191637630661976e+00
1.698432445882060104e+00
1.728788255785021155e+00
1.744816995136933668e+00
1.742923915866008810e+00
1.740354535974973915e+00
1.731529656607700307e+00
1.686619718309859239e+00
1.740272865083375420e+00
1.773629864972200210e+00
1.773579777113345912e+00
1.773009446693657232e+00
1.745560561887092410e+00
1.708365310821181815e+00
1.724181360201511248e+00
1.723997970573313054e+00
1.745832264683252033e+00
1.718630207002300070e+00
1.721872640322174686e+00
1.690701143709597121e+00
1.754559270516717229e+00
1.714948453608247325e+00
1.714141922496225545e+00
1.753095975232198178e+00
1.736732026143790852e+00
1.725631768953068690e+00
1.677995534606797401e+00
1.693037974683544222e+00
1.686327077747989289e+00
1.680057733942747156e+00
1.718680777750430710e+00
1.757731958762886570e+00
1.780559254327563234e+00
1.752722443559096899e+00
1.714140127388535051e+00
1.736868559939683365e+00
1.704176044011002755e+00
1.711500493583415494e+00
1.727204030226700215e+00
1.736908998474834709e+00
1.713961693548387011e+00
1.742697485394970824e+00
1.717357910906297969e+00
1.730223123732251622e+00
1.726439123790117103e+00
1.743497295905227951e+00
1.729198966408268756e+00
1.727854582693292285e+00
1.726993078697769857e+00
1.760852612425266361e+00
1.775325711247008664e+00
1.663249999999999895e+00
1.698058950395398892e+00
1.673786407766990392e+00
1.725320829220138297e+00
1.750387997930677786e+00
1.738893219017926706e+00
1.763370727889381762e+00
1.759313077939233860e+00
1.726898326898326896e+00
1.743018191135024431e+00
1.746697746697746689e+00
1.705108750632271075e+00
1.772843942505133441e+00
1.772000000000000020e+00
1.792396872472364455e+00
1.769251553634152874e+00
1.736663179916317912e+00
1.731381612737544984e+00
1.738040419544640613e+00
1.696886674968866693e+00
1.707412862052037239e+00
1.748798380976473554e+00
1.697914048755968741e+00
1.709251101321585864e+00
1.743222891566265087e+00
1.788275320596702356e+00
1.777569593147751537e+00
1.706167176350662507e+00
1.685149469623915097e+00
1.770739064856711842e+00
1.694479455507940546e+00
1.732331937946318678e+00
1.710624533466036379e+00
1.691445283938581623e+00
1.693941588221095751e+00
1.750749250749250807e+00
1.721770091556459770e+00
1.732160804020100420e+00
1.726106639839034118e+00
1.775515463917525683e+00
1.717054263565891414e+00
1.734138972809667667e+00
1.718142821095129946e+00
1.750955901096099998e+00
1.760073260073260037e+00
1.694675750693918737e+00
1.668654580152671763e+00
1.722154816792040855e+00
1.705399353072903690e+00
1.727047760455332925e+00
1.709868909225822353e+00
1.687152189692717075e+00
1.715018315018314921e+00
1.716055500495540231e+00
1.697594501718213023e+00
1.690759155954402182e+00
1.757820383451059509e+00
1.736068111455108420e+00
1.750642673521850989e+00
1.681908548707753415e+00
1.761642463695543226e+00
1.737209302325581461e+00
1.728658536585365946e+00
1.729040404040403933e+00
1.708291708291708400e+00
1.788214101904271658e+00
1.802935580320739417e+00
1.738177014531043563e+00
1.713570355533299949e+00
1.732022891266484121e+00
1.738209331651954681e+00
1.684907975460122609e+00
1.719153078607933871e+00
1.759014728288471385e+00
1.745304862361718445e+00
1.757778349190023182e+00
1.783355350066050171e+00
1.736512900703674811e+00
1.736534552845528490e+00
1.702333664349553022e+00
1.689696969696969697e+00
1.649835603569751008e+00
1.694418386491557182e+00
1.676096859266362982e+00
1.680113906027527193e+00
1.774338492261607669e+00
1.798541722927356146e+00
1.756058588548601973e+00
1.765169424743892934e+00
1.747123430962343127e+00
1.739175257731958801e+00
1.754013464526152255e+00
1.709800918836140937e+00
1.741105223315669859e+00
1.692576855786053436e+00
1.724993794986348972e+00
1.767954368680321409e+00
1.769271948608136968e+00
1.710724487146195738e+00
1.713390170511534638e+00
1.724268415741674998e+00
1.720364741641337458e+00
1.766398755509463347e+00
1.784552845528455389e+00
1.794716565767749072e+00
1.776444929116684834e+00
1.737874370527431767e+00
1.682951397632838075e+00
1.745362134688691169e+00
1.681552905353971061e+00
1.727409261576971167e+00
1.755777310924369727e+00
1.703056768558951939e+00
1.726605968639352451e+00
1.764415584415584437e+00
1.715716486902927551e+00
1.748984771573603991e+00
1.780000000000000027e+00
1.698844672657252808e+00
1.705809641532756382e+00
1.735338725985844377e+00
1.750389610389610384e+00
1.748632456368846011e+00
1.754947916666666607e+00
1.749018581523161586e+00
1.734842570908144754e+00
1.687246963562752944e+00
1.680136319376825726e+00
1.721384425216316405e+00
1.728727457454914962e+00
1.723053512553893052e+00
1.766847405112315972e+00
1.680050188205771677e+00
1.740064181683534938e+00
1.670518809933611903e+00
1.734008397135095025e+00
1.716611549224116073e+00
1.764047866805410925e+00
1.751124041258926178e+00
1.829288472145615074e+00
1.749169435215946811e+00
1.802284471036170732e+00
1.799663299663299743e+00
1.699999999999999956e+00
1.737764039155074602e+00
1.720365535248041811e+00
1.713174273858921071e+00
1.710985626283367589e+00
1.722121604139715378e+00
1.721413721413721509e+00
1.744887257472469866e+00
1.758124667021843335e+00
1.763150795791745384e+00
1.743131501733795607e+00
1.769168900804289457e+00
1.711675933280381257e+00
1.731788931788931896e+00
1.794933980059283174e+00
1.788472299944040333e+00
1.760625171373731757e+00
1.787962451684152354e+00
1.760198456449834525e+00
1.743603555076757239e+00
1.761482675261885511e+00
1.739130434782608647e+00
1.781956936494957677e+00
1.702059374164214933e+00
1.690427698574338056e+00
1.650049358341559635e+00
1.635928143712574778e+00
1.683349609375000000e+00
1.684368737474949862e+00
1.733436055469953718e+00
1.730657512542910004e+00
1.761713520749665252e+00
1.738325281803542621e+00
1.733087654645959486e+00
1.724317295188556587e+00
1.761399787910922665e+00
1.774325429272281207e+00
1.790594744121715154e+00
1.739177198171551586e+00
1.747371188222923255e+00
1.743285939968404419e+00
1.705761843790012833e+00
1.698503740648378946e+00
1.734979633401221966e+00
1.750851454021482789e+00
1.675935288169868587e+00
1.733148893360160869e+00
1.710573707229225526e+00
1.718014329580348054e+00
1.733489339573582866e+00
1.705442352334278988e+00
1.716109267296400231e+00
1.705354855239559209e+00
1.702326757713707561e+00
1.673474470734744646e+00
1.708624127617148547e+00
1.676448457486832133e+00
1.761793675479523147e+00
1.745899435332078475e+00
1.759806555615260670e+00
1.717684377478191804e+00
1.722480620155038666e+00
1.732339089481946592e+00
1.705134854771784170e+00
1.715506083354905620e+00
1.742917659518136153e+00
1.735254870563117224e+00
1.766296997565593774e+00
1.758818703855619336e+00
1.727947019867549727e+00
1.669849246231155826e+00
1.767203888462522299e+00
1.752303523035230404e+00
1.790238552234713509e+00
1.741917957076881240e+00
1.720365535248041811e+00
1.710424710424710337e+00
1.726386036960985582e+00
1.742120343839541619e+00
1.784408602150537648e+00
1.736573576799140817e+00
1.741020301926080149e+00
1.785101822079314005e+00
1.759568733153638709e+00
1.783842204809510834e+00
1.757812500000000000e+00
1.737864077669902807e+00
1.694833290913718482e+00
1.735264227642276502e+00
1.753431890179514285e+00
1.804174677286459749e+00
1.757767390706626243e+00
1.761137949543746695e+00
1.695854922279792731e+00
1.697882938978829470e+00
1.748068006182380119e+00
1.719480519480519387e+00
1.756129368805425139e+00
1.776817076465819989e+00
1.808356545961002704e+00
1.717928073000536848e+00
1.753957954840384081e+00
1.733699921445404524e+00
1.738736406007250102e+00
1.698801326192297845e+00
1.670749632533071960e+00
1.730692575984055903e+00
1.712128966223132043e+00
1.753360910031023678e+00
1.727106227106227188e+00
1.757528148730034045e+00
1.774289580514208486e+00
1.783843396746622512e+00
1.713490591041611388e+00
1.716879795396419439e+00
1.783805239481344174e+00
1.747181964573268909e+00
1.705882352941176405e+00
1.727667177131189336e+00
1.704469987228607986e+00
1.718527918781725949e+00
1.710170787662503189e+00
1.745841995841995953e+00
1.730071033938437308e+00
1.706213244694451570e+00
1.742167437082691395e+00
1.684638860630722323e+00
1.735211982736735159e+00
1.719679337988104573e+00
1.704839118317709623e+00
1.732415902140672870e+00
1.754961630060862587e+00
1.788931090613130825e+00
1.743451255738590389e+00
1.709194214876033069e+00
1.707378494082095299e+00
1.714321482223335025e+00
1.672888015717092447e+00
1.802675585284280846e+00
1.752217145928513853e+00
1.743302990897269256e+00
1.727576458493960354e+00
1.701481295505899993e+00
1.718218218218218185e+00
1.726855394032134727e+00
1.699471432167128038e+00
1.772129032258064507e+00
1.755364806866952732e+00
1.681679389312977113e+00
1.685090909090909195e+00
1.671380632790028686e+00
1.756146014402781175e+00
1.746621621621621712e+00
1.755001299038711382e+00
1.681897627965043718e+00
1.743266617247343664e+00
1.760567010309278313e+00
1.684577114427860733e+00
1.741967375185368372e+00
1.728170083523158596e+00
1.666260657734470074e+00
1.667760844079718696e+00
1.701001430615164622e+00
1.745932415519399150e+00
1.775553213909378369e+00
1.787459283387622166e+00
1.761421319796954377e+00
1.675256442331748863e+00
1.712442171901631394e+00
1.793067500651550628e+00
1.749668522938212734e+00
1.860843207495177731e+00
1.808902750212645349e+00
1.772924579489961960e+00
1.804418985270049181e+00
1.791114790286975733e+00
1.721169036334913027e+00
1.735361800051137715e+00
1.696649029982363333e+00
1.751659009698826042e+00
1.734170591313448417e+00
1.739811912225705415e+00
1.700999231360492026e+00
1.719746835443038080e+00
1.690338770388958523e+00
1.704534130543099213e+00
1.715556685307574991e+00
1.712353241449719343e+00
1.730490956072351372e+00
1.728672058439864267e+00
1.697775504985937101e+00
1.703432609793033903e+00
1.688995215311004827e+00
1.714904458598726089e+00
1.789516129032258096e+00
1.715167785234899434e+00
1.723782530275702163e+00
1.717475980264866253e+00
1.740015661707126071e+00
1.790073230268510951e+00
1.754587784168720965e+00
1.802917698871456142e+00
1.717321140398063495e+00
1.739367219917012486e+00
1.710777978805892996e+00
1.753878516960294398e+00
1.687679083094555832e+00
1.698284561049445029e+00
1.716976264189886470e+00
1.697507067591878638e+00
1.756200527704485426e+00
1.724304068522483968e+00
1.735239608154619972e+00
1.724419831223628741e+00
1.677641653905053598e+00
1.700854700854700807e+00
1.743603133159268959e+00
1.724238410596026450e+00
1.725987961266684190e+00
1.699069286452947303e+00
1.728857663283892787e+00
1.712860892388451406e+00
1.699922460584130324e+00
1.676747141041931455e+00
1.726802791418971417e+00
1.753173102889548973e+00
1.764900662251655650e+00
1.729479138260158200e+00
1.733065595716198226e+00
1.739434724091520890e+00
1.677444589308995981e+00
1.684357541899441424e+00
1.710341234696535651e+00
1.759978130125751772e+00
1.717397298042459441e+00
1.727223864552539734e+00
1.727566693613581172e+00
1.720773985487772162e+00
1.746619794483504684e+00
1.789711701526286003e+00
1.756070016939582201e+00
1.765607580824972045e+00
1.741846323935876129e+00
1.778674832962138019e+00
1.736725663716814250e+00
1.725380304243394614e+00
1.836338028169014036e+00
1.796884185773074627e+00
1.728354080221300215e+00
1.727903871829105542e+00
1.711980957418672400e+00
1.739696889125232682e+00
1.721525740197386023e+00
1.753020134228187921e+00
1.762324428532084930e+00
1.780814277746793017e+00
1.790245277699464399e+00
1.783262411347517729e+00
1.701403887688984984e+00
1.750726168471085309e+00
1.746883468834688369e+00
1.727613941018766752e+00
1.748661670235545973e+00
1.726470588235294201e+00
1.796540362438220795e+00
1.722967424035039663e+00
1.697932816537467637e+00
1.751302083333333259e+00
1.721752903907074916e+00
1.714914552045572194e+00
1.756091101694915224e+00
1.688657105606258257e+00
1.676521739130434785e+00
1.739431206764027626e+00
1.738657468824621910e+00
1.731803797468354444e+00
1.749068653539116447e+00
1.748324845885821599e+00
1.697970863683662790e+00
1.672306543916397104e+00
1.682492581602373916e+00
1.692559074912016071e+00
1.706527281998980072e+00
1.765254463096189719e+00
1.746113989637305686e+00
1.737827715355805269e+00
1.754909873553941457e+00
1.723285486443381087e+00
1.717030114226375970e+00
1.674924165824064781e+00
1.744324045407636747e+00
1.705789887346083278e+00
1.704113110539845710e+00
1.760806152214266840e+00
1.741865509761388209e+00
1.753804347826086962e+00
1.752253482655012240e+00
1.725348338692390238e+00
1.763626551538046483e+00
1.722207195022991577e+00
1.780180673419107684e+00
1.702688026065707350e+00
1.698785843451304567e+00
1.729559748427673016e+00
1.704377637130801704e+00
1.756025709694697401e+00
1.783482142857142794e+00
1.806025824964131887e+00
1.757498585172609040e+00
1.803500846979107841e+00
1.727750138197899465e+00
1.754880694143166942e+00
1.745275267050123258e+00
1.808703023452952863e+00
1.780686445607911672e+00
1.734540389972144769e+00
1.718313641245972079e+00
1.769887145609688961e+00
1.724972497249724901e+00
1.768103924820342732e+00
1.714522363335173827e+00
1.664388961892246943e+00
1.667346938775510212e+00
1.689896373056994916e+00
1.731456415809420779e+00
1.800576368876080746e+00
1.748910200523103642e+00
1.724185917060951923e+00
1.677074993327995811e+00
1.749593054801953373e+00
1.764387464387464410e+00
1.777197563098346311e+00
1.837435429960498245e+00
1.771480253240880209e+00
1.702876291538676368e+00
1.662317327766179575e+00
1.732484076433121079e+00
1.692224622030237491e+00
1.740092921563268558e+00
1.723231758456807317e+00
1.735648277793335303e+00
1.760160274756725762e+00
