3.333333333333333148e-01
1.043478260869565188e+00
1.769230769230769162e+00
2.171615008156607018e+00
2.303518440016956159e+00
2.377033937703393551e+00
2.505289672544080748e+00
2.454922279792746131e+00
2.501293326435592324e+00
2.397274103987884875e+00
2.477022977022977024e+00
2.455526992287917931e+00
2.506453278265358797e+00
2.490052356020942437e+00
2.530773277222514661e+00
2.528969957081545150e+00
2.612956810631229310e+00
2.596819988642816490e+00
2.508762322015333890e+00
2.416326530612245005e+00
2.530591259640103008e+00
2.448544698544698583e+00
2.553125000000000089e+00
2.558533916849015100e+00
2.719533527696793129e+00
2.584164222873900130e+00
2.700466200466200561e+00
2.549450549450549275e+00
2.661538461538461409e+00
2.629325513196481001e+00
2.655294117647058805e+00
2.581786542923433903e+00
2.540645879732739587e+00
2.662263067202756961e+00
2.534512264689104288e+00
2.684695051783659192e+00
2.591524426133019254e+00
2.381675392670157265e+00
2.585467851542080364e+00
2.512637362637362592e+00
2.602102933038184851e+00
2.443548387096774022e+00
2.410218253968253954e+00
2.439565860878145198e+00
2.468386444107233402e+00
2.534067085953878529e+00
2.449373695198330037e+00
2.570374275171323220e+00
2.631341600901916600e+00
2.429721030042918617e+00
2.372775372775372649e+00
2.493827160493827133e+00
2.489141675284384903e+00
2.525078369905956244e+00
2.371015936254980083e+00
2.383677298311444481e+00
2.497527200791295865e+00
2.407960199004975266e+00
2.539626451287228637e+00
2.535466666666666757e+00
2.461025641025640809e+00
2.465474416294088478e+00
2.482187656798795938e+00
2.474949899799599340e+00
2.520060944641950407e+00
2.459514170040485670e+00
2.499248873309964925e+00
2.455410821643286390e+00
2.403085824493731870e+00
2.556504269211451685e+00
2.439061703212646481e+00
2.406054781355117633e+00
2.455647115850702722e+00
2.572684945680289825e+00
2.535656836461126051e+00
2.474663908996897810e+00
2.557982319292771756e+00
2.496091714434601538e+00
2.447276361819090251e+00
2.507049345417925679e+00
2.403751233958538958e+00
2.486090775988286872e+00
2.451451451451451380e+00
2.517802644964394876e+00
2.601300108342361916e+00
2.385086823289070512e+00
2.407582938388625582e+00
2.579784504874294448e+00
2.483086680761099174e+00
2.645213628988642540e+00
2.458911419423692735e+00
2.522463402322059345e+00
2.586390217969165128e+00
2.537145911277391974e+00
2.476702508960573645e+00
2.563212435233160669e+00
2.571122994652406568e+00
2.503664921465968529e+00
2.474371859296482512e+00
2.428919182083739248e+00
2.502202643171806073e+00
2.553104155977424128e+00
2.556079664570230392e+00
2.461035696329814115e+00
2.533466533466533388e+00
2.428009828009828119e+00
2.518518518518518601e+00
2.473605577689243162e+00
2.582395087001023715e+00
2.464961636828644664e+00
2.363593823116518333e+00
2.513849092645654260e+00
2.531218014329580157e+00
2.492907801418439817e+00
2.615141955835962317e+00
2.473135106937923933e+00
2.558927668184117543e+00
2.469635627530364363e+00
2.547064777327935126e+00
2.585970464135021185e+00
2.505949301603724866e+00
2.499253359880537761e+00
2.426371511068334819e+00
2.432139491046182656e+00
2.513909224011713128e+00
2.584107327141382804e+00
2.601599999999999913e+00
2.680155210643015540e+00
2.641816143497758063e+00
2.530471648118707062e+00
2.499749874937468697e+00
2.402566539923954192e+00
2.544797687861271474e+00
2.484772840738891819e+00
2.548019801980197840e+00
2.564663951120162988e+00
2.534552845528455389e+00
2.514442231075697087e+00
2.573090541224076766e+00
2.559034907597535824e+00
2.394157088122605526e+00
2.473463687150838197e+00
2.471996170416467020e+00
2.507789678675754530e+00
2.438283510125361708e+00
2.514009661835748588e+00
2.552472250252270314e+00
2.548780487804878092e+00
2.608740894901144802e+00
2.505646817248460057e+00
2.592987804878048586e+00
2.532440782698249127e+00
2.427255092143549842e+00
2.560710760118459994e+00
2.416216216216216406e+00
2.461174242424242209e+00
2.583715012722646254e+00
2.547468354430379556e+00
2.569487983281086851e+00
2.495656617271333477e+00
2.522635814889336192e+00
2.544336237826755553e+00
2.620246384574183018e+00
2.531200000000000117e+00
2.463279678068410306e+00
2.456183057448880103e+00
2.438369304556355033e+00
2.515954835542464352e+00
2.472456575682381974e+00
2.556835252879318787e+00
2.598950131233595862e+00
2.470977596741344318e+00
2.409284699194694568e+00
2.560606060606060552e+00
2.424616905585763593e+00
2.434518241347053191e+00
2.629817444219066935e+00
2.440081591024987340e+00
2.543392504930966691e+00
2.558581706063720596e+00
2.531393568147013884e+00
2.578839239856189014e+00
2.486676721970839665e+00
2.447976878612716956e+00
2.346259124087591186e+00
2.488662656177695442e+00
2.461724806201550209e+00
2.488215488215488325e+00
2.397685185185185031e+00
2.391073795846221817e+00
2.337925096857512042e+00
2.408597481545809771e+00
2.485396383866481429e+00
2.374199451052150245e+00
2.494722349701698150e+00
2.548053228191227149e+00
2.398016997167138786e+00
2.472552607502287447e+00
2.581175298804780915e+00
2.386724386724386804e+00
2.457011494252873351e+00
2.613407258064516014e+00
2.540104166666666607e+00
2.493525896414342746e+00
2.509891196834816984e+00
2.491358024691357809e+00
2.512884043607532369e+00
2.412918660287081352e+00
2.421438387540082449e+00
2.486550259556394415e+00
2.561746987951807331e+00
2.498740554156171356e+00
2.373432419879238253e+00
2.520804114071996338e+00
2.512122711528946173e+00
2.520615996025832306e+00
2.477854330708661568e+00
2.545680238331678336e+00
2.571207430340557210e+00
2.511190233977619535e+00
2.471253071253071365e+00
2.510263929618768319e+00
2.478345498783455003e+00
2.572069825436408941e+00
2.432631063204311772e+00
2.495491219743711575e+00
2.568982880161128080e+00
2.588143525741029460e+00
2.477284073889166383e+00
2.582751744765702906e+00
2.530995934959349380e+00
2.458817829457364379e+00
2.545588235294117485e+00
2.594412829798240949e+00
2.547101449275362306e+00
2.542972699696663508e+00
2.521521521521521425e+00
2.599175682637815399e+00
2.637386181039099942e+00
2.509580528223718243e+00
2.575757575757575690e+00
2.465185185185185368e+00
2.490960989533777425e+00
2.468675274988044066e+00
2.485999050783104014e+00
2.447181430601610419e+00
2.528073572120038914e+00
2.380639097744360999e+00
2.479041916167664450e+00
2.478636581853096654e+00
2.474689589302769832e+00
2.415348837209302157e+00
2.603027343750000000e+00
2.549405069839627558e+00
2.587628865979381576e+00
2.450324513230154988e+00
2.563082965144821035e+00
2.503015075376884280e+00
2.484011627906976827e+00
2.511111111111111072e+00
2.505859375000000000e+00
2.433443865466603295e+00
2.516499282639885315e+00
2.439903846153846256e+00
2.620412267471091017e+00
2.527995813710099515e+00
2.431773879142300032e+00
2.598102845731403043e+00
2.652078774617067758e+00
2.541711229946523876e+00
2.558199689601655447e+00
2.564315352697095651e+00
2.372407139411480959e+00
2.578003875968992276e+00
2.562009419152276202e+00
2.489190548014077464e+00
2.458132820019249376e+00
2.396296296296296369e+00
2.521863117870722260e+00
2.549974632166413180e+00
2.477694235588972393e+00
2.537731134432783531e+00
2.578974895397489586e+00
2.565171503957783816e+00
2.591437632135306757e+00
2.553983228511530257e+00
2.528776978417266008e+00
2.529974811083123498e+00
2.412500000000000089e+00
2.486078338839075030e+00
2.490004875670404516e+00
2.451798561151079081e+00
2.342651036970243350e+00
2.415595923792645205e+00
2.429032258064516281e+00
2.508813720819437876e+00
2.556949322629202381e+00
2.618143459915611704e+00
2.502330398757120822e+00
2.447992259313013896e+00
2.478219243657252324e+00
2.482623592755751396e+00
2.610108303249097261e+00
2.425617750882501422e+00
2.630005068423720171e+00
2.640132669983416225e+00
2.579202586206896353e+00
2.495661051556916643e+00
2.560265577119509750e+00
2.550596782563570475e+00
2.525345622119815836e+00
2.521761133603238836e+00
2.490019960079840278e+00
2.506454816285998088e+00
2.561412487205732003e+00
2.555265901981230492e+00
2.518329938900203846e+00
2.543478260869565410e+00
2.519979767324228792e+00
2.396190476190476204e+00
2.571774975751697223e+00
2.464143426294820749e+00
2.464949928469241769e+00
2.563988095238095344e+00
2.466334164588528832e+00
2.433523266856600031e+00
2.524709302325581550e+00
2.642631578947368443e+00
2.480699948533195975e+00
2.580531861515303671e+00
2.600632244467861121e+00
2.566334556895647712e+00
2.406007751937984551e+00
2.496732026143790861e+00
2.459213051823416318e+00
2.594771241830065467e+00
2.608440170940170777e+00
2.573700954400848229e+00
2.507944643772424431e+00
2.528908999497234689e+00
2.558401639344262346e+00
2.509453244762391400e+00
2.422705314009661937e+00
2.476258992805755454e+00
2.540975364504776124e+00
2.579113924050632889e+00
2.543144520910534556e+00
2.512648425400103136e+00
2.556312205343111543e+00
2.368003962357602799e+00
2.535749265426052723e+00
2.563790365272630822e+00
2.570362473347548082e+00
2.573340471092077308e+00
2.524934383202099841e+00
2.508969759097898322e+00
2.485063291139240516e+00
2.413424124513618541e+00
2.420037629350893837e+00
2.489125181246979235e+00
2.535297105129507234e+00
2.558224543080939828e+00
2.591489361702127514e+00
2.471620227038183515e+00
2.432261208576997902e+00
2.470131131617289810e+00
2.458517427589592685e+00
2.497262319561971200e+00
2.487682252388134785e+00
2.422157149829184952e+00
2.460355598270062671e+00
2.512207274539113300e+00
2.629550321199143337e+00
2.570184983677910928e+00
2.632208922742111046e+00
2.508528784648187848e+00
2.572840790842871872e+00
2.593394694098538178e+00
2.574225122349102612e+00
2.635157545605306684e+00
2.545355191256830629e+00
2.493264248704663011e+00
2.497950819672130951e+00
2.368421052631578760e+00
2.468464130958112790e+00
2.388699464198733580e+00
2.611338100102145177e+00
2.619047619047619069e+00
2.577519379844961378e+00
2.494742376445846510e+00
2.530506721820061866e+00
2.480452674897119181e+00
2.493683678625568501e+00
2.539453326456936555e+00
2.528675703858185742e+00
2.457013574660633637e+00
2.493538767395626188e+00
2.481444332998997027e+00
2.460089241447694697e+00
2.609448818897637690e+00
2.475887652358240487e+00
2.471032745591939417e+00
2.481388329979879348e+00
2.376867469879518247e+00
2.478386167146974017e+00
2.462612163509471763e+00
2.399903753609239576e+00
2.423222748815165861e+00
2.494309747649678499e+00
2.559517566858940718e+00
2.509958071278826086e+00
2.349206349206349298e+00
2.519688867282450229e+00
2.489438433797011907e+00
2.419673751853682830e+00
2.481317600786627331e+00
2.419576979832759545e+00
2.476213830308974906e+00
2.479555779909136781e+00
2.422716049382716008e+00
2.448360254527655488e+00
2.425771680548750808e+00
2.448039215686274694e+00
2.450941526263627157e+00
2.439744220363994298e+00
2.427458617332034940e+00
2.435271128480703595e+00
2.523640061006608981e+00
2.445807770961144989e+00
2.501768569984840873e+00
2.547418335089568053e+00
2.656582633053221176e+00
2.513289036544850585e+00
2.551742627345844561e+00
2.590859030837004529e+00
2.556780595369349651e+00
2.524318546231961502e+00
2.673900946021146474e+00
2.430851063829787329e+00
2.577630234933605546e+00
2.565053763440860113e+00
2.393196598299149436e+00
2.469153515064562487e+00
2.540800810947795085e+00
2.478393492628367945e+00
2.465618860510805366e+00
2.451160541586073549e+00
2.488997555012224971e+00
2.596482152095188844e+00
2.529164477141355949e+00
2.500254194204372116e+00
2.505787619526925081e+00
2.499748617395676220e+00
2.641649048625792862e+00
2.475564897530215358e+00
2.535750251762336482e+00
2.486734693877551194e+00
2.428501708150317295e+00
2.325011348161597713e+00
2.505193578847969782e+00
2.547532467532467315e+00
2.563869588455371495e+00
2.549303322615219525e+00
2.601634877384196187e+00
2.434396236278097092e+00
2.548106448311156402e+00
2.444102564102564212e+00
2.364543726235741605e+00
2.427491733585262157e+00
2.265880217785844142e+00
2.465987968533086327e+00
2.472516389309127760e+00
2.424888448190381851e+00
2.495472837022132850e+00
2.442317380352645007e+00
2.422384428223844477e+00
2.500748876684972366e+00
2.602467811158798217e+00
2.591666666666666785e+00
2.558050383351587964e+00
2.598342541436464259e+00
2.718566392479436100e+00
2.588719153936545059e+00
2.760622381807301018e+00
2.740177439797211623e+00
2.725796377264209980e+00
2.621702637889688159e+00
2.528239202657807105e+00
2.583333333333333481e+00
2.466983623877443410e+00
2.635040431266846284e+00
2.430533544638140420e+00
2.638286620835536667e+00
2.560177481974486913e+00
2.641857862339116014e+00
2.597150997150996954e+00
2.465498938428874798e+00
2.578669482576557481e+00
2.563706563706563912e+00
2.508923742563547776e+00
2.449275362318840799e+00
2.484069886947584571e+00
2.406045340050377845e+00
2.397771317829457516e+00
2.557157569515962958e+00
2.440651260504201669e+00
2.492339121552604730e+00
2.510493179433368471e+00
2.635809312638580870e+00
2.460784313725490335e+00
2.468813905930470565e+00
2.512618296529968376e+00
2.617187500000000000e+00
2.606624055781522564e+00
2.557441992076966653e+00
2.536343612334801545e+00
2.541826134499726830e+00
2.472386058981233425e+00
2.620708748615725447e+00
2.486980609418282473e+00
2.612097669256381760e+00
2.512762336925694839e+00
2.541189307146753951e+00
2.643184421534936934e+00
2.594356261022927601e+00
2.570857142857142730e+00
2.467101685698749325e+00
2.430327868852458995e+00
2.425113464447806511e+00
2.533648790746582335e+00
2.466986155484558019e+00
2.550483351235230955e+00
2.435816164817749652e+00
2.595341278439870170e+00
2.515185601799775128e+00
2.543358946212952887e+00
2.527854384997242132e+00
2.540720221606648010e+00
2.546875000000000000e+00
2.519933554817275656e+00
2.508178844056706769e+00
2.668396770472895252e+00
2.578791469194313013e+00
2.620850320326150396e+00
2.566878980891719841e+00
2.451630434782608781e+00
2.560283687943262443e+00
2.545300113250283047e+00
2.529904974846282961e+00
2.566760563380281912e+00
2.570686670513560479e+00
2.505624296962879693e+00
2.541620421753607140e+00
2.480044345898004376e+00
2.538674033149171283e+00
2.516347237880495857e+00
2.488410596026489952e+00
2.458085451595457105e+00
2.534741523068371194e+00
2.350642398286937773e+00
2.466283324621014295e+00
2.450495049504950451e+00
2.576436781609195315e+00
2.516934046345811193e+00
2.308064516129032295e+00
2.455212152959664884e+00
2.424325811777655382e+00
2.431607629427793071e+00
2.394495412844036775e+00
2.599769982748706187e+00
2.554261189454322345e+00
2.529341317365269681e+00
2.452733485193621998e+00
2.536223616657159230e+00
2.581644815256257441e+00
2.487179487179487225e+00
2.424424972617743812e+00
2.503593145384189977e+00
2.588270142180094879e+00
2.462352941176470633e+00
2.376811594202898448e+00
2.501899077590884257e+00
2.555295494441193860e+00
2.455479452054794454e+00
2.419407008086253530e+00
2.451664876476906674e+00
2.472267984623833126e+00
2.582132564841498557e+00
2.510263929618768319e+00
2.497724687144482481e+00
2.388858842617631151e+00
2.515760869565217384e+00
2.453116226838854441e+00
2.523702031602709006e+00
2.518561484918793614e+00
2.499135446685878836e+00
2.613038277511961827e+00
2.619647355163727820e+00
2.617034700315457485e+00
2.478417266187050494e+00
2.542224810716365635e+00
2.402356902356902246e+00
2.473194748358862327e+00
2.415198237885462618e+00
2.505005561735261566e+00
2.678571428571428381e+00
2.540251572327044016e+00
2.571602681291895287e+00
2.548623853211009038e+00
2.448055716773070323e+00
2.592136150234741976e+00
2.533738601823708247e+00
2.400112233445566901e+00
2.506057268722467146e+00
2.503155479059093302e+00
2.468397291196388288e+00
2.505656108597285048e+00
2.463235294117647189e+00
2.618850029638411403e+00
2.665164198325820966e+00
2.465172622652937573e+00
2.484251968503937036e+00
2.552754982415005980e+00
2.551413108839446942e+00
2.480633802816901490e+00
2.390848952590959087e+00
2.551391254968767619e+00
2.627732667083073181e+00
2.525444512568975952e+00
2.528445747800586396e+00
2.514235909355026166e+00
2.410227904391328391e+00
2.669411764705882373e+00
2.586887332908974990e+00
2.475516224188790471e+00
2.335820895522388252e+00
2.446024223275407916e+00
2.510770975056689558e+00
2.500000000000000000e+00
2.448081264108352251e+00
2.542412002308136021e+00
2.435808865860679351e+00
2.599527466036621437e+00
2.463473053892215603e+00
2.484813753581661899e+00
2.476825028968713927e+00
2.511033681765388881e+00
2.509700176366842950e+00
2.498249708284713932e+00
2.437464306110793899e+00
2.555166374781085992e+00
2.472684085510688856e+00
2.577363034316676682e+00
2.590566037735849036e+00
2.467188440698374396e+00
2.443059490084985796e+00
2.417222222222222161e+00
2.437082405345211367e+00
2.478012564249000516e+00
2.489187609585037819e+00
2.370641169853768382e+00
2.585964912280701800e+00
2.438405797101449224e+00
2.389755011135857643e+00
2.577803875513799081e+00
2.351382488479262456e+00
2.523648648648648685e+00
2.423277359583091872e+00
2.404800872885979324e+00
2.478114478114477937e+00
2.452830188679245182e+00
2.522898550724637534e+00
2.403659233847913246e+00
2.384407146724417892e+00
2.324621014113957163e+00
2.494493392070484372e+00
2.556159420289854989e+00
2.570093457943925408e+00
2.439285714285714501e+00
2.379690949227373231e+00
2.456570155902004338e+00
2.597205346294046091e+00
2.548407245471580040e+00
2.480906921241050167e+00
2.398873239436619897e+00
2.435261707988980895e+00
2.512585812356979531e+00
2.507964601769911539e+00
2.506993006993007089e+00
2.537426900584795142e+00
2.530563798219584548e+00
2.530106257378984758e+00
2.651824366110080433e+00
2.464135021097046518e+00
2.411764705882352811e+00
2.440696409140370005e+00
2.550115207373271797e+00
2.562801932367149593e+00
2.494693396226415061e+00
2.492227979274611371e+00
2.446569178852643578e+00
2.494915254237288327e+00
2.430095451993262046e+00
2.482253521126760454e+00
2.456059735784032139e+00
2.519698725376593451e+00
2.547362110311750527e+00
2.594661700806952354e+00
2.512345679012345734e+00
2.582356570018506936e+00
2.460558252427184289e+00
2.655021834061135344e+00
2.655359565807327016e+00
2.402093596059113434e+00
2.539094650205761194e+00
2.525046382189239491e+00
2.563354037267080887e+00
2.577240940877304709e+00
2.548223350253806974e+00
2.543341708542713686e+00
2.545624999999999805e+00
2.496947496947496958e+00
2.607731305449936698e+00
2.493968253968254167e+00
2.505803298717165450e+00
2.524923076923077048e+00
2.544883866917765136e+00
2.516853932584269593e+00
2.491753207086133237e+00
2.596733668341708601e+00
2.389563106796116720e+00
2.500292911540714869e+00
2.520148791072535754e+00
2.406900654372397419e+00
2.526001195457262316e+00
2.559010152284264095e+00
2.413188142770720024e+00
2.445470282746681878e+00
2.495500899820036089e+00
2.405917159763313773e+00
2.512805241215009033e+00
2.629293583927414080e+00
2.587290969899665338e+00
2.534571062740076819e+00
2.543000627746390574e+00
2.637197118533071372e+00
2.537958115183246210e+00
2.489846153846154042e+00
2.495468277945619207e+00
2.609137055837563501e+00
2.502216592780240667e+00
2.589905362776025122e+00
2.514901712111604404e+00
2.546807191568505768e+00
2.576972010178117056e+00
2.624511082138200724e+00
2.621532364597093601e+00
2.555198973042362098e+00
2.501215066828675671e+00
2.550883607556368116e+00
2.425771971496437196e+00
2.490983129726585421e+00
2.696716033483580244e+00
2.531066056245912410e+00
2.442857142857143060e+00
2.525754884547069423e+00
2.631748071979434389e+00
2.509265175718849772e+00
2.489721886336154988e+00
2.489527229204069325e+00
2.569050554870530245e+00
2.483672211953173115e+00
2.669847328244274731e+00
2.547945205479452024e+00
2.532427424336010091e+00
2.587680703959773787e+00
2.527899686520376221e+00
2.530349478847333078e+00
2.527452190006168831e+00
2.668839634941329919e+00
2.522845953002610830e+00
2.619230769230769251e+00
2.470959595959596022e+00
2.565244279529993676e+00
2.507817385866166315e+00
2.459459459459459651e+00
2.567567567567567544e+00
2.493757802746566998e+00
2.455032757593806014e+00
2.444444444444444642e+00
2.478183962264151052e+00
2.590428837787445815e+00
2.638410596026489863e+00
2.443337484433374840e+00
2.494421608925425637e+00
2.427990708478513504e+00
2.567244471010161178e+00
2.404607206142941322e+00
2.421639709983268052e+00
2.438170525127046684e+00
2.548867699642431539e+00
2.403064230995874961e+00
2.596764529658478260e+00
2.691739422431161710e+00
2.509090909090909260e+00
2.559206447613143087e+00
2.442365721182860661e+00
2.441210710128055794e+00
2.522836538461538325e+00
2.506422018348623659e+00
2.480072463768115743e+00
2.512742718446602019e+00
2.443243243243243157e+00
2.483947681331748036e+00
2.464907018596280697e+00
2.551915945611866299e+00
2.508104738154613322e+00
2.457280385078218998e+00
2.559311616472034423e+00
2.747245179063360965e+00
2.435069215557020605e+00
2.513905683192261264e+00
2.528670447385003239e+00
2.576249188838416693e+00
2.511943189154293155e+00
2.478960396039604053e+00
2.486519607843137081e+00
2.434155141310883952e+00
2.546016059295861833e+00
2.586116568434839724e+00
2.600673400673400693e+00
2.541199736321687386e+00
2.516273133375877435e+00
2.509803921568627416e+00
2.512055837563451632e+00
2.552614590058102095e+00
2.377899877899877890e+00
2.492234169653524400e+00
2.462392108508014932e+00
2.631885936487362354e+00
2.518518518518518601e+00
2.389156626506024228e+00
2.505086774386594772e+00
2.401442307692307487e+00
2.363945578231292366e+00
2.382633053221288488e+00
2.376892877173303553e+00
2.461852067559697321e+00
2.388986526069126981e+00
2.518429003021148027e+00
2.466334164588528832e+00
2.516229712858926160e+00
2.485247959824230968e+00
2.481711097334160065e+00
2.481091134531927977e+00
2.476514215080346304e+00
2.406586826347305585e+00
2.441420118343195167e+00
2.494485294117647189e+00
2.508838383838383645e+00
2.523017902813299074e+00
2.430874147551147058e+00
2.395061728395061706e+00
2.432748538011695771e+00
2.567398119122257238e+00
2.549407114624505866e+00
2.484137055837563501e+00
2.454545454545454586e+00
2.616129032258064591e+00
2.506921555702043669e+00
2.565132858068697175e+00
2.581395348837209447e+00
2.555115511551155016e+00
2.472485768500948922e+00
2.509293680297397966e+00
2.509422110552763652e+00
2.455936352509179965e+00
2.391456992393212300e+00
2.439208842350203632e+00
2.609693877551020336e+00
2.571332886805090201e+00
2.688060731538992609e+00
2.492967180174145980e+00
2.560789306174411362e+00
2.782269503546099365e+00
2.684328358208955212e+00
2.730938416422287407e+00
2.591261451726567966e+00
2.570677186061801400e+00
2.663043478260869623e+00
2.523015343562375001e+00
2.590142671854734235e+00
2.569636963696369847e+00
2.509615384615384581e+00
2.560509554140127264e+00
2.460476787954830602e+00
2.474984930681133122e+00
2.438175270108043247e+00
2.418331374853114113e+00
2.441969519343493378e+00
2.528615384615384709e+00
2.539974619289340207e+00
2.534913516976297299e+00
2.609126984126984183e+00
2.407570977917981025e+00
2.547066014669926659e+00
2.560753736192332486e+00
2.545039164490861427e+00
2.525401929260450373e+00
2.423853211009174391e+00
2.435882352941176610e+00
2.423439340400471043e+00
2.543730886850152917e+00
2.536964980544746950e+00
2.579224194608809917e+00
2.459235668789808926e+00
2.522201375859912442e+00
2.532907348242811718e+00
2.420891875381796066e+00
2.509101941747572617e+00
2.535918626827717848e+00
2.558274307791371438e+00
2.506054811982154185e+00
2.479975354282193400e+00
2.523839009287925705e+00
2.509742300439974816e+00
2.633572828216851569e+00
2.410658307210031381e+00
2.455710955710955545e+00
2.493701259748050347e+00
2.478575739287869784e+00
2.524070688604509449e+00
2.522360248447204967e+00
2.479853479853479925e+00
2.517304189435336959e+00
2.533250466128029732e+00
2.478075517661388449e+00
2.460807600950118967e+00
2.551555826723611808e+00
2.399049881235154391e+00
2.389632107023411223e+00
2.454493742889647390e+00
2.306425041186161540e+00
2.394554191137213017e+00
2.494791666666666519e+00
2.567885926844389211e+00
2.604938271604938294e+00
2.654496281271129021e+00
2.515645371577575062e+00
2.558916194076874540e+00
2.625000000000000000e+00
2.482647814910025730e+00
2.507059545733578698e+00
2.523452157598498946e+00
2.473781616286243157e+00
2.557294927989981037e+00
2.538214515093127677e+00
2.537873965626989303e+00
2.554987212276214947e+00
2.381468110709987762e+00
2.562838244137101817e+00
2.427434170238824240e+00
2.494937462775461690e+00
2.515451174289245806e+00
2.494471744471744579e+00
2.509526736324523721e+00
2.570793650793650631e+00
2.550392670157068054e+00
2.511435832274460100e+00
2.472716125076640292e+00
2.510948905109489093e+00
2.646183699870634065e+00
2.557894736842105221e+00
2.534942820838627764e+00
2.513395638629283280e+00
2.492647058823529438e+00
2.522935779816513957e+00
2.462184873949579966e+00
2.457259953161592403e+00
2.584304107909257908e+00
2.426497277676951114e+00
2.329508196721311375e+00
2.410270270270270299e+00
2.532666274278987828e+00
2.499079189686924440e+00
2.419621749408983558e+00
2.394110985277463133e+00
2.504985337243401666e+00
2.527350952673632634e+00
2.597319719208678990e+00
2.684389911383776361e+00
2.675977653631284703e+00
2.661581137309292799e+00
2.609871534820825012e+00
2.479023168440826375e+00
2.603892027620841265e+00
2.522349936143039706e+00
2.502748930971288921e+00
2.479928100659077206e+00
2.476331360946745441e+00
2.489072652096869565e+00
2.522741055184960501e+00
2.490349819059107350e+00
2.452563347083087653e+00
2.447017950202663439e+00
2.536352800953515896e+00
2.499694935936546791e+00
2.516887816646562026e+00
2.521237864077670032e+00
2.619502868068833479e+00
2.635215946843853629e+00
2.687585266030013464e+00
2.591823056300268213e+00
2.481756338899196113e+00
2.491676575505350932e+00
2.445754716981132226e+00
2.419943019943020079e+00
2.422924901185770530e+00
2.319609967497291425e+00
2.626548672566371589e+00
2.589709762532981685e+00
2.689353099730458219e+00
2.651933701657458453e+00
2.504804612427930621e+00
2.511768255884128109e+00
2.442873969375736198e+00
2.460869565217391308e+00
2.485882352941176432e+00
2.499400479616306736e+00
2.352640545144804030e+00
2.507146941109205329e+00
2.369027058146229159e+00
2.389438943894389489e+00
2.406128133704735550e+00
2.404815229563269874e+00
2.510192195690157391e+00
2.419716646989374276e+00
2.528749259039715369e+00
2.418590882178804247e+00
2.411564625850340260e+00
2.354731599335915693e+00
2.420875420875420847e+00
2.404816513761467878e+00
2.492054149499705495e+00
2.476913730255164037e+00
2.458107293550331640e+00
2.336728919071873189e+00
2.480541455160744313e+00
2.416520210896309528e+00
2.403508771929824483e+00
2.417420814479637858e+00
2.458844133099824969e+00
2.409012131715771332e+00
2.447778418926716881e+00
2.426914153132250451e+00
2.508667065152420772e+00
2.508044554455445496e+00
2.508348794063079978e+00
2.450242718446602019e+00
2.490657022302591894e+00
2.582697201017811750e+00
2.604138851802403121e+00
2.637047163362952862e+00
2.487932159165036072e+00
2.554285714285714270e+00
2.619557937039517892e+00
2.655244755244755339e+00
2.615384615384615419e+00
2.581016949152542317e+00
2.561625582944703439e+00
2.491602067183462665e+00
2.473717146433041414e+00
2.396478445658773548e+00
2.385831381733021228e+00
2.416469194312796276e+00
2.419024683925345975e+00
2.397129186602870998e+00
2.381485849056603765e+00
2.453836930455635557e+00
2.482220835932626546e+00
2.529374201787994991e+00
2.614352783366868049e+00
2.621527777777777679e+00
2.615384615384615419e+00
2.565037852718513367e+00
2.605065023956194548e+00
2.550577053632043345e+00
2.660863509749303635e+00
2.621157969978556324e+00
2.599305555555555536e+00
2.378683385579937415e+00
2.446417998815867190e+00
2.530418250950570158e+00
2.521367521367521292e+00
2.575150300601202424e+00
2.516898608349900535e+00
2.624324324324324387e+00
2.614245416078984530e+00
2.453886693017127918e+00
2.446716232961585913e+00
2.404603270745003130e+00
2.459951456310679685e+00
2.513324873096446588e+00
2.607238605898123396e+00
2.588074023303632565e+00
2.539597315436241676e+00
2.459183673469387710e+00
2.506313131313131493e+00
2.306461173681090493e+00
2.382785956964892371e+00
2.398936170212766061e+00
2.458512599877074489e+00
2.557729941291585263e+00
2.687055476529160547e+00
2.504178272980501330e+00
2.620759837177747631e+00
2.458193979933110285e+00
2.498096446700507567e+00
2.434045226130653106e+00
2.522959183673469497e+00
2.553763440860215006e+00
2.533333333333333215e+00
2.502322495023225013e+00
2.422907488986784319e+00
2.473553204729309396e+00
2.391999999999999904e+00
2.428743961352656910e+00
2.426219512195121997e+00
2.503787878787878896e+00
2.401122894572676358e+00
2.496894409937888248e+00
2.530491803278688501e+00
2.444939528962444264e+00
2.451137062077443307e+00
2.499371069182390048e+00
2.516129032258064502e+00
2.458015267175572394e+00
2.520408163265305923e+00
2.403497813866333654e+00
2.355140186915887668e+00
2.553615960099750559e+00
2.503302509907529672e+00
2.489046391752577136e+00
2.421415153412648902e+00
2.454713493530499058e+00
2.373035066505441382e+00
2.499073502161828220e+00
2.471456061577934626e+00
2.537410540013012472e+00
2.508875739644970349e+00
2.490614886731391753e+00
2.663661581137309220e+00
2.466894197952218537e+00
2.558688524590163826e+00
2.626489138051856909e+00
2.420251489080079477e+00
2.474766355140186835e+00
2.647945205479452113e+00
2.433400946585530633e+00
2.552803129074315613e+00
2.557679180887372006e+00
2.557613168724279795e+00
2.449475065616797842e+00
2.543824701195219085e+00
2.529532967032967150e+00
2.644859813084112332e+00
2.499644128113879038e+00
2.575966850828729449e+00
2.614440433212996240e+00
2.527777777777777679e+00
2.600560616678346371e+00
2.485537190082644621e+00
2.499668654738237183e+00
2.517678452301534531e+00
2.527420446851726510e+00
2.494587280108254479e+00
2.655468191565403924e+00
2.549963530269875989e+00
2.524738675958188239e+00
2.518238128011011767e+00
2.451954937044400484e+00
2.508597883597883715e+00
2.521621621621621401e+00
2.463317911434236507e+00
2.520666666666666611e+00
2.598730606488011130e+00
2.534372785258681926e+00
2.577167019027484240e+00
2.587769784172661680e+00
2.527836504580690757e+00
2.457239057239057445e+00
2.397597977243994816e+00
2.545573770491803334e+00
2.579058327477160795e+00
2.633114514952589413e+00
2.432098765432098908e+00
2.530774321641297231e+00
2.526496902959394220e+00
2.461025982678214596e+00
2.572795625427204413e+00
2.509329647546648445e+00
2.528455284552845406e+00
2.378151260504201669e+00
2.514506769825918919e+00
2.448436460412508175e+00
2.489473684210526283e+00
2.437254901960784093e+00
2.648723257418909682e+00
2.578524470416362124e+00
2.555399719495091038e+00
2.577110956036287703e+00
2.511340206185566970e+00
2.665248226950354571e+00
2.576727272727272755e+00
2.573839662447257481e+00
2.493141289437585950e+00
2.619512195121951326e+00
2.516783216783216925e+00
2.435494433529796776e+00
2.500968366688185895e+00
2.520000000000000018e+00
2.579522184300341081e+00
2.430072225869993385e+00
2.476040353089533408e+00
2.521967213114753914e+00
2.586986301369862851e+00
2.599719101123595610e+00
2.496617050067658994e+00
2.383857054836722167e+00
2.444105070250458311e+00
2.547182175622542566e+00
2.416720674011665793e+00
2.613545816733067628e+00
2.598576512455515797e+00
2.478997289972899587e+00
2.536745406824147064e+00
2.470168612191958601e+00
2.539311241065627112e+00
2.523650899400399883e+00
2.588474576271186489e+00
2.593291404612159123e+00
2.436482084690553940e+00
2.548906048906049104e+00
2.527236045729657210e+00
2.499003322259136350e+00
2.527260638297872397e+00
2.668316831683168466e+00
2.511283497884344129e+00
2.594073053066850321e+00
2.571929824561403510e+00
2.692476260043827452e+00
2.626488095238095344e+00
2.576786978060863209e+00
2.589385474860335101e+00
2.605932203389830448e+00
2.509602194787380114e+00
2.453084832904884216e+00
2.414664202094885859e+00
2.595035924232527602e+00
2.580221300138312746e+00
2.661961891319689411e+00
2.581395348837209447e+00
2.400636942675159258e+00
2.613445378151260545e+00
2.523358158429248377e+00
2.404242046163443725e+00
2.451847365233192022e+00
2.486775818639798352e+00
2.478260869565217295e+00
2.585978835978835821e+00
2.485808580858085648e+00
2.543745949449125021e+00
2.429206349206349369e+00
2.519496855345912056e+00
2.474358974358974450e+00
2.449626865671641784e+00
2.388419782870928820e+00
2.662508207485226652e+00
2.631884057971014546e+00
2.413499344692005444e+00
2.544071020925808391e+00
2.594962559564329307e+00
2.445751633986928297e+00
2.553273427471116630e+00
2.408947700063011954e+00
2.603470437017994854e+00
2.495358090185676225e+00
2.535691318327974120e+00
2.490990990990991083e+00
2.649831649831649649e+00
2.443638760711931646e+00
2.509068167604752819e+00
2.567868852459016527e+00
2.546906187624750295e+00
2.384758364312267620e+00
2.313028764805414639e+00
2.580329871716554813e+00
2.440259740259740351e+00
2.450152905198776931e+00
2.438153846153846338e+00
2.461822660098522242e+00
2.506944444444444642e+00
2.473050095117311553e+00
2.531766200762388674e+00
2.561797752808988804e+00
2.571910871033085577e+00
2.525265957446808596e+00
2.534990189666448845e+00
2.597840755735492557e+00
2.559368565545641516e+00
2.560595802301963264e+00
2.770081061164332947e+00
2.455060155697098345e+00
2.499043977055449339e+00
2.399253731343283569e+00
2.454100367197062482e+00
2.607284768211920678e+00
2.553951890034364069e+00
2.626630061770761859e+00
2.472775564409030569e+00
2.455396132252027463e+00
2.489974937343358175e+00
2.506070287539936103e+00
2.585543766578249247e+00
2.671673819742489187e+00
2.630166787527193684e+00
2.608232789212207248e+00
2.594707520891364805e+00
2.444517399868680219e+00
2.711156741957563288e+00
2.586782861292665103e+00
2.524999999999999911e+00
2.578666666666666885e+00
2.600000000000000089e+00
2.434500648508430398e+00
2.592233009708738045e+00
2.508361204013378032e+00
2.526727509778357028e+00
2.525379037574159380e+00
2.412838263058527222e+00
2.482673267326732880e+00
2.515151515151515138e+00
2.517693315858453573e+00
2.426683448709880508e+00
2.463580246913580130e+00
2.617569352708057906e+00
2.554414784394250404e+00
2.555257870060281267e+00
2.558588548601864243e+00
2.501302083333333481e+00
2.550161812297734532e+00
2.540540540540540349e+00
2.481552162849872900e+00
2.467572575663989909e+00
2.505583126550868567e+00
2.464702271332105621e+00
2.409384164222873714e+00
2.476751030017657396e+00
2.475151515151515103e+00
2.482381530984204332e+00
2.533125000000000071e+00
2.509791535060012624e+00
2.558786346396965783e+00
2.462252475247524774e+00
2.384083044982698851e+00
2.445589919816724134e+00
2.451306413301662879e+00
2.385416666666666519e+00
2.312806539509536741e+00
2.333510638297872308e+00
2.518044237485448367e+00
2.445805266380894238e+00
2.532387415175817225e+00
2.454151177199504374e+00
2.614294913071474546e+00
2.631067961165048708e+00
2.436848958333333481e+00
2.373892498523331174e+00
2.494538834951456341e+00
2.506709265175719015e+00
2.514838709677419182e+00
2.419899874843554510e+00
2.568400770712909509e+00
2.718523878437047792e+00
2.440082644628099207e+00
2.404978749241044156e+00
2.410703547805171265e+00
2.354363207547169878e+00
2.346375143843498101e+00
2.470517448856798914e+00
2.524398178269355864e+00
2.492105263157894601e+00
2.658350658350658424e+00
2.463128876636802023e+00
2.514285714285714235e+00
2.565922920892494741e+00
2.744665194996320778e+00
2.607726597325408679e+00
2.580825752274317875e+00
2.472775564409030569e+00
2.408441961514587337e+00
2.510705289672543916e+00
2.385046728971962793e+00
2.581993569131832977e+00
2.558252427184465994e+00
2.564084989718985685e+00
2.435124508519003861e+00
2.416049382716049188e+00
2.390464695232347836e+00
2.450000000000000178e+00
2.428926132836747520e+00
2.473225404732254162e+00
2.502564102564102555e+00
2.483808290155440357e+00
2.530223390275952777e+00
2.456790123456789932e+00
2.671025464556090689e+00
2.547263681592039752e+00
2.481578947368420884e+00
2.500967117988394772e+00
2.702531645569620444e+00
2.708870356330553619e+00
2.466990965948575365e+00
2.525566343042071171e+00
2.574324324324324120e+00
2.469266358228684677e+00
2.493929712460063897e+00
2.542049934296977565e+00
2.433950223356732501e+00
2.505660377358490454e+00
2.532152230971128404e+00
2.580709979906229190e+00
2.422264875239923398e+00
2.591639871382636517e+00
2.679687500000000000e+00
2.504807692307692513e+00
2.478095238095237907e+00
2.493316359007001992e+00
2.391277641277641308e+00
2.444243520192887154e+00
2.466954910438542203e+00
2.521656050955414230e+00
2.515898767034393302e+00
2.624747814391392264e+00
2.592259847961299268e+00
2.594631796283551228e+00
2.573871409028727797e+00
2.612792297111416584e+00
2.591316333563059793e+00
2.558344640434192740e+00
2.531957390146471365e+00
2.495460440985732831e+00
2.451005025125628123e+00
2.613829093281148097e+00
2.555631868131868156e+00
2.530072703238599008e+00
2.530638852672750794e+00
2.545992115637319309e+00
2.452877925363693645e+00
2.462530712530712318e+00
2.473782771535580682e+00
2.469668542839274394e+00
2.444999999999999840e+00
2.351108448172558596e+00
2.354597701149425237e+00
2.444114149821640769e+00
2.529865125240847945e+00
2.548128342245989497e+00
2.528743315508021450e+00
2.652661064425770210e+00
2.552313167259786297e+00
2.512542372881355845e+00
2.537424140256237415e+00
2.473927392739273756e+00
2.386815920398010160e+00
2.594259621656882064e+00
2.496250852079072935e+00
2.430591259640102919e+00
2.485586162716207692e+00
2.496723460026212482e+00
2.591558883594281770e+00
2.479025710419485939e+00
2.461290322580645284e+00
2.477111540941328016e+00
2.421686746987951722e+00
2.596816976127320764e+00
2.465986394557823314e+00
2.481967213114753879e+00
2.402298850574712485e+00
2.519318925998690339e+00
2.574047954866008681e+00
2.467775467775467746e+00
2.453342157511581689e+00
2.473684210526315930e+00
2.420394736842105043e+00
2.516150740242260930e+00
2.458020477815699767e+00
2.646464646464646631e+00
2.623266563944529839e+00
2.392143349414197040e+00
2.530815109343936165e+00
2.549504950495049549e+00
2.472088215024121460e+00
2.672438672438672391e+00
2.543109801031687489e+00
2.466257668711656414e+00
2.456749672346002722e+00
2.494374586366644664e+00
2.570833333333333304e+00
2.668898809523809312e+00
2.625188536953242835e+00
2.615327929255711226e+00
2.616629874908020792e+00
2.569364161849711170e+00
2.354628422425032674e+00
2.430674846625767049e+00
2.490006447453255944e+00
2.387547649301143604e+00
2.377335744424351915e+00
2.463066418373681010e+00
2.597693351424694708e+00
2.568977841315225330e+00
2.462787550744248932e+00
2.437779195915762642e+00
2.425093632958801315e+00
2.470773098680075552e+00
2.532331809274983581e+00
2.552878179384203694e+00
2.560544217687074742e+00
2.615756738078783616e+00
2.521501706484641669e+00
2.373756218905472615e+00
2.490196078431372584e+00
2.342631898120072886e+00
2.439880952380952372e+00
2.528010302640051332e+00
2.338235294117647189e+00
2.584120982986767512e+00
2.686502177068214703e+00
2.420230821452817427e+00
2.677006068779501202e+00
2.576730906495360518e+00
2.522207267833108890e+00
2.535809018567639406e+00
2.571233810497614236e+00
2.418892508143322573e+00
2.533632286995515681e+00
2.389798488664987453e+00
2.344767441860465151e+00
2.398483080513418741e+00
2.514789175582127001e+00
2.484354628422424938e+00
2.548666666666666636e+00
2.685652487382840459e+00
2.483870967741935498e+00
2.461439588688945967e+00
2.513970110461338336e+00
2.437540453074433788e+00
2.373706634205721144e+00
2.542748575047498516e+00
2.537212449255751068e+00
2.573883161512027673e+00
2.467828418230562981e+00
2.399249061326658161e+00
2.418361059765865573e+00
2.568497683653209851e+00
2.346675274370561670e+00
2.326340326340326392e+00
2.535353535353535470e+00
2.583391486392184078e+00
2.536363636363636154e+00
2.655619596541786809e+00
2.465360391882435387e+00
2.644103279832519249e+00
2.624814264487369986e+00
2.662192393736017682e+00
2.550976138828633388e+00
2.506793478260869623e+00
2.464566929133858331e+00
2.410175879396984744e+00
2.380894060012247238e+00
2.487049905243209125e+00
2.479180436219431627e+00
2.563053851397409488e+00
2.544179523141655075e+00
2.533287101248266282e+00
2.486868686868686673e+00
2.441516709511568184e+00
2.388133498145859068e+00
2.508883248730964688e+00
2.495686794956867960e+00
2.559782608695652328e+00
2.542302357836338622e+00
2.663066954643628304e+00
2.581991215226939751e+00
2.669867060561299965e+00
2.652798789712556893e+00
2.676003028009084073e+00
2.586360266864343949e+00
2.568879371877230700e+00
2.496877168632893884e+00
2.436591809775429329e+00
2.584583901773533476e+00
2.420694349897889897e+00
2.480417754569190780e+00
2.479999999999999982e+00
2.393705844572896702e+00
2.533942558746736129e+00
2.495231607629427639e+00
2.438976377952756014e+00
2.500658761528326668e+00
2.459854014598540140e+00
2.424222797927461315e+00
2.592213114754098324e+00
2.386988598256203797e+00
2.437858508604206609e+00
2.426623376623376682e+00
2.546258503401360507e+00
2.493305144467935275e+00
2.403986710963454954e+00
2.346516007532956749e+00
2.443511943189154323e+00
2.419035029742234055e+00
2.367346938775510168e+00
2.429762668377164925e+00
2.359023763648040894e+00
2.389766266582438625e+00
2.470039946737683234e+00
2.500349406009783504e+00
2.409153005464480746e+00
2.485423728813559219e+00
2.614929785661492811e+00
2.589822667694679836e+00
2.584158415841584233e+00
2.361111111111111160e+00
2.504371217215870971e+00
2.519884309472161910e+00
2.542062911485003518e+00
2.524229074889867697e+00
2.690272373540856243e+00
2.635399673735725923e+00
2.599060297572435285e+00
2.450364963503649740e+00
2.603058994901675138e+00
2.495555555555555749e+00
2.574889867841409608e+00
2.547904191616766401e+00
2.464617583988563343e+00
2.487017543859649127e+00
2.323432343234323572e+00
2.413947536788227932e+00
2.667396061269146745e+00
2.638399999999999856e+00
2.549004594180704242e+00
2.476156583629893326e+00
2.516197183098591417e+00
2.622501850481125274e+00
2.568508705526116653e+00
2.587490692479523346e+00
2.662799690641918016e+00
2.623427672955974899e+00
2.447577729573391370e+00
2.443624161073825629e+00
2.514542936288088448e+00
2.605726872246695969e+00
2.641162968630451413e+00
2.577327327327327389e+00
2.503189227498228142e+00
2.607913669064748419e+00
2.602852852852852727e+00
2.643669446550417135e+00
2.445783132530120696e+00
2.437664041994750619e+00
2.432610124917817362e+00
2.386950904392764805e+00
2.459973753280840114e+00
2.588486140724946871e+00
2.499281609195402432e+00
2.602620087336244392e+00
2.525461254612546114e+00
2.570596797671033329e+00
2.628332063975628241e+00
2.600000000000000089e+00
2.491947291361639838e+00
2.530626780626780814e+00
2.596738324684952026e+00
2.518054532056005712e+00
2.443205574912891809e+00
2.490683229813664745e+00
2.578909090909090818e+00
2.532841328413284021e+00
2.538350217076700499e+00
2.459592410400562201e+00
2.486968449931413083e+00
2.435166327223353910e+00
2.488783140720598031e+00
2.502456140350877156e+00
2.640390390390390252e+00
2.596273291925465632e+00
2.454217736121124815e+00
2.488612836438923281e+00
2.617927994121969082e+00
2.409510290986515368e+00
2.571329157967988888e+00
2.521834061135371119e+00
2.551649928263988620e+00
2.528097982708933600e+00
2.542446043165467628e+00
2.718266253869968896e+00
2.538161993769470381e+00
2.444211994421199297e+00
2.476902173913043459e+00
2.526168876482902892e+00
2.516725978647686990e+00
2.455363321799307830e+00
2.495879120879120894e+00
2.421340629274965739e+00
2.543432939541347970e+00
2.427279053583855095e+00
2.295969773299748162e+00
2.363525091799265621e+00
2.470819672131147726e+00
2.475961538461538325e+00
2.474517906336088036e+00
2.555317630264096973e+00
2.450387051372273195e+00
2.488612836438923281e+00
2.403794037940379269e+00
2.452237808951235998e+00
2.533755274261603407e+00
2.556693489392830809e+00
2.511527377521614035e+00
2.510247349823321539e+00
2.514830508474576121e+00
2.522419928825622826e+00
2.511412268188302210e+00
2.574889867841409608e+00
2.457614942528735469e+00
2.572043010752688375e+00
2.467195385724585410e+00
2.449245541838134255e+00
2.561115082201572690e+00
2.695035460992907694e+00
2.601431980906921293e+00
2.603211009174311918e+00
2.632478632478632452e+00
2.635367762128325353e+00
2.556567957479119357e+00
2.541545189504373248e+00
2.510071942446043369e+00
2.478045325779036911e+00
2.487323943661971626e+00
2.427297668038408851e+00
2.463150777552400417e+00
2.379470198675496473e+00
2.543728813559321900e+00
2.598075499629903806e+00
2.440653873489694536e+00
2.631159420289855166e+00
2.645440251572327206e+00
2.542205323193916566e+00
2.358783783783783949e+00
2.501661129568106379e+00
2.583575581395348930e+00
2.678233438485804196e+00
2.555728760717069559e+00
2.480491329479768581e+00
2.484528832630098272e+00
2.507462686567164312e+00
2.506428571428571228e+00
2.648384673178061810e+00
2.412698412698412564e+00
2.428194993412384761e+00
2.669577874818049423e+00
2.612626656274357195e+00
2.619157088122605170e+00
2.582575757575757525e+00
2.626047220106626057e+00
2.519911504424778848e+00
2.509167842031029494e+00
2.474879559532002560e+00
2.469748470428279941e+00
2.599427753934191898e+00
2.607843137254902022e+00
2.463571428571428523e+00
2.470468431771894124e+00
2.519750519750519668e+00
2.540443808160343764e+00
2.646571213262999045e+00
2.543265613243039791e+00
2.485148514851485135e+00
2.682835820895522527e+00
2.603906250000000089e+00
2.509433962264151052e+00
2.489243580846634440e+00
2.347375243033052339e+00
2.396250000000000213e+00
2.413881748071979416e+00
2.387820512820512775e+00
2.452597402597402443e+00
2.584680252986647719e+00
2.554181818181818109e+00
2.595481049562682330e+00
2.526164874551971362e+00
2.514025245441795064e+00
2.600574712643678232e+00
2.568800588668138207e+00
2.466806429070580009e+00
2.647016534867002058e+00
2.620610687022900898e+00
2.622826908541194157e+00
2.471174377224199414e+00
2.624103299856527904e+00
2.559435364041604544e+00
2.497529992942836952e+00
2.452638700947225914e+00
2.345883854499042798e+00
2.431904161412357990e+00
2.512872628726287250e+00
2.472126634549208557e+00
2.486707566462167840e+00
2.410749834107498213e+00
2.523905723905723875e+00
2.604532163742689921e+00
2.542709867452135342e+00
2.418826739427012207e+00
2.442913385826771755e+00
2.492547425474254563e+00
2.605929139551699247e+00
2.443181818181818343e+00
2.518014955812372335e+00
2.360927152317880751e+00
2.483072916666666519e+00
2.483184625943720025e+00
2.583156404812455786e+00
2.472972972972972805e+00
2.654185022026431806e+00
2.617715617715617782e+00
2.601986249045072697e+00
2.521292217327459451e+00
2.622950819672130951e+00
2.601538461538461355e+00
2.638888888888888840e+00
2.443560057887120163e+00
2.556577086280056754e+00
2.599102468212415751e+00
2.543898809523809312e+00
2.544128373450036396e+00
2.583823529411764852e+00
2.671779141104294375e+00
2.651933701657458453e+00
2.502594514455152019e+00
2.533898305084745672e+00
2.490499648135116040e+00
2.510118632240055714e+00
2.506284916201117152e+00
2.626181818181818173e+00
2.577926920208799544e+00
2.628358208955223763e+00
2.545387994143484711e+00
2.640029325513196579e+00
2.725335438042620240e+00
2.667996807661612291e+00
2.637490317583268684e+00
2.635670731707317138e+00
2.579970104633781958e+00
2.508909479686386224e+00
2.530154277699859566e+00
2.552724699221514459e+00
2.422192151556156858e+00
2.522696929238985142e+00
2.375082399472643324e+00
2.515409836065573668e+00
2.443097643097642990e+00
2.500668449197860799e+00
2.452766531713900022e+00
2.456464379947229659e+00
2.562585969738651936e+00
2.519662921348314821e+00
2.600995732574679753e+00
2.500000000000000000e+00
2.529573590096286129e+00
2.510034602076124610e+00
2.425418060200668968e+00
2.490629183400267621e+00
2.444444444444444642e+00
2.546511627906976827e+00
2.388518024032042941e+00
2.592265943012211693e+00
2.554505813953488413e+00
2.478715980460572066e+00
2.363870967741935392e+00
2.308850090307044134e+00
2.516954574536148570e+00
2.588362068965517349e+00
2.534934497816593968e+00
2.721884498480243053e+00
2.654733492442323151e+00
2.416607523066004237e+00
2.470549305095962822e+00
2.405816259087904641e+00
2.481037924151696661e+00
2.461114934618031658e+00
2.369321922317313867e+00
2.385156749840051216e+00
2.437169312169312096e+00
2.358889623265036484e+00
2.522214627477785243e+00
2.513318934485241130e+00
2.427877947295423056e+00
2.425716189207195228e+00
2.514817367332873754e+00
2.444909344490934444e+00
2.529000698812019721e+00
2.633006782215523867e+00
2.597211463981409896e+00
2.448375451263538061e+00
2.479641131815044641e+00
2.556916426512968243e+00
2.558226897069872496e+00
2.502949852507374562e+00
2.544525547445255498e+00
2.486271676300578104e+00
2.514265335235378096e+00
2.490701001430615236e+00
2.589497041420118162e+00
2.477339181286549508e+00
2.570386579139314343e+00
2.661417322834645827e+00
2.397944199706314450e+00
2.491735537190082450e+00
2.375852660300136421e+00
2.478201634877384318e+00
2.368918918918919037e+00
2.549442896935933067e+00
2.500734214390602173e+00
2.545985401459854192e+00
2.380457380457380534e+00
2.431788079470198483e+00
2.473539518900343737e+00
2.543948126801152565e+00
2.489485134155184909e+00
2.574780058651026327e+00
2.594346829640947316e+00
2.497420781134856327e+00
2.683611532625189700e+00
2.619651347068145952e+00
2.639562157935887221e+00
2.436270939548434100e+00
2.597849462365591222e+00
2.543478260869565410e+00
2.561583577712609916e+00
2.515261627906976827e+00
2.538961038961038863e+00
2.571639586410634948e+00
2.572068707991038039e+00
2.657385924207269934e+00
2.610626486915146760e+00
2.464023494860499319e+00
2.386684599865501077e+00
2.476807639836289265e+00
2.457805907172995852e+00
2.436726272352132128e+00
2.412999322951929759e+00
2.352287581699346486e+00
2.467333333333333378e+00
2.394701086956521952e+00
2.506868131868131844e+00
2.481612446958981533e+00
2.445441988950276091e+00
2.549186128803963225e+00
2.459843638948116418e+00
2.566403445800430561e+00
2.467683369644154023e+00
2.503184713375796289e+00
2.508267433501078170e+00
2.533187454412837436e+00
2.532696546656870051e+00
2.679215686274509789e+00
2.496492595479345322e+00
2.675738724727838136e+00
2.475384615384615294e+00
2.475212464589235051e+00
2.369918699186992050e+00
2.381664499349804842e+00
2.466486120514556735e+00
2.505722460658082795e+00
2.553823311061618195e+00
2.460869565217391308e+00
2.531362653208363511e+00
2.623556581986143055e+00
2.506818181818181834e+00
2.557184750733137779e+00
2.441613588110403299e+00
2.551506657323055371e+00
2.672105672105672181e+00
2.499620349278663500e+00
2.404095563139931890e+00
2.442743009320905490e+00
2.501718213058419238e+00
