1.666666666666666574e-01
7.085581633650668287e-01
1.194824561647909844e+00
1.540942323661319557e+00
1.782674019693532452e+00
1.957475841796432858e+00
2.115487665696385911e+00
2.170612759613382181e+00
2.252792326934112133e+00
2.298987374668302941e+00
2.364859369831247005e+00
2.448017900087660959e+00
2.410313095492727431e+00
2.466522322978211612e+00
2.455465724364330082e+00
2.459138265973730864e+00
2.538794702434750139e+00
2.550795915643261136e+00
2.558191558231384555e+00
2.517723647634805051e+00
2.510694750839509659e+00
2.478844588854756115e+00
2.506810476421838629e+00
2.463830724748354406e+00
2.462061071808658408e+00
2.529198660829679035e+00
2.427824504103670122e+00
2.498563786919909990e+00
2.468406781454322907e+00
2.427782883824610938e+00
2.431242648977278709e+00
2.416826511213139739e+00
2.418399757673608264e+00
2.483631842730115835e+00
2.543881533296336261e+00
2.516924105362607467e+00
2.507361643213705360e+00
2.526611756131148301e+00
2.543184864296701431e+00
2.538647415545796537e+00
2.549261958957294461e+00
2.600136089919251603e+00
2.616396260800349705e+00
2.567899419082075863e+00
2.588703147323639708e+00
2.523616341349133929e+00
2.477512997005664630e+00
2.452556750755078063e+00
2.507708664560960088e+00
2.568990335832267213e+00
2.555508116562783982e+00
2.529374955673301617e+00
2.512885800122309998e+00
2.459632774056716098e+00
2.442184750227113899e+00
2.459407324203187084e+00
2.522153744707879230e+00
2.472893269426364338e+00
2.482569995201967306e+00
2.441228800012399613e+00
2.483569145185382077e+00
2.457020907302230661e+00
2.493293062933082727e+00
2.502656401056784219e+00
2.456966010829405356e+00
2.436309583449270288e+00
2.438389284102924659e+00
2.466411277389281675e+00
2.403394223396452478e+00
2.401585885270927090e+00
2.411440406229335753e+00
2.402691759733521337e+00
2.450684002423909824e+00
2.432465270902980592e+00
2.443295092323447104e+00
2.502553845282259992e+00
2.538979156611433918e+00
2.602693651953762011e+00
2.566912612071641675e+00
2.582283216100451639e+00
2.595791198472797934e+00
2.604602398493167659e+00
2.507699058023206362e+00
2.529319913513222939e+00
2.552785454218659655e+00
2.504625822657934098e+00
2.469251687725524835e+00
2.475004713049612892e+00
2.498554420859177227e+00
2.520282088973460066e+00
2.477690094089523676e+00
2.507593460221699377e+00
2.482653723228315457e+00
2.495663463259208736e+00
2.551906857783126092e+00
2.513938724359342292e+00
2.528394529545626046e+00
2.473562074417376078e+00
2.508263332931834899e+00
2.527731162829558453e+00
2.534336296867665261e+00
2.520229624837270865e+00
2.512193897402613452e+00
2.513771076596423182e+00
2.491322818437680109e+00
2.500656703116967527e+00
2.512782418835233678e+00
2.496937764525344772e+00
2.553572854849187834e+00
2.596159871139168462e+00
2.563424893348479117e+00
2.545865148309582882e+00
2.569875202771133349e+00
2.557144038028595912e+00
2.585518569127712052e+00
2.580081736355558153e+00
2.565776157366550958e+00
2.581379469456835274e+00
2.577172715249569812e+00
2.581371658633667465e+00
2.520183208481032722e+00
2.558017251000590520e+00
2.508243195713951934e+00
2.462744964726495844e+00
2.418447988355992173e+00
2.464518703541633382e+00
2.490397759058444738e+00
2.491933902712548221e+00
2.543562989219359416e+00
2.555991480683417194e+00
2.561560968419206219e+00
2.557089380140102897e+00
2.525394450501793564e+00
2.552325596796920948e+00
2.510298358322606838e+00
2.537624815086743535e+00
2.544816171294280505e+00
2.479745898226480616e+00
2.517089148455472269e+00
2.554160678786136618e+00
2.568343254307504875e+00
2.529810238257368393e+00
2.513998740536853571e+00
2.524877100775659855e+00
2.545136585805999552e+00
2.509752773018631533e+00
2.506565501822176856e+00
2.486885508056951632e+00
2.487953999040969144e+00
2.504366918004779397e+00
2.513504749186240339e+00
2.540907342676247627e+00
2.543092386542791683e+00
2.621896889809348430e+00
2.615386822733077210e+00
2.632187197037980653e+00
2.557848084157937851e+00
2.581192337950852789e+00
2.603320180335545686e+00
2.567990619816659770e+00
2.604415580558816057e+00
2.625894570295447927e+00
2.639396880403474643e+00
2.610952911633912521e+00
2.608780633613907440e+00
2.557165941543650067e+00
2.556869632790727209e+00
2.560823729789470704e+00
2.525403827030407111e+00
2.458488393753383683e+00
2.470408325850978581e+00
2.509249583804669115e+00
2.505903223046471506e+00
2.514493759018407992e+00
2.526861360462941963e+00
2.517171817113653898e+00
2.506530361123372241e+00
2.525417259378588408e+00
2.507661427657568609e+00
2.488439278023304446e+00
2.526440989299577833e+00
2.458564307580680008e+00
2.458078086320576450e+00
2.475821870196297070e+00
2.441651421235574215e+00
2.434966402267434660e+00
2.512840699182934845e+00
2.489596688242790901e+00
2.496876081184320917e+00
2.504886208207658171e+00
2.487007353760591677e+00
2.532667227732768200e+00
2.510418641131131778e+00
2.471474588844871256e+00
2.487131188833231032e+00
2.545697889237043654e+00
2.520654724042894035e+00
2.596978321592650740e+00
2.528185184505482574e+00
2.524637002896955362e+00
2.497379897903996060e+00
2.517517241590048194e+00
2.460532423953234016e+00
2.440648131609246096e+00
2.541659344012062505e+00
2.547136562706530327e+00
2.593258647232640879e+00
2.649971742861520152e+00
2.618472343228386290e+00
2.643187689194136158e+00
2.698888921957623310e+00
2.600891744085715995e+00
2.575863038738041233e+00
2.557190702932693238e+00
2.531041426013465490e+00
2.504862643906720976e+00
2.488186671274116080e+00
2.477432836890780088e+00
2.562378304162221898e+00
2.576693390527116545e+00
2.512568454234474835e+00
2.517103897163067039e+00
2.561511376255902750e+00
2.571774002065092546e+00
2.642637868410952606e+00
2.567262499518322638e+00
2.584381270889659632e+00
2.600968239025835960e+00
2.582397733605532153e+00
2.553031878481331063e+00
2.566830671672772901e+00
2.519716212529951260e+00
2.540462479847277688e+00
2.457805405432161638e+00
2.510371150827934716e+00
2.496351836835148497e+00
2.478382275669947621e+00
2.503076265297211833e+00
2.537298836437535954e+00
2.531830883085770978e+00
2.585969405507433816e+00
2.557243052765345581e+00
2.538971378636387666e+00
2.534848015325471327e+00
2.554170756900413064e+00
2.556733929635023106e+00
2.621239177911848461e+00
2.606801451141856241e+00
2.536704836365215598e+00
2.544192638732123868e+00
2.508863153830346526e+00
2.583289269769641905e+00
2.572942878150512147e+00
2.571727357683749826e+00
2.515280520809868747e+00
2.478825846620880569e+00
2.474671635587141427e+00
2.503932386474722716e+00
2.494624177425178946e+00
2.488546039033071366e+00
2.488727202310163200e+00
2.555801090585900326e+00
2.497974004294149619e+00
2.510954934113855064e+00
2.503914791628045311e+00
2.455074935034765815e+00
2.464104333482091125e+00
2.538422568704669313e+00
2.505753578745815613e+00
2.492375265249656024e+00
2.532889915615120113e+00
2.522325287561778318e+00
2.540476539869393147e+00
2.517771544664011429e+00
2.519881972181965413e+00
2.555710358903700463e+00
2.609287972465844874e+00
2.621071051296286480e+00
2.578142658801986897e+00
2.606161643003395145e+00
2.540909242509307830e+00
2.570695605030527187e+00
2.552868582497998862e+00
2.550005141596291658e+00
2.493426260771388847e+00
2.510754773039905352e+00
2.553312367437332142e+00
2.542489327651190401e+00
2.558143631256351469e+00
2.497817090962225706e+00
2.507236897957893174e+00
2.486080089864187048e+00
2.437071484965931401e+00
2.475066204532692105e+00
2.418044255576323298e+00
2.424780676656878686e+00
2.463243605608732345e+00
2.501256753330218352e+00
2.467741020334619506e+00
2.472283284327024599e+00
2.469930476300015609e+00
2.447830057781335444e+00
2.462510706518303394e+00
2.452583388425587874e+00
2.438429876195425283e+00
2.396835417798107937e+00
2.487074186970265277e+00
2.441534745285760533e+00
2.444522740022461615e+00
2.425237866322817570e+00
2.471984521605424590e+00
2.505065140970379911e+00
2.503172797276265626e+00
2.541386497221597818e+00
2.561891285436737054e+00
2.531869349076488973e+00
2.525743389627658431e+00
2.529129295953102652e+00
2.545749701542900034e+00
2.546242877830946938e+00
2.549920312621161589e+00
2.551967355310398311e+00
2.515523990553973466e+00
2.522923018273491191e+00
2.528111934629666990e+00
2.486155383360808546e+00
2.509210542112554787e+00
2.563793184243726042e+00
2.527958363842507605e+00
2.560385927172461162e+00
2.539328074026991899e+00
2.510305551915584577e+00
2.570238684728122003e+00
2.541291352252821323e+00
2.579958588635475447e+00
2.582217611131856660e+00
2.626578229675455844e+00
2.670999418401322156e+00
2.630181739045352352e+00
2.640505113479544530e+00
2.633696923095709685e+00
2.617547767084992039e+00
2.584586191097211660e+00
2.599857913538499155e+00
2.600568414318277455e+00
2.547886181449722898e+00
2.521458517398118548e+00
2.556998158491130546e+00
2.540794310555571478e+00
2.596065196277889786e+00
2.584103377003546420e+00
2.578046755444082905e+00
2.518013112495861794e+00
2.470560460706845429e+00
2.547779221913379910e+00
2.540329055576356243e+00
2.539959710162178030e+00
2.541081587681686127e+00
2.539533898806680678e+00
2.506772174498001160e+00
2.475902074152745769e+00
2.511842749498466087e+00
2.484521394681880491e+00
2.548250174894611142e+00
2.523945944568283029e+00
2.546652335727130456e+00
2.540810533082445311e+00
2.546603485283053914e+00
2.473284970777716030e+00
2.483016454484731295e+00
2.473283476535646841e+00
2.446479051733167154e+00
2.501749238857220003e+00
2.535231578862545021e+00
2.535477593833041610e+00
2.487659820401954214e+00
2.430187263307529655e+00
2.410069330974665025e+00
2.423075223089738550e+00
2.475250587859882945e+00
2.490815147653544948e+00
2.537249175073054808e+00
2.503338475913348571e+00
2.492998306063464398e+00
2.500778056003032823e+00
2.477307772031523303e+00
2.501892228088903991e+00
2.542803951453886491e+00
2.492418742711260737e+00
2.515161956986183611e+00
2.495303574779181854e+00
2.447593063717279360e+00
2.477080126050655640e+00
2.485989973649535223e+00
2.515867031738934667e+00
2.478995251441134862e+00
2.506142571653194651e+00
2.529246761064970261e+00
2.563980057657604394e+00
2.609901868998622643e+00
2.584740871585218702e+00
2.654838092957392259e+00
2.586164647790543114e+00
2.533268985522674210e+00
2.495076869464456060e+00
2.519585208153250822e+00
2.514150880190435089e+00
2.512769306881351472e+00
2.486764454838008565e+00
2.523378581289249301e+00
2.534551417793604156e+00
2.521207758455587644e+00
2.486203399778838197e+00
2.534366256137860152e+00
2.549079990158737097e+00
2.525490973225834601e+00
2.508819118077161292e+00
2.520818092468367855e+00
2.465489148399468089e+00
2.479883569364322859e+00
2.515597264150027712e+00
2.508476761818998035e+00
2.545583606933088827e+00
2.552995925116000819e+00
2.553592674446774069e+00
2.480243504381318242e+00
2.483052495047943786e+00
2.500797276810581060e+00
2.454723861303668375e+00
2.531782085152894268e+00
2.513893252213190710e+00
2.470740856478030434e+00
2.481545364488350724e+00
2.516948159762259163e+00
2.552041777621941510e+00
2.593013908186454497e+00
2.516431392184162785e+00
2.509569991320445226e+00
2.477537115152645963e+00
2.500481939252446661e+00
2.518368841692523397e+00
2.532678803995481509e+00
2.507249449786864481e+00
2.462054767343601291e+00
2.515535536419183149e+00
2.537206446351868205e+00
2.537142286879504383e+00
2.538921599494778469e+00
2.535300864513376773e+00
2.533989123901531748e+00
2.512578822546550406e+00
2.481123817945012355e+00
2.552065577035791399e+00
2.566666424631902199e+00
2.591848155528339692e+00
2.550161489814938509e+00
2.592805337791327158e+00
2.567772861752894986e+00
2.592869095095658327e+00
2.541458293821282854e+00
2.569894258077143334e+00
2.546798602337168926e+00
2.515707901037567584e+00
2.558441555326498307e+00
2.556085975741311689e+00
2.521429113049202808e+00
2.552721489065187477e+00
2.572795231131872473e+00
2.551554034700190599e+00
2.601511298079152823e+00
2.543673324275447456e+00
2.553745692836190795e+00
2.568327785343869962e+00
2.618864062451126795e+00
2.548540133217730652e+00
2.546694678526572275e+00
2.566253620198856389e+00
2.538872196003375770e+00
2.477621664384497713e+00
2.484700092621191736e+00
2.445221855819720957e+00
2.371979206639097004e+00
2.386258134946216636e+00
2.412190314587949747e+00
2.411657944932899422e+00
2.400116343233519967e+00
2.378075381963976387e+00
2.352123956192230025e+00
2.404400011474874255e+00
2.403214503774618649e+00
2.420354488495802592e+00
2.481392467795515255e+00
2.472462878607195602e+00
2.505765637857410688e+00
2.495879149405039854e+00
2.501917803828791254e+00
2.496458835353672079e+00
2.503464830655812268e+00
2.512444873695779624e+00
2.517742765674498173e+00
2.487401066906177682e+00
2.439750401909738464e+00
2.451315087761053668e+00
2.424048397815856681e+00
2.450305040423359060e+00
2.432272794076538069e+00
2.471478271629451218e+00
2.491870217016777911e+00
2.519205360480035072e+00
2.530381478311650945e+00
2.495845311598172689e+00
2.475987455208330967e+00
2.439563979151301965e+00
2.448085852799159134e+00
2.469440669575102554e+00
2.479018846178833169e+00
2.513918371696024945e+00
2.479478819147755697e+00
2.420905081690626126e+00
2.484357476307831991e+00
2.412722891581404294e+00
2.477808150451419333e+00
2.499663654921272737e+00
2.501977592407782502e+00
2.496176277540454791e+00
2.453959835367911069e+00
2.404458705628166104e+00
2.393884781311535370e+00
2.333892870088705607e+00
2.400834076523026717e+00
2.379663054623725404e+00
2.421513982208508331e+00
2.377204439216276999e+00
2.397316533320819065e+00
2.412613241834026034e+00
2.419926107202297949e+00
2.516725914252070595e+00
2.518338757717579757e+00
2.483975370960241680e+00
2.483638549094826065e+00
2.529824747511000282e+00
2.598972409460530653e+00
2.501875828806919611e+00
2.512187091223786695e+00
2.503426831311660994e+00
2.552558313438204163e+00
2.539652924097436149e+00
2.506620640968269864e+00
2.558108236110935962e+00
2.537034018490988974e+00
2.455919582540616375e+00
2.461367765712373590e+00
2.503383861111156072e+00
2.569477224051670117e+00
2.517779622301599574e+00
2.498489780232878044e+00
2.477158575976972532e+00
2.478521858293815772e+00
2.472633827646789850e+00
2.479392140477612472e+00
2.485042334365486383e+00
2.440890820666781202e+00
2.443179827857310027e+00
2.460444832878006860e+00
2.464001923581053077e+00
2.485134176142978824e+00
2.459579055744169462e+00
2.535111042450372665e+00
2.533377687508141296e+00
2.531672521047706681e+00
2.518283266384758967e+00
2.562952902212677131e+00
2.558674621970080221e+00
2.582364838562713150e+00
2.579663593519844866e+00
2.578389984912181188e+00
2.575080548788137413e+00
2.573839930591135694e+00
2.587970957279779327e+00
2.602784164538014089e+00
2.603475752980412672e+00
2.593720350890021731e+00
2.518464135562504147e+00
2.590390717115008901e+00
2.517914051205090153e+00
2.537511980667659373e+00
2.509167003325380563e+00
2.523336712108099178e+00
2.549690289506282959e+00
2.544852028971745117e+00
2.473055881713639437e+00
2.517499220436244300e+00
2.506311889012294181e+00
2.560737004695462282e+00
2.503461658821974023e+00
2.552545401837067907e+00
2.566771159318856022e+00
2.567352087715296882e+00
2.563626349098480084e+00
2.580877198520240778e+00
2.637109117966946581e+00
2.571387144350211429e+00
2.607908083037902447e+00
2.521532747599278590e+00
2.548072340765004551e+00
2.577440830236306546e+00
2.546620847742205651e+00
2.534796169759902629e+00
2.535568343456435780e+00
2.569918547992545932e+00
2.526643210795344263e+00
2.512982967153234437e+00
2.574342689425547892e+00
2.600620644003052817e+00
2.616455376560280488e+00
2.541538942067666174e+00
2.519741428778679460e+00
2.535008477618671652e+00
2.573550625748924681e+00
2.613238113855141709e+00
2.595848279022904492e+00
2.601699390975209969e+00
2.568277627011527287e+00
2.539897132233379651e+00
2.517357898864705845e+00
2.513422236106345409e+00
2.518546272291773302e+00
2.510589263832244455e+00
2.442843495115380126e+00
2.459923642174138170e+00
2.440478422047569929e+00
2.495296936091568885e+00
2.533339967294176986e+00
2.508061525437688122e+00
2.495811928582118089e+00
2.548490061632668890e+00
2.564604129746474559e+00
2.500838663603165202e+00
2.469488020698514585e+00
2.507821586095454247e+00
2.478021585271626748e+00
2.515258011197944121e+00
2.539420338671374733e+00
2.496938392703274001e+00
2.467169244773724124e+00
2.524427786529178430e+00
2.482393690965693622e+00
2.510675173097573154e+00
2.511803235528590417e+00
2.461631151427695396e+00
2.501356182303254627e+00
2.476028187750229037e+00
2.441519616724549202e+00
2.463665363202842240e+00
2.477468399400174714e+00
2.547796134162698678e+00
2.544943148881910755e+00
2.576109473926969429e+00
2.653147993852886355e+00
2.556414240139470273e+00
2.530008138426927289e+00
2.547242341031642709e+00
2.541721662509969448e+00
2.498332289687835939e+00
2.467163309577852903e+00
2.435153512602352244e+00
2.402975845787927334e+00
2.409231981774126563e+00
2.474269894122849589e+00
2.511057669345951648e+00
2.510649484954980082e+00
2.466186586542701953e+00
2.438066758870498063e+00
2.448802740958948565e+00
2.468025183914206888e+00
2.447969347535876583e+00
2.518234091874247405e+00
2.532404962273976157e+00
2.636794730199914394e+00
2.570726391579946313e+00
2.475704494448137449e+00
2.508032087574330049e+00
2.531753034027062643e+00
2.506957598634751871e+00
2.501231656728635233e+00
2.484472556566898582e+00
2.490244348632358662e+00
2.538810092195904478e+00
2.519758941371972316e+00
2.504895329024364070e+00
2.457495574024544549e+00
2.484156547820487670e+00
2.537747019799840409e+00
2.477844253282382780e+00
2.530742194377805010e+00
2.543939599794472706e+00
2.600805829501311894e+00
2.565042184629537481e+00
2.532847217290531194e+00
2.494458408956449880e+00
2.474668861236952733e+00
2.471852403987267799e+00
2.460475915502377653e+00
2.526749467830759599e+00
2.480745086047134507e+00
2.485744941426263122e+00
2.469041079650161841e+00
2.526770243097689495e+00
2.536015382749778446e+00
2.536042571489445230e+00
2.525868147800718333e+00
2.535761273994364462e+00
2.559132999898412475e+00
2.594039922154721900e+00
2.635449311204674849e+00
2.610993874095259848e+00
2.582150812597767686e+00
2.593020399713223512e+00
2.521948514791805707e+00
2.488026344229230968e+00
2.467323372777368462e+00
2.439276729883575801e+00
2.429467935384483912e+00
2.425352070489843026e+00
2.504654119480674179e+00
2.490765360880687673e+00
2.475179957247914952e+00
2.535817876625769962e+00
2.558353497255791087e+00
2.514312941731046802e+00
2.524511492250156142e+00
2.546401289097308229e+00
2.575260440905085435e+00
2.527470522239390061e+00
2.566974350356069134e+00
2.556965737324037313e+00
2.567029710890861072e+00
2.577478659029206920e+00
2.584251485776531521e+00
2.599476229305168307e+00
2.549227133858028349e+00
2.568069049365648393e+00
2.587059390910442680e+00
2.620003951202761083e+00
2.585748601788045331e+00
2.588257191611389452e+00
2.531882785376296408e+00
2.503604626331752403e+00
2.492543601968681966e+00
2.499889881409654624e+00
2.453710334903567158e+00
2.449404950612649845e+00
2.466229329051206065e+00
2.522846843578936848e+00
2.528388609563278600e+00
2.606204594518710671e+00
2.550209276298616157e+00
2.513484460935756282e+00
2.447619207142362807e+00
2.431863409497506900e+00
2.528128037925132077e+00
2.480810133145437302e+00
2.459025611557196012e+00
2.401908575320730321e+00
2.447815691154979767e+00
2.461248482749994970e+00
2.502333826720613441e+00
2.469997875816238420e+00
2.498472511513296634e+00
2.501640049676247202e+00
2.476191351173323341e+00
2.545397576676134310e+00
2.538988804215411399e+00
2.521590631712639308e+00
2.466077627306593190e+00
2.468236345769537099e+00
2.450454718921998509e+00
2.473361605329977397e+00
2.490804247576835273e+00
2.529516194479460189e+00
2.517353685409274622e+00
2.473456358945236300e+00
2.523622557511500109e+00
2.500922024020732604e+00
2.496707057506846628e+00
2.535309963276168865e+00
2.510251691024000475e+00
2.556457735124966213e+00
2.571496643523841108e+00
2.597554252654159956e+00
2.638043132519253042e+00
2.611271174129453865e+00
2.543018367409869196e+00
2.578220033707706804e+00
2.499995334722034279e+00
2.488487223767934520e+00
2.479127370928078555e+00
2.453436482101817973e+00
2.432653979360193119e+00
2.391561758588080178e+00
2.381283685396568206e+00
2.390939951206033420e+00
2.408621338482771268e+00
2.440097673873331541e+00
2.402168657257485407e+00
2.423327398520849663e+00
2.499605656702719170e+00
2.477370205655961222e+00
2.464853139655089453e+00
2.481220728475857840e+00
2.444447387176574171e+00
2.481023771842901127e+00
2.479603857156755353e+00
2.497008815948457805e+00
2.536052681611075776e+00
2.551242052717646036e+00
2.551200715560257848e+00
2.525589822067757506e+00
2.462238031593810383e+00
2.535701164929002438e+00
2.496963250480617180e+00
2.504119443641547704e+00
2.535013887495070062e+00
2.520935293652376785e+00
2.560048843139108854e+00
2.548342015794544224e+00
2.494582968020668368e+00
2.469353455734369263e+00
2.458964928739838740e+00
2.441028032462311259e+00
2.417395352539126296e+00
2.415980527724853388e+00
2.458514086575963820e+00
2.474272274640119118e+00
2.496699302557984002e+00
2.491705092540082767e+00
2.535475291883989346e+00
2.556302518707631588e+00
2.560132745704009949e+00
2.587047488379234483e+00
2.631170090990850419e+00
2.593965581061733694e+00
2.548960320377894551e+00
2.511859481661641524e+00
2.494400302198832353e+00
2.502406363203271589e+00
2.548539734965237447e+00
2.544311440155411219e+00
2.588072162862717462e+00
2.531528416300134143e+00
2.561155121089496944e+00
2.520284138895670711e+00
2.492878706136655520e+00
2.502094733308450003e+00
2.530244039988813753e+00
2.570596183657360978e+00
2.617320665927652001e+00
2.602410963562735713e+00
2.578797739728570182e+00
2.540648487777693365e+00
2.583311714402816595e+00
2.573271152532903283e+00
2.600610649226542392e+00
2.595689559218337106e+00
2.558175305101336505e+00
2.527225183602662906e+00
2.502072534752793231e+00
2.536427258965365361e+00
2.501267817145964578e+00
2.455963506558426435e+00
2.512954204825378568e+00
2.506070708693573401e+00
2.539541435827246119e+00
2.540658929091854645e+00
2.597890109732930775e+00
2.558775543248996254e+00
2.533569341448466794e+00
2.527770704458049522e+00
2.574284858810318433e+00
2.530323512917893591e+00
2.548103434857785565e+00
2.553013957967827707e+00
2.486177884578869346e+00
2.538364380936725340e+00
2.558750526067686604e+00
2.581697646251690959e+00
2.606081969075427995e+00
2.582923467051896793e+00
2.553329769971536933e+00
2.539079180730401397e+00
2.517645548167112501e+00
2.544879702078456596e+00
2.535621901679676160e+00
2.531029521400045557e+00
2.507625906859460407e+00
2.522627904900129003e+00
2.444960378161812553e+00
2.374497322361728280e+00
2.417537227728815186e+00
2.462896331630763047e+00
2.459505951157255232e+00
2.437452405349074702e+00
2.522484303070176903e+00
2.519448448989938694e+00
2.546105693214759214e+00
2.513166789855577843e+00
2.539405379974524202e+00
2.599601507433796144e+00
2.589937439182891765e+00
2.569868374771132391e+00
2.562321153780154681e+00
2.600592595668814511e+00
2.537310632979066227e+00
2.543966193673540044e+00
2.580074506699571835e+00
2.559414777303865574e+00
2.568863303252387986e+00
2.624241681592885733e+00
2.589008947420837092e+00
2.538583126188923789e+00
2.482278630646531425e+00
2.510695325202441097e+00
2.504797577457462676e+00
2.482540263696585647e+00
2.519923963557555879e+00
2.524863296005545266e+00
2.549949096975970164e+00
2.607377939891586394e+00
2.593694643131662314e+00
2.622051205671381169e+00
2.617776762775707144e+00
2.634059022925384852e+00
2.567807457518835434e+00
2.571906803047916412e+00
2.546997138902268087e+00
2.534055250497326828e+00
2.536152930811401252e+00
2.530907753538100380e+00
2.550841887421145149e+00
2.514482205320416330e+00
2.491511944167200898e+00
2.536592647519933408e+00
2.535009816109233149e+00
2.561314447478931555e+00
2.550741971798581975e+00
2.541584680769437554e+00
2.502617027076530221e+00
2.470486722225532450e+00
2.467214430799705038e+00
2.515310529245869287e+00
2.590721913845857483e+00
2.603086679098349787e+00
2.588297225206984464e+00
2.645395526943981945e+00
2.620712710439036197e+00
2.627614404223136191e+00
2.563137257486605591e+00
2.628802255518178033e+00
2.555858104871754133e+00
2.588473138253637451e+00
2.547683463981002205e+00
2.480376061824097089e+00
2.476096665187685453e+00
2.460262486779815738e+00
2.447839651859398558e+00
2.415123194621088931e+00
2.454048981523579531e+00
2.443036285987428613e+00
2.437258426308198889e+00
2.398580967419814414e+00
2.383709711672220344e+00
2.520016414550078743e+00
2.433299945252717755e+00
2.559853652439613381e+00
2.496454161219749057e+00
2.469909001325794939e+00
2.466374636398307452e+00
2.433545005709799813e+00
2.474858148057441198e+00
2.496717405766709863e+00
2.489515886672938105e+00
2.543308967659340336e+00
2.514140980156474914e+00
2.531117761423864909e+00
2.553627994445018867e+00
2.552433640280890703e+00
2.617450403906988132e+00
2.646165885142996110e+00
2.615989101034362108e+00
2.625250477760999068e+00
2.619574002371334309e+00
2.538577660238569678e+00
2.561100338835879953e+00
2.521971198964803040e+00
2.533987273645359029e+00
2.503506241409186650e+00
2.528206819054931387e+00
2.468750622575884623e+00
2.467146889444538083e+00
2.481893833292702300e+00
2.557360077387086594e+00
2.540647170149555212e+00
2.515446525266736622e+00
2.488725400710596336e+00
2.491366967312753200e+00
2.503409148333944678e+00
2.468848806021465947e+00
2.484378560725063689e+00
2.479526421413317028e+00
2.523958698779845022e+00
2.515666354542655192e+00
2.504584031745809902e+00
2.560794471039647302e+00
2.516647236912877172e+00
2.608404070114977991e+00
2.543524032320399808e+00
2.539900114440865053e+00
2.546014754713182171e+00
2.501205168776660770e+00
2.406126303908059594e+00
2.501765396295227539e+00
2.496670410767286796e+00
2.606057871822937244e+00
2.567474638317127411e+00
2.561638281565310926e+00
2.551017108023721836e+00
2.526386051695669099e+00
2.534461248502665853e+00
2.519362865420349706e+00
2.524973683334932772e+00
2.528076416446113583e+00
2.488778023719540045e+00
2.515172549107028477e+00
2.468191900783044623e+00
2.510572706580154634e+00
2.508101303178492891e+00
2.569045154871821612e+00
2.455275133325245385e+00
2.489338211656912048e+00
2.522138629271047261e+00
2.523960951550810794e+00
2.525710522896879695e+00
2.517888292343267498e+00
2.497155925430204704e+00
2.577209628001521757e+00
2.612002166818439441e+00
2.544311674678142232e+00
2.593325568695080463e+00
2.567474785114106428e+00
2.567236927834926963e+00
2.535817997291494930e+00
2.519720822787533177e+00
2.546924268828954840e+00
2.520263373247086935e+00
2.586121237632006409e+00
2.552948590119798133e+00
2.488334123720146174e+00
2.493162943764847927e+00
2.492519652955149656e+00
2.518867123118344598e+00
2.554669153703974960e+00
2.550590312976654506e+00
2.538759031922897869e+00
2.581817981799088724e+00
2.618709645982003398e+00
2.632978170631683490e+00
2.585011607000732070e+00
2.626185821333037129e+00
2.593393311915846766e+00
2.608869219662055983e+00
2.581306027064322883e+00
2.576567054508539734e+00
2.565173698205140074e+00
2.605132133322560328e+00
2.617733136947261396e+00
2.585927603640708838e+00
2.574486480212113904e+00
2.559262697862856317e+00
2.595585115402587739e+00
2.615330578129869465e+00
2.537033501256680701e+00
2.539217737145614162e+00
2.468330522476958944e+00
2.492056989462985594e+00
2.509572337501085215e+00
2.530762688800363147e+00
2.472114471864345742e+00
2.462424150033584613e+00
2.521254651937301361e+00
2.472217672644537956e+00
2.449302295544282693e+00
2.470790803742295427e+00
2.413382661910902005e+00
2.417616438175921534e+00
2.425656362746987593e+00
2.450310557384797416e+00
2.493997087801397061e+00
2.542485202841607617e+00
2.574897771965317883e+00
2.567317297913520591e+00
2.668848076100887479e+00
2.605739069718224776e+00
2.613017170610527629e+00
2.610076879523852700e+00
2.560828901268828783e+00
2.517461675685902733e+00
2.580700375708730121e+00
2.559616777890074246e+00
2.558806589170307788e+00
2.605836608828095535e+00
2.628217383281409081e+00
2.610508493858950452e+00
2.568147819673034959e+00
2.561964672469698279e+00
2.595436074926276149e+00
2.618404759522329428e+00
2.617739578773986331e+00
2.600691330921202304e+00
2.520166234792430071e+00
2.543188710000071850e+00
2.639834122031035513e+00
2.591701930753795846e+00
2.558735608425500185e+00
2.539935119113269746e+00
2.557903510335894914e+00
2.569877069006389902e+00
2.586003018278497212e+00
2.548900129025216454e+00
2.489336078293319154e+00
2.512122599028358660e+00
2.571454770072483687e+00
2.596906165611954975e+00
2.585478806127560869e+00
2.506408915163353957e+00
2.497944012221934074e+00
2.493314841041544661e+00
2.543439659559447730e+00
2.506338452155630225e+00
2.545759478038872370e+00
2.510585218193981394e+00
2.590800043865985725e+00
2.586499332010516294e+00
2.591290535181708599e+00
2.553555995639113174e+00
2.584649232721703882e+00
2.530449123411656398e+00
2.534430468036974915e+00
2.589932304774922311e+00
2.552373854182947266e+00
2.594779751898998565e+00
2.580946743883268724e+00
2.528311443115649926e+00
2.592347096517507943e+00
2.545699158022241004e+00
2.518747155758323419e+00
2.520753113125133282e+00
2.532408079800428258e+00
2.536496902500951833e+00
2.573231546249211910e+00
2.542136057254461790e+00
2.484534239674643707e+00
2.479344265637297262e+00
2.448193301940228217e+00
2.440381778998539364e+00
2.477521253391633316e+00
2.495053517083984929e+00
2.548529576349068293e+00
2.513386899123540186e+00
2.536987048157493874e+00
2.532405376703839472e+00
2.549894664341685768e+00
2.529684361397622538e+00
2.560375363499582058e+00
2.557840649862572313e+00
2.523207993641537694e+00
2.527433420851409984e+00
2.534152145614082308e+00
2.566743426743788969e+00
2.578662753254835849e+00
2.577953203814228100e+00
2.647654483674932724e+00
2.583767641168797535e+00
2.601935053178824120e+00
2.486214424626740360e+00
2.484992333568726952e+00
2.462261188767880249e+00
2.486156879125775543e+00
2.533050327868842988e+00
2.532333574874722437e+00
2.507086126955579530e+00
2.451007170079648745e+00
2.471605097526604400e+00
2.437398331489169401e+00
2.534530890978830442e+00
2.488073000170333060e+00
2.497233476150657605e+00
2.457471553976225742e+00
2.418310068461903217e+00
2.553533400764837591e+00
2.510867647421151094e+00
2.566186151724316744e+00
2.577783862749125632e+00
2.569863832232340162e+00
2.571211305495932908e+00
2.620482670073662756e+00
2.651769062709254943e+00
2.629123232134555010e+00
2.622600239486601481e+00
2.602843414772519903e+00
2.580703432709168244e+00
2.563628871587453784e+00
2.523398884471932835e+00
2.498384002707101814e+00
2.520002572743442748e+00
2.489255393115592963e+00
2.473166547000049675e+00
2.447625571911642428e+00
2.406116525841803355e+00
2.474812370541540574e+00
2.505210887565217259e+00
2.470708304083553575e+00
2.488110130209860937e+00
2.580634903090978316e+00
2.584682544519984138e+00
2.625965948437449349e+00
2.612550565304199601e+00
2.634462098780528727e+00
2.695617931527708233e+00
2.629757221363347774e+00
2.586218652963318210e+00
2.543380171751589369e+00
2.532408428967117597e+00
2.499154228170378911e+00
2.541525256196912608e+00
2.604644448812801105e+00
2.561312072946170915e+00
2.553061996405254774e+00
2.575369590120862195e+00
2.584874183478412579e+00
2.531904206809658664e+00
2.536518531754870853e+00
2.573183443729945896e+00
2.572415874448211071e+00
2.534431452477704738e+00
2.534354708644327214e+00
2.567143148742541570e+00
2.598115226216339391e+00
2.527225256793779629e+00
2.512354943722784562e+00
2.496092165867487278e+00
2.485364301304932244e+00
2.454393569303965350e+00
2.506342042878160203e+00
2.493917155544441489e+00
2.549336628661794446e+00
2.531567317289893371e+00
2.608568997193938088e+00
2.558254502329717628e+00
2.509525949851713289e+00
2.475102535533667325e+00
2.491714443952938396e+00
2.459488555021027256e+00
2.501741311166497006e+00
2.503334996725996131e+00
2.550938624644440988e+00
2.541588665967777327e+00
2.559769110784169577e+00
2.550306241826303388e+00
2.496726391254029398e+00
2.527059612836968228e+00
2.513573696598490059e+00
2.496824816054413976e+00
2.444804460681206937e+00
2.481874464611422582e+00
2.516006827641696031e+00
2.491262436516472167e+00
2.485514146519854251e+00
2.461914791133996250e+00
2.557384118203112067e+00
2.523840954707218920e+00
2.534656343509899212e+00
2.506801781219142100e+00
2.529819323814501697e+00
2.592556111329639812e+00
2.545930702269757262e+00
2.553043138234206477e+00
2.582415517932398430e+00
2.622150028514717235e+00
2.656766073601982026e+00
2.617413808136693110e+00
2.672252639206760705e+00
2.598416605439916705e+00
2.552198408978090249e+00
2.540833990789292507e+00
2.535304895021376126e+00
2.571120910494178791e+00
2.505589938285742502e+00
2.493718497961125546e+00
2.493837147450928882e+00
2.501633058727040559e+00
2.530141727438760757e+00
2.570189745701696893e+00
2.515341273217531093e+00
2.522517728080782451e+00
2.545540656754538222e+00
2.564344122261030812e+00
2.575848995029210720e+00
2.555142854177069545e+00
2.526148435561839101e+00
2.520660377566846133e+00
2.532008423936152219e+00
2.582632787445502398e+00
2.540433524873592752e+00
2.520713676773156831e+00
2.443695647210994082e+00
2.455559809128709414e+00
2.467812882868140711e+00
2.440444238615755879e+00
2.483779760502701883e+00
2.445858744295082765e+00
2.430848862709944047e+00
2.474201721255763431e+00
2.447444887864770102e+00
2.507612771207023084e+00
2.522342620789953305e+00
2.549478677486453293e+00
2.562197222742502500e+00
2.511674665974655163e+00
2.493513016674865579e+00
2.476053173048077038e+00
2.480758498599258122e+00
2.512928138448049964e+00
2.486557785273260990e+00
2.559201473681362415e+00
2.525591471933331000e+00
2.536715338678780185e+00
2.534581646637615204e+00
2.510239211628961353e+00
2.476451615380655724e+00
2.540006205326030386e+00
2.522928388591702653e+00
2.491044543561389268e+00
2.532992940814887461e+00
2.554557359208511791e+00
2.560026532114127562e+00
2.500026577385853876e+00
2.519885650979461822e+00
2.524090505066521217e+00
2.567456629998089213e+00
2.567624377516179557e+00
2.492389218135493856e+00
2.566669741693556439e+00
2.529378236079870668e+00
2.534507563328940893e+00
2.502237656109009389e+00
2.552406168224460092e+00
2.566197179905677306e+00
2.599171023252759394e+00
2.525247161909885740e+00
2.543654478935212904e+00
2.612789853428354903e+00
2.507570977472733276e+00
2.455937200887590155e+00
2.475225712193839911e+00
2.531736465573626305e+00
2.546907493630924613e+00
2.534562071991184773e+00
2.480643418927427568e+00
2.480115631201776694e+00
2.489983889708137887e+00
2.486422383000129077e+00
2.535422680985135013e+00
2.460275900761688117e+00
2.514577314795746421e+00
2.514209558238331255e+00
2.514856796198335243e+00
2.526887910079393063e+00
2.554955417589338751e+00
2.573834290278007586e+00
2.549556611518243532e+00
2.546171175850243884e+00
2.542125953404182237e+00
2.533194227058249481e+00
2.533446552809235808e+00
2.451882375747332699e+00
2.521320669786415891e+00
2.500211142695464961e+00
2.502527965054985870e+00
2.533464035299850980e+00
2.538607057816681944e+00
2.520811693274899401e+00
2.534656037795797623e+00
2.476081732608364838e+00
2.509882074908864613e+00
2.510349573781962551e+00
2.458106097091891762e+00
2.503645388737707922e+00
2.444838911392326342e+00
2.454278474986501646e+00
2.436361796435581706e+00
2.432285480263228550e+00
2.387534911205004384e+00
2.418878179591460675e+00
2.474420880447053328e+00
2.519846075968863008e+00
2.586450602013225630e+00
2.634123680310865190e+00
2.599367637184764046e+00
2.652902623055878539e+00
2.685492556708755085e+00
2.706558443894778954e+00
2.675145670848451118e+00
2.603300620841245916e+00
2.590502454593015091e+00
2.599485404856339166e+00
2.588458104137095983e+00
2.622810624797230261e+00
2.604696532659607211e+00
2.653866670463951749e+00
2.600473772274138007e+00
2.576132263466140770e+00
2.563599850485892340e+00
2.604124041607769779e+00
2.598557603882972966e+00
2.592166335283053069e+00
2.570582674634567244e+00
2.495441025695304571e+00
2.520692212803059107e+00
2.596298418637509542e+00
2.599619621142876813e+00
2.604160228983869452e+00
2.637832948070688577e+00
2.592458104174796496e+00
2.622300817180508226e+00
2.573440257915946106e+00
2.603837312486041444e+00
2.598490191005853767e+00
2.585794323186605403e+00
2.559384156509268760e+00
2.581536918270391112e+00
2.535479058584576340e+00
2.555945976022441446e+00
2.581386570265901348e+00
2.531786810765516815e+00
2.488862595967583413e+00
2.453312947363390784e+00
2.509050513628388490e+00
2.543433091699626392e+00
2.566358252915417637e+00
2.507020091514477578e+00
2.514053498806120501e+00
2.477898439653966722e+00
2.505670793998081347e+00
2.509524513723202510e+00
2.470194740257558585e+00
2.513007384962754998e+00
2.478678239545975881e+00
2.501215726829382646e+00
2.512727138137197613e+00
2.564338765918572793e+00
2.580963219055441016e+00
2.571389182297210141e+00
2.494981179323166209e+00
2.486620549681385572e+00
2.483812927435272044e+00
2.511066241311802116e+00
2.438104511291235177e+00
2.483939356384327279e+00
2.435453780016821224e+00
2.448007394691400940e+00
2.474596813452249577e+00
2.476577964044250013e+00
2.491322510274168955e+00
2.445355419756305437e+00
2.449842625498503956e+00
2.456878956120374102e+00
2.455518976635924222e+00
2.498037576510031776e+00
2.467552519458799942e+00
2.507712410870992059e+00
2.535418640401110313e+00
2.509883344934321858e+00
2.506431004281829189e+00
2.508574709781011602e+00
2.545498093230180725e+00
2.520002256562670961e+00
2.523855106807023407e+00
2.520311447498602142e+00
2.498056070756548674e+00
2.533072917906658006e+00
2.541808814964370722e+00
2.540518622398766357e+00
2.552010270609954112e+00
2.602788985074306893e+00
2.589365998769221022e+00
2.621101802901927513e+00
2.638735525850434804e+00
2.635907192435734903e+00
2.628633186501358576e+00
2.536659986623436946e+00
2.519529575454266368e+00
2.542550814773675061e+00
2.572465188755189480e+00
2.596421056329447641e+00
2.614543266874593819e+00
2.532523717157760146e+00
2.579810865346145565e+00
2.507192054345795729e+00
2.482679592659043255e+00
2.466284616268262120e+00
2.484765153048263286e+00
2.501568557590023723e+00
2.528692566494093352e+00
2.586933937512158277e+00
2.595655222212768454e+00
2.628313962794032399e+00
2.611398267457970324e+00
2.599676833018158106e+00
2.594213481479110239e+00
2.594224932837053021e+00
2.554335753546399079e+00
2.567733633959688344e+00
2.582861595992462789e+00
2.588874220159981032e+00
2.545293251138415869e+00
2.508460134355229965e+00
2.474881426706960763e+00
2.491543189580450957e+00
2.527203417655378370e+00
2.582406982460029532e+00
2.600262032252217193e+00
2.637282288193176782e+00
2.644983188561824683e+00
2.665509178069968677e+00
2.595534161913445992e+00
2.554068682225453912e+00
2.550616119394941261e+00
2.569182475625518602e+00
2.528428822428695710e+00
2.514818952328954804e+00
2.536633379669725130e+00
2.559199198668669517e+00
2.515730485194133337e+00
2.488477224897911899e+00
2.560403151329224247e+00
2.554638270066302397e+00
2.625391390264615765e+00
2.591873862598473632e+00
2.596603777377579636e+00
2.561275376163851369e+00
2.570498757562522218e+00
2.544929404413465157e+00
2.510371383494057529e+00
2.481185815846622233e+00
2.439649382530867605e+00
2.449065405888565916e+00
2.485741242007770690e+00
2.477375495009436879e+00
2.443232647108604993e+00
2.465963668116918583e+00
2.514650597597651416e+00
2.480138477521993678e+00
2.521743064985261906e+00
2.502804576650092372e+00
2.505588044332206721e+00
2.521113096461384373e+00
2.543912637940535237e+00
2.489795363892044477e+00
2.512184848840153251e+00
2.515038426474700550e+00
2.521733085804710672e+00
2.546449782625750835e+00
2.590918192604165782e+00
2.594153099639322058e+00
2.598619349116214838e+00
2.610089873267273486e+00
2.558536379366844304e+00
2.575655524493892123e+00
2.506003015472891615e+00
2.514943057871177778e+00
2.498073630612027696e+00
2.540473255161240118e+00
2.539204166102061677e+00
2.515309984286425937e+00
2.515360490817725392e+00
2.547878563874499402e+00
2.571305487499906839e+00
2.577329002639305866e+00
2.569491596730812510e+00
2.565890150515475643e+00
2.503455127009516445e+00
2.489118374291027003e+00
2.521726251699957899e+00
2.525296813028177212e+00
2.525274799710031548e+00
2.506298271483630380e+00
2.471852252126718330e+00
2.534884428553492608e+00
2.542612724334808227e+00
2.537526211026319256e+00
2.559814507340216316e+00
2.501300096351800395e+00
2.519015730596899427e+00
2.493668596417061956e+00
2.538280096321990698e+00
2.562331791542832526e+00
2.505219424685571461e+00
2.458211076608332046e+00
2.439510119064966620e+00
2.480166264144056054e+00
2.534595521871367385e+00
2.547986348700450598e+00
2.544100079674995296e+00
2.504525724915493523e+00
2.480026691614397372e+00
2.457424931854423900e+00
2.481617438270696585e+00
2.491190761331219861e+00
2.453256639701651753e+00
2.488342029897001151e+00
2.552803529247515968e+00
2.585346867399926474e+00
2.548357476771189400e+00
2.509219549126964655e+00
2.530471099124010692e+00
2.559724651945543439e+00
2.607790120116754817e+00
2.653706494406978145e+00
2.613965255094561790e+00
2.548896738231930303e+00
2.554400044650284141e+00
2.535797748181678468e+00
2.519913644311872591e+00
2.575284951784697185e+00
2.550257034151711899e+00
2.576691673580046693e+00
2.564887317656956434e+00
2.564246558139657850e+00
2.550510103324368227e+00
2.575426843130822263e+00
2.547605085149761805e+00
2.563537431241446729e+00
2.525463021908617822e+00
2.525457304025908734e+00
2.560475643650280908e+00
2.575033001984702086e+00
2.590188898830694697e+00
2.599907228385237357e+00
2.596190408668016314e+00
2.576341218339805561e+00
2.600716218726783602e+00
2.613338798272528685e+00
2.547537875689358078e+00
2.554011368520713976e+00
2.499763822703874538e+00
2.521760065253517702e+00
2.511436209468085767e+00
2.546053590968744285e+00
2.541255819636387692e+00
2.497707526268531986e+00
2.538336220808799837e+00
2.529497990779641103e+00
2.513506158790060674e+00
2.545271382434015628e+00
2.511013110918584701e+00
2.512001046084544775e+00
2.459197260540157082e+00
2.508908651330900685e+00
2.485585674875955053e+00
2.523155057844236993e+00
2.518716835092731365e+00
2.492333231061441445e+00
2.480817874655184330e+00
2.454658167919867573e+00
2.498785171095111224e+00
2.471054489394072906e+00
2.489845124091263795e+00
2.506163396577644420e+00
2.510808235665578536e+00
2.525556987654240082e+00
2.521681066268222082e+00
2.479049540924148864e+00
2.443166615416493492e+00
2.501564306499143964e+00
2.493139470804909497e+00
2.533665346278568098e+00
2.515573651006767886e+00
2.563360946096121307e+00
2.544677133319422246e+00
2.567430219730648666e+00
2.620142666596508185e+00
2.589700803093264447e+00
2.548721447738150125e+00
2.624188717704124763e+00
2.607019674886644101e+00
2.601710208076310593e+00
2.583744434306659343e+00
2.606640875009440528e+00
2.552270510693277927e+00
2.572709334103600920e+00
2.542284054235559587e+00
2.559416709654872335e+00
2.581814376102855579e+00
2.641447623331760308e+00
2.587266548784154185e+00
2.618268510351983380e+00
2.627550641363638917e+00
2.677729531569414068e+00
2.694364154090536534e+00
2.667376557912639612e+00
2.614939373279872470e+00
2.567748584788305699e+00
2.558622154495602263e+00
2.527470112828186011e+00
2.583477836131342631e+00
2.575772322050349672e+00
2.504853350120924471e+00
2.512656787171250627e+00
2.471084831623672429e+00
2.512157235131004196e+00
2.504644219515392400e+00
2.534145661118611503e+00
2.582004896491530310e+00
2.584024768775276204e+00
2.567568523760592303e+00
2.541847841223491056e+00
2.571664260323106799e+00
2.466320711436583046e+00
2.497868250024212422e+00
2.501060231070046491e+00
2.586504662523271048e+00
2.591014783993057069e+00
2.560794248158993369e+00
2.553881928499447174e+00
2.550649032927383875e+00
2.530166531589305823e+00
2.596527440400270503e+00
2.604145624259054603e+00
2.603383231710266088e+00
2.606974242533889097e+00
2.596936132062751312e+00
2.576398627716724121e+00
2.575954844965214097e+00
2.530456199317270727e+00
2.569455118669519145e+00
2.585919563995563220e+00
2.591322580610250004e+00
2.614996894130553251e+00
2.577347044649160424e+00
2.564105212268408707e+00
2.589155848288751116e+00
2.562127950745550997e+00
2.617908344329943127e+00
2.581160999477657203e+00
2.521652589159418145e+00
2.511453663395874614e+00
2.472807875247758247e+00
2.452548427479243287e+00
2.533102206205541052e+00
2.596705804414738861e+00
2.566649875230555100e+00
2.553975109789087483e+00
2.540120821659647810e+00
2.512784506967031373e+00
2.485395232281591316e+00
2.484632031293183108e+00
2.470035949263930775e+00
2.537102233579909605e+00
2.531120905518566389e+00
2.499082547538187704e+00
2.588603862792581811e+00
2.559857472701852377e+00
2.563053518850479939e+00
2.578549769777992662e+00
2.509028084572086037e+00
2.489382126362958747e+00
2.440297706022159563e+00
2.457658314355892770e+00
2.439983853341453290e+00
2.453074932200579816e+00
2.495162238811962752e+00
2.525402155777115354e+00
2.502853472789046574e+00
2.400973896151783915e+00
2.383683731025388219e+00
2.393643428455449307e+00
2.384677642201978642e+00
2.407683677078386264e+00
2.448005642195022258e+00
2.484504363353078116e+00
2.513378413280491053e+00
2.512321882910660165e+00
2.483012856186174400e+00
2.477894098207808149e+00
2.489318207581303621e+00
2.569242225469080321e+00
2.507879565095529895e+00
2.482276790126832999e+00
2.471559553775708018e+00
2.498505490344678837e+00
2.478131269977683626e+00
2.502239883762065631e+00
2.434224439894166814e+00
2.483275706911998171e+00
2.498062504835548925e+00
2.561990446786560405e+00
2.538959215051188156e+00
2.560918018521703754e+00
2.564446617139961582e+00
2.599674851443093626e+00
2.508773182558647008e+00
2.510762332774313155e+00
2.510944606295638870e+00
2.521725722736454234e+00
2.534278021567991868e+00
2.543995564718192881e+00
2.621334225399910345e+00
2.623295250434407588e+00
2.498572253491539996e+00
2.448235114195410400e+00
2.415988473199618181e+00
2.438564725205503603e+00
2.421886676179684450e+00
2.430210682036270775e+00
2.415299660336058363e+00
2.483704863865771717e+00
2.517451347916939142e+00
2.485207062480352835e+00
2.478870211961850867e+00
2.465855642669256387e+00
2.445233955108698787e+00
2.474379135457076995e+00
2.479027293260875897e+00
2.579286291653513530e+00
2.505755341851768403e+00
2.481408013660735268e+00
2.508349808132404934e+00
2.499012537655124877e+00
2.489570751800957105e+00
2.492648941485672065e+00
2.494676714389901129e+00
2.517851513215648041e+00
2.560732985221171987e+00
2.497421937433653927e+00
2.480215019623273509e+00
2.460654208675303600e+00
2.432404466458269798e+00
2.440249066281825474e+00
2.474782176069104445e+00
2.492497945627121236e+00
2.471377280290941947e+00
2.443737436542670505e+00
2.453853913364173245e+00
2.511730417768569534e+00
2.528900838135407891e+00
2.538968632203943088e+00
2.535881277705473114e+00
2.609319099062203051e+00
2.621424628931054546e+00
2.642451956265583046e+00
2.603822556946226996e+00
2.554902460387187713e+00
2.546959292019058907e+00
2.566985810723400707e+00
2.531438174532393948e+00
2.584239194006815232e+00
2.640262650186601778e+00
2.639998395174555590e+00
2.644293165080218611e+00
2.613907007742969579e+00
2.635330775452183083e+00
2.615688122171111019e+00
2.611970578048465885e+00
2.602401561473095981e+00
2.626257775322555332e+00
2.577290209078529237e+00
2.593573117737504763e+00
2.574732616408315078e+00
2.536939297906033453e+00
2.539696505886958278e+00
2.473732087021556225e+00
2.503703639593065411e+00
2.506567216140660470e+00
2.491300126470491261e+00
2.599866292871276574e+00
2.579444798238235137e+00
2.496172228939481208e+00
2.536424950572789161e+00
2.528340748662247339e+00
2.557253086543570308e+00
2.545413064339951514e+00
2.512228322690019056e+00
2.546453941386472408e+00
2.544217458543002408e+00
2.566968030401577838e+00
2.612638132972824323e+00
2.687356295988302168e+00
2.624650224901613260e+00
2.643813500724417231e+00
2.658636885506662662e+00
2.752708414455236507e+00
2.715693496573358789e+00
2.731433778605922846e+00
2.748774368774342225e+00
2.592192426182361231e+00
2.568000984183410385e+00
2.557435372478186864e+00
2.587282945688984537e+00
2.507533488152801304e+00
2.468386525896321793e+00
2.517399001919414570e+00
2.505427344272543433e+00
2.480325704842626156e+00
2.520822043802798174e+00
2.529847821948501441e+00
2.479323621006897405e+00
2.497025850209455999e+00
2.541274682213217950e+00
2.531429921678438166e+00
2.573619834370714621e+00
2.564890920063009006e+00
2.486699277003308062e+00
2.507819549876137977e+00
2.489291943917083305e+00
2.511660471007823414e+00
2.481367641172533833e+00
2.494749006697521310e+00
2.505673749902311176e+00
2.580051403892126061e+00
2.551355234005017181e+00
2.535872903293820535e+00
2.495609691346429404e+00
2.518114476781522892e+00
2.487410688105925249e+00
2.450369891944419898e+00
2.457069493459670184e+00
2.438153965354773245e+00
2.454815548639894374e+00
2.468887894312468578e+00
2.527692548784957971e+00
2.531564917185594510e+00
2.558925130405877990e+00
2.583201006121508492e+00
2.565375146794153238e+00
2.615249402590264616e+00
2.645968453151127164e+00
2.622092645670301536e+00
2.635581226455943060e+00
2.631811638263137798e+00
2.597254833810757724e+00
2.617594307034674994e+00
2.555172950039509505e+00
2.544290348034817129e+00
2.523328374853339717e+00
2.496838352104444159e+00
2.434798126040390809e+00
2.423943892108302745e+00
2.452623689820855546e+00
2.499582641321114185e+00
2.572786501752843957e+00
2.552305645614212359e+00
2.493284749257076438e+00
2.460036678757676398e+00
2.431279899316268533e+00
2.461390698677173194e+00
2.460361951000066494e+00
2.519192866763280136e+00
2.556115053237419055e+00
2.504156843145464606e+00
2.560568912096496952e+00
2.619680468537535223e+00
2.609018092086854423e+00
2.586846151449010200e+00
2.583495740350455705e+00
2.533895003490762576e+00
2.552468670798856198e+00
2.545060940793560267e+00
2.536877280491780962e+00
2.494425044004083158e+00
2.465528813396068220e+00
2.501819950710372886e+00
2.548089134367407027e+00
2.580387929977991490e+00
2.614965752533576104e+00
2.571595704456798970e+00
2.581070885956135985e+00
2.523419352628409218e+00
2.522669044911430181e+00
2.507171135643499582e+00
2.479372444871093428e+00
2.550358142391899730e+00
2.553651854534538579e+00
2.458934169149443960e+00
2.463227875894610897e+00
2.532566506601474199e+00
2.561615541495212423e+00
2.578047506662800803e+00
2.585955042059349118e+00
2.619553122223767794e+00
2.605346750985319648e+00
