1.000000000000000000e+00
5.833333333333333037e+00
4.565217391304347672e+00
5.062893081761006719e+00
5.240112994350282882e+00
5.124880838894185331e+00
5.137995337995337586e+00
5.093432007400554795e+00
5.258156028368794033e+00
5.181730769230768807e+00
5.290680830516659050e+00
5.246696035242290890e+00
5.049602246139447637e+00
4.997771836007130375e+00
5.122402890695573419e+00
4.850942569048663167e+00
5.276018099547511220e+00
5.283817019183472574e+00
4.966203703703703454e+00
5.130161579892280166e+00
5.229570146433632161e+00
5.098823529411764532e+00
5.458169291338582418e+00
5.081412457086806889e+00
4.938277087033747570e+00
5.027312775330396555e+00
5.302226432970156722e+00
5.062440419447092665e+00
5.302525011910433683e+00
5.265873015873015817e+00
5.092901381610290379e+00
5.364431486880466338e+00
5.303091738469335681e+00
5.226981782373215424e+00
5.148377862595419963e+00
5.062442183163737397e+00
5.305052430886558312e+00
5.152205525933107211e+00
5.088029809035863771e+00
5.269999999999999574e+00
5.335832083958020888e+00
5.330975240020212169e+00
5.192232055063913165e+00
5.192436572522738381e+00
5.468781470292044311e+00
5.230456852791878219e+00
5.127090301003344841e+00
5.087743732590529255e+00
5.236130867709815284e+00
5.329359165424738976e+00
5.162677088422080729e+00
5.143059490084985974e+00
5.169267139479905460e+00
5.044990723562151835e+00
5.095652173913043370e+00
5.193685202639019671e+00
5.288997555012224794e+00
5.077400860009555927e+00
5.204598779915532880e+00
5.244907856450048200e+00
5.022450888681010639e+00
5.068716094032549968e+00
5.254493850520340459e+00
5.168115942028985721e+00
5.217412217412217501e+00
5.247925817471937648e+00
5.078384798099762065e+00
5.254285714285714448e+00
4.976201586560895507e+00
5.261927034611786347e+00
5.289761431411530879e+00
5.118045476536042138e+00
5.306945118989800925e+00
5.175576262873957667e+00
5.418709354677338830e+00
5.235887096774193949e+00
5.259892525647289041e+00
5.403632694248234003e+00
5.340874035989717328e+00
5.229353233830845937e+00
5.294030587074494143e+00
5.118529269472666066e+00
5.249521072796935250e+00
5.102674307545367327e+00
5.215435606060606410e+00
5.230135658914728758e+00
5.222599418040736907e+00
5.277043563387175951e+00
5.128352490421455911e+00
5.060146923783287676e+00
5.062556663644605770e+00
5.190985130111523738e+00
5.048633626679017716e+00
5.168435625288417157e+00
5.081746400371574879e+00
5.118026740433379018e+00
5.371888726207906473e+00
5.407847186370676518e+00
5.041968162083936278e+00
5.108626198083067393e+00
5.272293752980448112e+00
5.176158301158301001e+00
5.172022684310018548e+00
5.126463700234191734e+00
5.299280575539568439e+00
5.296882731321128190e+00
5.114081145584725263e+00
5.100782328578002733e+00
5.263757115749525539e+00
5.318496538081108227e+00
5.136100386100386217e+00
5.090405904059040587e+00
4.959483526268922304e+00
5.000000000000000000e+00
5.338671691003296971e+00
5.110736639383726576e+00
5.062786434463794727e+00
5.171693735498839928e+00
5.237410071942446343e+00
4.945871559633027381e+00
5.157537347215934709e+00
5.222753346080305725e+00
5.102358490566037297e+00
5.271687321258341719e+00
5.272055199605716780e+00
5.217624148003895179e+00
5.315608074839980546e+00
5.298350824587705787e+00
5.334503510531594550e+00
5.111486486486486847e+00
5.043359196713828929e+00
5.095086442220200240e+00
5.145176252319109800e+00
5.230366492146596435e+00
5.146387832699620191e+00
5.361070559610705999e+00
5.137092853670393922e+00
5.120129870129869865e+00
5.199248120300751452e+00
5.253616200578592021e+00
5.025676937441643233e+00
5.161839080459770024e+00
5.174633222905820951e+00
5.171956418758882457e+00
5.360607545320920764e+00
5.148220380302291233e+00
5.206831119544592212e+00
5.044671940437412516e+00
5.217900656044985652e+00
5.357889497262319445e+00
5.172991621488417735e+00
5.254237288135593431e+00
5.436289500509683847e+00
5.014111922141118782e+00
5.094933820173436878e+00
5.181603773584905426e+00
5.070290534208059974e+00
5.051235132662396765e+00
5.250118427285646483e+00
5.396857577293461716e+00
5.120749137506160231e+00
5.191287878787878896e+00
5.114420803782506297e+00
5.228286663502609954e+00
5.212003872216843803e+00
5.220772946859903563e+00
5.479145473041708847e+00
5.218829516539440050e+00
5.201449275362318936e+00
5.130290061816452862e+00
5.214899713467048947e+00
5.225194552529182523e+00
5.178313253012047923e+00
5.119452313503304985e+00
5.109608208955223496e+00
5.170674210278170868e+00
5.246853823814134010e+00
5.276543209876543017e+00
5.279046673286990732e+00
5.109668109668109359e+00
5.277670837343599430e+00
5.241106719367588873e+00
5.021196420160150886e+00
5.337649880095923116e+00
5.152066929133858331e+00
5.365805168986083729e+00
5.107389162561576157e+00
5.264023210831721755e+00
5.090646094503375352e+00
5.056586270871985533e+00
5.177107866227037114e+00
5.169956668271545652e+00
5.141154029566046724e+00
5.108695652173913082e+00
5.379841112214498899e+00
5.180352644836272447e+00
5.142513240250361051e+00
5.036014967259120567e+00
5.221482889733840338e+00
5.129656507014997757e+00
5.031250000000000000e+00
5.375121951219512084e+00
5.205659423951490616e+00
5.160852713178294415e+00
5.140392908481072887e+00
5.200290275761974002e+00
5.074285714285713844e+00
5.202946768060836114e+00
5.217986314760508115e+00
5.214880078316201484e+00
5.123795761078998368e+00
5.242380261248185569e+00
5.367967562088190370e+00
5.216012084592144937e+00
5.105995203836930507e+00
5.232771084337349166e+00
5.360323886639676516e+00
5.032524271844660113e+00
5.314093314093313758e+00
5.231615807903952309e+00
5.303482587064676679e+00
5.250749250749250585e+00
5.276374442793462016e+00
5.258048538880633949e+00
5.225490196078431460e+00
5.180319922443044511e+00
5.171223021582734169e+00
5.127901468498341941e+00
5.149056603773584762e+00
4.977981651376146566e+00
5.287063267233238939e+00
5.034828244274809350e+00
5.316722568279827144e+00
5.349949135300101410e+00
5.222166749875187364e+00
5.103988603988604211e+00
5.106629578117756196e+00
5.037070938215102878e+00
5.041967509025270466e+00
5.222742161909218694e+00
5.049065420560747697e+00
5.307948595906711198e+00
5.069344811095169767e+00
5.046796910495229049e+00
5.238854997653684009e+00
4.988868274582560325e+00
4.975341259357111134e+00
5.159308147473828043e+00
5.216332378223495603e+00
5.336467095497278379e+00
5.105671352399418161e+00
5.177914110429448158e+00
5.034997666822212281e+00
5.153382761816496682e+00
5.143939393939393590e+00
5.200860832137733425e+00
5.257938446507083974e+00
5.024102079395085241e+00
5.196736596736596603e+00
5.201834862385321223e+00
5.326904055390702553e+00
5.140556368960468525e+00
5.000912408759123906e+00
5.152790484903934320e+00
5.194866920152091616e+00
5.135199240986716873e+00
5.014168190127970881e+00
5.322595926101373998e+00
5.187163155316021346e+00
5.183595612780162121e+00
5.137375651350071237e+00
5.184447605500237088e+00
5.073467477772578782e+00
5.090449954086317952e+00
5.293582375478926849e+00
5.247778874629812407e+00
5.217898832684825017e+00
5.120018975332068401e+00
5.256692160611854625e+00
5.127272727272726982e+00
5.130841121495326895e+00
5.219314938154139050e+00
5.242100145843461512e+00
5.142446043165467273e+00
5.171779141104294375e+00
5.011965025310630040e+00
5.054333183655141504e+00
5.060743427017225571e+00
5.314761904761904354e+00
5.053681710213776768e+00
5.183371824480369483e+00
5.091670544439273804e+00
5.196644920782851784e+00
5.069334574220567546e+00
4.975946547884187332e+00
5.287308228730823068e+00
5.155031295137217029e+00
5.053793103448275481e+00
5.052111410601976438e+00
5.034436493738819074e+00
5.216728280961183017e+00
5.302676399026763576e+00
5.293333333333333002e+00
5.164739884393063640e+00
5.203213610586010951e+00
5.118556701030927414e+00
5.161696178937558166e+00
4.967013104383190658e+00
5.123318385650224016e+00
5.186416861826697478e+00
5.175496688741722195e+00
5.186200378071833761e+00
5.319262493934982849e+00
5.380736258194654731e+00
5.369089984748347533e+00
5.138834951456310307e+00
5.027702089009991049e+00
5.366998577524893399e+00
5.312312312312312379e+00
5.095078834209268770e+00
5.345375722543352914e+00
5.066539013882239928e+00
5.117512574302697459e+00
5.128763316350162249e+00
5.144785847299814030e+00
5.322238301977810337e+00
5.219345383488031231e+00
5.157994323557237415e+00
5.293301435406698729e+00
5.298969072164948280e+00
5.185576923076922640e+00
5.181690140845070403e+00
5.287213740458015288e+00
5.176666666666666750e+00
5.097247706422018076e+00
5.233983286908078014e+00
5.235350166746069789e+00
5.019169329073482011e+00
5.090222222222222648e+00
5.180816888480954674e+00
5.339440694310511049e+00
5.173557692307692690e+00
5.101975195222784087e+00
5.241283124128312210e+00
5.148896195396900133e+00
5.183881426586382624e+00
5.205896116050538147e+00
5.369723435225618680e+00
5.202421307506053694e+00
5.215261422515308887e+00
5.202734559170202999e+00
5.239356669820246282e+00
5.095922150139017504e+00
5.157750342935528032e+00
5.082154267457782204e+00
5.291530182498830115e+00
5.292255236239649108e+00
5.010618651892889908e+00
5.199007220216606662e+00
5.217677480018806158e+00
5.372510927634774447e+00
5.142857142857143238e+00
5.215977705527171437e+00
5.174766355140186569e+00
5.170370370370370061e+00
5.150830258302582898e+00
5.221704704238471884e+00
5.200094161958568328e+00
5.165116279069767558e+00
5.284160756501181666e+00
5.385221674876847331e+00
5.004664179104477917e+00
5.030448020878642623e+00
5.051383399209486313e+00
5.130201342281878851e+00
4.964379947229551782e+00
5.156732891832229271e+00
5.311583924349881691e+00
5.237523992322456579e+00
5.086657496561210579e+00
5.298237476808905555e+00
5.163370998116761257e+00
5.175955780746200219e+00
5.080090497737556277e+00
5.175858951175406730e+00
5.239515377446411826e+00
5.392909179213210003e+00
5.168026884301488266e+00
5.182154415164124117e+00
5.294786729857819729e+00
5.066326530612244916e+00
5.055160142348754881e+00
4.990801576872535783e+00
5.343966712898751581e+00
5.348687469044080878e+00
5.144148430066603161e+00
5.153669724770642446e+00
5.410207029369282772e+00
5.238630806845965715e+00
5.289737470167064082e+00
5.168623767026772953e+00
5.045739910313901788e+00
5.389123300515705317e+00
5.014904517931998207e+00
5.279048490393412507e+00
4.988165680473373165e+00
5.060341058154787852e+00
5.197722095671982068e+00
5.087076076993583662e+00
5.352968897266729087e+00
5.186359269932756533e+00
5.268812115475626889e+00
5.127749181094992892e+00
5.108193752829334855e+00
5.217871948410870431e+00
5.208842897460018939e+00
5.050477489768076644e+00
5.272811059907834164e+00
5.164783427495291512e+00
5.212290502793296199e+00
5.312680115273774817e+00
5.154247745609871423e+00
5.105742935278031247e+00
5.183402109124254586e+00
5.277593557555660730e+00
5.025275735294117752e+00
5.327458256029684591e+00
5.106553512494106606e+00
5.172918572735589748e+00
5.303562945368170745e+00
5.531504065040650175e+00
4.965763195435092925e+00
5.042875703767864870e+00
5.284856879039704580e+00
5.086206896551724199e+00
5.259481961147086437e+00
5.091836734693877986e+00
5.140781108083560369e+00
5.244153414405986702e+00
5.201040681173131119e+00
5.220338983050847759e+00
5.068775790921595359e+00
5.087711487088157014e+00
5.193518941122775345e+00
5.092363968907179128e+00
5.284181054596360561e+00
5.024839006439742128e+00
5.161956034096006896e+00
5.307874762808348912e+00
5.364532019704433274e+00
5.361069836552748491e+00
5.182122370936902200e+00
5.236473880597015018e+00
5.233662435354959896e+00
5.089041095890411093e+00
5.175486205336951251e+00
5.333333333333333037e+00
5.196573060447406078e+00
5.224033535165347075e+00
5.114979386165827258e+00
5.396020843202273376e+00
5.239669421487603174e+00
5.277171333649739005e+00
5.035063752276866644e+00
5.321854912764004020e+00
5.070272769301895188e+00
5.087263111502864810e+00
5.196750902527075944e+00
5.233983286908078014e+00
5.239364188873305572e+00
5.234689107059373292e+00
5.023297491039426355e+00
5.243243243243242979e+00
5.306520704426463730e+00
5.231608922638822712e+00
5.238764044943819975e+00
5.100273473108477340e+00
5.162999550965424511e+00
5.301542776998597439e+00
5.184297132110954109e+00
5.199907663896583543e+00
5.316784869976359573e+00
5.279214559386972816e+00
5.224941176470588644e+00
5.275634995296330843e+00
5.183131407269338631e+00
5.004869411243912936e+00
5.241610738255033652e+00
5.090991810737033774e+00
5.130512249443206940e+00
5.375529411764706111e+00
5.057156133828995870e+00
5.237664101403350259e+00
5.070326678765880501e+00
5.265296803652968372e+00
5.153810408921932762e+00
5.134118713185319649e+00
5.142403628117913961e+00
5.079194630872483351e+00
5.197648123021257227e+00
5.121405750798722067e+00
5.183348498635123036e+00
5.225058004640371401e+00
5.091859936334697245e+00
5.328226555246053486e+00
5.177274870344176882e+00
5.031111111111111533e+00
5.066406250000000000e+00
5.267272727272727550e+00
5.126838235294117752e+00
5.181120144534778760e+00
5.302945301542776768e+00
5.137227630968938641e+00
5.277598152424942235e+00
5.111059907834101246e+00
5.238204306000915800e+00
5.065909090909090473e+00
5.061679790026246906e+00
5.082492321193505802e+00
5.296279283417547390e+00
5.207724917569477086e+00
5.239850676621558456e+00
5.107502287282708053e+00
5.346368715083799295e+00
5.126054358013121259e+00
5.155656108597285403e+00
5.076028622540250446e+00
5.122340425531914931e+00
5.081261101243339517e+00
5.063102541630149389e+00
5.139442231075697087e+00
5.208846329229365857e+00
5.168498168498168788e+00
5.344423617619494138e+00
5.249762131303520540e+00
5.088382687927107462e+00
5.225645672859084989e+00
5.201485608170845154e+00
5.219591457753018027e+00
5.126547455295735745e+00
5.218907755851307506e+00
5.014401440144014011e+00
5.233123312331232846e+00
5.159870250231696431e+00
5.196864914707238547e+00
5.294841457643161498e+00
5.164628410159925131e+00
5.323098724610297872e+00
5.251324025036109511e+00
5.290090952608903940e+00
5.165487977369165762e+00
5.116681859617137285e+00
5.274418604651162745e+00
5.333333333333333037e+00
5.327788649706457491e+00
5.241131351869606547e+00
5.185495118549511950e+00
5.212667591308368209e+00
5.238072965388213653e+00
5.302048594568842255e+00
5.133861940298507065e+00
5.133031674208145212e+00
5.269319759370661771e+00
5.054694621695532852e+00
5.297716894977169133e+00
5.194835680751173967e+00
5.222170900692840512e+00
5.178505535055350606e+00
5.100180505415162102e+00
5.289655172413793238e+00
5.329659798754192934e+00
5.073193046660566807e+00
5.304861426624261966e+00
5.241897604509158981e+00
5.091855203619909176e+00
5.228752260397829588e+00
4.993362831858407347e+00
5.133680555555555358e+00
5.146243291592129232e+00
5.089982269503545709e+00
5.371124479407681562e+00
5.119479311947931599e+00
5.263350068461889464e+00
5.435288414929713596e+00
5.129550827423168258e+00
5.164125560538116666e+00
5.341872380065207260e+00
5.314805941542884327e+00
5.144974525243168451e+00
5.086359610274579168e+00
5.347266881028938990e+00
5.200752233192289964e+00
5.063111111111110674e+00
5.157824933687003011e+00
5.044033465433729546e+00
5.144927536231883813e+00
5.088170137350465083e+00
5.180276662204373217e+00
5.245856353591160648e+00
5.136135221562357245e+00
5.029785370127025423e+00
5.201684397163120366e+00
5.229137851544490623e+00
5.321057601510859492e+00
5.187734082397003732e+00
5.164850136239781619e+00
5.029955947136564021e+00
5.084237950499348457e+00
5.312069756769160378e+00
5.125231053604435871e+00
5.277268560953253917e+00
5.090208522212148701e+00
5.239676840215439668e+00
5.396764985727878106e+00
5.145319049836981407e+00
5.081175954365949821e+00
5.005546075085324453e+00
5.193449781659388975e+00
5.185067873303167651e+00
5.184566787003610067e+00
5.170863309352517589e+00
5.286697247706421798e+00
5.275280898876404834e+00
5.321361058601134175e+00
5.103795153177869359e+00
5.333333333333333037e+00
5.185081585081585231e+00
5.134288272157564670e+00
5.273099681383705217e+00
5.236878773803994136e+00
5.190759377859103019e+00
5.343415542112610161e+00
5.154701250578971994e+00
5.154602323503127970e+00
5.363128491620111404e+00
5.178971962616822466e+00
5.187528242205151408e+00
5.167192429022081868e+00
5.173033707865168473e+00
5.132947976878612373e+00
5.146147032772365293e+00
5.225981055480378501e+00
5.096385542168675009e+00
5.127137220517316685e+00
5.090909090909090828e+00
5.264362657091561815e+00
5.308052434456929092e+00
5.300564440263405785e+00
5.264829518916394058e+00
5.293952180028129284e+00
5.300520586843350479e+00
5.305871212121211933e+00
5.179879462216041119e+00
5.202635165833711994e+00
5.144083107497741558e+00
5.154052843708016418e+00
5.167489896722047504e+00
5.265811182401466617e+00
5.108695652173913082e+00
5.321755027422303108e+00
5.163820950622981520e+00
5.383861940298507065e+00
5.256519677572309313e+00
5.271045328399630137e+00
5.146220009053870115e+00
5.275067750677506773e+00
5.325711619225384830e+00
5.241875580315691785e+00
5.180706521739130821e+00
5.225645672859084989e+00
5.129829290206648906e+00
5.073490813648294129e+00
5.073128515794028459e+00
5.180573951434878310e+00
5.378100140383715200e+00
5.141465677179962945e+00
5.250566379700951636e+00
5.126187245590230646e+00
5.162282657155595089e+00
5.210049796287912649e+00
5.217231897341887858e+00
5.164850136239781619e+00
4.932414980628498036e+00
5.184369602763385210e+00
5.301020408163265252e+00
5.174375578168362466e+00
4.896625373771892775e+00
5.065662902551233415e+00
5.076689774696706792e+00
5.199644286349488276e+00
5.093428699150647887e+00
5.301001821493624533e+00
5.184393869019972456e+00
5.331766917293233377e+00
5.314368370298939048e+00
4.999094202898550776e+00
5.199024822695035297e+00
5.289868667917448697e+00
5.059735522115823336e+00
5.201079622132253277e+00
5.216867469879518104e+00
5.240317312179188391e+00
5.108775137111517317e+00
5.111557340473003030e+00
5.382006594441827829e+00
5.279669260700389444e+00
5.034592626308602270e+00
5.043932144410613105e+00
5.230699774266366120e+00
5.166435506241331410e+00
5.170018281535648796e+00
5.193919852602487452e+00
5.337446606549596240e+00
5.114178755264389586e+00
5.072953736654803869e+00
5.183913239945774798e+00
5.076923076923076650e+00
5.274654377880183986e+00
5.158165652784276745e+00
5.130990415335463517e+00
5.182775996335318602e+00
5.280453257790368227e+00
5.154605263157894690e+00
5.184928340268146307e+00
5.263356973995271915e+00
5.110489510489510501e+00
5.271194379391101137e+00
5.060296846011131500e+00
5.316135084427767055e+00
5.230843840931134636e+00
5.057142857142856940e+00
5.191391941391941600e+00
5.255349500713267119e+00
5.381234567901234556e+00
5.147485493230173681e+00
5.136132902630364150e+00
5.131155085135756799e+00
5.238609675904180030e+00
5.066295781177561075e+00
5.283512377393741133e+00
5.200288184438040417e+00
5.299903567984570962e+00
5.277832031250000000e+00
5.184072484501669464e+00
5.284556720686367726e+00
5.123939679547596882e+00
5.259831460674157633e+00
5.209346685741535588e+00
5.155534796823913801e+00
5.179702048417132332e+00
5.188847235238987388e+00
5.215399149740198581e+00
5.159154929577464799e+00
5.065663474692202684e+00
5.287652011225444149e+00
5.182251908396946938e+00
5.283468318246784534e+00
5.120697784064121016e+00
5.429816069699903380e+00
5.295852073963018825e+00
5.324483775811209796e+00
5.145246058289536961e+00
5.030180180180179761e+00
5.114247311827956999e+00
4.948921180096873762e+00
5.174242424242423866e+00
5.159925615992561276e+00
5.309966618979494513e+00
5.071161048689138973e+00
5.127198917456021299e+00
5.118744313011829306e+00
5.139863325740319233e+00
5.144821264894591906e+00
5.129002744739249664e+00
5.229911751045053236e+00
5.231205673758864805e+00
5.115224433132809168e+00
5.190541781450872527e+00
5.153169828782971251e+00
5.206415620641561937e+00
5.234655335221907180e+00
5.036529680365297246e+00
5.170040485829959565e+00
5.115630712979890582e+00
5.199907876554583197e+00
5.178388448998602733e+00
5.337792642140468224e+00
5.225759768451519349e+00
5.401555663587749301e+00
5.194511314395763080e+00
5.280941176470587806e+00
5.249881009043313007e+00
5.366360560657322587e+00
5.085474077533862491e+00
5.071586389748121704e+00
5.192689530685920651e+00
5.292177191328934605e+00
5.554380664652567745e+00
5.394453004622496550e+00
5.140275796481216908e+00
5.095859585958596227e+00
5.123766816143497493e+00
5.166742596810934174e+00
5.143510054844607104e+00
5.231803430690773915e+00
5.159609120521172265e+00
5.297501178689297596e+00
5.123600746268656358e+00
5.279199627733829558e+00
5.149720149253731449e+00
5.202764976958524912e+00
5.190609019060901552e+00
5.081019572143832264e+00
5.216894977168950120e+00
5.170844939647167848e+00
5.166513339466421328e+00
5.021057347670250692e+00
5.150134048257372754e+00
5.344433872502378335e+00
5.193965517241379004e+00
5.273113207547170056e+00
5.060689655172414092e+00
5.187697874265038145e+00
5.292475153809749422e+00
5.156954887218045513e+00
5.259758364312268064e+00
5.313903487816530991e+00
5.027815777473779946e+00
5.223018360949395422e+00
5.172731460156609451e+00
5.209366391184572898e+00
5.179357798165137972e+00
4.998681318681319041e+00
5.287320143884891799e+00
5.267772511848341388e+00
5.120570639668660995e+00
4.970065075921908715e+00
5.124729320051970127e+00
5.077025232403718391e+00
5.390697674418604812e+00
5.153374233128833914e+00
5.111011638316920624e+00
5.192602616147947714e+00
5.197428833792470115e+00
5.025333333333333208e+00
5.112571178274200712e+00
5.013525305410122535e+00
5.272317403065825303e+00
5.079488350845134725e+00
5.162634408602150948e+00
5.099954975236379973e+00
5.212204007285974328e+00
5.284837033538025253e+00
5.190498588899341570e+00
5.150000000000000355e+00
5.100855470508779632e+00
5.166968325791855499e+00
5.179687500000000000e+00
5.239181014425313698e+00
4.966993755575378700e+00
5.273665320771646847e+00
5.298421807747489609e+00
4.937444146559427871e+00
5.297853309481216577e+00
5.277591973244146750e+00
5.230188679245283190e+00
5.136509390746678783e+00
5.186932849364791487e+00
5.117141564902758510e+00
5.063632346442775045e+00
4.992251399052948457e+00
5.036862408915559364e+00
5.134861172322609413e+00
5.167118337850045151e+00
5.109466128308658206e+00
5.058149779735682472e+00
5.156138790035587505e+00
5.365266635205285795e+00
5.092515109251510630e+00
5.267001369237791053e+00
5.154095326237852603e+00
5.210211591536338283e+00
5.238694638694639139e+00
5.086897179253867307e+00
5.385801027557215903e+00
5.217287488061127299e+00
5.300797747536368121e+00
5.297039159503342809e+00
5.214285714285714413e+00
5.085933966530981287e+00
5.059184568171854579e+00
5.206370569762225564e+00
5.254308337214718350e+00
5.147586206896551886e+00
5.230769230769230838e+00
5.031263957123716324e+00
5.122100656455142342e+00
5.290322580645161032e+00
5.194768799626342748e+00
5.181652213601095625e+00
5.214449016918152324e+00
5.026210573078631505e+00
5.134733158355205163e+00
5.070640176600441862e+00
5.342686292548298077e+00
5.124128312412831399e+00
5.300138312586445188e+00
5.205620608899297785e+00
5.286582515194015564e+00
5.262635805384978660e+00
5.210501858736059866e+00
5.280074314909429134e+00
5.167050161067648695e+00
5.207615593834995060e+00
5.005711775043936385e+00
5.137170056252704065e+00
5.111307420494699549e+00
5.316005471956223971e+00
5.348759541984732913e+00
4.947976878612716511e+00
5.265440210249671793e+00
5.256983240223463305e+00
5.119511090991398561e+00
5.195973154362415691e+00
5.159009009009008828e+00
5.116578014184397283e+00
5.097283085013146753e+00
5.359890109890109500e+00
5.187033582089552119e+00
5.055017605633802980e+00
5.191732629727352943e+00
5.115864527629233827e+00
5.343577981651375985e+00
5.169059749884205246e+00
5.167710196779964349e+00
5.322283609576427210e+00
5.279266572637517640e+00
5.136446056210335342e+00
5.182872435325601934e+00
5.120390937361173123e+00
5.239766081871344738e+00
5.361150400754361556e+00
5.287142857142857366e+00
5.196123673281033639e+00
5.166816952209197567e+00
5.239819004524886914e+00
5.388862671071260380e+00
5.364030858244936972e+00
5.172062904717853904e+00
5.101404741000878040e+00
5.291741472172351912e+00
5.184306569343065441e+00
5.032495667244367255e+00
5.153350515463917425e+00
5.194505981391227323e+00
5.194196428571428825e+00
5.354051565377532462e+00
5.251630941286113519e+00
5.335032437442076336e+00
5.253246753246752832e+00
5.235401459854014838e+00
5.176072234762979285e+00
5.307551487414187363e+00
5.236194895591647303e+00
5.148849797023004271e+00
5.013805004314064284e+00
5.271686481726112206e+00
5.196347031963470364e+00
5.184518451845184117e+00
5.161679321125502540e+00
5.079719667104686920e+00
5.224833702882483166e+00
5.109919571045576703e+00
5.189296771340115022e+00
5.373370577281192162e+00
5.276756247053277171e+00
5.268767377201112545e+00
5.087460954930834056e+00
5.217352810978309385e+00
5.072278536800352455e+00
5.197715289982425269e+00
5.211738148984198737e+00
5.276556776556776462e+00
5.327868852459016757e+00
5.196962724344224682e+00
5.234814143245693607e+00
5.260889500229252391e+00
5.027228809837505530e+00
5.332592263228101537e+00
5.123300090661831341e+00
4.933557611438183166e+00
5.120740429112326630e+00
5.186643078283944774e+00
5.109195402298850830e+00
5.268884892086330929e+00
5.161671207992734267e+00
5.085339168490152773e+00
5.311881188118811714e+00
4.984112974404236951e+00
5.263870685889034284e+00
5.170367014046216347e+00
5.139575971731448867e+00
5.349155636695572369e+00
5.277621722846442154e+00
5.392470588235293683e+00
5.212261960055736054e+00
5.292083712465878165e+00
5.120751341681573976e+00
5.122784262862083438e+00
5.249334516415261831e+00
5.162343470483005348e+00
5.206130608618392053e+00
5.210762331838565409e+00
5.127809607756721455e+00
5.101336783096162009e+00
5.250000000000000000e+00
5.149240393208221356e+00
5.170259568851737875e+00
5.176912870411322309e+00
5.369025735294117752e+00
5.159287996348699501e+00
5.110773240660295258e+00
5.276841171251109408e+00
5.226201269265638771e+00
5.146707909854176144e+00
5.162303664921465973e+00
5.034968017057569689e+00
5.169080068143100171e+00
5.171553610503281995e+00
5.117289313640312365e+00
5.159740259740259738e+00
5.282200357781753119e+00
5.142857142857143238e+00
5.206593406593406748e+00
5.305253623188406209e+00
5.167713004484305372e+00
5.161290322580645018e+00
5.277505567928730379e+00
5.406542056074766123e+00
5.299061032863849441e+00
5.343546889507892139e+00
5.277443260768874822e+00
5.157518964747880297e+00
5.236387782204515062e+00
5.237539290525370816e+00
5.198391420911527838e+00
5.265765765765765494e+00
5.238873751135331602e+00
5.181088314005352302e+00
5.401744719926537819e+00
5.147877681424007257e+00
5.304054054054054390e+00
5.199908925318761810e+00
5.095321381722780707e+00
5.282108060230291890e+00
5.120888888888888602e+00
5.154746423927178078e+00
5.298206278026905913e+00
5.102222222222222214e+00
4.966264056643065139e+00
5.198385726423109254e+00
5.190412782956058457e+00
5.300497062810664239e+00
5.248054919908466509e+00
5.175501113585745827e+00
5.074774387623549821e+00
5.128139633886759974e+00
5.106209850107066295e+00
5.145376344086021625e+00
5.133592736705577586e+00
5.343806104129264156e+00
5.001749781277339935e+00
5.133249264396805067e+00
5.270713336287106365e+00
5.152647975077881526e+00
5.216299559471365477e+00
5.172261484098940265e+00
5.389066059225512184e+00
5.073909171861086698e+00
5.117746717492587472e+00
5.175885911840968134e+00
5.291964285714286120e+00
5.003458711629917843e+00
5.167160389335590409e+00
5.187719298245614397e+00
4.943348720100713578e+00
5.236663844199830997e+00
5.372178719484108633e+00
5.221916552040348769e+00
5.060854553301683545e+00
5.310390179745725803e+00
5.325184501845018126e+00
5.245446265938069175e+00
5.159241288045875784e+00
5.209719789842381488e+00
5.185331576635924478e+00
5.154580981328702016e+00
5.158963282937365058e+00
5.098675779581375522e+00
5.131377551020408490e+00
5.310619469026548245e+00
5.051874455100261230e+00
5.186274509803921795e+00
5.426019239578561582e+00
5.198986642100414279e+00
5.121198957428322984e+00
5.287102473498233479e+00
5.434210526315789380e+00
5.115612198452435422e+00
5.238199300699300842e+00
5.222520107238605824e+00
5.357240749200547825e+00
5.050795053003533930e+00
4.908833063209075753e+00
5.118372379778051595e+00
5.216192560175054282e+00
5.286940804338002842e+00
5.169878978036754447e+00
5.190434401053093616e+00
5.201410312913177236e+00
5.224046140195208743e+00
5.127352297592997488e+00
5.323856063971568631e+00
5.281851512373968660e+00
5.353888633225954763e+00
5.300185013876040685e+00
4.958422631804543457e+00
5.144282744282744346e+00
5.119793902962644694e+00
5.070523648648648241e+00
5.225236864771748202e+00
5.104464672735153918e+00
5.244444444444444464e+00
5.266096352994146912e+00
5.194469223907225874e+00
5.241548042704626376e+00
5.139035087719298289e+00
5.176470588235294379e+00
5.218173836698858814e+00
5.137630662020906236e+00
5.170616113744076259e+00
5.167532467532467422e+00
5.175347222222222321e+00
5.094952951240376393e+00
5.254884932696483268e+00
5.128003494975971854e+00
5.093101988997037921e+00
5.173150919196237929e+00
5.146741476046612362e+00
5.188826331745344689e+00
5.213251426064062777e+00
5.196483516483516141e+00
5.358208955223880743e+00
5.111505997334518270e+00
5.101945854483925125e+00
5.321318681318681243e+00
5.145068553737284667e+00
5.219913419913419617e+00
5.255865427180168581e+00
4.990250105977109385e+00
5.329331046312178799e+00
5.214605734767024714e+00
5.139333621808741093e+00
5.145602049530316080e+00
5.310846560846560926e+00
4.971830985915492995e+00
5.209603340292275675e+00
5.200610553859572605e+00
5.211882918304936219e+00
5.015138772077375684e+00
5.227944280287040613e+00
5.209118807540552787e+00
5.021564482029598153e+00
5.233489561141883684e+00
5.268336314847942958e+00
5.244404655326768250e+00
5.072656921754084003e+00
5.127892301220025040e+00
5.206390328151986324e+00
5.241743725231176043e+00
5.009716941275876856e+00
5.147107438016528924e+00
5.106947368421052680e+00
5.093867334167709870e+00
5.323183993040452755e+00
5.121344391095591142e+00
5.234689507494646676e+00
5.265404929577464976e+00
5.233611966564012619e+00
5.233522479266695449e+00
5.355962483251451189e+00
5.268971710821733545e+00
5.261789334508594429e+00
5.175021607605877705e+00
5.137072964993673274e+00
5.239177025289326828e+00
5.430831826401446349e+00
5.161993769470404558e+00
5.073811509591326541e+00
5.275127768313458532e+00
5.115169746454662381e+00
5.293736501079913559e+00
5.246787771377935172e+00
5.226497595102754801e+00
5.273327464788732044e+00
5.145706851691239869e+00
5.230636833046471423e+00
5.317311971517579394e+00
5.227171492204900183e+00
5.186440677966102086e+00
5.059218815623687249e+00
5.200673117374842391e+00
5.098812553011025983e+00
5.171585160202361031e+00
5.211364614722342026e+00
5.117496807151979965e+00
5.267987936234381330e+00
5.377486437613019810e+00
5.124889673433362880e+00
5.195163343232922948e+00
5.269633507853403565e+00
5.173194081810270184e+00
5.217184801381692161e+00
5.113199487398548015e+00
5.052457662123089221e+00
5.159034138218151710e+00
5.259307359307359597e+00
5.256840247131509436e+00
5.139224137931034164e+00
5.233604800685812464e+00
5.260393873085338790e+00
5.257029876977153293e+00
5.206176598521095933e+00
5.274116106503710100e+00
5.343189964157706306e+00
5.085640138408304090e+00
5.297135528003420468e+00
5.322306660706303205e+00
5.270258236865538848e+00
5.224989078200087178e+00
5.167880085653105304e+00
5.171961033460398482e+00
5.209312259718068994e+00
5.129809725158562372e+00
5.106683271066832397e+00
5.129353233830845404e+00
5.266894781864841946e+00
5.205461638491547305e+00
5.109190556492411162e+00
5.197728228859907595e+00
4.994238683127571576e+00
5.329526226734348171e+00
5.061320754716980730e+00
5.276668083297917811e+00
5.146067415730336769e+00
5.249033920137398113e+00
5.130732961851693474e+00
5.396657871591908240e+00
5.083550913838120522e+00
5.106936416184971073e+00
5.160669456066945493e+00
5.164476473081814234e+00
5.153324862346463142e+00
5.345295404814004669e+00
5.221286031042128961e+00
5.116800677105374895e+00
5.241306191687870708e+00
5.214933103150626081e+00
5.262678803641092529e+00
5.238344226579521035e+00
5.233895373973195042e+00
5.167021729867916413e+00
5.166736489317134584e+00
5.257543561410964905e+00
5.182515991471215777e+00
5.194679054054054390e+00
5.031505728314239256e+00
5.291075896580483828e+00
5.333186036235086469e+00
5.194709453599306137e+00
5.030315444489962928e+00
5.007518796992481036e+00
5.210159770585825356e+00
5.115529510255337087e+00
5.270842149809563892e+00
5.081967213114753967e+00
4.913725490196078738e+00
5.201043338683787987e+00
5.064542821679768103e+00
5.214167357083678844e+00
5.240137221269296930e+00
5.303532490187527593e+00
5.093299406276505792e+00
5.246128087065717871e+00
5.319055944055944174e+00
5.379372197309416848e+00
5.140328151986182981e+00
5.140206185567010699e+00
5.046906591184796120e+00
5.281496881496881457e+00
5.361025187803800662e+00
5.380630630630630407e+00
5.132960413080894568e+00
5.380850150279089306e+00
5.002518891687657288e+00
5.118562874251496808e+00
5.154257507198683363e+00
5.192003331945023170e+00
5.162218515429525034e+00
5.114085667215815256e+00
5.158154859967051031e+00
5.294543904518328681e+00
5.160051216389244466e+00
5.238256453660601331e+00
5.169145771355716512e+00
5.235693090292496521e+00
5.011097410604192781e+00
5.257625721352019887e+00
5.198630136986301054e+00
5.246160409556313908e+00
5.292534722222222321e+00
5.248152976966536265e+00
5.320976886175316167e+00
5.520642201834862206e+00
5.110523998238661214e+00
5.085020242914979782e+00
5.233803986710963585e+00
5.338842975206611996e+00
5.229665071770335238e+00
5.215561224489795755e+00
5.176619007569385644e+00
5.125000000000000000e+00
5.222639933166249193e+00
5.064076064489458240e+00
5.221992558908639559e+00
5.191949152542372659e+00
5.226175349428208605e+00
5.148971884179605496e+00
5.137675185490519603e+00
5.120147118921128282e+00
5.116496945010183595e+00
5.126886984904120759e+00
5.160891089108910812e+00
5.046653144016227444e+00
5.158556366585563602e+00
5.206766917293233377e+00
5.432835820895522083e+00
5.197985107314936570e+00
5.143508917461634411e+00
5.238830897703548928e+00
5.010573403822692562e+00
5.070133963750985018e+00
5.161120129870130135e+00
5.194929343308396064e+00
5.250106157112526262e+00
5.182049110922946511e+00
5.279574468085105998e+00
5.162494696648281867e+00
5.364538395168248819e+00
4.998745819397993451e+00
5.055905511811023878e+00
5.020956899960459019e+00
5.387042490534287076e+00
5.098206660973526816e+00
5.281825795644890853e+00
5.258509263248599908e+00
5.152392947103274778e+00
5.255345911949685700e+00
5.273896270895842342e+00
5.116492693110647139e+00
5.145595432300162919e+00
5.130417007358953008e+00
5.269714765100671272e+00
5.217576791808873793e+00
5.140839218944744715e+00
5.192052980132450202e+00
5.051710097719869452e+00
5.249485384932071064e+00
5.036520311858843080e+00
5.321695760598503355e+00
5.160630592245420090e+00
5.229837024655244804e+00
5.225137537029199919e+00
5.092067406494040327e+00
5.185790118415679828e+00
5.351605995717345188e+00
5.259982638888889284e+00
5.266381156316916723e+00
5.259528907922912389e+00
5.087154068566707821e+00
5.156807131280388923e+00
5.206724782067247759e+00
5.083606557377049029e+00
5.238861386138613518e+00
5.363320295523685388e+00
5.320546737213404320e+00
5.121951219512195230e+00
5.200990507635163240e+00
5.292110874200426807e+00
5.090454355981658630e+00
5.116316639741518735e+00
5.043113772455090071e+00
5.091089896579156893e+00
5.032168387609213589e+00
5.060797473351756892e+00
5.055908009516256740e+00
5.112444977991196460e+00
5.248857498961363000e+00
5.169114561477130110e+00
5.199501246882793026e+00
5.234526315789473472e+00
5.284858853721129179e+00
5.286949006050130073e+00
5.359929855326611481e+00
5.332890659583886972e+00
5.095538720538720590e+00
5.026169706582077623e+00
5.247346938775510061e+00
5.278301886792452713e+00
5.094960433152852630e+00
4.998814697747925528e+00
5.272281275551921276e+00
5.156474061577393186e+00
5.084249084249083950e+00
5.103503826016915212e+00
5.025467568643056104e+00
5.173177607732581507e+00
5.446093408991706575e+00
5.163905841325195922e+00
5.296452702702702631e+00
5.097286012526096144e+00
5.091456077015643622e+00
5.089743589743589425e+00
5.258064516129032029e+00
5.069078947368421240e+00
5.187271990271584698e+00
5.257454850902981924e+00
5.073571722153719321e+00
5.162696810658053970e+00
5.181368507831821901e+00
5.015187849720224023e+00
5.230955259975815785e+00
5.192404006677795891e+00
5.177658697444353031e+00
5.126324368378158525e+00
5.131770412287792738e+00
5.236896409409822262e+00
5.240506329113924444e+00
5.173550271172298487e+00
5.106997558991049679e+00
5.074251497005987765e+00
5.282231404958677601e+00
5.313148788927335886e+00
5.261617900172116613e+00
5.061450225317492446e+00
5.151041666666666963e+00
5.029482071713147207e+00
5.076320939334637572e+00
5.245513866231648059e+00
5.315677061085006372e+00
5.205149852258337262e+00
5.018747506980454354e+00
5.263709677419354804e+00
5.166181969256335549e+00
5.072975140336808408e+00
5.202260799354057497e+00
5.088294856217092210e+00
5.172385950746870797e+00
5.255106294289286772e+00
5.342943201376936457e+00
5.149410774410774216e+00
5.171556642216788902e+00
5.189811010682005232e+00
5.321940928270041837e+00
5.208879492600423156e+00
5.156109521863506018e+00
5.124899274778404568e+00
5.199756394640681734e+00
5.290376569037657184e+00
5.263336155800169003e+00
5.248324958123952833e+00
5.374091492090636635e+00
5.319480519480519476e+00
5.161971830985915055e+00
5.293267244940107474e+00
5.045546150745667369e+00
5.279340836012861971e+00
5.246552444630171230e+00
5.189167008617152632e+00
5.183656957928802989e+00
5.154680594616311673e+00
5.027982899339292544e+00
5.212908303817394895e+00
5.202928019520130398e+00
5.244571896763621233e+00
5.194376528117359726e+00
5.305509868421052211e+00
5.157142857142857473e+00
5.133833399131464859e+00
5.247894103489771034e+00
5.198293376676147659e+00
5.089151873767258749e+00
5.285256410256410575e+00
5.128174123337363888e+00
5.201587301587301759e+00
5.148089171974522316e+00
5.223868642370844917e+00
5.230706742485783600e+00
5.173370876910699856e+00
5.382741535920726683e+00
5.179487179487179738e+00
5.144435674822415372e+00
5.154209284028324234e+00
5.150098231827112016e+00
5.361371988566761893e+00
5.225726141078838261e+00
5.132247815726767470e+00
5.163073304586436763e+00
5.040384615384615685e+00
5.359904344360303163e+00
4.967361384191899099e+00
5.078810408921933472e+00
5.130902111324376236e+00
5.259052924791085992e+00
5.095971563981042785e+00
5.235247836349331330e+00
5.166666666666666963e+00
5.084916634354400777e+00
4.988019468363908970e+00
5.466398390342051883e+00
5.032074705643523771e+00
5.029676934635612717e+00
5.099657664511220823e+00
5.156128024980484170e+00
4.914629559984956764e+00
5.115687008611007336e+00
5.092499028371550551e+00
5.249601910828025630e+00
5.253492193919473863e+00
5.078236695790309341e+00
5.109779667568612460e+00
5.038270187523918864e+00
5.125240107568190595e+00
5.123828125000000178e+00
5.168964159117763302e+00
5.259094583670170131e+00
5.021986650961915544e+00
5.289494470774091184e+00
5.278239202657807105e+00
5.060859188544152509e+00
5.170503316426063201e+00
5.240112994350282882e+00
5.165656565656565391e+00
5.001931247585940099e+00
5.277294303797468444e+00
4.958431372549019223e+00
5.061016949152542743e+00
5.230401910067648430e+00
5.158640226628895320e+00
5.049863654070899877e+00
5.234084618426255275e+00
5.192354615697437836e+00
5.204765751211631652e+00
5.118583366494229736e+00
5.135792778649921786e+00
5.182322631787554812e+00
5.305202785743547977e+00
5.262852404643449056e+00
5.005479452054794720e+00
5.303317535545023276e+00
5.241935483870967971e+00
5.170418006430868019e+00
5.212230215827338142e+00
5.304026294165981703e+00
5.069600000000000328e+00
5.106113033448673733e+00
5.331447049312854070e+00
5.295254094918101728e+00
5.170870626525630342e+00
5.287810843864655830e+00
5.283089770354906456e+00
5.061925689172992016e+00
5.163480296527506397e+00
5.038491446345256364e+00
5.056653992395437669e+00
5.255057516858389732e+00
5.298960498960498811e+00
5.221348779478693025e+00
5.229608482871126007e+00
5.202351987023519975e+00
5.143996808934981679e+00
5.329508196721311819e+00
5.171263894606833667e+00
5.246054229057062201e+00
5.220678381691867820e+00
5.021900664841611572e+00
5.176789168278530084e+00
5.071903087143414979e+00
5.209658421672555662e+00
5.243287225386493056e+00
5.219273172723561061e+00
5.172372130487313591e+00
5.267588450589670401e+00
5.262743472855366811e+00
5.244948453608247796e+00
5.345362987830466039e+00
5.242016806722689104e+00
5.074561403508772273e+00
5.361529076860512610e+00
5.097471451876019799e+00
5.287259615384614975e+00
5.145454545454545503e+00
5.212266029470330686e+00
5.322368421052631859e+00
5.131333603567085788e+00
5.287439613526569993e+00
5.264353572903758938e+00
5.217959183673469781e+00
5.142800318217979338e+00
5.264529058116232285e+00
5.238270093839249242e+00
5.170751305745278970e+00
5.335790335790335348e+00
5.174876847290640569e+00
5.246968472109942994e+00
5.102512963701635762e+00
5.155956112852664752e+00
5.249093107617896159e+00
5.324178110694965049e+00
5.015936254980079667e+00
5.112256586483390208e+00
5.000000000000000000e+00
5.155555555555555891e+00
5.093676814988290502e+00
5.204652996845426038e+00
5.363372093023255793e+00
5.211051100955546467e+00
5.295855560114895333e+00
5.385398981324278189e+00
5.165012406947890433e+00
5.240658899156287909e+00
5.349833610648918381e+00
5.279565399080651922e+00
5.269736842105262831e+00
5.187727089220831367e+00
5.078088578088578053e+00
5.204598597038192054e+00
5.149247822644497319e+00
5.136115444617784576e+00
5.246624305003971145e+00
5.077830188679245182e+00
5.163769795287755926e+00
5.019480519480519654e+00
5.197302504816955881e+00
5.149743184512050931e+00
5.231566361100039586e+00
5.232671260640453959e+00
5.377500000000000391e+00
5.211882010801828002e+00
4.998838109992253642e+00
5.029554807332584865e+00
5.247839748625295009e+00
5.224989791751735169e+00
5.323651452282157415e+00
5.249791144527987008e+00
5.239523418241577524e+00
5.266804123711340324e+00
5.154843940008107417e+00
5.055750487329434328e+00
4.996219281663516476e+00
5.007876969242310849e+00
5.342559165663859133e+00
5.117309269893355328e+00
5.283975659229208865e+00
5.241781106949646052e+00
5.074148296593186558e+00
5.185391028185788009e+00
5.292339544513457561e+00
5.187190082644628220e+00
5.137239165329052781e+00
4.917459109927729166e+00
5.073893473368341844e+00
5.170288423548004886e+00
5.270336894001643735e+00
5.107505070993914487e+00
5.271990271584921395e+00
5.045109780439121394e+00
5.168100078186083302e+00
5.065149136577708155e+00
5.344841592201461822e+00
5.293169282986847968e+00
5.204704911267024059e+00
5.339983374896092982e+00
5.350599315068492956e+00
5.168534661685346698e+00
5.076681085332285015e+00
5.127825409197193984e+00
5.205517792882846884e+00
5.342237061769615991e+00
5.269915254237288238e+00
5.131600324939073587e+00
5.164940239043824377e+00
5.087747035573122467e+00
5.151144435674822830e+00
5.239739943112556197e+00
5.250000000000000000e+00
5.269358867610324459e+00
5.058116232464930029e+00
5.170145726664040708e+00
5.135782747603833798e+00
5.231796116504854766e+00
5.060678642714570685e+00
5.431356283699710019e+00
5.202386024712398971e+00
5.051485148514851531e+00
5.157894736842105310e+00
5.225243506493506551e+00
5.346251053074978721e+00
5.393464052287582078e+00
5.177289995778809661e+00
5.274485596707818580e+00
5.207813798836242292e+00
5.065495207667731314e+00
5.211115553778488341e+00
5.421052631578947789e+00
5.128896377422072383e+00
5.110358565737051606e+00
5.245313773431132809e+00
5.168659793814432746e+00
5.047562425683709719e+00
5.134645669291338699e+00
5.224398204814361790e+00
5.218724109362054442e+00
5.211570247933884126e+00
5.192607802874743328e+00
5.072342126298960530e+00
5.283503054989816761e+00
5.185416666666666785e+00
5.102574416733708595e+00
5.156462585034013557e+00
5.156363636363636260e+00
5.242511284366023538e+00
5.134615384615385025e+00
5.256568144499179418e+00
4.923471400394477726e+00
5.123849693251533388e+00
5.096697174691604104e+00
5.260408163265306136e+00
4.955176517255057256e+00
5.154025670945157955e+00
5.141185962081484817e+00
5.080523601745339235e+00
5.283965728274173657e+00
5.318976545842217796e+00
5.118133002891367411e+00
5.089108910891089188e+00
5.417610062893081668e+00
5.357806280406899546e+00
5.240907145913564769e+00
5.199750830564783932e+00
5.278010033444815896e+00
5.193736951983298766e+00
5.210548001648125371e+00
5.231535269709543634e+00
5.100854005693371107e+00
5.300453982666116559e+00
5.091621956252579295e+00
5.334163553341635833e+00
5.141659681475272414e+00
5.196895424836601052e+00
5.262411347517730320e+00
5.091057574520212015e+00
5.120634920634920206e+00
5.166800966962127539e+00
5.003145890680299246e+00
5.459941884599419204e+00
5.111111111111110716e+00
5.142343062774889617e+00
5.135797509039774944e+00
5.207977207977207534e+00
5.185931715343479631e+00
5.082664526484751200e+00
5.119367588932806079e+00
5.110095389507153918e+00
5.019440124416796323e+00
5.171327294210319003e+00
5.151515151515151381e+00
5.291029350971475864e+00
5.215301003344481323e+00
5.318506084767100184e+00
5.276315789473684070e+00
5.136717151043798779e+00
5.426649852879361191e+00
5.128924236082042398e+00
5.182327069172330880e+00
5.092894005557760728e+00
5.281655844155844548e+00
5.230224812656119937e+00
5.382165605095541316e+00
5.091172813924575102e+00
5.375413907284768200e+00
5.279879621668099432e+00
5.144617912900574908e+00
5.216896831844029414e+00
5.251762754043965309e+00
5.026746506986027541e+00
5.147496087636932671e+00
4.976780185758514108e+00
5.062381133510840847e+00
5.311941510966693869e+00
4.981636726546906146e+00
5.174708171206225948e+00
5.311903774367482178e+00
5.215062761506276345e+00
5.264596273291925144e+00
5.268058455114822181e+00
5.276078759949728081e+00
5.251461988304093609e+00
5.185367858610768543e+00
5.119181380417335170e+00
5.052014078998826818e+00
5.174239431054918903e+00
5.182481751824817628e+00
5.322634431012922107e+00
5.148301574150787374e+00
5.101466508125247934e+00
5.078700078308535204e+00
5.199122106943335986e+00
5.288325716659742604e+00
4.972166998011928740e+00
5.331458417034953712e+00
5.239424703891709001e+00
5.222406639004149476e+00
5.238923395445134190e+00
5.052736715940871370e+00
5.261742272179847468e+00
5.193148988856789217e+00
5.223086369218174596e+00
5.271221532091097117e+00
5.296218487394957819e+00
5.348252344416027704e+00
5.136175496688741404e+00
4.989193361636433899e+00
5.243979470983023639e+00
5.030677290836653270e+00
5.089086000771307461e+00
5.304065040650406182e+00
5.086620577470516658e+00
5.221777421937550123e+00
5.041237113402061709e+00
5.105488516932658705e+00
5.138888888888889284e+00
4.969111969111969174e+00
5.266719430154333637e+00
5.176907216494845088e+00
5.248662000823384410e+00
5.260778568438677638e+00
5.168178070898598264e+00
5.282464846980976070e+00
5.338316958564716330e+00
5.123497720679651479e+00
5.076862435947970376e+00
5.058343057176196034e+00
5.200796812749003628e+00
5.353859131168283270e+00
5.051208521097910520e+00
5.086804203970416438e+00
5.134045077105575672e+00
5.106096595407759509e+00
5.166931637519872389e+00
4.961360123647604148e+00
5.126339969372128991e+00
5.238172260412454762e+00
5.257450331125827603e+00
5.046159968165539134e+00
5.422903885480572228e+00
5.116791354945968706e+00
4.960761904761905150e+00
5.202012383900928683e+00
5.002729044834308247e+00
5.202497073741708888e+00
5.105976095617529964e+00
5.340286298568507561e+00
5.063691683569979674e+00
5.235668789808917367e+00
5.241350906095552098e+00
5.083266613290632563e+00
5.190476190476190688e+00
5.169423154497781780e+00
5.243694060211554486e+00
5.377852916314454390e+00
5.214495182237118165e+00
5.253682487725041206e+00
5.300166527893422241e+00
5.202802967848310089e+00
5.221680876979293728e+00
5.072784810126582222e+00
5.110679611650485121e+00
5.220271348762969055e+00
5.251435602953240078e+00
5.281275890637945558e+00
5.018628616726119596e+00
5.238282788499409648e+00
5.096076861489191145e+00
5.143193409180070397e+00
5.045807453416149002e+00
5.291250499400718788e+00
5.144779771615008102e+00
5.145122918318794980e+00
5.180295173514160467e+00
5.181745074386811645e+00
5.127744510978043735e+00
5.156473391580619570e+00
5.111857707509881443e+00
5.178939034045922263e+00
5.189883580891208048e+00
5.231331168831168554e+00
5.171982236576504022e+00
5.188701923076923350e+00
5.055620838229534009e+00
5.253980891719745472e+00
5.080064051240992917e+00
5.201664025356576460e+00
5.197160243407707547e+00
5.242535787321063623e+00
5.179183673469387905e+00
5.207776427703524114e+00
5.238407878539187656e+00
5.271404821280133213e+00
5.206853839801816264e+00
4.946103140752229343e+00
5.349440894568689764e+00
4.990318676885840965e+00
5.142413659293752382e+00
5.119824840764331420e+00
4.940658499234302781e+00
5.213895394223262869e+00
5.231309376290789181e+00
5.158756137479541870e+00
5.224806201550387996e+00
5.170343137254901578e+00
5.086439333862013967e+00
5.213859020310633419e+00
5.109112709832134058e+00
5.123727486296005829e+00
5.184493041749503206e+00
5.062131340935902557e+00
5.199920979849861347e+00
5.253792537925379591e+00
5.133225676221234934e+00
5.144044321329640290e+00
5.181600000000000428e+00
5.292854192482445264e+00
5.091463414634146645e+00
5.262520193861066176e+00
5.080645161290322953e+00
5.119842829076620916e+00
5.209508460918613970e+00
5.086227544910179255e+00
5.187524831148191851e+00
5.131969514640994490e+00
5.057489245209229267e+00
5.103769918383210147e+00
4.982752012265235564e+00
5.154323381155486494e+00
5.166063530357861033e+00
5.316445182724252483e+00
5.172757475083056278e+00
5.205201137748882267e+00
5.237113402061855716e+00
5.344213649851631942e+00
5.239167374681393596e+00
5.126427406199021597e+00
5.041927899686520220e+00
5.192689709972189149e+00
5.286786160900375009e+00
5.165768752590136792e+00
5.194873881204230770e+00
5.265812319140140474e+00
5.072668550666127985e+00
5.107463853067604198e+00
5.334427574887156354e+00
5.161624533775383661e+00
5.321192052980132203e+00
5.306609808102345838e+00
5.119115841178878412e+00
5.081440877055599437e+00
5.268194611982307762e+00
5.025029797377830398e+00
5.334271922767498175e+00
5.012434817488968797e+00
5.228201099764335780e+00
5.367115222876366332e+00
5.208368200836820172e+00
5.215885947046842830e+00
5.406500633178556114e+00
5.314248816185966007e+00
5.184405940594059459e+00
4.959599846094651987e+00
5.316141732283464982e+00
