1.000000000000000000e+00
2.176470588235293935e+00
2.925581395348836988e+00
3.029322162985529143e+00
3.039541320680110736e+00
3.106693711967545735e+00
3.170338983050847492e+00
3.252319929297392775e+00
3.006305170239596425e+00
3.145706145706145485e+00
3.152238805970149382e+00
3.160821214713430471e+00
3.236172080772607540e+00
3.175586023883237630e+00
3.079746835443037956e+00
3.214529914529914656e+00
3.095442820292347186e+00
3.142078792958927114e+00
3.129018612521150544e+00
3.106649937264742700e+00
3.048119692680954174e+00
3.014890282131661436e+00
3.105915267785771317e+00
3.127906976744185830e+00
3.128708733806937037e+00
3.170059372349448790e+00
3.109658371994938886e+00
3.155751469353484495e+00
3.118715673848753589e+00
3.110648918469217872e+00
3.066420664206642055e+00
3.157477025898078438e+00
3.201742919389978237e+00
3.074027072758037438e+00
3.175062972292191255e+00
3.159982751185856031e+00
3.172324881822088383e+00
3.116624257845631796e+00
3.311504424778761280e+00
3.181900452488687581e+00
3.112622184445388740e+00
3.096654275092936892e+00
3.205019140791152576e+00
3.041387959866220569e+00
3.108950992304576832e+00
3.189303904923599386e+00
3.054697286012526103e+00
3.118630248675091643e+00
3.080379225061830262e+00
3.146371976647206026e+00
3.086264656616415358e+00
3.105546357615894149e+00
3.156580617858654403e+00
3.102498941126641263e+00
3.066037735849056478e+00
3.139950166112956964e+00
3.224303135888501703e+00
3.139179755671902328e+00
3.093684650773735001e+00
3.106462303231151800e+00
3.139378673383711238e+00
3.126790227464195659e+00
3.156329651656754276e+00
3.147485080988917439e+00
3.082847626977518907e+00
3.266464471403812908e+00
3.053938356164383361e+00
3.175906627761567513e+00
3.126706484641638362e+00
3.157560355781448447e+00
3.137681159420290022e+00
3.183858437634872640e+00
3.123070325900514366e+00
3.072667217175887533e+00
3.191543340380549765e+00
3.160225792444637527e+00
3.116921768707483054e+00
3.214969538729330001e+00
3.149824253075571345e+00
3.145313843508168450e+00
3.065553235908141883e+00
3.119372160264353600e+00
3.187876182287188165e+00
3.045226130653266416e+00
3.147290028961522435e+00
3.138948268490807880e+00
3.099496221662468631e+00
3.157850190435886439e+00
3.165803108808290300e+00
3.214726631393297840e+00
3.137058053251855050e+00
3.081171548117154657e+00
3.120431893687707792e+00
3.079253112033195183e+00
3.102892561983471076e+00
3.119966442953020280e+00
3.151282051282051189e+00
2.996311475409835889e+00
3.079663730984787851e+00
3.071809601969634596e+00
3.130634390651084953e+00
3.161234991423670593e+00
3.145133505598622037e+00
3.019309778142974743e+00
3.092382495948136079e+00
3.080165289256198147e+00
3.104979253112033266e+00
3.199052132701421858e+00
3.135076252723311363e+00
3.283735478105451300e+00
3.109924343569203220e+00
3.062111801242235920e+00
3.097560975609756184e+00
3.105417891642167305e+00
3.168529664660361345e+00
3.057373565660858272e+00
3.134850400337125809e+00
3.249664429530201293e+00
3.150586113615870154e+00
3.192595857205817733e+00
3.110432125709297058e+00
3.124255319148935950e+00
3.131703131703131859e+00
3.130998702983138759e+00
3.128892733564013984e+00
3.121329879101899962e+00
3.129813933362180833e+00
3.080631399317406149e+00
3.165514261019878983e+00
3.086446568201564045e+00
3.012008281573498980e+00
3.073110285006195763e+00
3.037484381507705056e+00
3.137462876537972178e+00
3.086712683347713426e+00
3.192997811816192577e+00
3.129951045838896384e+00
3.214157706093189848e+00
3.087742504409170863e+00
3.130921619293712155e+00
3.117801047120418723e+00
3.149450549450549364e+00
3.073593073593073655e+00
3.252240143369175662e+00
3.193292966930600940e+00
3.140484739676840054e+00
3.122261174408413886e+00
3.188392857142857029e+00
3.176257362936112383e+00
3.141391614629794660e+00
3.178412132024977854e+00
3.089794130530004512e+00
3.133793698748381651e+00
3.076161790017211572e+00
3.179385964912280649e+00
3.177989130434782705e+00
3.277362020579981383e+00
3.198202459791863905e+00
3.089445438282647505e+00
3.115771079073831551e+00
3.125221238938053148e+00
3.163301929116195677e+00
3.106601248884924171e+00
3.166294143942780526e+00
3.080709534368070823e+00
3.045590115040477386e+00
3.112306368330464590e+00
3.211983658647298956e+00
3.079784849843119510e+00
3.106741573033708015e+00
3.044463445917058753e+00
3.250111856823266088e+00
3.163113994439295862e+00
3.162895927601809820e+00
3.167956304050978389e+00
3.083222664895971743e+00
3.102553007356122716e+00
3.083080917351795680e+00
3.107498916341568940e+00
3.127640845070422504e+00
3.116012351124834545e+00
3.193330328977016741e+00
3.076854731230564077e+00
3.101374570446735479e+00
3.224627875507442454e+00
3.265906932573599430e+00
3.048539325842696712e+00
3.083614864864864913e+00
3.094565682498930048e+00
3.150720838794233369e+00
3.197653429602888231e+00
3.146660649819494449e+00
3.100829332169358299e+00
3.036332910857625578e+00
3.099788583509513806e+00
3.174701459531180880e+00
3.201376146788990962e+00
3.042618629173989397e+00
3.240888888888888708e+00
3.127347686669720517e+00
3.085552160628546314e+00
3.130662020905923271e+00
3.145842596709648831e+00
3.140687807056721681e+00
3.110472823685373367e+00
3.207113912651958554e+00
3.197398978169995409e+00
3.111910112359550507e+00
3.170317389360751026e+00
3.126008968609865324e+00
3.183913239945774798e+00
3.139280837505689536e+00
3.107174490699734282e+00
3.082716586852416008e+00
3.174999999999999822e+00
3.166513761467889765e+00
3.136775362318840799e+00
3.097917589720868392e+00
3.089160839160839167e+00
3.135900841080124124e+00
3.175478577939836011e+00
3.083034111310592351e+00
3.181859003143241882e+00
3.044769503546099099e+00
3.144171779141104128e+00
3.193296602387511562e+00
3.112579762989972743e+00
3.155575539568345356e+00
3.050930026572187703e+00
3.180518319928507420e+00
3.075955056179775493e+00
3.232845379688929377e+00
3.130636913063691296e+00
3.186238532110091892e+00
3.130375114364135403e+00
3.255835667600373462e+00
3.156660412757973599e+00
3.199447259327498738e+00
3.227788279773156965e+00
3.112076852698993701e+00
3.152641002685765415e+00
3.098842386464826237e+00
3.129572498898193000e+00
3.295028142589118136e+00
3.186157517899761427e+00
3.114066726780883698e+00
3.196647032170366831e+00
3.091318038686459602e+00
3.177996422182468805e+00
3.201205377839591915e+00
3.132937414344449500e+00
3.043478260869565410e+00
3.126466753585397829e+00
3.161479476770410635e+00
3.150728597449909074e+00
3.290505432215399040e+00
3.216826923076923084e+00
3.164662349676225617e+00
3.171662125340599658e+00
3.060087719298245634e+00
3.165791776027996551e+00
3.137035378414688935e+00
3.125608137992038849e+00
3.169423334823424199e+00
3.115127175368139323e+00
3.247370827617741096e+00
3.087568058076225253e+00
2.954620462046204654e+00
3.100082712985938738e+00
3.118058592041976329e+00
3.153502900490852134e+00
3.197525206232814110e+00
3.232689590202543428e+00
3.044255699597675502e+00
3.111637931034482829e+00
3.100526777875329376e+00
3.160873440285204783e+00
3.095896520963425491e+00
3.118554429263992844e+00
3.186394557823129414e+00
3.120814479638009065e+00
3.135615829257447640e+00
3.100884955752212235e+00
3.066839154808107093e+00
3.053435114503816994e+00
3.113508847647820321e+00
3.178876404494381802e+00
3.195370370370370416e+00
3.203996282527881156e+00
3.118099547511312242e+00
3.203812982296867951e+00
3.129090909090908923e+00
3.099474145486415644e+00
3.310328855951829574e+00
3.143796992481203034e+00
3.195011337868480794e+00
3.210355987055016236e+00
3.069302532207907497e+00
3.071912013536378883e+00
3.118863049095607298e+00
3.178332590280873671e+00
3.086822388717496590e+00
3.112072695802682976e+00
3.136643233743409365e+00
3.049871023215821264e+00
3.022360248447204967e+00
3.185424752048296781e+00
3.193989071038251470e+00
3.209153318077803352e+00
3.138226024313372164e+00
3.102218355806872552e+00
3.205960854092526624e+00
3.182149362477231236e+00
3.031047865459249646e+00
3.141457179377929343e+00
3.091423595994776008e+00
3.183421516754850078e+00
3.101103752759382104e+00
3.112889273356401532e+00
3.099352051835853050e+00
3.202137132680320519e+00
3.360425737784228151e+00
3.122112211221121925e+00
3.180393912264995571e+00
3.140555058191584425e+00
3.160427807486631213e+00
3.146439767129422194e+00
3.136585365853658658e+00
3.028253424657534332e+00
3.140094542329179284e+00
3.112582781456953551e+00
3.129995608256477713e+00
3.200995925758261862e+00
3.246478873239436513e+00
3.077787769784172678e+00
3.148973350808213389e+00
3.134103019538188484e+00
3.120158450704225483e+00
3.120524017467249056e+00
3.109702797202797075e+00
3.034775233248515836e+00
3.224418093983311362e+00
3.191508998615597559e+00
3.217871948410870431e+00
3.223364485981308203e+00
3.025911286780852194e+00
3.082912457912458049e+00
3.270245677888989899e+00
3.157821229050279399e+00
3.088274044795783713e+00
3.200890868596881766e+00
3.185576481396417137e+00
3.122932498882431851e+00
3.262482821804855604e+00
3.129756992205410260e+00
3.074730021598272245e+00
3.096137339055793802e+00
3.087802768166089784e+00
3.106910039113429001e+00
3.168003565062388560e+00
3.128032345013477045e+00
3.116237799467612923e+00
3.191960252935862830e+00
3.108010801080108187e+00
3.122475856014047313e+00
3.181247196052041204e+00
3.137432188065099492e+00
3.180913613749434710e+00
3.105286738351254350e+00
3.153675819309122996e+00
3.189977220956719872e+00
3.136569872958257843e+00
3.152222721149528617e+00
3.112449799196787215e+00
3.061819764910753250e+00
3.131463628396143672e+00
3.155374887082204260e+00
3.122357174988753759e+00
3.070707070707070496e+00
3.149756313690740051e+00
3.151046405823475727e+00
3.142598460842009889e+00
3.201564657156005467e+00
3.124311926605504386e+00
3.129770992366412319e+00
3.163777372262773557e+00
3.132541133455210236e+00
3.174690508940853029e+00
3.159017153453870907e+00
3.268935762224352892e+00
3.148803827751196049e+00
3.135023041474654271e+00
3.168211306765523538e+00
3.137245841035120275e+00
3.059163701067615815e+00
3.094339622641509635e+00
3.093528368794326244e+00
3.241635687732341786e+00
3.053979871912168242e+00
3.244403837368661669e+00
3.203739213806327868e+00
3.130133825565297734e+00
3.137370085856303614e+00
3.199630314232901895e+00
3.116300366300366331e+00
3.126339285714285765e+00
3.099023090586145557e+00
3.197374377546401192e+00
3.082469580892293948e+00
3.073529411764706065e+00
3.092247726288436471e+00
3.085825747724317392e+00
3.108837614279495121e+00
3.074090121317157642e+00
3.100389441800086576e+00
3.098124727431312841e+00
3.110236220472440749e+00
3.130473241928350081e+00
3.159694107062528179e+00
3.104138851802403121e+00
3.237249544626593867e+00
3.122252747252747263e+00
3.115789473684210442e+00
3.152894387980556878e+00
3.244137931034482669e+00
3.208138447146866135e+00
3.184270690443530061e+00
3.168093735917079545e+00
3.075043630017451957e+00
3.130246646473388239e+00
3.146017699115044142e+00
3.157635467980295374e+00
3.091872791519434838e+00
3.126970227670752944e+00
3.112576956904133496e+00
3.163701067615658502e+00
3.113182423435419288e+00
3.097444781290601856e+00
3.168945743273047899e+00
3.163431151241534955e+00
3.158744394618834050e+00
3.138207757467677439e+00
3.157448706512042680e+00
3.176072234762979729e+00
3.208791208791208938e+00
3.150728597449909074e+00
3.171748878923766668e+00
3.120230700976042382e+00
3.139789658194566346e+00
3.218707636692272889e+00
3.209366391184572898e+00
3.156376746282108847e+00
3.147642133098281114e+00
3.145486415425065907e+00
3.148523578669017109e+00
3.129060579455662960e+00
3.191281138790035499e+00
3.081175954365949821e+00
3.137796976241900460e+00
3.148541114058355461e+00
3.177708146821844437e+00
3.161758042591753526e+00
3.145561063542136271e+00
3.120142920946851195e+00
3.062745098039215907e+00
3.050638297872340310e+00
3.094461142121081920e+00
3.101442938347179545e+00
3.176417641764176292e+00
3.175793833410032185e+00
3.109148550724637694e+00
3.128801431127012478e+00
3.081081081081081141e+00
3.209471766848816188e+00
3.083903328773369701e+00
3.144959857270294368e+00
3.115263394867176849e+00
3.100088967971530440e+00
3.159909909909909942e+00
3.213084112149532601e+00
3.153165735567970085e+00
3.164749194661757858e+00
3.210032817627754387e+00
3.133861940298507509e+00
3.176742039686202279e+00
3.134011090573012748e+00
3.094017094017094127e+00
3.093791871371147639e+00
3.067021748779405144e+00
3.090989791389258556e+00
3.066163410301953718e+00
3.147511312217194490e+00
3.056407942238267061e+00
3.030448020878643067e+00
3.141900937081659961e+00
3.144248608534322642e+00
3.111520737327189146e+00
3.095086442220200240e+00
3.168981481481481399e+00
3.238233867054827630e+00
3.066073102155576269e+00
3.064216120460584669e+00
3.116561656165616423e+00
3.167286245353159835e+00
3.143723751749883277e+00
3.082727272727272538e+00
3.088523131672598065e+00
3.180899908172635460e+00
3.140457302846476839e+00
3.167286245353159835e+00
3.093406593406593519e+00
3.086007130124777120e+00
3.129846708746618411e+00
3.141279337321674969e+00
3.298695021749637579e+00
3.132947976878612817e+00
3.119199272065514172e+00
3.190917516218720884e+00
3.099261311172668343e+00
3.261938534278959967e+00
3.127568084089823230e+00
3.117055326931870152e+00
3.176880222841225621e+00
3.084940312213039437e+00
3.219580419580419406e+00
3.095704948646125221e+00
3.120378719567177495e+00
3.085765603951504232e+00
3.187643020594965737e+00
3.118651892890119903e+00
3.138712601994560369e+00
3.223364485981308203e+00
3.170754716981131871e+00
3.146801656695812355e+00
3.121198365864729762e+00
3.103309481216458110e+00
3.140153222172149761e+00
3.008322382829609953e+00
3.061860068259385503e+00
3.140249332146037187e+00
3.155963302752293753e+00
3.125915750915750912e+00
3.117407071622846804e+00
3.141814865481076247e+00
3.010136624063464161e+00
3.145888594164456098e+00
3.032056990204808677e+00
3.141522029372496583e+00
3.150812064965197390e+00
3.052322958953540777e+00
3.160398731309469689e+00
3.292397660818713323e+00
3.113505747126436685e+00
3.145205479452054753e+00
3.132535664979291479e+00
3.165661252900231926e+00
3.116375344986200613e+00
3.115646258503401267e+00
3.167204053431598165e+00
3.106324472960586558e+00
3.162248628884826385e+00
3.148285449490268562e+00
3.176607642124883668e+00
3.152093023255813975e+00
3.129460201280878096e+00
3.117300724637681153e+00
3.053863134657836653e+00
3.077124183006536118e+00
3.111751662971175225e+00
3.154648526077097337e+00
3.171375636868920989e+00
3.127130354675264901e+00
3.102077687443541176e+00
3.127371273712737043e+00
3.071971390254805367e+00
3.156898106402163950e+00
3.215529411764705969e+00
3.180312352106010376e+00
3.169546940681924330e+00
3.071653898152320927e+00
3.268349696119682068e+00
3.192812044681884398e+00
3.105990783410138345e+00
3.190147329650092178e+00
3.125754060324826167e+00
3.149885057471264460e+00
3.147072383586906330e+00
3.062724014336917655e+00
3.075273522975929819e+00
3.179009541117673976e+00
3.211501901140684456e+00
3.076923076923077094e+00
3.188132474701011798e+00
3.112453531598513123e+00
3.206800186306474121e+00
2.970208981769675294e+00
3.090637024369388808e+00
3.095725734639358961e+00
3.100668151447661280e+00
3.232883092687470761e+00
3.173314339981006427e+00
3.170560747663551560e+00
3.130655586334256668e+00
3.145680147058823373e+00
3.201791607732201950e+00
3.208574181117533897e+00
3.087825278810409024e+00
3.183156925908881885e+00
2.981341625944025076e+00
3.088552915766738849e+00
2.996956521739130519e+00
3.132891832229580675e+00
3.166588894073728344e+00
3.150819672131147442e+00
3.060045146726862342e+00
3.236220472440944906e+00
3.109125117591721388e+00
3.049799911071587211e+00
3.114438980777827659e+00
3.084272194682289303e+00
3.218460111317253958e+00
3.107159569489938988e+00
3.213084112149532601e+00
3.160000000000000142e+00
3.140334572490706133e+00
3.125287885766927509e+00
3.105598543468365946e+00
3.102031602708803515e+00
3.093441150044923482e+00
3.129923042100497987e+00
3.156925908881730525e+00
3.121198156682027491e+00
3.205799812909261082e+00
2.998207082025997394e+00
3.073390557939914114e+00
3.162137681159420399e+00
3.148886827458256210e+00
3.154988399071925631e+00
3.131736526946107713e+00
3.173166202414113179e+00
3.211026615969581943e+00
3.096313364055299555e+00
3.131272401433691677e+00
3.162322816643804213e+00
3.197853476434904252e+00
3.103622191655204254e+00
3.060061376589215065e+00
3.181736392262707991e+00
3.113958810068649719e+00
3.089698046181172497e+00
3.148131472309770196e+00
3.155085135757017767e+00
3.131807780320366330e+00
3.131698455949137205e+00
3.162705667276051180e+00
3.259136212624584861e+00
3.115867845509539436e+00
3.125167635225748697e+00
3.039703315881326251e+00
3.073139435414884435e+00
3.121651295564339179e+00
3.108888888888889035e+00
3.196983546617915728e+00
3.120642201834862295e+00
3.146087743102668366e+00
3.078431372549019773e+00
3.166965888689407649e+00
3.146587265231333141e+00
3.249765258215962405e+00
3.197619047619047805e+00
3.172237697307335402e+00
3.111815301041195081e+00
3.083075563411400655e+00
3.140241179097811308e+00
3.225700934579439405e+00
3.038219424460431473e+00
3.157105030891438791e+00
3.181229773462783239e+00
3.104879160966712348e+00
3.072870939420544456e+00
3.154395359214636319e+00
3.323515210043457291e+00
3.163363943934267564e+00
3.038701067615658502e+00
3.085318319618882477e+00
3.127061970575122807e+00
3.081668885929871315e+00
3.075652173913043352e+00
3.050518134715026086e+00
3.145068553737284223e+00
3.242609103707179585e+00
3.202005730659025939e+00
3.162464985994397626e+00
3.146062271062270987e+00
3.137522768670309770e+00
3.117487573429733594e+00
3.082703423743886173e+00
3.081258191349934616e+00
3.169430748543254239e+00
3.029476462824461258e+00
3.206342117016525162e+00
3.193502824858756917e+00
3.199624236730859383e+00
3.179607109448082447e+00
3.109545454545454390e+00
3.118462226195798159e+00
3.077807250221043400e+00
3.134751773049645251e+00
3.078935698447893721e+00
3.172584269662921397e+00
3.100090579710145011e+00
3.061900610287707103e+00
3.103146853146853346e+00
3.114058355437665959e+00
3.069614711033274990e+00
3.059759243336199308e+00
3.227642276422764134e+00
3.216627078384798111e+00
3.016888888888888953e+00
3.263963963963964154e+00
3.178927384907451525e+00
3.205936920222634434e+00
3.208878504672897147e+00
3.142857142857142794e+00
3.205328433624253570e+00
3.101809954751131304e+00
3.155693950177935747e+00
3.089056269384138353e+00
3.108225108225108446e+00
3.122691292875989344e+00
3.099561403508771740e+00
3.175971415810629583e+00
3.127765237020315947e+00
3.171931407942238046e+00
3.028871391076115582e+00
3.121238177128117020e+00
3.045788336933045404e+00
3.130869565217391237e+00
3.246053853296193115e+00
3.093591516828031462e+00
3.236430542778288899e+00
3.156513589503280315e+00
3.186089359742054317e+00
3.091361374943464302e+00
3.195088676671214323e+00
3.233396584440227706e+00
3.143124415341440603e+00
3.129193109700815878e+00
3.125786163522012551e+00
3.102059086839749291e+00
3.262172284644194953e+00
3.127126654064272149e+00
3.202965708989805371e+00
3.128525196486361626e+00
3.144934120854157023e+00
3.164900967296176759e+00
3.113750571037003034e+00
3.137494346449570148e+00
3.122568973315241969e+00
3.110516934046345661e+00
3.155926092834610230e+00
3.200277520814061027e+00
3.107874374146563312e+00
3.173598553345388762e+00
3.067410714285714324e+00
3.177787729511867276e+00
3.110909913988229913e+00
3.138331102186523669e+00
3.208755760368663612e+00
3.092307692307692424e+00
3.168232662192393523e+00
3.109959441189725116e+00
3.179683972911963696e+00
3.112618724559022887e+00
3.130841121495326895e+00
3.125167635225748697e+00
3.090070298769771462e+00
3.037494674051981036e+00
3.111492281303601892e+00
3.193780982424515358e+00
3.047178130511464023e+00
3.110632802410675968e+00
3.167857142857142705e+00
3.126792114695340352e+00
3.150446428571428648e+00
3.100840336134453867e+00
3.155585106382978733e+00
3.144973070017953454e+00
3.170588235294117485e+00
3.103925066904549723e+00
3.170677361853832643e+00
3.182481751824817628e+00
3.259276655706904613e+00
3.056230319388214323e+00
3.096277278562259205e+00
3.190093708165997466e+00
3.080071174377223997e+00
3.058848614072494865e+00
3.137407889033376751e+00
3.107394366197183011e+00
3.155585106382978733e+00
3.147666068222621405e+00
3.065387968613775271e+00
3.189929328621908144e+00
3.156719817767653868e+00
3.217511520737327047e+00
3.151904543368517775e+00
3.124499777678968471e+00
3.122475856014047313e+00
3.075161987041036937e+00
3.146660846791793809e+00
3.127772848269742667e+00
3.169354838709677491e+00
3.032580364900086867e+00
3.059364548494983183e+00
3.070338983050847403e+00
3.059048428207306713e+00
3.116529995684074184e+00
3.274364896073902909e+00
3.153882132834424645e+00
3.196818181818181781e+00
3.125678119349005524e+00
3.141648106904231685e+00
3.042405884898312429e+00
3.110397946084724197e+00
3.140521431727794965e+00
3.337908187411263494e+00
3.159372026641293907e+00
3.139910313901345340e+00
3.069220722681758939e+00
3.149279790484504460e+00
3.171260732037957553e+00
3.153181818181818308e+00
3.182026593305823159e+00
3.042054006197432603e+00
3.105740181268882072e+00
3.171171171171171199e+00
3.057752110173256543e+00
3.034819532908704875e+00
3.097329888027562372e+00
3.234296194406235614e+00
3.057492077863286362e+00
3.141228070175438702e+00
3.248369058713886481e+00
3.164556962025316444e+00
3.157487482931269795e+00
3.083481349911190161e+00
3.044692737430167551e+00
3.204172214824678289e+00
3.170979667282809444e+00
3.158014571948998039e+00
3.210381258612769795e+00
3.205440900562851692e+00
3.106026280018124197e+00
3.170917225950783180e+00
3.066312997347480085e+00
3.093925032313658008e+00
3.100130605137135564e+00
3.243169398907103762e+00
3.164504170528267046e+00
3.123550401427297007e+00
3.147934251443802900e+00
3.186141304347826164e+00
3.142340713962946008e+00
3.101360245721807907e+00
3.123096998695084725e+00
3.081174438687392048e+00
3.221876389506447502e+00
3.165755919854280620e+00
3.121929824561403333e+00
3.118636755823986029e+00
3.221578243423985910e+00
3.232547387887193757e+00
3.141700404858299489e+00
3.219030520646319449e+00
3.109423849933005801e+00
3.136521739130434749e+00
3.205750224618149069e+00
3.236927348449791797e+00
3.198069852941176627e+00
3.047805302042590370e+00
3.149190110826939559e+00
3.136024572180780901e+00
3.177984909010208803e+00
3.099079351161771356e+00
3.106638115631691566e+00
3.072727272727272751e+00
3.087248322147650992e+00
3.204108391608391671e+00
3.145204262877442147e+00
3.154892496709083005e+00
3.217293906810035686e+00
3.080122591943958099e+00
3.085391377145249248e+00
3.144387317909168811e+00
3.147791867074770433e+00
3.125379609544468362e+00
3.178291194420226784e+00
3.143793706293706247e+00
3.236865538735529846e+00
3.069160504567203240e+00
3.097083333333333410e+00
3.111908783783783772e+00
3.128991060025542836e+00
3.120136810602821775e+00
3.164792387543252428e+00
3.177943760984182742e+00
3.087516087516087637e+00
3.170176192522561109e+00
3.069349315068492956e+00
3.144373673036093386e+00
3.241906474820143824e+00
3.094858156028368779e+00
3.096380471380471455e+00
3.083857442348008515e+00
3.138311412812897938e+00
3.138673557278208293e+00
3.190100744634253083e+00
3.095689655172413790e+00
3.153321976149914718e+00
3.096047598810029555e+00
3.326301615798922917e+00
3.172572480441785636e+00
3.107204116638079050e+00
3.144736842105263275e+00
3.098555649957519087e+00
3.036580353473078642e+00
3.176867876741241048e+00
3.196976433970653453e+00
3.173777777777777587e+00
3.119428818693206207e+00
3.073078538429231621e+00
3.012170385395537497e+00
3.115906288532675816e+00
3.163934426229508379e+00
3.090325342465753522e+00
3.163962425277540458e+00
3.093122597180692157e+00
3.111204364246747733e+00
3.217847769028871596e+00
3.206199460916442145e+00
3.102998696219035235e+00
3.171686746987951722e+00
3.222024074899688006e+00
3.148541114058355461e+00
3.086257928118393057e+00
3.164680851063829792e+00
3.130998702983138759e+00
3.157284056725397470e+00
3.118353344768439062e+00
3.016400164001640238e+00
3.146502057613168812e+00
3.136499786050491956e+00
3.110733983877810971e+00
3.138853503184713567e+00
3.186197916666666519e+00
3.202475685234305924e+00
3.152802101576182014e+00
3.099620092866188337e+00
3.139064475347661087e+00
3.154209621993127044e+00
3.112484022155943553e+00
3.199048031155343974e+00
3.076628352490421658e+00
3.017607042817126661e+00
3.184417737256527214e+00
3.166666666666666519e+00
3.166594734570565173e+00
3.101980615254951612e+00
3.189970250743731306e+00
3.166304819800260351e+00
3.144325481798715405e+00
3.206163194444444642e+00
3.311212814645308811e+00
3.171273221567739053e+00
3.191721132897603397e+00
3.084147896302592340e+00
3.141430948419301039e+00
3.036080360803607991e+00
3.114840274969672418e+00
3.087848932676518832e+00
3.106234618539786663e+00
3.149141181399246037e+00
3.097785206853322038e+00
3.120381901203819197e+00
3.066037735849056478e+00
3.149916943521594792e+00
3.212385521151329915e+00
3.207613988490482626e+00
3.194993412384716791e+00
3.078736842105262994e+00
3.089837398373983746e+00
3.211351122405760261e+00
3.124516960068699056e+00
3.183170420739481532e+00
3.105663567202028741e+00
3.127023661270236676e+00
3.146095717884131115e+00
3.129342821264127217e+00
3.091735537190082539e+00
3.163179916317991669e+00
3.072795341098169875e+00
3.140553947912360311e+00
3.120704107292539664e+00
3.241872561768530669e+00
3.077711357813834425e+00
3.073357517130189454e+00
3.205278592375366387e+00
3.107627118644067821e+00
3.166944908180300722e+00
3.156646909398814760e+00
3.188089117395029870e+00
3.194444444444444642e+00
3.077276524644945610e+00
3.031570639305445791e+00
3.078957757599684264e+00
3.112282124037292430e+00
3.128806584362139986e+00
3.086284086284086126e+00
3.130806845965770080e+00
3.054369714055578111e+00
3.046165884194053319e+00
3.104299363057324790e+00
3.159851301115241817e+00
3.093492586490938834e+00
3.128110975112198933e+00
3.085807238714924683e+00
3.154761904761904656e+00
3.123651452282157681e+00
3.146109271523178652e+00
3.077582686810943269e+00
3.169338265515824204e+00
3.130289065772936752e+00
3.199576271186440835e+00
3.190393768931198526e+00
3.046147507210548167e+00
3.138224564248074611e+00
3.120481927710843539e+00
3.185060847671002726e+00
3.159796005099872573e+00
3.134141245298788014e+00
3.228144989339019055e+00
3.187363834422658027e+00
3.132179054054053946e+00
3.140547263681591872e+00
3.081973898858075156e+00
3.166735282009057073e+00
3.130543933054393158e+00
3.109419991772933045e+00
3.162173372044794650e+00
3.092638544251447463e+00
3.192243536280233496e+00
3.130177514792899629e+00
3.194338825517532676e+00
3.161551577152600156e+00
3.180620484487887811e+00
3.236111111111111160e+00
3.163652024117140193e+00
3.191426146010186926e+00
3.166031342651419056e+00
3.148317407561279424e+00
3.171309771309771097e+00
3.123191401405539303e+00
3.164049586776859435e+00
3.162139573756790778e+00
3.185714285714285499e+00
3.229578675838348900e+00
3.100586756077116313e+00
3.037944664031620334e+00
3.154867256637168271e+00
3.095862351495288767e+00
3.018060463290145101e+00
3.082747853239656610e+00
3.113123993558776004e+00
3.155179529508873149e+00
3.098111658456486062e+00
3.192116182572614314e+00
3.101947782842934043e+00
3.181780708985985306e+00
3.178238780694326859e+00
3.216530348687042462e+00
3.079331941544884987e+00
3.106725734997986432e+00
3.162531017369726971e+00
3.025321543408360014e+00
3.152384801940177894e+00
3.093129139072847700e+00
3.124183006535947715e+00
3.102658486707566610e+00
3.164871582435791364e+00
3.132408575031525810e+00
3.062729124236252432e+00
3.116241393276630411e+00
3.152754590984975014e+00
3.211886304909560508e+00
3.161859664227292477e+00
3.036296900489396489e+00
3.050887573964497168e+00
3.116740980948520257e+00
3.124117891241179112e+00
3.188430455125478513e+00
3.089533417402269944e+00
3.191578947368420849e+00
3.108153781157583229e+00
3.151313047102959786e+00
3.145929987347110934e+00
3.092454394693200825e+00
3.198479729729729826e+00
3.177662785683484259e+00
3.094701710471422729e+00
3.005933544303797333e+00
3.097348634744756524e+00
3.077016619375759987e+00
3.172916666666666607e+00
3.069022869022869138e+00
3.078936770036246440e+00
3.095083299471759641e+00
3.066423653300931473e+00
3.140682846565199693e+00
3.060880296174413928e+00
3.216842105263157947e+00
3.138362068965517171e+00
3.219059939629150602e+00
3.107310816588285451e+00
3.074089234547687344e+00
3.138531729572791473e+00
3.182675814751286580e+00
3.135100470286447116e+00
3.130252100840336116e+00
3.199571734475374907e+00
3.153149266609145851e+00
3.063662670525010512e+00
3.173605328892589394e+00
3.248123620309050885e+00
3.088564058469475349e+00
3.086333878887070448e+00
3.161006289308176065e+00
3.070204763894692768e+00
3.222080679405520343e+00
3.190246045694200561e+00
3.069757727652464574e+00
3.110612244897959400e+00
3.131195335276967917e+00
3.229805615550755959e+00
3.157917760279965069e+00
3.178648299612569783e+00
3.160292221744735564e+00
3.165381319622964984e+00
3.179432013769363241e+00
3.064718162839248361e+00
3.070445344129554499e+00
3.091094771241829964e+00
3.094944512946979032e+00
3.180666948079358569e+00
3.162267416702726042e+00
3.127396676608436454e+00
3.074626865671641784e+00
3.150209205020920500e+00
3.223972003499562700e+00
3.213713268032056813e+00
3.205739514348785679e+00
3.100979974435449371e+00
3.125728559533722084e+00
3.098626716604244713e+00
3.137729549248748029e+00
3.170012815036309384e+00
3.150279089738085236e+00
3.110550651534258026e+00
3.165680473372781023e+00
3.153582153582153769e+00
3.190928725701943858e+00
3.112345151644596353e+00
3.153198653198653112e+00
3.179862306368330671e+00
3.054302422723475186e+00
3.114740710494079412e+00
3.132858340318524615e+00
3.075902115304852913e+00
3.032451923076922906e+00
3.138071895424836555e+00
3.074595938665561690e+00
2.990099009900990090e+00
3.136859103754541689e+00
3.123576549978911654e+00
3.215889464594127833e+00
3.129157667386609276e+00
3.124474348191757844e+00
3.144853875476492977e+00
3.207375271149674578e+00
3.104471195184866694e+00
3.159524819686041486e+00
3.121328224776500626e+00
3.125632377740303447e+00
3.136267456622936933e+00
3.132371658888417620e+00
3.203896103896104020e+00
3.133738601823708336e+00
2.969051446945337513e+00
3.056751467710371983e+00
3.052716297786720379e+00
3.178213689482470627e+00
3.254335260115607031e+00
3.132075471698113400e+00
3.080766028309741777e+00
3.091430914309142963e+00
3.047503045066991323e+00
3.204038704249053460e+00
3.033919597989949590e+00
3.191809444212285740e+00
3.128503665373005393e+00
3.163239074550128649e+00
3.060428031892572509e+00
3.125567947129285429e+00
3.119157894736841907e+00
3.175257731958762708e+00
3.118760757314974263e+00
3.030415125359638306e+00
3.057188884414015373e+00
3.148303309593632360e+00
3.184635530336097808e+00
3.049702633814783237e+00
3.198892674616695242e+00
3.157615894039734972e+00
3.292638317329675157e+00
3.118682310469313990e+00
3.090793381417055397e+00
3.094395280235988199e+00
3.086809945217024787e+00
3.112711864406779494e+00
3.021514273893255886e+00
3.145667643365424926e+00
3.048564189189189033e+00
3.079620462046204654e+00
3.137887144675434836e+00
3.120481927710843539e+00
3.129558129558129398e+00
3.184440559440559593e+00
3.141418563922942386e+00
3.093776641091219304e+00
3.149164166309472712e+00
3.162138475021910811e+00
3.195729537366548190e+00
3.162956366874443592e+00
3.057643040136635459e+00
3.203647416413373694e+00
3.093227792436235912e+00
3.133247089262613194e+00
3.193691692581074992e+00
3.185352622061482730e+00
3.040552200172562447e+00
3.322102425876010567e+00
3.162313432835821114e+00
3.149845747025121323e+00
3.127835951134380288e+00
3.096566523605150056e+00
2.996714579055441696e+00
3.161968868321413328e+00
3.142541924095322070e+00
2.970990468296725862e+00
3.229953330504879094e+00
3.122157824342398413e+00
3.231560125167635356e+00
3.082342580361074447e+00
3.214908456843940776e+00
3.259002770083102352e+00
3.165000000000000036e+00
3.105831533477321660e+00
3.136675235646957827e+00
3.051390058972198727e+00
3.082955014444903163e+00
3.187177280550774316e+00
3.187111111111111228e+00
3.087817477399914079e+00
3.214534377719756364e+00
3.071180555555555358e+00
3.128950695322376685e+00
3.141069887834340157e+00
3.236842105263157965e+00
3.230205949656750786e+00
3.026518391787852647e+00
3.136759220886862654e+00
3.132788998710786199e+00
3.120564343736639490e+00
3.120102214650766648e+00
3.038939519469759709e+00
3.136023294509151516e+00
3.087526427061310752e+00
3.201382886776145131e+00
3.178191489361702260e+00
3.135930735930736013e+00
3.155911650064963325e+00
3.212000000000000188e+00
3.118964003511852656e+00
3.176138828633405797e+00
3.158102766798418948e+00
3.173760421237384666e+00
3.190897039328325135e+00
3.193247445579742383e+00
3.118460873324686577e+00
3.079265748852732631e+00
3.161453930684699820e+00
3.060924369747898943e+00
3.088560885608856221e+00
3.202830188679245182e+00
3.128863735306921967e+00
3.135622317596566511e+00
3.225177304964538916e+00
3.090829694323144139e+00
3.087631027253668670e+00
3.165161290322580534e+00
3.120869565217391450e+00
3.111586147926464374e+00
3.243003109729009292e+00
3.037613488975356546e+00
3.149097018059638931e+00
3.118154376886589141e+00
3.138924731182795913e+00
3.127861771058315199e+00
3.168842471714534259e+00
3.187222715173025911e+00
3.133566128328240996e+00
3.195538057742782101e+00
3.117647058823529438e+00
3.191739130434782634e+00
3.126748251748251661e+00
3.162548764629388831e+00
3.054753820033955680e+00
3.087821043910521812e+00
3.066583437369954090e+00
3.130160067396798862e+00
3.080338266384778034e+00
3.222800173385349076e+00
3.298701298701298690e+00
3.163479052823315207e+00
3.193818984547461159e+00
3.215212527964205869e+00
3.220667870036101110e+00
3.106020942408377117e+00
3.241787122207621330e+00
3.081632653061224580e+00
3.117597998331943288e+00
3.124576271186440657e+00
3.087557603686636121e+00
3.250760538896132257e+00
2.996218487394957997e+00
3.096683979224930106e+00
3.090197693574958659e+00
3.139525197834235559e+00
3.128637705609447650e+00
3.179574468085106353e+00
3.201131911188506596e+00
3.183326058489742483e+00
3.092021950189953738e+00
3.164147774979009231e+00
3.126007636826474201e+00
3.137378845343447242e+00
3.100125156445556751e+00
3.049067315490673113e+00
3.067388688327316704e+00
3.160914760914760979e+00
3.198526224534026685e+00
3.032110091743119185e+00
3.098102543399273490e+00
3.224367224367224338e+00
3.123110151187904915e+00
3.124842899036447630e+00
3.187312473210458741e+00
3.103022562792677519e+00
3.250434027777777679e+00
3.100432900432900318e+00
3.110193974411886053e+00
3.112354892205638546e+00
3.101863354037266873e+00
3.183776932826362316e+00
3.095681625740897669e+00
3.153910849453322118e+00
3.113924050632911555e+00
3.206778206778206908e+00
3.119793902962644694e+00
3.108795331388078509e+00
3.199058219178082307e+00
3.039281236941078213e+00
3.133771029954862453e+00
3.202766969303934452e+00
3.143600867678958632e+00
3.129292072912250866e+00
3.191516709511568184e+00
3.204982517482517501e+00
3.124356775300171307e+00
3.138320100292519843e+00
3.133584589614740512e+00
3.076669414674360947e+00
3.211660329531051961e+00
3.102422439439013857e+00
3.107584501236603458e+00
3.058465286236297320e+00
3.131990131578947345e+00
3.133642495784148441e+00
3.097713097713097774e+00
3.229353872486093291e+00
3.042312526183494015e+00
3.108530236283540304e+00
3.142268041237113341e+00
3.163796724065518706e+00
3.021431459765467231e+00
3.229596042868919881e+00
3.161345987920621159e+00
3.166736842105263072e+00
3.220324508966695198e+00
3.144373673036093386e+00
3.230999146029034819e+00
3.099663582842724807e+00
3.136492507087889958e+00
3.017329657345411587e+00
3.000755857898715018e+00
3.189372752696763680e+00
3.181279119017365709e+00
3.170793117918590198e+00
3.198232323232323093e+00
3.003198720511795372e+00
3.048054919908466776e+00
3.214606283149734622e+00
3.152613827993254514e+00
3.107667210440456795e+00
3.096670677898114565e+00
3.113435237329042593e+00
3.099476439790576077e+00
3.174661746617466029e+00
3.107186858316221656e+00
3.133360356708553063e+00
3.171998338180307631e+00
3.247734138972809603e+00
3.153681506849315141e+00
3.168544013350020894e+00
3.148486105350476905e+00
3.128530495292673130e+00
3.166323589954713746e+00
3.115131578947368585e+00
3.058333333333333126e+00
3.113979348689436044e+00
3.295503211991434700e+00
3.134457414613056603e+00
3.068674698795180511e+00
3.104507379337853923e+00
3.113001215066828475e+00
3.165156507413509068e+00
3.103292181069958744e+00
3.129176854115729434e+00
3.085089141004862423e+00
3.094075260208166700e+00
3.231640788921527285e+00
3.143952299829642083e+00
3.168412232928361938e+00
3.114617940199335688e+00
3.186123805567095957e+00
3.057504078303425743e+00
3.130942788074133620e+00
3.117139334155363706e+00
3.079467527228721302e+00
3.084759251890170972e+00
3.209350434422838294e+00
3.198630136986301498e+00
3.051668022782750178e+00
3.154123298638911166e+00
3.133114215283483883e+00
3.146421267893660723e+00
3.176079734219269035e+00
3.166944213155703736e+00
3.124488124488124630e+00
3.114734299516908056e+00
3.070550931430836350e+00
3.088871411718442594e+00
3.197050389184760366e+00
3.086475409836065609e+00
3.097041420118343158e+00
3.248442044038221788e+00
3.242265795206971557e+00
3.129777404451910883e+00
3.133957654723126929e+00
3.152326060107039751e+00
3.171167428334025651e+00
3.159733777038269409e+00
3.105263157894736725e+00
3.111691442346323999e+00
3.146103896103896069e+00
3.120325203252032331e+00
3.117860016090104658e+00
3.142335766423357768e+00
3.109583501819652263e+00
3.105642256902761300e+00
3.089896579156722556e+00
3.067032536260290154e+00
3.126040428061831022e+00
3.147907354733848084e+00
3.099153567110036089e+00
3.119361277445109604e+00
3.180925092099877283e+00
3.064762670957361212e+00
3.212479608482871285e+00
3.113871635610765853e+00
3.132151490733279697e+00
3.128692836908134378e+00
3.101199999999999957e+00
3.179226069246436026e+00
3.117213114754098235e+00
3.196950968273588600e+00
3.037364403374849253e+00
3.168521462639109831e+00
3.088556409219571197e+00
3.180381029590595876e+00
3.119360131255127122e+00
3.218347862183478458e+00
3.115575807787903884e+00
3.039483971853010225e+00
3.242880390561432069e+00
3.065546907005325838e+00
3.115566037735848948e+00
3.071653543307086398e+00
3.118203309692671343e+00
3.177379983726607016e+00
3.145141451414513956e+00
3.095693779904306275e+00
3.116096025186934071e+00
3.129533678756476700e+00
3.165855636658556183e+00
3.037839968466693019e+00
3.125340599455040724e+00
3.078075709779179991e+00
3.144387147957159900e+00
3.127118644067796716e+00
3.200082169268693377e+00
3.151966873706004257e+00
3.080542264752791137e+00
3.060829135993800687e+00
3.084337349397590522e+00
3.112603713947056594e+00
3.066902794175521585e+00
3.100470957613814971e+00
3.137404580152671763e+00
3.152431548835308739e+00
3.073112265281662037e+00
3.086598746081504530e+00
3.168148746968471929e+00
3.140098603122432053e+00
3.060859188544152953e+00
3.129160063391442037e+00
3.137398373983739663e+00
3.148178469095374687e+00
3.084977849375754921e+00
3.114512922465208611e+00
3.144129554655870518e+00
3.048221343873517952e+00
3.124015748031495843e+00
3.177074774034510884e+00
3.184859891258887465e+00
3.210703750526759492e+00
3.284288194444444642e+00
3.121940928270042104e+00
3.152879156528791693e+00
3.225711892797320068e+00
3.106216550020584499e+00
3.143143544506816323e+00
3.165306122448979576e+00
3.155955792058943832e+00
3.174661746617466029e+00
3.163231657048639622e+00
3.113883299798792859e+00
3.120983736612455317e+00
3.149818767619814608e+00
3.136437246963562853e+00
3.236030025020850687e+00
3.170033670033669981e+00
3.136215334420880740e+00
3.241264559068219420e+00
3.094083812654067511e+00
3.220868859114900395e+00
3.182466442953020280e+00
3.142156862745097978e+00
3.158299595141700333e+00
3.204874019000413021e+00
3.180000000000000160e+00
3.168039538714991554e+00
3.148632094732543685e+00
3.137191420477539516e+00
3.153908464965573089e+00
3.241336116910229492e+00
3.175179400590966594e+00
3.161104243922538082e+00
3.254430379746835467e+00
3.148989898989898784e+00
3.156695156695156879e+00
3.170212765957446610e+00
3.134008097165991824e+00
3.130104083266613380e+00
3.127098321342925757e+00
3.078131134668236957e+00
3.116379310344827402e+00
3.143485211830535420e+00
3.175388389206868389e+00
3.122000813338755787e+00
3.227480282274802992e+00
3.136003337505214983e+00
3.145062982527427664e+00
3.056916996047430946e+00
3.117187500000000000e+00
3.121805111821086332e+00
3.094182825484764532e+00
3.175170751305745220e+00
3.184438040345821452e+00
3.154946852003270852e+00
3.125251711639146279e+00
3.142799999999999816e+00
3.248132780082987559e+00
3.121560574948665234e+00
3.126977848101265778e+00
3.117973079968329397e+00
3.144621513944223068e+00
3.184221228141520754e+00
3.220008302200083161e+00
3.247783875052765001e+00
3.074074074074073959e+00
3.121819583654587671e+00
3.128275322643723211e+00
3.124755572937035542e+00
3.175417661097851951e+00
3.171692802573381709e+00
3.073684210526315574e+00
3.141253869969040213e+00
3.153815580286168707e+00
3.149498997995991978e+00
3.121224165341812462e+00
3.145116646896006340e+00
3.122979897516751979e+00
3.175907459114479359e+00
3.148014440433212879e+00
3.162660256410256387e+00
3.097946287519747433e+00
3.134721131186174237e+00
3.163921253515467935e+00
3.192386410151453191e+00
3.064006321612011252e+00
3.137529137529137646e+00
3.102000784621420149e+00
3.137023949744797591e+00
3.156449044585987185e+00
3.118764845605700664e+00
3.077872012336160257e+00
3.168100078186082857e+00
3.204314204314204328e+00
3.092644135188866716e+00
3.191683168316831853e+00
3.075954348681621209e+00
3.189103829451243488e+00
3.126805778491171584e+00
3.128397006695549543e+00
3.097352024922118474e+00
3.195953986513288214e+00
3.098015873015873112e+00
3.117919075144508501e+00
3.085473361441165352e+00
3.117489475698430823e+00
3.143859649122807021e+00
3.205292702485966316e+00
3.173084718281313332e+00
3.189863234111021573e+00
3.109799291617473482e+00
3.137596899224806002e+00
3.124853687085446641e+00
3.116802483507954857e+00
3.127138413685847773e+00
3.136043784206411278e+00
3.227674979887369400e+00
3.074685534591194980e+00
3.073865766779152686e+00
3.088445615355664309e+00
3.167769560140132334e+00
3.146360759493670667e+00
3.178613861386138773e+00
3.141669964384645741e+00
3.061690784463061643e+00
3.107894736842105043e+00
3.076632691581728807e+00
3.091387739751786601e+00
3.091527987897125573e+00
3.139230769230769269e+00
3.077777777777777946e+00
3.083992467043314534e+00
3.049608355091383949e+00
3.097331830139045561e+00
3.170703125000000178e+00
3.144444444444444375e+00
3.120218579234972811e+00
3.109477756286266992e+00
3.175217048145225096e+00
3.181191730847182875e+00
3.055903049257232329e+00
3.174814235432147136e+00
3.138319260152794499e+00
3.088373919874312534e+00
3.213740458015267087e+00
3.053259141494435447e+00
3.117782909930715718e+00
3.144669044787951062e+00
3.159484494563028711e+00
3.084712371946414677e+00
3.137809187279152034e+00
3.180566801619433281e+00
3.174037674037673895e+00
3.103503184713375607e+00
3.172869147659063582e+00
3.091926458832933822e+00
3.071069911162611188e+00
3.151574803149606474e+00
3.217964565306963287e+00
3.124489795918367285e+00
3.164059366225431269e+00
3.104216388225934598e+00
3.113849765258215996e+00
3.148001582904630169e+00
3.158105939004815621e+00
3.167877320419693277e+00
3.093454258675079060e+00
3.107793718495540869e+00
3.222983870967742082e+00
3.232285115303983325e+00
3.144380639868745053e+00
3.193103448275862011e+00
3.091889732321214446e+00
3.102096273291925499e+00
3.155828707375099018e+00
3.093354430379746667e+00
3.077426810477657870e+00
3.137621832358674645e+00
3.190149374243036018e+00
3.068433544303797333e+00
3.169158143194334976e+00
3.160728744939271362e+00
3.143775100401606348e+00
3.151260504201680579e+00
3.034522885958107263e+00
3.162193698949824938e+00
3.100873709293089586e+00
3.095145631067961034e+00
3.130434782608695787e+00
3.159009188973231907e+00
3.016172506738544534e+00
3.083521444695259461e+00
3.197368421052631415e+00
3.064503363672338665e+00
3.088370313695485869e+00
3.174257425742574412e+00
3.228535877229365525e+00
3.187552213868003470e+00
3.165100122599100896e+00
3.130522088353413501e+00
3.138822593476531253e+00
3.128480509148766853e+00
3.106257378984651929e+00
3.127852084972462698e+00
3.144563918757467214e+00
3.144342263094761947e+00
3.150300601202404849e+00
3.098502758077226193e+00
3.070579209819716215e+00
3.112307692307692442e+00
3.217917675544794243e+00
3.092622293504410536e+00
3.195695496213630804e+00
3.170950632394940794e+00
3.117928286852589714e+00
3.150295857988165693e+00
3.158882235528942317e+00
3.118322121092204302e+00
3.181312127236580523e+00
3.150602409638554313e+00
3.206715210355986834e+00
3.082674050632911555e+00
3.151574038087835206e+00
3.119010212097407919e+00
3.048142532221379764e+00
3.123484848484848531e+00
3.150078369905956244e+00
3.179313099041533697e+00
3.104289649744195412e+00
3.221018852787805642e+00
3.119692680954306407e+00
3.065409772989611259e+00
3.117037605525709854e+00
3.089086000771307461e+00
3.085910652920962338e+00
3.053767512305944898e+00
3.187940485512920752e+00
3.121551379448220587e+00
3.207713941341904462e+00
3.113290632506005018e+00
3.160284247927358958e+00
3.129952456418383377e+00
3.141732283464567121e+00
3.096409055425449086e+00
3.117214700193423393e+00
3.188919888401753777e+00
3.132105684547638269e+00
3.190876350540216233e+00
3.155922643029814623e+00
3.072762645914397073e+00
3.113584036838065838e+00
3.131825273010920618e+00
3.156607495069033487e+00
3.132596685082873034e+00
3.112708900116595512e+00
3.197462331482950226e+00
3.209901800327332300e+00
3.137530072173215778e+00
3.076804915514593119e+00
3.063086744273376016e+00
3.142309167625623179e+00
3.182615629984050898e+00
3.126541981695185157e+00
3.255983772819472488e+00
3.196755407653910197e+00
3.096952908587257802e+00
3.137262504846839661e+00
3.121769772905246487e+00
3.158454867954276768e+00
3.106807511737089023e+00
3.109826589595375612e+00
3.129283489096573057e+00
3.125931737936445742e+00
3.080819798917246555e+00
3.161781946072684590e+00
3.104889589905362790e+00
3.085714285714285854e+00
3.101002313030069235e+00
3.001123595505617914e+00
3.138362395754359380e+00
3.220504475183075588e+00
3.065658575407879116e+00
3.160644147682639460e+00
3.137404580152671763e+00
3.117413724712415846e+00
3.142402545743834708e+00
3.144400000000000084e+00
3.063227307990690651e+00
3.143078112915699940e+00
3.132806324110672058e+00
3.188202247191011196e+00
3.122947537044453270e+00
3.150965707528576853e+00
3.136291600633914545e+00
3.141561514195583715e+00
3.231583231583231797e+00
3.139384116693678894e+00
3.125490196078431371e+00
3.050628092881614073e+00
3.173091750192752691e+00
3.068190623789229132e+00
3.295134700442300169e+00
3.136046033703247193e+00
3.214257108530236273e+00
3.184489795918367339e+00
3.180786380218889153e+00
3.088373919874312534e+00
3.158365758754863695e+00
3.086381322957198581e+00
3.073584905660377231e+00
3.109118657001144648e+00
3.233333333333333393e+00
3.131930392553622156e+00
3.114996114996114951e+00
3.095806079261254506e+00
3.194389569340181811e+00
3.072043852779953177e+00
3.106788710907704143e+00
3.199603174603174782e+00
3.166599435256151729e+00
3.059730250481695446e+00
3.256450972608178063e+00
3.109362389023405893e+00
3.106013878180416299e+00
3.197389240506329333e+00
3.120730738681493310e+00
3.116873065015479671e+00
3.166993335946687527e+00
3.173913043478260754e+00
3.134204275534441919e+00
3.146943573667711380e+00
3.230117077109406321e+00
3.182936833470057625e+00
3.092125984251968607e+00
3.152496099843993704e+00
3.105242566510172164e+00
3.167125442390876788e+00
3.159362549800796671e+00
3.171325878594249303e+00
3.181086519114688205e+00
3.011459129106187849e+00
3.226780185758514108e+00
3.262583892617449521e+00
3.256050955414012904e+00
3.079727564102564319e+00
3.258232931726907644e+00
3.221708035338662235e+00
3.128038897893030690e+00
3.167395626242544893e+00
3.122019077901430961e+00
3.095608239409250118e+00
3.125339542103220847e+00
3.097012029491656993e+00
3.146666666666666501e+00
3.125741399762751893e+00
3.113414157215486977e+00
3.038985616956850766e+00
3.098076197661260078e+00
3.070476190476190581e+00
3.089007227082540830e+00
3.119922630560928223e+00
3.142239685658153370e+00
3.192369477911646491e+00
3.144752714113389747e+00
3.122979897516751979e+00
3.233064516129032118e+00
3.059984214680347314e+00
3.008830022075055233e+00
3.138061109015465977e+00
3.254486133768352385e+00
3.141924959216965796e+00
3.137958218368151364e+00
3.173306772908366380e+00
3.156099518459069220e+00
3.215384615384615508e+00
3.209790209790209570e+00
3.130747700919632059e+00
3.163522012578616316e+00
3.192060946271050526e+00
3.146380270485282349e+00
3.112363919129082390e+00
3.097477064220183429e+00
3.157181571815718346e+00
3.236533009315512466e+00
3.111863057324840920e+00
3.097635392829900969e+00
3.186937817755181701e+00
3.164000000000000146e+00
3.220873786407767003e+00
3.159660468876313466e+00
3.218863361547763091e+00
3.188617886178861660e+00
3.189460981496379688e+00
3.156362185879537208e+00
3.221999197109594704e+00
3.158634538152610638e+00
3.032391713747645934e+00
3.000000000000000000e+00
3.174335952113729764e+00
3.216606498194945818e+00
3.185674269707883255e+00
3.066921606118546695e+00
3.233036060488561514e+00
3.283333333333333215e+00
3.150851581508515853e+00
3.143974960876369185e+00
3.099307159353348773e+00
3.127773527161438416e+00
3.119460500963391336e+00
3.057605421686746983e+00
3.200231035810550573e+00
3.105942142298670827e+00
3.096627510420614016e+00
3.181286549707602163e+00
3.103622906116088931e+00
3.138899576760292298e+00
3.192656928543229355e+00
3.098443579766537059e+00
3.163202463433410383e+00
3.044528301886792576e+00
3.199543899657924850e+00
3.140117416829745434e+00
3.187718616401088223e+00
3.103421760861207357e+00
3.130287009063444259e+00
3.114903299203640508e+00
3.071905114899925682e+00
3.135447761194029681e+00
3.125142207053469789e+00
3.194272445820433237e+00
3.148611654282362338e+00
3.090496024233245098e+00
3.217105263157894690e+00
3.168641390205371167e+00
3.124135280553420380e+00
3.044025157232704615e+00
3.122554448135843597e+00
3.074377091855708510e+00
3.155379984951090844e+00
3.061048689138576862e+00
3.172192916352675418e+00
3.149554436265013635e+00
3.107088414634146201e+00
3.107357357357357408e+00
3.168771526980482367e+00
