1.666666666666666574e-01
2.937062937062936974e-01
3.891912908242612934e-01
4.770788065080290297e-01
5.215158491234284099e-01
5.696299447043811082e-01
6.000392118419762832e-01
6.157802640649027159e-01
6.293655656436250023e-01
6.453274035929544850e-01
6.467036947597198937e-01
6.590266683052722341e-01
6.625369473618011318e-01
6.619198982835347023e-01
6.635579241213044321e-01
6.579786236639789676e-01
6.615143929912390419e-01
6.626941362916006772e-01
6.563931956562676362e-01
6.706545132295227418e-01
6.607222469906375295e-01
6.819181982914832574e-01
6.803289649638940562e-01
6.733469576109170074e-01
6.750947340912060168e-01
6.705828601266236033e-01
6.795659563341612808e-01
6.725971638655462437e-01
6.690396065234274214e-01
6.708706003474680379e-01
6.661106120877711145e-01
6.595542008001523682e-01
6.657575949768503865e-01
6.610429447852760321e-01
6.610644257703081061e-01
6.593497486797734730e-01
6.598371086790532081e-01
6.656175733830046459e-01
6.730618637431480256e-01
6.707397188280120881e-01
6.786467950408863192e-01
6.830008088433540125e-01
6.695356285028022381e-01
6.715650741350905895e-01
6.614004291008387382e-01
6.601032924467398200e-01
6.689790575916230164e-01
6.659888488028862241e-01
6.562219083087196259e-01
6.746113989637305686e-01
6.686946171141383566e-01
6.728321400159108512e-01
6.738317757009345543e-01
6.684605674041591561e-01
6.677404509894155904e-01
6.754839565102095378e-01
6.643876535014935358e-01
6.611129189716888899e-01
6.595127610208816327e-01
6.567021480017847246e-01
6.555162837667255493e-01
6.504733432984554087e-01
6.547456151262595059e-01
6.639817340013953739e-01
6.539950498191280381e-01
6.653902610249536886e-01
6.617704406603405198e-01
6.624861914354408521e-01
6.507764074381749975e-01
6.578102373607001008e-01
6.689176027530679969e-01
6.673473420723272653e-01
6.713346482577251528e-01
6.626710097719870074e-01
6.741338890336024958e-01
6.682411598766646588e-01
6.701891715590345688e-01
6.711782398326140431e-01
6.600283578241814553e-01
6.665170268710318702e-01
6.622185154295245901e-01
6.697973624959794314e-01
6.689087703258669304e-01
6.652117263843647654e-01
6.601101998974884255e-01
6.602282144450819512e-01
6.680892337536372683e-01
6.664709719504240404e-01
6.665138515947344189e-01
6.671023395634557707e-01
6.619371558147068013e-01
6.706645056726093790e-01
6.510605771068220804e-01
6.602196156725730347e-01
6.584627035213934665e-01
6.591967770363842405e-01
6.567521582960489379e-01
6.651929514305564561e-01
6.641245834401435788e-01
6.624309041235147966e-01
6.691690728264356736e-01
6.658536585365854021e-01
6.675008020532563480e-01
6.648517071295880765e-01
6.676285750929844554e-01
6.546821685833438265e-01
6.545794392523364147e-01
6.471203544179178202e-01
6.559485530546623755e-01
6.606873111782477492e-01
6.649567168964412023e-01
6.528120452963876996e-01
6.529308617234469425e-01
6.597650047634169290e-01
6.661921708185053470e-01
6.685511438338154200e-01
6.629812695109260634e-01
6.696149843912591049e-01
6.743307712695467693e-01
6.734871280508191171e-01
6.704945237305011130e-01
6.788072843706223214e-01
6.711499663752521494e-01
6.658980102780339694e-01
6.787242578229473189e-01
6.653532790169627287e-01
6.703564604335507937e-01
6.635784217097049353e-01
6.657555642327216416e-01
6.597610079231068791e-01
6.593157860699734307e-01
6.713060686015831502e-01
6.649789584429247613e-01
6.674684696398387462e-01
6.707077326343381385e-01
6.665794294687255039e-01
6.861705696839562885e-01
6.741869918699187059e-01
6.716871449332805222e-01
6.677762548136544352e-01
6.803397419015011494e-01
6.771867143046181869e-01
6.730781812234216677e-01
6.768204994116877593e-01
6.721815328276222745e-01
6.685262065386611274e-01
6.673752012882447904e-01
6.674639601784213561e-01
6.667740688233019242e-01
6.692715060707827845e-01
6.751115778419533031e-01
6.750689247735328635e-01
6.638374485596707508e-01
6.700552767011881405e-01
6.650051124744376096e-01
6.555077613615111209e-01
6.657489675885370772e-01
6.666878778237352865e-01
6.756930597542933903e-01
6.724025550775648563e-01
6.678888460054033249e-01
6.780175756009304555e-01
6.824382207578253423e-01
6.842527046881260455e-01
6.846138334341601572e-01
6.723626047370852010e-01
6.787673021676677854e-01
6.801289219233046524e-01
6.868135525527524488e-01
6.788215087858369134e-01
6.736088722677154861e-01
6.798140855980892017e-01
6.787318533949612265e-01
6.792723479168024658e-01
6.797241020301926229e-01
6.838911724407907844e-01
6.735170178282009479e-01
6.819708123466357019e-01
6.678411274823831123e-01
6.810714057405868882e-01
6.799086757990867591e-01
6.748019422438027437e-01
6.748602642276422259e-01
6.719223007063571673e-01
6.767118062178142379e-01
6.759776536312849249e-01
6.729563771267750294e-01
6.729752118779073200e-01
6.696622052262587443e-01
6.656534954407294924e-01
6.652801411735047576e-01
6.715845947499521351e-01
6.582342524664811512e-01
6.614084507042253813e-01
6.562362826863986642e-01
6.580256123337063778e-01
6.529521441889372113e-01
6.582756061355764521e-01
6.653681829605428977e-01
6.580754930997542163e-01
6.662241608192679410e-01
6.715626010999676820e-01
6.769841269841270215e-01
6.620748188287524094e-01
6.638985451268185622e-01
6.741808650065530539e-01
6.629096358068929939e-01
6.689963113958454777e-01
6.514899603529863414e-01
6.705317104420243091e-01
6.683886999738425372e-01
6.711096520026264001e-01
6.679334294325776078e-01
6.618351235925974407e-01
6.748941712797134063e-01
6.684800419479582922e-01
6.603749521744675111e-01
6.693290734824280941e-01
6.643132220795892051e-01
6.659641055119116526e-01
6.752369822101025321e-01
6.779906511291066140e-01
6.901776734830706861e-01
6.766526862392649999e-01
6.585475003196522570e-01
6.726167869350551110e-01
6.746293778727261437e-01
6.720856718921359718e-01
6.743512138579431658e-01
6.850486970255330599e-01
6.791440307406916288e-01
6.803440126050420700e-01
6.802271826707172453e-01
6.715076522305437612e-01
6.593475929080698794e-01
6.635340670211450353e-01
6.673970201577563710e-01
6.635163046879889448e-01
6.651971437441788204e-01
6.611279263697572572e-01
6.658249676664408367e-01
6.577168837552224145e-01
6.580731057855241373e-01
6.652966075700876836e-01
6.691433566433566682e-01
6.707957957957958461e-01
6.704267719496146416e-01
6.598345474749969242e-01
6.572290974947178066e-01
6.588270858524788443e-01
6.583601774752324554e-01
6.670553578004173589e-01
6.762090926287912529e-01
6.754133946242737441e-01
6.785645626401793917e-01
6.703637976929902598e-01
6.795195954487990297e-01
6.888064075014651566e-01
6.870304468169237122e-01
6.764859228362878341e-01
6.823742637063887617e-01
6.787752983912818117e-01
6.714668025997196921e-01
6.759949463044852003e-01
6.701778730919641935e-01
6.553079142874684848e-01
6.547377225474967366e-01
6.475994108983800235e-01
6.600298062593145110e-01
6.707951449095863605e-01
6.763754045307442953e-01
6.769043344447294164e-01
6.810932475884244885e-01
6.753987062063664393e-01
6.594557738796256174e-01
6.725833384872286214e-01
6.718799268461878027e-01
6.672084010501312390e-01
6.597230731527998771e-01
6.582639859077932254e-01
6.636535760092835412e-01
6.731524789522919106e-01
6.708948194662480713e-01
6.813918113829382506e-01
6.746972594008923130e-01
6.824859478794073064e-01
6.724809916299278045e-01
6.763924050632911245e-01
6.765175209038105653e-01
6.714040987247001935e-01
6.699674103785410173e-01
6.718574108818011759e-01
6.674773932023697620e-01
6.675724078305440568e-01
6.760907723169508055e-01
6.750349561459260128e-01
6.623344163959010711e-01
6.606660113049889205e-01
6.566873554825362058e-01
6.573091614624385626e-01
6.671193974564760820e-01
6.650184640420604421e-01
6.631296423444229537e-01
6.578124041469848304e-01
6.665636397354268716e-01
6.616214875007754292e-01
6.670391061452514148e-01
6.696969696969696795e-01
6.705187630960696143e-01
6.733235500542333885e-01
6.689343845371312769e-01
6.622817955112219046e-01
6.623815967523680737e-01
6.638999008919722611e-01
6.672705691260073513e-01
6.660593113847700364e-01
6.627863312054074196e-01
6.501617925392270125e-01
6.450752637193315486e-01
6.641561728023136491e-01
6.591820368885324966e-01
6.561795012499237467e-01
6.639314145744029672e-01
6.679640906522694710e-01
6.767927652528340499e-01
6.725300121974706613e-01
6.819438195024747351e-01
6.727881951156646778e-01
6.738700835086377516e-01
6.816952209197475465e-01
6.711008289955658901e-01
6.666248195342414640e-01
6.586102719033232189e-01
6.594317766126082114e-01
6.557705136757838726e-01
6.770016187274312536e-01
6.721237801746275942e-01
6.698769054148862034e-01
6.618473388471494134e-01
6.702804916482824060e-01
6.639019792648445106e-01
6.700262927256792622e-01
6.761801618143594705e-01
6.694770206022186976e-01
6.699887175629936076e-01
6.693695392545100376e-01
6.708709839357429594e-01
6.735738202034240452e-01
6.727666900465472111e-01
6.741573033707864981e-01
6.729390681003584174e-01
6.574921630094043845e-01
6.690184815184815337e-01
6.718390804597701438e-01
6.775364667747163505e-01
6.779460171165240245e-01
6.534871988901500561e-01
6.522082498025636443e-01
6.616694429020913981e-01
6.567043114743870147e-01
6.539102524535522765e-01
6.543248096093121635e-01
6.689781251969992848e-01
6.768858674336514225e-01
6.731494344115895867e-01
6.719580190226304151e-01
6.713734719225992187e-01
6.658473479948253670e-01
6.740952504710545634e-01
6.661686371313498833e-01
6.731738849385908718e-01
6.758864783378121244e-01
6.732249786142001646e-01
6.695223260643821117e-01
6.782129502066522875e-01
6.888375568992458620e-01
6.716266486303685834e-01
6.698780967361384064e-01
6.803659021609439472e-01
6.632519043866561548e-01
6.757411164190825215e-01
6.734163724771864423e-01
6.760292164674635007e-01
6.772560772560772824e-01
6.763766959297685677e-01
6.674770039421813461e-01
6.680036227196274323e-01
6.628323108384458484e-01
6.607040550003182577e-01
6.784902228285584203e-01
6.709511568123392999e-01
6.670759289176090290e-01
6.679271888219459052e-01
6.710823909531502540e-01
6.648902016180814334e-01
6.592312539382482184e-01
6.675919500346981783e-01
6.661350006379992417e-01
6.583866516120938650e-01
6.564214463840398750e-01
6.557254755688175507e-01
6.538532961931290410e-01
6.518326225353854309e-01
6.526783510244383857e-01
6.530321782178217793e-01
6.573374148809895123e-01
6.588198169769643453e-01
6.699382515437114494e-01
6.715790877567351380e-01
6.687575070065394645e-01
6.734378152956211894e-01
6.772177693248200292e-01
6.757660547328192546e-01
6.731611946335872565e-01
6.824954078508742583e-01
6.742895805142083976e-01
6.793969849246230819e-01
6.805432937181663533e-01
6.724056762391552589e-01
6.733435033494726829e-01
6.726971504307488470e-01
6.775311604345797267e-01
6.734189062708918483e-01
6.673959162025987490e-01
6.702869931542917437e-01
6.733009385608733632e-01
6.703362291929173544e-01
6.614183474300585619e-01
6.593827870423615289e-01
6.784618397858588335e-01
6.694319086806477248e-01
6.831987183766103922e-01
6.715073282237461472e-01
6.752328730924225253e-01
6.756129887342611218e-01
6.804343481446939457e-01
6.708977310095363134e-01
6.642543292840527025e-01
6.674579751058642429e-01
6.604231924822604460e-01
6.584030705341974432e-01
6.621955077507117871e-01
6.620952380952380700e-01
6.739326131687243260e-01
6.614546619673181693e-01
6.527872723882915951e-01
6.582138240906013626e-01
6.520157810380964314e-01
6.640823668051851758e-01
6.759425493716337829e-01
6.816901408450704025e-01
6.867510209546763278e-01
6.751819986763732961e-01
6.592281772522092798e-01
6.612440787833457900e-01
6.598576292169606727e-01
6.655455904334828254e-01
6.701610356804547086e-01
6.588000249734656810e-01
6.587858638098755826e-01
6.619326952763198157e-01
6.673124999999999751e-01
6.611274847933780174e-01
6.627270465289872847e-01
6.631500093638803550e-01
6.620836197737641760e-01
6.755322509318339996e-01
6.759503441178362770e-01
6.710298363811356692e-01
6.554809843400447589e-01
6.673653063740598856e-01
6.557407407407407351e-01
6.613484931841799863e-01
6.573460878096639703e-01
6.641197855690430529e-01
6.650919940328194890e-01
6.669592476489027977e-01
6.654142400901746912e-01
6.724745250974965005e-01
6.719688258592053653e-01
6.738618274434893252e-01
6.560089574521025257e-01
6.648051549555078488e-01
6.595429277331685824e-01
6.522610015174507003e-01
6.577283229964733247e-01
6.547669814194334581e-01
6.566122473751290212e-01
6.638629666011788277e-01
6.679621387826740753e-01
6.600750938673342061e-01
6.558265582655826709e-01
6.529454811562385164e-01
6.564862228724701598e-01
6.639537773359840411e-01
6.735658617605724263e-01
6.784553374073593046e-01
6.781918383414250462e-01
6.745600837312749620e-01
6.708646003262642710e-01
6.694514603976426947e-01
6.622448979591836205e-01
6.677407126611069055e-01
6.756547542252612226e-01
6.748976541685619557e-01
6.787729424735715611e-01
6.720655610763373033e-01
6.818386660657953513e-01
6.834076659556589384e-01
6.723020211008008395e-01
6.771055604368018122e-01
6.839408109666260671e-01
6.792549446329130269e-01
6.712535344015080341e-01
6.786877034810918641e-01
6.644549175244945927e-01
6.769002228274325628e-01
6.746420497362471957e-01
6.676386648467551588e-01
6.753871128871128393e-01
6.804801736798415934e-01
6.737707022724355177e-01
6.823293691830403240e-01
6.690468600573796776e-01
6.730601024615768813e-01
6.696344598407423243e-01
6.634775631133880136e-01
6.599781765276430123e-01
6.620094763698214368e-01
6.719106669134431442e-01
6.557086011631466649e-01
6.625390718922817834e-01
6.628338504593295211e-01
6.587612110997411730e-01
6.561940031059610989e-01
6.598594510180791906e-01
6.635246898564826079e-01
6.538391612629537164e-01
6.682598039215685848e-01
6.701373643605343933e-01
6.636386261821801691e-01
6.694225074037511991e-01
6.655709235253984835e-01
6.631591902036797492e-01
6.550427557765783337e-01
6.713557343817188050e-01
6.681499122587114536e-01
6.706381386064500516e-01
6.598572483386659915e-01
6.586891160553216551e-01
6.613019891500904190e-01
6.511268359398227901e-01
6.570216276739937467e-01
6.622576011491501102e-01
6.703538470940536564e-01
6.657823297137216434e-01
6.695850545656328867e-01
6.672214003944773042e-01
6.696505741449562121e-01
6.631249232281046790e-01
6.649073278507425799e-01
6.713912719134651486e-01
6.774788526362653940e-01
6.728852542806030845e-01
6.661030747072452796e-01
6.681787112409122154e-01
6.614910659272951188e-01
6.736991895068984437e-01
6.729603435210911311e-01
6.701633165829146144e-01
6.678596094681986672e-01
6.765973630831643160e-01
6.641856944619654035e-01
6.762354422411079868e-01
6.888888888888888840e-01
6.810059563203176847e-01
6.858642177763201175e-01
6.653001088975721844e-01
6.632443531827515448e-01
6.520202327990737290e-01
6.708415597235932726e-01
6.657637795275590520e-01
6.622809752447464948e-01
6.553606476938175218e-01
6.503893281825315897e-01
6.547383564107175369e-01
6.527366192924100030e-01
6.575717063684978214e-01
6.606149520141817444e-01
6.590351092560765567e-01
6.556307542223035467e-01
6.647153068770027540e-01
6.595890410958904493e-01
6.491025951976715502e-01
6.573270667630753961e-01
6.576984224043047611e-01
6.534291631136557310e-01
6.582239853524565198e-01
6.671426797466782910e-01
6.670844823263976098e-01
6.772865467443628384e-01
6.827116445021083058e-01
6.650133536818008118e-01
6.644838450608513414e-01
6.644237298598678620e-01
6.503331314354936499e-01
6.709320209166410587e-01
6.743368488334930966e-01
6.720226235619255473e-01
6.663267907213866748e-01
6.589577359431492143e-01
6.628816083395383529e-01
6.568167797655768414e-01
6.553083126174741313e-01
6.552574590952838784e-01
6.597126194913726094e-01
6.688085184505232483e-01
6.772556390977443330e-01
6.676024705221785815e-01
6.608527131782945263e-01
6.513080367664388914e-01
6.557386561448299567e-01
6.543303415316470417e-01
6.598131939141161917e-01
6.574406689829809247e-01
6.605612998522895074e-01
6.583481877599525189e-01
6.531873565248101920e-01
6.501923301084042706e-01
6.511261524098495013e-01
6.569488350310268565e-01
6.624105011933174580e-01
6.583493282149711634e-01
6.716914880736166715e-01
6.565388100271821736e-01
6.540843409023886501e-01
6.689717378232110656e-01
6.746120422098075275e-01
6.660715385088961105e-01
6.660201236513516587e-01
6.591906680295832599e-01
6.628540631175519060e-01
6.656542339934394814e-01
6.693697014375230570e-01
6.544840480067547484e-01
6.489455442636432592e-01
6.623507750786957748e-01
6.601244036475633070e-01
6.494215366360130970e-01
6.528886801315171295e-01
6.575489088422429296e-01
6.561585766314407264e-01
6.724872231686541690e-01
6.705169830169830369e-01
6.586453307274170443e-01
6.692701977056382256e-01
6.655338606030647419e-01
6.736731150793651146e-01
6.701988406158448930e-01
6.699047147630243781e-01
6.771455517132977109e-01
6.744509841149294305e-01
6.575510454350358414e-01
6.579575280362681688e-01
6.606429295640245947e-01
6.607014603782619400e-01
6.601361844463027317e-01
6.622278207666006944e-01
6.622227608774694518e-01
6.648665048543689338e-01
6.724468941599058835e-01
6.631358541692327080e-01
6.612423340822151108e-01
6.668510324483776230e-01
6.685877176674722699e-01
6.763034655010927709e-01
6.684341859014347742e-01
6.680620536813592913e-01
6.735844381117581658e-01
6.583673220916783642e-01
6.669077321762189037e-01
6.674552623597209688e-01
6.655502100968272439e-01
6.615015015015015543e-01
6.555225653206651071e-01
6.509267949319568203e-01
6.499216891931086648e-01
6.512951562318504140e-01
6.544208120935137707e-01
6.478585599253121607e-01
6.521411601089412979e-01
6.467463479415670458e-01
6.543794776981742833e-01
6.674985145573381073e-01
6.685686536360325727e-01
6.648932954476755031e-01
6.701055953392401898e-01
6.566431053072960822e-01
6.628211227402474037e-01
6.595263596334642875e-01
6.675213165583447905e-01
6.633177849539528825e-01
6.623253047873921551e-01
6.545228363248623005e-01
6.686425962517213994e-01
6.627200971463266255e-01
6.671310035733752919e-01
6.714987714987714629e-01
6.753085654034608476e-01
6.649877149877150284e-01
6.808973402933135022e-01
6.847042307446876697e-01
6.844988720592974918e-01
6.851911755191822939e-01
6.685125071605880764e-01
6.782252989301447155e-01
6.731980405878236207e-01
6.655443322109988458e-01
6.632884957926417080e-01
6.749490079732987091e-01
6.659006211180124035e-01
6.561264822134387220e-01
6.677597619481386859e-01
6.702826679890899753e-01
6.588951771653542844e-01
6.720410180380528287e-01
6.708438287153651869e-01
6.784709792891843172e-01
6.755401234567901536e-01
6.580596640762095273e-01
6.703987062262859453e-01
6.758011190233977894e-01
6.634825497908471981e-01
6.573371380001213904e-01
6.546240172838024840e-01
6.506910255649801522e-01
6.559279109488190818e-01
6.444975518768943923e-01
6.496058428008346652e-01
6.487526229890416829e-01
6.630396004281127187e-01
6.741973110688194160e-01
6.779703750393949457e-01
6.683413968490261592e-01
6.605925300187051041e-01
6.630839437972859685e-01
6.589574595566207726e-01
6.611842105263158187e-01
6.587177950868783327e-01
6.592867400670177069e-01
6.542961824843399610e-01
6.655294188064883043e-01
6.751872253512409827e-01
6.676191067768184606e-01
6.644262193993957233e-01
6.545487539317687009e-01
6.568475143403441630e-01
6.514908052133547844e-01
6.613078034682080553e-01
6.577148136741607365e-01
6.580582287732975599e-01
6.647246412363546630e-01
6.615100154083204398e-01
6.664603194255293017e-01
6.560642274927989126e-01
6.641722382383610235e-01
6.682476285571642416e-01
6.696101930112274836e-01
6.671705719324766415e-01
6.671061719093362985e-01
6.603117431534496484e-01
6.576817766960754152e-01
6.615469007131102863e-01
6.589393846718453185e-01
6.617134470739314267e-01
6.654758238373883472e-01
6.688536766526368416e-01
6.698745809015274055e-01
6.730517252137018236e-01
6.711959924859111082e-01
6.664396284829721129e-01
6.697395285528676689e-01
6.728657014478283127e-01
6.666459627329192061e-01
6.701625915353108809e-01
6.673493452491776612e-01
6.715110862679336545e-01
6.767325794427948571e-01
6.633997128410012989e-01
6.678141135972460729e-01
6.564708749695344903e-01
6.536491291508467194e-01
6.634930260764099197e-01
6.623240951268972720e-01
6.738571518153885220e-01
6.734096692111959381e-01
6.716107043675839661e-01
6.729615360323375484e-01
6.845460399227302206e-01
6.830733076571577911e-01
6.718449094877391170e-01
6.701953371140516591e-01
6.686427850655902727e-01
6.795696186413701101e-01
6.755278063851699599e-01
6.701470681861589895e-01
6.687492111573898335e-01
6.603303209722655165e-01
6.648327872905978042e-01
6.436302073885966646e-01
6.536652176502113498e-01
6.628375901258707348e-01
6.601761131092644952e-01
6.614974257180075146e-01
6.613436466845487027e-01
6.761929063536616935e-01
6.747569648333007208e-01
6.702444070865123393e-01
6.720000000000000417e-01
6.739553594601609410e-01
6.693459519025085624e-01
6.663229797654336428e-01
6.603641456582632907e-01
6.540465875557229802e-01
6.622021002326604622e-01
6.527646725797320304e-01
6.584059775840597206e-01
6.699987266012988885e-01
6.758331696457801074e-01
6.738174899954076924e-01
6.746719160104986956e-01
6.701232635492075929e-01
6.585412423625254252e-01
6.558696873244710401e-01
6.503752403398871396e-01
6.558477895914941458e-01
6.470262623777600641e-01
6.555487053020961907e-01
6.597938144329896781e-01
6.550614947965941459e-01
6.503705548981753015e-01
6.458500462820117027e-01
6.506759703445268439e-01
6.513330829891100793e-01
6.533082470994041602e-01
6.577543503111901169e-01
6.609984599589322496e-01
6.700753851196329380e-01
6.587343096234309359e-01
6.629068643248469117e-01
6.638928617865037518e-01
6.637735604637605702e-01
6.650860669048391793e-01
6.779482452097188583e-01
6.793200752485890614e-01
6.735402068735402148e-01
6.734330719040401148e-01
6.665579331941544616e-01
6.608265947888589675e-01
6.622018114555427992e-01
6.532258064516128782e-01
6.589093653688911090e-01
6.670541884647678277e-01
6.716319968501870408e-01
6.696716457195499572e-01
6.759380739963264384e-01
6.741074385639530542e-01
6.778284129185654372e-01
6.667101316990481363e-01
6.738707165109034669e-01
6.756774489862870103e-01
6.739230516277540106e-01
6.758078371770303017e-01
6.628645495787427455e-01
6.538917670557393702e-01
6.577526835018924212e-01
6.555059523809523281e-01
6.621504039776258121e-01
6.614599735466397679e-01
6.710224375318715184e-01
6.578947368421053099e-01
6.566765946885083638e-01
6.599341246659623517e-01
6.563297839217884233e-01
6.595876416320970437e-01
6.687112684962691622e-01
6.667943561259017660e-01
6.600680872525532816e-01
6.562810327706057878e-01
6.520886928825186946e-01
6.437237237237237730e-01
6.491502011891178148e-01
6.573460878096639703e-01
6.555032809211340794e-01
6.489628587162699080e-01
6.567636673566297212e-01
6.526520444741479299e-01
6.612883435582822544e-01
6.506382978723403987e-01
6.590578832647130403e-01
6.633858267716535861e-01
6.712182900093955906e-01
6.757294004488617611e-01
6.682612578134966563e-01
6.650190827754489664e-01
6.586255953485494752e-01
6.566900335263639032e-01
6.625161013310433278e-01
6.588575293611265149e-01
6.681993289424630333e-01
6.670443814919735370e-01
6.538176884174170533e-01
6.614095613602759549e-01
6.605812220566319448e-01
6.629521260038597763e-01
6.644333124608641228e-01
6.574108818011257238e-01
6.636137071651090347e-01
6.570661002124202899e-01
6.558004568747298757e-01
6.572758299720756758e-01
6.580870868994814771e-01
6.640030201975712920e-01
6.596241170534813403e-01
6.566344052450827640e-01
6.536112995744155496e-01
6.612201789264413598e-01
6.671944268524382382e-01
6.589902568644818714e-01
6.549269621193364310e-01
6.682562590198908303e-01
6.642094560244026225e-01
6.669195751138088379e-01
6.760554343641729247e-01
6.701429123213595851e-01
6.713753692050854482e-01
6.712021051280405715e-01
6.713528020959805831e-01
6.635868877357296025e-01
6.762146713242299656e-01
6.693496869809633099e-01
6.648942904165083823e-01
6.658014687262597819e-01
6.631784656118010490e-01
6.613846444067157382e-01
6.548589927161800883e-01
6.577421344848858320e-01
6.678054026697033407e-01
6.680351529924947185e-01
6.649174452835018290e-01
6.639989837398373451e-01
6.617991023452809429e-01
6.641056575020636288e-01
6.687140115163148213e-01
6.516931582584657434e-01
6.553152039555005803e-01
6.539438626928557596e-01
6.635210299356290031e-01
6.612032272409631428e-01
6.609677622862910606e-01
6.683263117579471002e-01
6.851606930300224718e-01
6.830140313005936825e-01
6.715160292278322673e-01
6.660484747713756315e-01
6.721983725251490238e-01
6.769741553284290836e-01
6.661074908058584043e-01
6.742258769112167149e-01
6.685806451612903434e-01
6.791582775865427912e-01
6.697075569358178493e-01
6.644969666329625380e-01
6.600621118012421906e-01
6.648086213303604497e-01
6.751137512639029392e-01
6.637587710980467071e-01
6.640969847684178307e-01
6.653208273805826245e-01
6.607031929432227724e-01
6.666460625540857610e-01
6.703826642450053663e-01
6.682163724319909459e-01
6.580569596843792723e-01
6.510235843409553080e-01
6.613715381848699337e-01
6.632889757050420831e-01
6.644328312327082431e-01
6.626194144838212230e-01
6.567878787878788094e-01
6.480374163755846517e-01
6.546728696778753021e-01
6.777818717759763745e-01
6.804513688529845172e-01
6.747712585578091726e-01
6.624647224835371606e-01
6.712517193947730165e-01
6.659814364916215590e-01
6.629602174450209828e-01
6.723804774668079576e-01
6.671268118215473164e-01
6.684779214290175187e-01
6.688177432491698715e-01
6.640237859266600040e-01
6.653749154210494288e-01
6.746957721741312364e-01
6.680851063829786884e-01
6.738430456468211815e-01
6.837085577110231238e-01
6.807730101539469780e-01
6.787015352589123030e-01
6.666666666666666297e-01
6.709734069242347942e-01
6.688319878910191640e-01
6.683651003333962448e-01
6.656074766355140060e-01
6.554930266699290353e-01
6.465260398045524770e-01
6.518623793450583070e-01
6.527711132437620245e-01
6.599914524696257612e-01
6.569419601554308263e-01
6.653745154432911812e-01
6.649559652790977271e-01
6.513727199153334091e-01
6.596965210954848224e-01
6.548257786000616365e-01
6.611381712805968203e-01
6.647712913823603520e-01
6.675385989536812836e-01
6.776613633423878014e-01
6.734094616639477726e-01
6.582822473614359238e-01
6.577231227874045238e-01
6.627303967510153049e-01
6.749231950844853944e-01
6.747871643745907422e-01
6.714881417774303252e-01
6.673521850899742924e-01
6.674993594670766139e-01
6.721110393802453009e-01
6.660822131307228000e-01
6.680258899676375650e-01
6.846810781958900805e-01
6.808047852093529473e-01
6.682855432106978855e-01
6.663194896497851571e-01
6.654162085246749792e-01
6.615197334700153586e-01
6.587611959127034345e-01
6.582476811230885128e-01
6.506346441015430360e-01
6.595837487537388188e-01
6.583296675673977472e-01
6.631572311183961954e-01
6.590120497129519084e-01
6.532192593517767154e-01
6.458460041357498849e-01
6.603564843269821294e-01
6.643986643986643514e-01
6.670910248249523056e-01
6.693265240983082842e-01
6.659018483110261677e-01
6.731565329883570925e-01
6.640856884759324119e-01
6.661754341000832857e-01
6.676324769815208393e-01
6.621361713040133656e-01
6.655524844121617489e-01
6.578007398902920855e-01
6.639172641329864621e-01
6.574150523975865745e-01
6.702474582773834122e-01
6.637709137709137952e-01
6.654341450975391759e-01
6.517527963506842825e-01
6.576224989159388246e-01
6.608352144469525902e-01
6.520387866732968440e-01
6.636776885235693424e-01
6.682352941176470384e-01
6.681876606683804232e-01
6.697785217615246367e-01
6.683562171179263656e-01
6.653181788993771661e-01
6.680572492137860641e-01
6.700051692943913562e-01
6.764127441982430433e-01
6.757309748531450388e-01
6.720770651887041369e-01
6.699225109070782169e-01
6.652036403537081588e-01
6.793168880455408010e-01
6.672574504398056661e-01
6.706420835482207465e-01
6.729879439556858411e-01
6.747145187601957250e-01
6.674824499259354171e-01
6.597788309636650750e-01
6.581533646322378361e-01
6.586811404329652175e-01
6.591494440605565330e-01
6.473543824824762316e-01
6.491238818772209207e-01
6.437350944780774187e-01
6.645860916713952626e-01
6.541165942214267615e-01
6.569066700321827268e-01
6.602739726027396783e-01
6.733026392581544783e-01
6.707196845218534875e-01
6.757758221398795229e-01
6.793678430322105388e-01
6.711925623704100285e-01
6.705866807610993963e-01
6.785261331019291076e-01
6.802878088514797694e-01
6.779452895831912240e-01
6.705182782620446869e-01
6.655820439604223093e-01
6.784208765473402902e-01
6.714998651200431157e-01
6.573995147859156285e-01
6.707094418362024024e-01
6.818984247691471934e-01
6.865982241953385579e-01
6.678259683578832151e-01
6.740854268008262817e-01
6.791266729755306431e-01
6.758625364332677687e-01
6.677988677988677679e-01
6.719745222929935924e-01
6.660715466507968197e-01
6.688781264512705382e-01
6.721114740982732094e-01
6.625500886816002577e-01
6.574878609762330184e-01
6.539895129193252776e-01
6.523699204808716123e-01
6.506340183646698305e-01
6.595918881471217743e-01
6.645398298530549308e-01
6.685147739873459338e-01
6.674104213151331733e-01
6.605879680706080448e-01
6.557596632223497979e-01
6.564208938336790755e-01
6.602985829959514552e-01
6.655815141069832963e-01
6.648344542162442083e-01
6.649457924625710170e-01
6.719604612850081926e-01
6.620245680877618888e-01
6.638261887725233068e-01
6.698783972356967542e-01
6.552631578947368807e-01
6.656005221932115301e-01
6.682146885158893879e-01
6.603960396039604275e-01
6.598497223129695666e-01
6.674375578168362244e-01
6.802120141342755666e-01
6.634543603664744271e-01
6.583700006567281271e-01
6.615203454141044270e-01
6.585349815886375469e-01
6.657842488418266313e-01
6.730458221024259169e-01
6.637533875338753608e-01
6.586675505469008485e-01
6.567592230478425108e-01
6.682094683946045999e-01
6.478041094991137117e-01
6.583979328165374678e-01
6.637771307570142776e-01
6.667775633774701838e-01
6.607166556071665253e-01
6.611477572559366633e-01
6.723364360811625584e-01
6.670482860798706559e-01
6.742460022940421904e-01
6.789860548189874390e-01
6.760650339576044221e-01
6.886477462437395891e-01
6.819775596072931156e-01
6.703550336026067313e-01
6.649890735712866707e-01
6.680969040860782471e-01
6.691015339663988204e-01
6.725368554466012450e-01
6.835806606031593624e-01
6.841959013546370372e-01
6.747559466520005600e-01
6.720244150559511187e-01
6.799454297407913073e-01
6.839100466476363271e-01
6.689513365318711102e-01
6.792248272123594388e-01
6.779870754846692993e-01
6.884214939556984048e-01
6.843886616838246173e-01
6.722410337917213985e-01
6.673822621763048080e-01
6.587677725118483707e-01
6.612274086594721600e-01
6.689189189189189699e-01
6.632034632034632393e-01
6.706695290487052485e-01
6.715041367150413887e-01
6.653686048073049752e-01
6.687821497762042044e-01
6.518237181586012952e-01
6.529467983434215084e-01
6.506779875807882085e-01
6.530469148393677203e-01
6.499046408137316710e-01
6.611395646606914589e-01
6.648730231642496769e-01
6.667984710689337513e-01
6.620040525524544250e-01
6.568866111467008828e-01
6.646903396275053444e-01
6.616876818622696721e-01
6.586388765330113415e-01
6.671166827386691978e-01
6.591755489919095545e-01
6.664101083958694494e-01
6.615790829469345713e-01
6.646459435057396892e-01
6.675367047308319313e-01
6.658370447995808350e-01
6.747572815533980917e-01
6.736288909850424167e-01
6.750372275619330731e-01
6.695786573482964688e-01
6.714400428265524523e-01
6.575342465753424293e-01
6.558704453441295268e-01
6.603370058327933112e-01
6.623410498858819384e-01
6.677925690443076157e-01
6.681572448775278117e-01
6.640650836695548564e-01
6.635127143701951002e-01
6.790074044426656075e-01
6.783785631280333517e-01
6.761808367071524550e-01
6.605928566712880867e-01
6.604419746704575100e-01
6.539472840377091867e-01
6.620843989769821247e-01
6.550167655403662526e-01
6.603117351539353752e-01
6.576477441905624888e-01
6.699795958665174522e-01
6.681333333333333568e-01
6.721158337225595636e-01
6.677611740266702345e-01
6.804130669546436527e-01
6.842396951853134679e-01
6.859538784067086281e-01
6.741404060427916844e-01
6.555410691003911161e-01
6.527523803518506806e-01
6.594239836880336769e-01
6.514977692797960795e-01
6.706780538302277161e-01
6.645987328405491557e-01
6.667762076897798540e-01
6.693809996689837893e-01
6.621337537774274473e-01
6.673267326732673643e-01
6.681185243846102795e-01
6.748498647132581407e-01
6.751020954676306696e-01
6.743140806332595938e-01
6.665337321369225743e-01
6.592189625024286181e-01
6.592003080675181703e-01
6.548275419925631002e-01
6.521683996956632035e-01
6.651731421621968066e-01
6.608198531800169029e-01
6.730769230769231282e-01
6.679903082514470070e-01
6.732454673178563942e-01
6.645847176079734409e-01
6.814491781281448723e-01
6.738982589771490561e-01
6.641307224133368159e-01
6.732581899677014814e-01
6.699827563337312775e-01
6.742258470923678804e-01
6.777665657584931447e-01
6.837559972583961976e-01
6.975400014097412615e-01
6.780549151121357809e-01
6.680096696212731722e-01
6.608746583365873173e-01
6.576715497301465208e-01
6.519371992909597235e-01
6.654895666131621645e-01
6.594675714472139072e-01
6.572870172714923021e-01
6.614315139031925472e-01
6.708810746740418995e-01
6.621737129331316529e-01
6.718482413384271323e-01
6.572327044025156884e-01
6.684471078686815559e-01
6.633982627007106725e-01
6.677609980302035009e-01
6.717329262626933195e-01
6.814573580297170752e-01
6.711809317443120371e-01
6.697618889699542555e-01
6.727914253378602938e-01
6.678419372006386689e-01
6.668201552427311940e-01
6.640121100434381862e-01
6.574549710644385092e-01
6.716899183995788114e-01
6.690286783875927235e-01
6.653386454183266574e-01
6.798076271760482570e-01
6.745003445899380168e-01
6.752719262012942814e-01
6.603620643069441076e-01
6.549449099426007947e-01
6.584553058024046335e-01
6.574237954768927805e-01
6.579050352204539598e-01
6.706472257042950247e-01
6.601624933404368623e-01
6.707585562746013474e-01
6.641593819882090077e-01
6.652357636327050905e-01
6.624263524370648248e-01
6.748399400626617917e-01
6.670329670329669947e-01
6.653551319449155788e-01
6.722963770089893654e-01
6.618889865458724708e-01
6.570544472973862682e-01
6.671306422748061182e-01
6.779916432632372425e-01
6.696299359106884230e-01
6.686414708886618818e-01
6.645836163564733390e-01
6.604267310789050383e-01
6.620611400347082842e-01
6.531019349690804221e-01
6.617177097203728042e-01
6.732305150096392632e-01
6.680302294945572594e-01
6.749077233790653496e-01
6.615851555494239866e-01
6.581357758620689502e-01
6.749554733525140460e-01
6.662726830285754520e-01
6.661171783776358435e-01
6.579035611293675423e-01
6.554565997607337824e-01
6.602045591282840187e-01
6.679347826086956541e-01
6.722846441947565310e-01
6.784733469473980261e-01
6.724150066868445075e-01
6.630711095843352387e-01
6.668025546949313265e-01
6.630685675492192788e-01
6.623922925571612552e-01
6.495522388059701280e-01
6.572349805882740092e-01
6.543291913083926215e-01
6.518357392393382410e-01
6.497545008183306381e-01
6.525200684300566101e-01
6.483654099657263359e-01
6.569372251099560023e-01
6.509105516871986907e-01
6.547196355597240114e-01
6.552004333694474436e-01
6.508108108108108247e-01
6.467541204170871305e-01
6.535327002087963910e-01
6.745729210786389762e-01
6.599013792610590734e-01
6.538329086025208570e-01
6.426072918068075346e-01
6.587687322802754375e-01
6.654061624649859619e-01
6.574404137834626294e-01
6.664332236150990463e-01
6.517863312832561373e-01
6.613135680461189603e-01
6.725084459459459429e-01
6.674010375950536478e-01
6.655433866891322658e-01
6.582980789236424490e-01
6.559879004537330083e-01
6.626857380919316531e-01
6.670415407324101764e-01
6.585229652380287790e-01
6.555721258134490359e-01
6.535417225650657080e-01
6.503318361600858299e-01
6.722428748451053648e-01
6.723232036353308239e-01
6.762646470420120570e-01
6.810612068344027437e-01
6.737410071942445677e-01
6.768782429454829330e-01
6.815497623505689662e-01
6.823230490018148409e-01
6.772284373872248242e-01
6.854338097300418653e-01
6.729120126828564974e-01
6.799113842635603477e-01
6.849205773554798427e-01
6.702618321152344905e-01
6.742223462128609235e-01
6.651633941580518128e-01
6.621338204451661102e-01
6.580904522613065799e-01
6.683888511216858896e-01
6.788823364223532941e-01
6.653584694092087304e-01
6.669424336435711975e-01
6.654454966475427113e-01
6.594431490879165692e-01
6.685366022577741152e-01
6.578491794197077747e-01
6.658191313908741193e-01
6.676650877681805651e-01
6.788388845303473529e-01
6.723115398356556138e-01
6.723223753976670380e-01
6.677643102361101590e-01
6.678212677519916873e-01
6.514072566971854661e-01
6.625522730338594402e-01
6.499763816721776388e-01
6.574689493118496264e-01
6.623002537548865476e-01
6.535885167464114964e-01
6.522149551614860874e-01
6.635385985341462067e-01
6.675787553497509741e-01
6.658707865168539408e-01
6.673204903677758537e-01
6.594086956521738596e-01
6.628516271373414703e-01
6.693350186082438480e-01
6.649663478568897945e-01
6.754651665945478056e-01
6.736710167367101487e-01
6.729513064133016975e-01
6.730499075785582042e-01
6.721033210332103547e-01
6.675922542930216030e-01
6.633278086041651811e-01
6.709154113557358468e-01
6.691042047531993164e-01
6.789317507418397568e-01
6.862032409510828712e-01
6.775234521575984603e-01
6.802493876642172754e-01
6.750648388291959900e-01
6.734857894352305197e-01
6.824487998238273345e-01
6.770209304045559096e-01
6.725266642147847973e-01
6.815692079940784964e-01
6.729110912875408967e-01
6.586954965275291229e-01
6.599649737302977215e-01
6.575678899726334903e-01
6.482578157278612307e-01
6.469586540426401911e-01
6.534870950027457104e-01
6.533149171270717925e-01
6.625157408702951889e-01
6.606826083871425448e-01
6.589415671589062828e-01
6.666191460546011527e-01
6.595592444190040426e-01
6.713312064965196724e-01
6.785607866507746833e-01
6.758703481392557277e-01
6.640653758374438498e-01
6.666666666666666297e-01
6.663997670694423725e-01
6.599552572706934850e-01
6.677491520531139146e-01
6.779974820410279435e-01
6.834231908269420286e-01
6.833001683759375444e-01
6.828055683035031409e-01
6.856372737774355519e-01
6.703613726085636548e-01
6.750223813786929705e-01
6.643080589900193234e-01
6.665929529706619006e-01
6.719790497568275400e-01
6.529583637691745990e-01
6.741136829768532568e-01
6.614326304770450360e-01
6.583412218743173172e-01
6.606922574559175310e-01
6.600773214676489697e-01
6.694105541672791260e-01
6.675854875959174040e-01
6.711114421930870488e-01
6.808396946564885255e-01
6.678353658536585469e-01
6.804814871247905073e-01
6.792642398948913751e-01
6.784804262219134019e-01
6.701515151515151647e-01
6.804021631502780165e-01
6.803329223181258101e-01
6.712744949111347781e-01
6.749148694665153547e-01
6.650379613620988062e-01
6.715432515567559824e-01
6.817694780345936456e-01
6.834291932224467736e-01
6.703003506632108088e-01
6.757123473541384318e-01
6.492269363230014356e-01
6.609170619519908474e-01
6.757425742574257876e-01
6.746291365538227280e-01
6.793290955043271850e-01
6.692871317356129390e-01
6.647169103862017314e-01
6.643968871595330450e-01
6.717557251908397031e-01
6.726580350342726833e-01
6.715626892792246894e-01
6.605144170187532415e-01
6.697159719660641386e-01
6.607525689362017118e-01
6.682649749188551702e-01
6.547254987621959899e-01
6.682325308279506437e-01
6.766362252663622456e-01
6.727788859904864083e-01
6.804902489786479602e-01
6.831613508442776483e-01
6.825111406457665675e-01
6.650333052599342043e-01
6.742526663662310460e-01
6.752345358858973245e-01
6.701770451770451276e-01
6.692162059825823572e-01
6.632237635705668932e-01
6.585546268215104471e-01
6.519429486246542949e-01
6.543952460323211318e-01
6.648185111258964053e-01
6.645166129153229351e-01
6.652864563728073666e-01
6.670956021497237431e-01
6.717936945209672661e-01
6.609822646657571577e-01
6.680985756274022691e-01
6.754997319445508186e-01
6.819035691922354925e-01
6.703407591399518362e-01
6.791149068322981375e-01
6.879263842614627977e-01
6.853023628354024677e-01
6.770923379174852430e-01
6.717651602935496014e-01
6.600888754989832075e-01
6.566637246248896442e-01
6.497561685712206492e-01
6.606894532679499221e-01
6.683746514957425999e-01
6.789217579362014643e-01
6.766658854776970156e-01
6.705629037219317246e-01
6.630943396226415265e-01
6.632032061748552865e-01
6.661181750186986328e-01
6.682996683750377365e-01
6.649356513885752440e-01
6.752585158150851141e-01
6.737583165712517363e-01
6.742835011618899532e-01
6.633307868601986401e-01
6.718417047184170876e-01
6.661812049670396974e-01
6.653983715090175943e-01
6.660080553233528322e-01
6.674558924616207367e-01
6.695638797015613930e-01
6.720919469299598825e-01
6.771979093533037064e-01
6.701054917778467290e-01
6.656497864551556010e-01
6.623307872646146954e-01
6.604072398190045101e-01
6.639393939393939403e-01
6.611676082862523174e-01
6.493410336146897555e-01
6.567054859737786465e-01
6.694264639470118849e-01
6.746282456275521922e-01
6.753942972574004111e-01
6.705800571560979195e-01
6.669207898147442304e-01
6.697331407283509952e-01
6.649118791485465474e-01
6.658623029937410509e-01
6.582851209019433547e-01
6.524719264984687461e-01
6.512455516014235002e-01
6.680572109654350221e-01
6.654793482379689484e-01
6.778204144282424792e-01
6.534698178533795421e-01
6.594293259003887187e-01
6.618062788275553832e-01
6.594105326152004398e-01
6.680943793207093639e-01
6.797355473554735905e-01
6.748346946713340566e-01
6.683505549177191085e-01
6.716429278696016691e-01
6.564087242306543279e-01
6.527081061432206122e-01
6.560885071693718373e-01
6.664685782201753561e-01
6.650982149525730414e-01
6.637459746873362043e-01
6.751877417886672506e-01
6.816202767843259069e-01
6.947234178224135359e-01
6.777935606060605522e-01
6.635682158920539475e-01
6.632929959662633435e-01
6.581614055551505693e-01
6.540011514104778767e-01
6.671057446030003169e-01
6.560819273557798592e-01
6.634092578986039435e-01
6.701825254338719118e-01
6.587982832618025641e-01
6.604875200700627280e-01
6.592679700132294540e-01
6.664198993189220932e-01
6.766848816029144009e-01
6.747729721409881920e-01
6.724362410967297254e-01
6.788686806411837749e-01
6.782891678289167947e-01
6.753176324759838645e-01
6.648172075701147543e-01
6.650953984287317766e-01
6.576857418540785760e-01
6.708681384248209589e-01
6.694490818030049972e-01
6.745426829268292845e-01
6.714611872146118987e-01
6.562523246299188928e-01
6.671579102497973146e-01
6.778375919326711241e-01
6.824443931347649039e-01
6.773209245556487401e-01
6.745293717396234623e-01
6.680600134358438691e-01
6.707959350196572856e-01
6.660511153789333560e-01
6.701555244342890516e-01
6.701899623032004927e-01
6.644295302013423221e-01
6.603075170842824804e-01
6.479787753962158448e-01
6.484434320425208620e-01
6.462332301341588980e-01
6.507360492981855149e-01
6.439024390243902607e-01
6.657854459440656347e-01
6.754328292789830712e-01
6.717421834577573803e-01
6.807972631265803987e-01
6.841388699795779571e-01
6.892119357306809579e-01
6.845988318475253465e-01
6.739228344092478284e-01
6.766956392541415566e-01
6.658859694064260815e-01
6.615560151180204240e-01
6.638213117086356752e-01
6.732995658465991129e-01
6.719402329158427056e-01
6.721587580550674179e-01
6.656351205469593912e-01
6.579823008849557953e-01
6.661929799630524895e-01
6.526234350822900376e-01
6.541239595514892757e-01
6.623250658168213789e-01
6.685572492024104418e-01
6.587112171837709029e-01
6.624627537939158373e-01
6.661281258780555881e-01
6.684199303433079331e-01
6.619847543760587483e-01
6.680495007734496005e-01
6.651666432288004804e-01
6.763703493325760041e-01
6.767654908749909382e-01
6.859232175502741891e-01
6.904995102840352228e-01
6.872452830188678918e-01
6.798124860480690979e-01
6.859706362153343839e-01
6.931689235191769161e-01
6.757239633737809337e-01
6.656878894220439324e-01
6.615255187885585864e-01
6.581458521975342979e-01
6.553757542512341772e-01
6.627834838353897640e-01
6.544163276563469411e-01
6.568848758465011262e-01
6.672511748614715632e-01
6.705148429657249443e-01
6.712506299949599908e-01
6.756991112074571815e-01
6.625841569975647882e-01
6.523809523809523947e-01
6.548534113325623629e-01
6.655587868716243971e-01
6.707885811192764169e-01
6.685212925315643373e-01
6.595804000836411607e-01
6.661108795331388555e-01
6.664095912500875851e-01
6.583501285704357331e-01
6.600988651395948148e-01
6.640696286937600723e-01
6.701001430615164400e-01
6.819208627851053306e-01
6.736664959391234220e-01
6.702901159023828548e-01
6.699613235926085153e-01
6.718973918028088299e-01
6.690457497680394328e-01
6.705074071423459126e-01
6.673565515272623649e-01
6.693312397402041425e-01
6.783292454191314214e-01
6.766589057043073119e-01
6.673352435530085502e-01
6.640416256504008130e-01
6.584179062977895125e-01
6.551369863013698502e-01
6.527085183414167435e-01
6.493427293671228950e-01
6.601594720923837922e-01
6.695172803731712641e-01
6.755384726956269459e-01
6.737531852930469523e-01
6.644878609395201696e-01
6.683713331912778388e-01
6.645993726832050141e-01
6.482262637438628294e-01
6.554952510176390579e-01
6.536228914839855575e-01
6.568351738802387096e-01
6.516382158590308116e-01
6.539279588336192051e-01
6.553715031960959392e-01
6.552390149686141418e-01
6.520154078965469946e-01
6.675328323618231474e-01
6.647980451343969976e-01
6.617971923323594519e-01
6.721099201496295583e-01
6.674389979002244289e-01
6.773232580106081091e-01
6.833506609238081397e-01
6.816529416128792596e-01
6.923716640205640482e-01
6.890788369075784292e-01
6.801961523953224953e-01
6.915591762842272505e-01
6.854498946734878251e-01
6.784374310306775513e-01
6.661162957645370142e-01
6.697195598154064289e-01
6.679676412148737308e-01
6.639361478680949613e-01
6.499897896671431585e-01
6.598768356229275378e-01
6.637180373185901372e-01
6.746604414261460070e-01
6.605420626539950657e-01
6.635973414566601614e-01
6.601465302737075103e-01
6.618744437598411690e-01
6.635732453426823607e-01
6.541056218057921257e-01
6.606294939628273299e-01
6.719362059317292024e-01
6.706586826347304964e-01
6.724247787610619920e-01
6.698663253697383357e-01
6.659161272164367817e-01
6.744549392798806497e-01
6.724890829694323280e-01
6.762713073247271778e-01
6.771271663932671991e-01
6.774814603536793989e-01
6.707230791000424741e-01
6.672479944192535317e-01
6.819765375044436473e-01
6.674208144796379694e-01
6.548474576271186010e-01
6.570346751693901810e-01
6.758925535532132045e-01
6.700173310225303602e-01
6.722550501580321081e-01
6.662771514984877630e-01
6.671198422948814155e-01
6.610112435198276515e-01
6.702313693839117015e-01
6.624139327663021160e-01
6.538008635352610121e-01
6.624132966889150209e-01
6.650980911983033206e-01
6.491228070175438791e-01
6.591350511459277417e-01
6.712681012315604434e-01
6.683372236715638959e-01
6.776488465257631821e-01
6.748959778085991124e-01
6.669861044561571362e-01
6.653493201152119729e-01
6.523388943408570118e-01
6.688345815267375816e-01
6.603322259136212846e-01
6.520357883817426980e-01
6.609016712009327943e-01
6.668210387032749153e-01
6.674918043754599628e-01
6.581642767461838295e-01
6.658990723073886508e-01
6.644693035024636929e-01
6.626194267515923553e-01
6.661765688698790822e-01
6.548276769271244024e-01
6.679641113603377311e-01
6.763850368666711743e-01
6.621730382293762318e-01
6.548712640703843180e-01
6.479893272346102240e-01
6.447147911364905504e-01
6.408788774002953659e-01
6.512091747693842247e-01
6.535960214231063548e-01
6.587046098377543624e-01
6.634187810619931458e-01
6.724989982636569996e-01
6.528070637849235913e-01
6.420213775219784091e-01
6.538022089628030553e-01
6.525297135805676607e-01
6.651261059025485034e-01
6.729641249488473864e-01
6.655511542139052050e-01
6.604542418169672136e-01
6.510098019867114338e-01
6.500936269128947398e-01
6.578604044357468927e-01
6.655792276964047627e-01
6.615487316421896358e-01
6.650308375886995194e-01
6.651290279449124654e-01
6.573816155988857490e-01
6.564656856361504866e-01
6.585237719989492922e-01
6.607689237727817355e-01
6.688005390835579655e-01
6.540036244043224700e-01
6.411798952066757318e-01
6.477717217056748744e-01
6.426354584249320823e-01
6.495720912001045066e-01
6.535002997402251657e-01
6.471565240499601579e-01
6.487907465825446529e-01
6.538919777601270855e-01
6.467932545478688455e-01
6.505115424973767491e-01
6.598698772553490688e-01
6.598142330282747992e-01
6.597633136094674944e-01
6.560109289617486183e-01
6.462653513187034404e-01
6.627498649378714690e-01
6.710304054054053724e-01
6.684972541188217710e-01
6.709548313321898050e-01
6.637381323508573239e-01
6.674842326559214944e-01
6.615116684082201770e-01
6.678690344062153672e-01
6.747446283902782671e-01
6.714996446339730474e-01
6.653149688876459633e-01
6.605605674540321326e-01
6.601500653954704978e-01
6.665972222222221744e-01
6.620535402250646850e-01
6.600041496645687733e-01
6.564311344189898145e-01
6.556382685414943179e-01
6.651491805575010519e-01
6.733762942582000033e-01
6.622753633564831821e-01
6.699799771167047613e-01
6.723221437413529067e-01
6.755722381688378242e-01
6.850056369785795241e-01
6.772175747984022776e-01
6.749571822175888247e-01
6.605045672031317761e-01
6.672407606745605069e-01
6.707334785766158047e-01
6.722780935723655649e-01
6.741087768098967814e-01
6.648477886272257109e-01
6.753798516598257251e-01
6.792383742218967013e-01
6.742752293577981559e-01
6.747629467541940151e-01
6.723385689354275385e-01
6.810351147276592076e-01
6.819094356457728878e-01
6.790077748981858674e-01
6.680522132283235326e-01
6.627559726962457542e-01
6.719390322812567318e-01
6.559561128526645302e-01
6.597873233524556014e-01
6.543756145526057333e-01
6.584033613445378075e-01
6.585262861566613113e-01
6.599579242636746113e-01
6.648195510088092952e-01
6.764855256475368339e-01
6.655087566941669808e-01
6.696345228692467400e-01
6.580277678889284720e-01
6.681425408840963032e-01
6.549250763440096490e-01
6.625502787382683278e-01
6.618319519862817524e-01
6.677244861161196754e-01
6.709473838702575410e-01
6.633872613321672995e-01
6.663764961915125129e-01
6.563650805112282161e-01
6.622183957526187603e-01
6.614769006911603855e-01
6.491921005385996590e-01
6.554126092828204131e-01
6.711222091656874333e-01
6.789046499279375313e-01
6.715716019417475868e-01
6.716754320060105421e-01
6.704238052299368311e-01
6.757877280265339737e-01
6.747861942577886296e-01
6.715645222687476323e-01
6.798222085983600671e-01
6.768791480166692631e-01
6.502245453876168702e-01
6.593658292176651781e-01
6.533161990433354882e-01
6.676044146288682146e-01
6.545205281766360850e-01
6.478585517047055209e-01
6.615844970076945053e-01
6.666424101295299609e-01
6.687940140845070047e-01
6.599622422306128389e-01
6.643737460590427579e-01
6.641336296508710824e-01
6.668589974756581329e-01
6.611231101511878538e-01
6.730227518959913668e-01
6.686786415533415573e-01
6.648157496214033291e-01
