1.000000000000000000e+00
5.714285714285714413e+00
6.511627906976744207e+00
9.052631578947368141e+00
8.154506437768240801e+00
8.751037344398341133e+00
8.415862808145766039e+00
8.103482587064677389e+00
8.213592233009709531e+00
8.233958538993089604e+00
8.316000000000000725e+00
8.679662802950474543e+00
8.648026315789474339e+00
8.180310880829015474e+00
8.554871794871795387e+00
8.549145299145299859e+00
8.127401415571284815e+00
8.467935871743486942e+00
8.270408163265306811e+00
8.826411075612353940e+00
8.191534391534391446e+00
8.262376237623762165e+00
8.246520874751491093e+00
8.789640591966174199e+00
8.722284434490481075e+00
8.410695187165774911e+00
8.220202020202020066e+00
7.842749529190206736e+00
9.221285563751317582e+00
8.700584795321637088e+00
8.547128927410618360e+00
8.163617886178862193e+00
8.461150353178608086e+00
8.315519013360740175e+00
8.033203125000000000e+00
8.201154956689123310e+00
8.754459601259181767e+00
8.268008474576271638e+00
8.518518518518519045e+00
8.037962037962037343e+00
8.489531405782651419e+00
8.718614718614718484e+00
8.436893203883494508e+00
8.397715472481827703e+00
8.398138572905894605e+00
8.393782383419688742e+00
8.657754010695187574e+00
8.320974576271186862e+00
8.502074688796680491e+00
8.295454545454544970e+00
8.088408644400786329e+00
8.354455445544553882e+00
8.289340101522842730e+00
8.548286604361370777e+00
8.194472876151484897e+00
8.626680455015511839e+00
8.640522875816992965e+00
8.077551020408163751e+00
8.169245647969052726e+00
8.725941422594141628e+00
8.232312565997888854e+00
8.510330578512396826e+00
8.330543933054393335e+00
8.477035490605427270e+00
8.820994475138121516e+00
8.709421112372304208e+00
8.740406320541760365e+00
8.630872483221477154e+00
8.427645788336933563e+00
8.143292682926828618e+00
8.586528497409325666e+00
7.998980632008154679e+00
8.592857142857143415e+00
8.115942028985507761e+00
8.639667705088266203e+00
8.792792792792793577e+00
8.502212389380531476e+00
8.476495726495725691e+00
8.287344398340248830e+00
8.093873517786560612e+00
8.474216380182001629e+00
8.182839632277834951e+00
8.248756218905473503e+00
8.088495575221239520e+00
8.150778210116731870e+00
8.226957383548066716e+00
7.965082444228904102e+00
8.248054474708171213e+00
8.436663233779608362e+00
8.527718550106609285e+00
8.464668094218415817e+00
7.856015779092702545e+00
8.669362992922144073e+00
8.511525795828760010e+00
8.250783699059560661e+00
8.280487804878049474e+00
8.729817007534983020e+00
8.996495327102802975e+00
8.417977528089886974e+00
8.562566844919786035e+00
8.578260869565218272e+00
8.175493250259606270e+00
7.958494208494208522e+00
8.648676171079429764e+00
8.840677966101694096e+00
8.392113910186198567e+00
8.278234086242299838e+00
8.535564853556484977e+00
8.456102783725910399e+00
8.447396386822529024e+00
8.271309771309772074e+00
7.681132075471698073e+00
8.337132003798670254e+00
8.506302521008404227e+00
8.695509309967141220e+00
8.618784530386740528e+00
8.582788671023964255e+00
8.236951983298538948e+00
8.093411996066862457e+00
8.275419545903258012e+00
8.136182902584492282e+00
8.161290322580645906e+00
8.461382113821137807e+00
8.039039039039039380e+00
8.346918489065606295e+00
8.470157068062826866e+00
7.976071784646062035e+00
8.251217137293085813e+00
8.201201201201200774e+00
8.077450980392157476e+00
8.358641358641358821e+00
8.773072747014115436e+00
8.449944994499450246e+00
8.125254582484725319e+00
8.552008238928939576e+00
8.715707964601769220e+00
8.594654788418708335e+00
8.221638655462184531e+00
8.627243928194298306e+00
8.043478260869564522e+00
7.995210727969348952e+00
8.747916666666666785e+00
8.711691259931894749e+00
8.941860465116279855e+00
8.154347826086956630e+00
8.631689401888772650e+00
8.851767388825541261e+00
8.697353279631760969e+00
9.154577883472057920e+00
8.747318235995232172e+00
8.302375809935204742e+00
8.825517993456925225e+00
8.734787600459242185e+00
8.196808510638298628e+00
8.115612648221343761e+00
8.191889218595450828e+00
8.156530408773678076e+00
8.754535752401281457e+00
8.659863945578230471e+00
8.238805970149254421e+00
8.492693110647181243e+00
8.735911602209943894e+00
8.310119695321001032e+00
8.609022556390977243e+00
7.929375639713408752e+00
8.653648509763618435e+00
8.218317358892438307e+00
8.613997879109225764e+00
8.369729729729730394e+00
7.818627450980391913e+00
7.930426716141002252e+00
8.507583417593528097e+00
8.935005701254276289e+00
8.944844124700239263e+00
8.526315789473684958e+00
8.831447963800904688e+00
8.511337868480724822e+00
8.611725663716814694e+00
8.060606060606060552e+00
8.776595744680850686e+00
8.352097130242825074e+00
8.208247422680411631e+00
8.246435845213849092e+00
8.200610997963339699e+00
8.340184994861253642e+00
7.702127659574467877e+00
8.318924111431316604e+00
7.909180651530108186e+00
8.622448979591837315e+00
8.981438515081206830e+00
8.832938388625592552e+00
8.130901287553648160e+00
8.619246861924686698e+00
8.516411378555797995e+00
8.408510638297872930e+00
7.883858267716535195e+00
8.639311043566362258e+00
8.134312696747114657e+00
8.587500000000000355e+00
8.806997742663657647e+00
8.888111888111888348e+00
8.282107574094402125e+00
8.857768052516410862e+00
8.455964325529542691e+00
8.382911392405063111e+00
8.286452947259565605e+00
8.225937183383992490e+00
8.449844881075490477e+00
8.166324435318275121e+00
8.574712643678161328e+00
8.378349410503751926e+00
8.555555555555555358e+00
8.231899265477439442e+00
8.397738951695785659e+00
8.187563710499491165e+00
8.106090373280942174e+00
8.584536082474226504e+00
8.493520518358531390e+00
8.404661016949152241e+00
8.671351351351351155e+00
8.401515151515152269e+00
8.791208791208791951e+00
8.811995386389849472e+00
8.548098434004474555e+00
8.229079497907950014e+00
7.990224828934506363e+00
8.557926829268293289e+00
8.066666666666666430e+00
8.016346153846154010e+00
8.537678207739308078e+00
8.571895424836601052e+00
8.507057546145494697e+00
8.596510359869139251e+00
8.337967914438502604e+00
8.516949152542373724e+00
8.784838350055741429e+00
8.415198237885462618e+00
8.022110552763818347e+00
8.131782945736434343e+00
8.629822732012513598e+00
8.290870488322717335e+00
8.449531737773153139e+00
8.148565573770492065e+00
8.314777327935223283e+00
8.430962343096235045e+00
8.729166666666666075e+00
8.785142857142856698e+00
8.236559139784946026e+00
8.481865284974093200e+00
8.319749216300939665e+00
8.450469238790406123e+00
8.576180257510729987e+00
8.835386338185889699e+00
7.952182952182952569e+00
8.044465468306528422e+00
8.406000000000000583e+00
8.400208986415883317e+00
8.973154362416106977e+00
8.420403587443946236e+00
8.563169164882227236e+00
8.696566998892580003e+00
8.502207505518763142e+00
8.244258872651357706e+00
8.554039874081846406e+00
8.277426160337553185e+00
7.870748299319727970e+00
8.475621890547262893e+00
8.204356846473029208e+00
8.488082901554404813e+00
8.863075196408530587e+00
8.060638297872340985e+00
8.588053553038104582e+00
8.579408543263964404e+00
8.536956521739130110e+00
7.880119880119879738e+00
8.979957805907172741e+00
8.518264840182649067e+00
8.500540540540541201e+00
8.564130434782608603e+00
8.109504132231405649e+00
8.336683417085426484e+00
8.231869254341164677e+00
8.381930184804927464e+00
8.268872802481903150e+00
8.298568507157463969e+00
8.391078838174273358e+00
8.717391304347826164e+00
8.386536373507057718e+00
8.186164801627670684e+00
7.862857142857142989e+00
8.673057517658930848e+00
8.272823779193206661e+00
8.640295358649789037e+00
8.929384965831435039e+00
8.544632768361582364e+00
8.411702127659573591e+00
8.716304347826087096e+00
8.826285714285713624e+00
7.894519131334022610e+00
8.217516843118383818e+00
8.457260556127703666e+00
8.376842105263158089e+00
8.535524920466595944e+00
8.565217391304347672e+00
8.568927789934354777e+00
8.325878594249200404e+00
8.648706896551724199e+00
8.784982935153584194e+00
8.430632630410654471e+00
8.253388946819603333e+00
8.473739495798319865e+00
8.571428571428571175e+00
8.777401129943502411e+00
8.118716577540107338e+00
8.427104722792607916e+00
8.405520169851380174e+00
8.489316239316238466e+00
8.437299035369774103e+00
8.766666666666667496e+00
8.423973362930077258e+00
8.529220779220779036e+00
8.274655355249205257e+00
8.489406779661017310e+00
8.201047120418847314e+00
8.149899396378270211e+00
8.506263048016702299e+00
8.034055727554179072e+00
8.045808966861597966e+00
8.136229022704837277e+00
8.519832985386221580e+00
8.753932584269662698e+00
8.620454545454546036e+00
8.388707926167208839e+00
8.684210526315789380e+00
8.841983852364474927e+00
7.940865892291446571e+00
8.640124095139606553e+00
8.576536312849162513e+00
8.278372591006423420e+00
8.270103092783505971e+00
8.589304812834225089e+00
8.658454647256439429e+00
9.128418549346017485e+00
8.748798076923076650e+00
8.384785005512679135e+00
8.587027027027026804e+00
8.798863636363636331e+00
8.535067873303168184e+00
8.095733610822060555e+00
8.285570131180625353e+00
8.296794208893485845e+00
8.227600411946447423e+00
8.524920466595970581e+00
7.920408163265306278e+00
8.573333333333334139e+00
8.228144989339019943e+00
8.424686192468620050e+00
8.406815761448349633e+00
8.411075612353567266e+00
9.021714285714285353e+00
8.828947368421053099e+00
8.588168373151308543e+00
8.229056203605514597e+00
8.719656283566058264e+00
8.599999999999999645e+00
8.198103266596417527e+00
8.280773143438453943e+00
8.100603621730382287e+00
8.222444889779559674e+00
8.446764091858037560e+00
8.329809725158561662e+00
8.207179487179487865e+00
8.611228813559321793e+00
8.337284482758620996e+00
8.232989690721648657e+00
8.395854922279792021e+00
8.411016949152541500e+00
8.366701791359325568e+00
8.154554759467758984e+00
8.112103174603173983e+00
8.286432160804020342e+00
8.262781186094070307e+00
8.234279918864096715e+00
8.097318768619661711e+00
8.501020408163265429e+00
8.671397379912663794e+00
8.319444444444444642e+00
8.532139093782928896e+00
8.418085106382978466e+00
8.412381951731374485e+00
8.257731958762887459e+00
8.458031088082901050e+00
8.223942208462332815e+00
8.048180924287118287e+00
8.408634538152609750e+00
8.540021344717182217e+00
8.905191873589163976e+00
8.386489479512734491e+00
8.676724137931033809e+00
8.175604626708727452e+00
8.718354430379747555e+00
8.131578947368421240e+00
8.615384615384614975e+00
8.549126637554584462e+00
8.235662148070908017e+00
8.287726358148892913e+00
8.359183673469388509e+00
8.733118971061093916e+00
8.533479692645444814e+00
8.045546558704453233e+00
8.576962283384300889e+00
8.318901795142554789e+00
8.784017278617710645e+00
7.898669396110542529e+00
7.964716805942432920e+00
8.354965585054079824e+00
8.859802847754654209e+00
8.394273127753303143e+00
8.197757390417940826e+00
8.565939771547247616e+00
8.636761487964989215e+00
8.159375000000000711e+00
8.279279279279279535e+00
8.574736842105263435e+00
8.441334768568353297e+00
8.567741935483871529e+00
8.859075535512964450e+00
8.799768518518519045e+00
8.544742729306488371e+00
8.522776572668112394e+00
8.333684210526316249e+00
8.462264150943395791e+00
8.617806731813246301e+00
8.582138919514884279e+00
8.504347826086956275e+00
8.222916666666666430e+00
8.050246305418719217e+00
8.354062186559678693e+00
8.785792349726776251e+00
8.791474654377880782e+00
8.776497695852533809e+00
8.458888888888889568e+00
8.987457240592929608e+00
8.440909090909091361e+00
8.195854922279792731e+00
8.131999999999999673e+00
8.244466800804829631e+00
8.508937960042061377e+00
8.492942453854505303e+00
8.162330905306971474e+00
8.380122950819671956e+00
9.059090909090908639e+00
8.493103448275862277e+00
8.423076923076923350e+00
8.532119914346894873e+00
8.680662983425413870e+00
8.415485278080698350e+00
8.109072375127421850e+00
8.190665342601787913e+00
8.497920997920997976e+00
8.787068004459309023e+00
8.188436830835117419e+00
8.369765066394279529e+00
8.734494015233950748e+00
8.304535637149028204e+00
8.420395421436003502e+00
8.634199134199134207e+00
8.682274247491639230e+00
8.415217391304347316e+00
8.268393782383419932e+00
8.302040816326529793e+00
8.420725388601036698e+00
8.140386571719226083e+00
8.505641025641025976e+00
8.187628865979380777e+00
8.181727904667328133e+00
8.021421616358324513e+00
8.692864529472595692e+00
8.618888888888889710e+00
7.711462450592885709e+00
8.166355140186915662e+00
8.212301587301586991e+00
8.656512605042017583e+00
8.449729729729730465e+00
8.476240760295670640e+00
8.463002114164904555e+00
8.125888324873097091e+00
8.502553626149131460e+00
8.561761546723952065e+00
8.078571428571429180e+00
8.329702970297029552e+00
8.441571871768354995e+00
8.035892323030907392e+00
8.785046728971963148e+00
8.532524807056228511e+00
8.468583599574014187e+00
8.541001064962726375e+00
7.927145708582834516e+00
8.575150300601201536e+00
8.740331491712707290e+00
8.205508474576271638e+00
8.758767268862911237e+00
8.299246501614639726e+00
8.543546694648478379e+00
8.109406952965235504e+00
8.132682926829268411e+00
7.924690181124880439e+00
8.367286973555337681e+00
8.965631929046562476e+00
8.419175027870679173e+00
8.488396624472573038e+00
8.513829787234042712e+00
8.229102167182663408e+00
8.748140276301807461e+00
9.062206572769953894e+00
8.757361601884570135e+00
8.308855291576673352e+00
8.355601233299074337e+00
8.270214943705219923e+00
8.671991480298189003e+00
8.450489662676822888e+00
8.641304347826087806e+00
8.753363228699551968e+00
8.047966631908238355e+00
8.427710843373494853e+00
8.820682068206821214e+00
8.538547486033520428e+00
8.644420131291028042e+00
8.439524838012959052e+00
8.770581778265642114e+00
8.577480490523969436e+00
8.438238453276047935e+00
9.004514672686230625e+00
8.298226164079823164e+00
8.303680981595091382e+00
8.724434876210979795e+00
8.265306122448979664e+00
8.186046511627907307e+00
8.511458333333333570e+00
8.478918918918919800e+00
8.859075535512964450e+00
8.578231292517006779e+00
8.154488517745303255e+00
8.365208545269583240e+00
8.105156723963599319e+00
8.511843460350155155e+00
8.589324618736384309e+00
8.264550264550264203e+00
8.354209445585215832e+00
8.407949790794978284e+00
8.813465783664458542e+00
7.806945863125638319e+00
7.798007246376811530e+00
8.488165680473372277e+00
8.069458631256383185e+00
8.507157464212678377e+00
8.737831858407080432e+00
7.867346938775510168e+00
8.998948475289168414e+00
8.260198456449835192e+00
8.448240165631469623e+00
8.456567796610169552e+00
8.384453781512604564e+00
7.969306930693069724e+00
8.056980056980057370e+00
8.548879837067209664e+00
8.001011122345804694e+00
8.192456479690521931e+00
8.528865979381443196e+00
8.305759162303665732e+00
8.450207468879668227e+00
8.420609884332280970e+00
8.393528183716075119e+00
8.325773195876289279e+00
8.130738522954091607e+00
8.540347293156282049e+00
8.494130202774814009e+00
8.244582043343653410e+00
8.167658730158729341e+00
8.326000000000000512e+00
8.539832285115304344e+00
8.417197452229299159e+00
8.298661174047373024e+00
8.606540084388186074e+00
8.472610096670246449e+00
7.983067729083665576e+00
8.190567853705486456e+00
8.503073770491802463e+00
8.536819637139807071e+00
8.101522842639594657e+00
8.773249738766979888e+00
8.349838536060280703e+00
8.209677419354838079e+00
8.540289256198347445e+00
8.104187946884575666e+00
8.301886792452830122e+00
8.752411575562700108e+00
8.133543638275499532e+00
8.473041709053916293e+00
8.480932203389830448e+00
8.427818756585880422e+00
8.177664974619290206e+00
8.098344693281402940e+00
8.254420432220038961e+00
8.862217438105489009e+00
8.384699453551911930e+00
8.636847710330139094e+00
8.733924611973392871e+00
8.193684210526315681e+00
8.432212028542304338e+00
8.667386609071273895e+00
8.353697749196141942e+00
8.675617615467238863e+00
8.759322033898305548e+00
8.535038932146829183e+00
8.586319218241042606e+00
7.995922528032619603e+00
8.371769383697813538e+00
8.567625133120341019e+00
8.486515641855447711e+00
8.414194915254237017e+00
8.729053318824808727e+00
8.372294372294371456e+00
8.364766839378237506e+00
8.616613418530350899e+00
8.232386961093585143e+00
8.103857566765578113e+00
8.370332996972754458e+00
8.103935418768919874e+00
8.773445732349841819e+00
8.300215982721383057e+00
8.503664921465968973e+00
8.335436382754995321e+00
8.427083333333333925e+00
8.573262032085562367e+00
8.296529968454258608e+00
8.231003039513677066e+00
8.503112033195021624e+00
8.087576374745417240e+00
8.495422177009155362e+00
8.461128860489882442e+00
8.343782654127481990e+00
8.132397191574723294e+00
8.274626865671642406e+00
8.356850715746421798e+00
8.665955176093916634e+00
8.330490405117270569e+00
8.399172699069286097e+00
8.630225080385852010e+00
8.510845986984815426e+00
8.497858672376873201e+00
8.527331189710610104e+00
8.274244004171011468e+00
8.229919678714859188e+00
8.231768231768231914e+00
8.379204892966360063e+00
8.966629588431590747e+00
8.274423710208562710e+00
8.290355329949239405e+00
8.198795180722891374e+00
8.591476091476090815e+00
8.061287027579162157e+00
8.366899302093719015e+00
8.590233545647558699e+00
8.365853658536584803e+00
8.380558428128232151e+00
8.661670235546038654e+00
8.397642015005359895e+00
8.280287474332649111e+00
8.692144373673036384e+00
8.400644468313641866e+00
8.707841031149301969e+00
8.503808487486399059e+00
8.686956521739130466e+00
8.760044642857142350e+00
8.090342679127726200e+00
8.737551867219917057e+00
8.183630640083945806e+00
8.089407191448007239e+00
8.313609467455620461e+00
8.529045643153526868e+00
8.013039117352056095e+00
8.492537313432835688e+00
8.048951048951048293e+00
8.461691542288557244e+00
8.614072494669509084e+00
8.847608453837597864e+00
8.843607305936073359e+00
7.985581874356333820e+00
8.180952380952380310e+00
8.278381046396841469e+00
8.510791366906474309e+00
8.041082164328656745e+00
7.913649025069638299e+00
8.099158091674462767e+00
8.907368421052630936e+00
8.435307017543859587e+00
8.405181347150259441e+00
8.414432989690721953e+00
8.260913705583757149e+00
7.898951382268827537e+00
8.596822244289970882e+00
8.558189655172414589e+00
8.195071868583161390e+00
8.439838220424672244e+00
8.640641711229946509e+00
7.940584088620342484e+00
7.902304147465438078e+00
8.509881422924900463e+00
8.366108786610878312e+00
8.391349124613800115e+00
8.084577114427860423e+00
7.842790697674418610e+00
8.510263929618767875e+00
7.903543307086613900e+00
8.588877855014896312e+00
8.052578361981799659e+00
8.413280475718533324e+00
8.021739130434783149e+00
8.559236947791164951e+00
8.296257796257796358e+00
8.418367346938776308e+00
8.877595628415299700e+00
8.198724760892666552e+00
8.152195121951219647e+00
8.486895161290322065e+00
8.708737864077669144e+00
8.402569593147751092e+00
8.663829787234043067e+00
8.373276776246022735e+00
8.915846994535518988e+00
7.979209979209978876e+00
8.420432220039293369e+00
8.026679841897232492e+00
8.530591775325978787e+00
8.395592864637984931e+00
7.976447497546613974e+00
8.413150147203140250e+00
7.957884427032321462e+00
8.515873015873015817e+00
8.287190082644627864e+00
8.450358239508700464e+00
8.204268292682927566e+00
8.212240868706810915e+00
8.620331950207468452e+00
8.478074866310160829e+00
8.390218522372528298e+00
8.416322314049587305e+00
8.302968270214943658e+00
8.470709146968140146e+00
8.431699687174139868e+00
8.744635193133047935e+00
8.617161716171617414e+00
8.621475054229934543e+00
8.102040816326530503e+00
8.210321324245374086e+00
8.308308308308308909e+00
8.166998011928429335e+00
8.236453201970443061e+00
8.815957446808511122e+00
8.379049676025918103e+00
8.609704641350210963e+00
8.070121951219512368e+00
8.826222684703433075e+00
8.363243243243243086e+00
8.277157360406091513e+00
8.589155370177268267e+00
8.558539205155746288e+00
8.376310272536688473e+00
8.451546391752577492e+00
8.047524752475247567e+00
8.448514851485148469e+00
7.958863858961802151e+00
8.198095238095238102e+00
8.553735926305014559e+00
8.100704934541791857e+00
8.232038834951456607e+00
8.285998013902680981e+00
8.381818181818180946e+00
8.150099403578529689e+00
8.606339468302659057e+00
8.966254218222722727e+00
8.654586636466591543e+00
8.302935010482180189e+00
8.201388888888889284e+00
8.283168316831682532e+00
8.441266598569969304e+00
8.712446351931330213e+00
8.477933261571582335e+00
8.474842767295596602e+00
8.338493292053662742e+00
8.120672601384766764e+00
8.185436893203883457e+00
8.196463654223968831e+00
8.330000000000000071e+00
8.195000000000000284e+00
8.331673306772907850e+00
8.374745417515274681e+00
8.725427350427350959e+00
8.522875816993463971e+00
8.216188524590164022e+00
8.422920892494929035e+00
8.707974137931033809e+00
7.892929292929292906e+00
8.096804511278195449e+00
8.437751004016064371e+00
8.171399594320487125e+00
8.298701298701299578e+00
8.104063429137760011e+00
8.249506903353056586e+00
9.001094091903720340e+00
7.991516436903499887e+00
8.823284823284822664e+00
8.523281596452328301e+00
8.386315789473684390e+00
8.592356687898089262e+00
8.775804661487235592e+00
8.525966850828728738e+00
8.518756698821007944e+00
8.472843450479233596e+00
8.940582959641256267e+00
8.675086107921929468e+00
7.905583756345177626e+00
8.125356125356125503e+00
8.685803757828809424e+00
8.250000000000000000e+00
8.265925176946410602e+00
8.284263959390862908e+00
8.695931477516060326e+00
8.491228070175438347e+00
8.431309904153355461e+00
8.589439655172414589e+00
8.133194588969823613e+00
8.111655239960823494e+00
8.208704253214639479e+00
8.153922542204567137e+00
8.703157894736841982e+00
8.119371727748690759e+00
8.758438818565400297e+00
8.532668881506090486e+00
8.358050847457626276e+00
8.294845360824742997e+00
8.772727272727273373e+00
8.676104190260476301e+00
8.307857911733046663e+00
8.314374353671148299e+00
8.535181236673773597e+00
8.693512304250559097e+00
8.284632034632034348e+00
8.790163934426230341e+00
7.982048574445617994e+00
8.762105263157895507e+00
8.751732101616628512e+00
8.747986191024166303e+00
8.710677382319174100e+00
8.497219132369298933e+00
8.123188405797101552e+00
8.327586206896551602e+00
8.377358490566038540e+00
8.219234746639090261e+00
8.459119496855345588e+00
8.182672233820460050e+00
8.798483206933910949e+00
8.875586854460093988e+00
8.801410105757931035e+00
8.395555555555555216e+00
8.758582502768549105e+00
8.133333333333332860e+00
8.522513089005235187e+00
7.971252566735112843e+00
8.480081716036771411e+00
8.421790722761596015e+00
8.682522123893805954e+00
8.193340494092373305e+00
7.892262487757101042e+00
8.054001928640309060e+00
8.076923076923076650e+00
8.384773662551440410e+00
8.401069518716576923e+00
8.483279395900755304e+00
8.105208333333333570e+00
8.741693461950696076e+00
8.038338658146964022e+00
8.304655870445344590e+00
8.849498327759198091e+00
7.668383110195674313e+00
8.538232373386296814e+00
8.131302521008404227e+00
8.379629629629629761e+00
8.594124047878128891e+00
8.292340884573894400e+00
8.618634886240519322e+00
8.249730893433799395e+00
8.643318965517241992e+00
8.070675105485232592e+00
8.876623376623376416e+00
8.278888888888888076e+00
8.344467640918580287e+00
8.536138079827400915e+00
8.414766558089032955e+00
8.103092783505154273e+00
8.342185903983656559e+00
8.230051813471503053e+00
8.168527918781725461e+00
8.043650793650794384e+00
8.050880626223092307e+00
8.562043795620438047e+00
8.385450597176982157e+00
8.320634920634921272e+00
8.226611226611225902e+00
8.137195121951219079e+00
8.560846560846560038e+00
8.326486486486485816e+00
8.402763018065886769e+00
8.166840458811261527e+00
8.098492462311558171e+00
8.211538461538461675e+00
8.461375661375662105e+00
8.284951974386340012e+00
8.113496932515337434e+00
8.197368421052631859e+00
8.978747203579418468e+00
8.405281285878301034e+00
8.429956896551724199e+00
8.759009009009009361e+00
8.123913043478260931e+00
8.728354978354978755e+00
8.251925192519252050e+00
8.369473684210525732e+00
8.573304157549234361e+00
9.167664670658682624e+00
8.538095238095237960e+00
8.048016701461378375e+00
8.155223880597015196e+00
8.451882845188285032e+00
9.048667439165701154e+00
8.658767772511847483e+00
8.445796460176991260e+00
8.269556025369979579e+00
7.814090019569471579e+00
8.560161779575327756e+00
8.671892497200447636e+00
8.224973089343379229e+00
8.625937834941050042e+00
8.646396396396395900e+00
8.262419006479481354e+00
8.661220043572985361e+00
8.326015367727771732e+00
8.482795698924730843e+00
8.509330406147091352e+00
8.253205128205127750e+00
9.039682539682539542e+00
8.413872832369941435e+00
8.461038961038960693e+00
8.054979253112033888e+00
8.196787148594378181e+00
8.155329949238579346e+00
8.458071278825995520e+00
8.298189563365282240e+00
8.367368421052631788e+00
8.557483731019523532e+00
8.240681576144835319e+00
8.717083786724700190e+00
8.566251415628538979e+00
8.235042735042734208e+00
8.050150451354062042e+00
8.633507853403141752e+00
8.525555555555555998e+00
8.649162011173183728e+00
8.195931477516060326e+00
8.537566137566138025e+00
8.593784683684795311e+00
8.412021857923496881e+00
8.545059717698153534e+00
8.199577613516368046e+00
8.580952380952380665e+00
8.689113355780023085e+00
8.375411635565312096e+00
8.595005428881650644e+00
8.312903225806451246e+00
8.582618025751072466e+00
7.895325203252032686e+00
8.558704453441295712e+00
8.381310418904403647e+00
8.290625000000000355e+00
8.104522613065325842e+00
8.137351778656126911e+00
8.291793313069907967e+00
8.433228180862251122e+00
7.823529411764705621e+00
8.603061224489795933e+00
7.935751295336787692e+00
8.290452261306532122e+00
8.273298429319371650e+00
8.515608180839612018e+00
8.225080385852090004e+00
8.757743362831858391e+00
8.245555555555554861e+00
8.568329718004338957e+00
8.472160356347439247e+00
8.409638554216867234e+00
8.264171122994651952e+00
8.485436893203884168e+00
8.352877307274701124e+00
8.404506437768240801e+00
8.271957671957672176e+00
7.949949949949949968e+00
9.313769751693001808e+00
8.284371327849589406e+00
8.271682340647858567e+00
8.714599341383095776e+00
8.575826681870012180e+00
8.445303867403314513e+00
8.761797752808988093e+00
8.467342342342341510e+00
8.970011534025374544e+00
8.149220489977727411e+00
8.553666312433580998e+00
8.356209150326797896e+00
8.574074074074074403e+00
8.034591194968554007e+00
8.491718426501035921e+00
8.490153172866520492e+00
7.987654320987654266e+00
8.541968911917098950e+00
8.547671840354766459e+00
8.328648648648648845e+00
8.505920344456404436e+00
8.215270413573701802e+00
8.418677859391396012e+00
7.918099089989889094e+00
8.629937629937629140e+00
8.341383095499450562e+00
7.971544715447154594e+00
8.368635437881874140e+00
8.328723404255319096e+00
8.498381877022653796e+00
8.434023991275900300e+00
8.600882028665932211e+00
8.421633554083884476e+00
8.251059322033897914e+00
8.286757038581855639e+00
7.968844221105527481e+00
8.090284592737978286e+00
8.251776649746192405e+00
8.695747001090513351e+00
8.755504055619930170e+00
8.063577586206896797e+00
8.186491935483870108e+00
8.387840670859539216e+00
8.489130434782609314e+00
8.076439790575916433e+00
8.607218683651804980e+00
8.471635150166852313e+00
8.149473684210526869e+00
8.374609781477627024e+00
8.250526315789473486e+00
8.291666666666666075e+00
8.664113785557987057e+00
8.275599128540305216e+00
8.456869009584664809e+00
7.955987717502559065e+00
8.291750503018109342e+00
8.717750826901873751e+00
8.290429042904291279e+00
7.962814070351758922e+00
8.562500000000000000e+00
8.322440087145968945e+00
8.235047219307450206e+00
8.426595744680851041e+00
8.234042553191489588e+00
8.534983853606027182e+00
8.733788395904436896e+00
8.776084407971863399e+00
8.735362997658079109e+00
8.818610129564193656e+00
7.932764140875133485e+00
8.045853658536584518e+00
8.800000000000000711e+00
8.326987681970884125e+00
8.273784355179703454e+00
8.984072810011376475e+00
8.283599088838268898e+00
8.626229508196720630e+00
8.184466019417476090e+00
8.665943600867679564e+00
8.312431243124311919e+00
8.424598930481282721e+00
8.790486976217440684e+00
8.588709677419354094e+00
8.562780269058295701e+00
8.101372756071805625e+00
8.542676501580611870e+00
8.452747252747252915e+00
8.152151101783839948e+00
8.805038335158817731e+00
8.256666666666665932e+00
8.605434782608694988e+00
8.131974248927038573e+00
8.845814977973567750e+00
8.314960629921259283e+00
8.300632911392405333e+00
8.374734607218684346e+00
8.417475728155340065e+00
8.390507011866235487e+00
8.123700623700623069e+00
8.358101135190919351e+00
8.865839909808343577e+00
8.517241379310345195e+00
8.138040042149631503e+00
8.584042553191489233e+00
8.382675438596491446e+00
8.323717948717948900e+00
8.712860310421286059e+00
8.405586592178771355e+00
8.396551724137930606e+00
8.421908893709327160e+00
8.571428571428571175e+00
8.257575757575757791e+00
8.573434125269978168e+00
7.974999999999999645e+00
8.466529351184346908e+00
8.213149522799575664e+00
8.367647058823528994e+00
8.682574916759156380e+00
8.514705882352942012e+00
8.533926585094549822e+00
8.087830687830688703e+00
8.779716466739367675e+00
8.056583242655060317e+00
8.097389558232931606e+00
8.715526601520087624e+00
8.646171693735498209e+00
7.964021164021164445e+00
7.929892891918208342e+00
8.490134994807892355e+00
7.955208333333333215e+00
8.371017471736896809e+00
8.294748124330117989e+00
8.217801047120419256e+00
8.557235421166307532e+00
8.405973451327433565e+00
8.566371681415930084e+00
8.621160409556313908e+00
8.037433155080213609e+00
8.355440414507771862e+00
8.245222929936305789e+00
8.682119205298013398e+00
8.660859465737514640e+00
8.395505617977528701e+00
8.446761800219539040e+00
8.424476295479603749e+00
8.971896955503513738e+00
8.582836710369488031e+00
8.472972972972973693e+00
8.250270855904659584e+00
8.818489289740698567e+00
8.425287356321838672e+00
8.419141914191419218e+00
8.511627906976743319e+00
8.664383561643836273e+00
7.954303931987247722e+00
8.817297297297297831e+00
8.665488810365134853e+00
8.111471861471860834e+00
7.963184079601989929e+00
9.051054384017758636e+00
8.322880371660859922e+00
8.407766990291262843e+00
8.509371554575523078e+00
8.260259179265657892e+00
8.623903508771929793e+00
8.668584579976984728e+00
8.152008686210640676e+00
8.227038183694530105e+00
8.115107913669064033e+00
8.262125902992776716e+00
8.655286343612335287e+00
8.344444444444444997e+00
7.718657453109575961e+00
7.945488721804511378e+00
8.674762407602957026e+00
8.110991379310345195e+00
8.922566371681416086e+00
8.348916761687570798e+00
8.443965517241379004e+00
8.210805084745762983e+00
8.711159737417943916e+00
8.141928494041170694e+00
8.795404814004376348e+00
8.649592549476135872e+00
8.414253897550111105e+00
8.376889848812094641e+00
7.989764585465711555e+00
8.482438016528925928e+00
8.495604395604395620e+00
8.012474012474012142e+00
8.283400809716599866e+00
8.323869610935856755e+00
8.272631578947368780e+00
8.281837160751566174e+00
8.250000000000000000e+00
8.324973876698015474e+00
8.369312169312168592e+00
8.477933261571582335e+00
8.407127429805616003e+00
8.563934426229508290e+00
8.374186550976139287e+00
8.166838311019567698e+00
8.601910828025477684e+00
8.029227557411273253e+00
8.304522613065326908e+00
9.097949886104784056e+00
8.547058823529411598e+00
8.800683371298404722e+00
8.437570303712035980e+00
8.270899470899470529e+00
9.108571428571428541e+00
8.237230419977297657e+00
7.785091965150048310e+00
8.486027944111777188e+00
7.990740740740740478e+00
8.402650356778798013e+00
8.476756756756756772e+00
8.440696409140370449e+00
7.896865520728008292e+00
7.758364312267658214e+00
8.282375851996105709e+00
8.436440677966102086e+00
8.861834654586637328e+00
8.730363423212192941e+00
8.315731573157314926e+00
8.157245632065775354e+00
8.567510548523205927e+00
8.886337543053960175e+00
8.257743362831858391e+00
8.650161463939719297e+00
8.553571428571428825e+00
8.297210300429185281e+00
8.406315789473683964e+00
8.818080357142857650e+00
8.740440324449593845e+00
8.659840728100114404e+00
8.419037199124726811e+00
8.566486486486486029e+00
8.508196721311476196e+00
8.437299035369774103e+00
8.264859228362878341e+00
8.443169968717413099e+00
8.513426423200860071e+00
8.280887011615627458e+00
8.372406639004148943e+00
8.417455310199789764e+00
7.995979899497487331e+00
8.361638361638361161e+00
8.587982832618026308e+00
8.113541666666666430e+00
8.393908629441623859e+00
8.914062500000000000e+00
8.101511879049676068e+00
8.699049630411826328e+00
8.295896328293736133e+00
8.529661016949152241e+00
8.318763326226012111e+00
8.271221532091097117e+00
8.744287268770403188e+00
8.150963597430406438e+00
8.327868852459015869e+00
8.676117775354416750e+00
7.956158663883090121e+00
8.328986960882648560e+00
8.461045891141942832e+00
8.245762711864406569e+00
8.537967914438501893e+00
8.204038257173220217e+00
8.645542427497314719e+00
8.567415730337078372e+00
8.631874298540965995e+00
8.414096916299559581e+00
8.921679909194097036e+00
7.977443609022556004e+00
8.165029469548134244e+00
8.452653485952133394e+00
8.289334741288278963e+00
8.220061412487206454e+00
8.380412371134021043e+00
8.671755725190839925e+00
8.251077586206896797e+00
8.206931702344546053e+00
8.688436830835117419e+00
8.247311827956989916e+00
8.333333333333333925e+00
8.354973821989528204e+00
8.758544652701212740e+00
8.416851441241684384e+00
8.245833333333333570e+00
8.097585513078470854e+00
8.403076923076923777e+00
8.052953156822811209e+00
8.196819085487078382e+00
8.382626680455015133e+00
8.329127234490011134e+00
8.517647058823529349e+00
8.446739130434782084e+00
8.314893617021276384e+00
8.648148148148148806e+00
8.273022751895991789e+00
8.384858044164037238e+00
8.085478887744592669e+00
8.325510204081632892e+00
8.587215601300108858e+00
8.070378151260504396e+00
8.717948717948717174e+00
7.785567010309278224e+00
8.754149377593360981e+00
8.297237569060772699e+00
8.391949152542373724e+00
8.330499468650371497e+00
8.226277372262773113e+00
8.440084835630964122e+00
8.405200433369447666e+00
8.466304347826087096e+00
8.490649064906490295e+00
8.424807903402854237e+00
8.502750275027501914e+00
8.416941694169416621e+00
8.498353457738748062e+00
8.709567198177676772e+00
8.401345291479820787e+00
8.612403100775193110e+00
8.380794701986754802e+00
8.250793650793651679e+00
8.355110642781875541e+00
8.266877637130802370e+00
8.372756071805701694e+00
8.716517857142857650e+00
8.426487093153760100e+00
8.415852334419110292e+00
8.297326203208555739e+00
8.498385360602798144e+00
8.409586056644879903e+00
8.019567456230690894e+00
8.485477178423236566e+00
8.117523609653725103e+00
8.177484787018254764e+00
8.208205128205127821e+00
8.465957446808511477e+00
8.415032679738562393e+00
8.676733780760626402e+00
8.371111111111110503e+00
9.314593301435406758e+00
9.047865459249676334e+00
8.811274509803920907e+00
8.013015184381778511e+00
8.556375131717597782e+00
8.719036697247705803e+00
7.772112382934443175e+00
8.007655502392344360e+00
8.424116424116423474e+00
8.411572052401746546e+00
7.995863495346432259e+00
8.103585657370517836e+00
8.269824922760040664e+00
8.588876772082878475e+00
8.197837837837838038e+00
8.157948717948718453e+00
8.242018537590112714e+00
8.170278637770897134e+00
8.146938775510204067e+00
8.274509803921569429e+00
8.385759829968119305e+00
8.226694915254237017e+00
8.709570957095708721e+00
8.171210468920392600e+00
8.299171842650103770e+00
8.852974186307520199e+00
8.444571428571428839e+00
8.392624728850325511e+00
8.453653217011995125e+00
8.753968253968254842e+00
8.946172248803827998e+00
8.564912280701754810e+00
8.523968784838350743e+00
8.143611404435057821e+00
8.328865979381443907e+00
8.126673532440783276e+00
8.270961145194274167e+00
8.199174406604747389e+00
8.267010309278351343e+00
8.096544715447153706e+00
8.236068895643363419e+00
8.609492988133764513e+00
8.482182628062361118e+00
8.480832420591456255e+00
8.145416227608007986e+00
8.172588832487310384e+00
8.980941704035874551e+00
8.720095693779903456e+00
8.588100686498856717e+00
8.182403433476395094e+00
8.025025025025025016e+00
8.705319148936169427e+00
8.627428571428572113e+00
8.944900351699882179e+00
8.092307692307691980e+00
8.488517745302713635e+00
8.613333333333333286e+00
8.668926553672315904e+00
8.284940411700974394e+00
8.453968253968254132e+00
8.566120218579234447e+00
8.535164835164835040e+00
8.260869565217390686e+00
8.266666666666667496e+00
8.238485158648925832e+00
8.818579234972677483e+00
8.087888531618435906e+00
8.071568627450981026e+00
8.471678681771368957e+00
7.994903160040774281e+00
8.698113207547169878e+00
8.427624309392264479e+00
8.427652733118971895e+00
8.038775510204080987e+00
8.262999999999999901e+00
8.549520766773163416e+00
8.704161979752530698e+00
8.475977653631284525e+00
8.846241457858770474e+00
8.367829021372328313e+00
7.941295546558704288e+00
8.252000000000000668e+00
8.375527426160337185e+00
8.808342728297631652e+00
8.202657807308970206e+00
7.961999999999999744e+00
7.963106796116504960e+00
8.014634146341462539e+00
8.417525773195876582e+00
8.089490114464100046e+00
8.313141683778233926e+00
8.086065573770492065e+00
8.375901132852728637e+00
8.788353863381859199e+00
8.437923250564333344e+00
8.770880361173814421e+00
8.142231947483589138e+00
8.443157894736842195e+00
8.219745222929935480e+00
8.849665924276168383e+00
8.871394230769229949e+00
8.660798122065727966e+00
8.528813559322033555e+00
8.341304347826087096e+00
8.458557588805167171e+00
8.162105263157894086e+00
8.506878306878306262e+00
8.082809224318658892e+00
8.105682951146560455e+00
8.484816753926700983e+00
8.734234234234234506e+00
8.470720720720720465e+00
8.619733924611972853e+00
8.101802757158006685e+00
8.550998948475289296e+00
8.744897959183672853e+00
8.229007633587785975e+00
8.852876106194690564e+00
8.253318584070797215e+00
8.323284823284822664e+00
8.171987641606591524e+00
8.694951664876477082e+00
7.980104712041884873e+00
8.075728155339806591e+00
7.892411143131604412e+00
8.196881091617933990e+00
8.445141065830721772e+00
8.315677966101695517e+00
8.523504273504274309e+00
8.488574537540804599e+00
8.253951527924130005e+00
8.280575539568344468e+00
8.356919875130072839e+00
8.094608341810783259e+00
8.837084673097534093e+00
7.936908517350158121e+00
8.422690763052209206e+00
8.598039215686274161e+00
8.362162162162162460e+00
8.252074688796680491e+00
8.399168399168399191e+00
8.305759162303665732e+00
8.530351437699680517e+00
8.623893805309734262e+00
8.417211328976035745e+00
8.462032085561498107e+00
8.375931842385517356e+00
8.059837728194725770e+00
8.466257668711657303e+00
8.296842105263158018e+00
8.589552238805969964e+00
8.220464135021096297e+00
8.312244897959184087e+00
8.374481327800829433e+00
7.973134328358209011e+00
8.427427427427426565e+00
8.774229074889868585e+00
8.495016611295680420e+00
8.255208333333333925e+00
8.570526315789473770e+00
8.544662309368192155e+00
8.163032191069573784e+00
7.934678194044188615e+00
8.275390625000000000e+00
8.675213675213674591e+00
8.490131578947368141e+00
8.107692307692307310e+00
8.822340425531914221e+00
8.906542056074766123e+00
8.223799126637555190e+00
8.144566301096709537e+00
8.629049111807733041e+00
8.504366812227074135e+00
8.169596690796277372e+00
8.852370689655172598e+00
8.352811466372656923e+00
8.244078269824923311e+00
8.622080679405520698e+00
8.412972972972973196e+00
7.973973973973974338e+00
8.456653225806451957e+00
8.506996770721205081e+00
8.820224719101123156e+00
8.455456570155902796e+00
8.723263506063947403e+00
8.151224707135250824e+00
7.680751173708920021e+00
8.343269230769230660e+00
8.890868596881960073e+00
8.260439560439561291e+00
8.694206008583691414e+00
8.398913043478261287e+00
8.618945102260495261e+00
8.276008492569001618e+00
8.465067778936392173e+00
8.391350210970463408e+00
8.478352692713833960e+00
8.541935483870966905e+00
8.204781704781705542e+00
8.349544072948328122e+00
8.582010582010582311e+00
8.373940677966102086e+00
8.412499999999999645e+00
8.493136219640971873e+00
8.601722282023681387e+00
8.528077753779697900e+00
8.557588805166846058e+00
8.183040330920372085e+00
8.380952380952381375e+00
8.339544513457557429e+00
8.589607635206787606e+00
8.535364526659412476e+00
8.275681341719078432e+00
8.077304261645192440e+00
8.121713729308666530e+00
8.953613807982739203e+00
8.532276330690827137e+00
7.925777331995988106e+00
8.754891864057672279e+00
8.736961451247164945e+00
7.843813387423935524e+00
8.219675262655204762e+00
8.641430073606729323e+00
8.264270613107822072e+00
8.232394366197183899e+00
8.368367346938775597e+00
8.438284518828451652e+00
8.951847704367301262e+00
8.224534501642935425e+00
8.441115702479338623e+00
8.408658922914467482e+00
8.511205976520811234e+00
7.950505050505050519e+00
8.640368852459015869e+00
8.161052631578947114e+00
8.174950298210735156e+00
8.118694362017803812e+00
8.508735868448098927e+00
8.290356394129979378e+00
8.357438016528925928e+00
8.528723404255318385e+00
8.306468716861081347e+00
8.376433785192908488e+00
8.212152420185375945e+00
8.457468879668049055e+00
8.464171122994653018e+00
8.429028815368196703e+00
8.009081735620585007e+00
8.566289825282630943e+00
8.421621621621621756e+00
8.392405063291139555e+00
7.929633300297323828e+00
8.450099800399200944e+00
8.240663900414936904e+00
7.972575905974534471e+00
8.396000000000000796e+00
8.789415656008820577e+00
9.024852071005916798e+00
8.630536130536130557e+00
8.046777546777546419e+00
8.606404958677686068e+00
8.231501057082452277e+00
8.320735444330949804e+00
8.095285857572717347e+00
8.579545454545455030e+00
8.919226393629124061e+00
8.785297549591598809e+00
8.405494505494505830e+00
8.366771159874607733e+00
8.464135021097046518e+00
8.182006204756980594e+00
8.153539381854436385e+00
8.491191709844558844e+00
7.944331983805668074e+00
8.984994640943194000e+00
8.018398268398268414e+00
8.150147203140333474e+00
8.034414945919371220e+00
8.657620041753652629e+00
8.368879216539717447e+00
8.945067264573991039e+00
8.382022471910111960e+00
7.885262116716122982e+00
8.899265477439664451e+00
8.658592848904268280e+00
8.646136618141097685e+00
8.291397849462365244e+00
8.244604316546762846e+00
8.018905472636815190e+00
8.363269424823410958e+00
8.497326203208556805e+00
8.351063829787234383e+00
8.179487179487178850e+00
8.513626834381550879e+00
8.664816870144283811e+00
8.793577981651376163e+00
8.936018957345972069e+00
7.942184154175588873e+00
8.811181434599156148e+00
8.302428256070641055e+00
8.253360910031023678e+00
8.356249999999999289e+00
7.954819277108433617e+00
8.646936656282450784e+00
8.481727574750831167e+00
8.071428571428571175e+00
8.189620758483034280e+00
8.349534643226473207e+00
8.560475161987040948e+00
8.684624017957350617e+00
8.311135371179039666e+00
8.640608034744841959e+00
8.517241379310345195e+00
8.658482142857142350e+00
8.836616454229432094e+00
8.334816462736373666e+00
8.257261410788382605e+00
8.010934393638171613e+00
8.411111111111111427e+00
8.257023933402704685e+00
8.420335429769391311e+00
8.420770877944326216e+00
8.580152671755724825e+00
8.565555555555555145e+00
8.356134636264929583e+00
8.060020345879959081e+00
8.004878048780486921e+00
8.400406504065040636e+00
8.325581395348837788e+00
8.588744588744589237e+00
8.597533632286994631e+00
8.877598152424942768e+00
8.668611435239206742e+00
8.574492099322798211e+00
8.537777777777778354e+00
8.472587719298244835e+00
8.261146496815285900e+00
8.766703176341730241e+00
8.168648648648648702e+00
8.322745901639343913e+00
8.360294117647057988e+00
8.262499999999999289e+00
8.492063492063492092e+00
8.042355371900827166e+00
8.437821171634121598e+00
8.192468619246861650e+00
8.029910269192422234e+00
8.861141011840688364e+00
7.987152034261241873e+00
8.452965235173824254e+00
8.278601694915254328e+00
8.231404958677686068e+00
8.687973997833152495e+00
8.484916201117318479e+00
8.024716786817712944e+00
8.610647181628392488e+00
8.565701559020045153e+00
8.194061505832449299e+00
8.851528384279475858e+00
8.023579849946409936e+00
8.587746625129803135e+00
8.549778761061947563e+00
8.102083333333332860e+00
8.351323828920570236e+00
8.661941112322791625e+00
8.363934426229509000e+00
8.822024471635149467e+00
8.463193657984145801e+00
8.142110762800417234e+00
8.131658291457286580e+00
8.284253578732107215e+00
8.595675675675675365e+00
8.336956521739130821e+00
8.392364793213149099e+00
8.534858387799564738e+00
8.746302616609783698e+00
8.350721420643729687e+00
8.579804560260585689e+00
8.054507337526205291e+00
8.411340206185567325e+00
8.626931567328918860e+00
8.489432703003336300e+00
8.720224719101123512e+00
8.226086956521738713e+00
8.531914893617020823e+00
8.321851453175456825e+00
8.697469746974697102e+00
8.201086956521738358e+00
8.143147208121828129e+00
8.596379126730564479e+00
7.849230769230769234e+00
8.013371537726838412e+00
8.273641851106638967e+00
8.811946902654867131e+00
8.542141230068336810e+00
8.155063291139240889e+00
8.292307692307693046e+00
8.362776025236593469e+00
8.206465067778935918e+00
8.293264248704662833e+00
8.627450980392156410e+00
8.069989395546128819e+00
8.324130879345602807e+00
9.020618556701030855e+00
8.464493597206054432e+00
8.636566332218505337e+00
8.290849673202615122e+00
8.194644696189495647e+00
7.938113948919450102e+00
8.297216699801193585e+00
8.355648535564853319e+00
8.590465872156013205e+00
8.666666666666666075e+00
8.305103148751356912e+00
8.750000000000000000e+00
8.374307862679955861e+00
8.216216216216215784e+00
8.814692982456140413e+00
9.033653846153846700e+00
8.201117318435754200e+00
9.094594594594594739e+00
8.126539753639416830e+00
8.622481442205726765e+00
8.345315904139432917e+00
8.033604887983706533e+00
8.618296529968453967e+00
8.480000000000000426e+00
8.313641245972073435e+00
8.171487603305784830e+00
8.616291532690246058e+00
8.360745614035087314e+00
8.605263157894736281e+00
8.433296582138918751e+00
8.925458715596329640e+00
8.422502870264064967e+00
8.851936218678815749e+00
8.247491638795986901e+00
8.445744680851063890e+00
8.231096911608092981e+00
8.221991701244812489e+00
8.332633788037774991e+00
8.459546925566343134e+00
8.234291799787007093e+00
8.517722878625134442e+00
8.453744493392070680e+00
8.356756756756757554e+00
8.494588744588744689e+00
8.175475687103594069e+00
7.788349514563106979e+00
8.272637795275590733e+00
8.243496357960458099e+00
8.904708520179372755e+00
8.355681818181817988e+00
8.595604395604395265e+00
8.655644241733181588e+00
8.255202628696604705e+00
8.064417177914110724e+00
7.868932038834951292e+00
8.286141575274177384e+00
7.915831663326653000e+00
8.589637305699481473e+00
8.417861080485115721e+00
8.059979317476731353e+00
8.307535641547861616e+00
8.365750528541227027e+00
8.394652406417112189e+00
8.292993630573247898e+00
8.115897435897435841e+00
8.170879676440849337e+00
7.989054726368158832e+00
8.463364293085655632e+00
8.014492753623187582e+00
8.488058151609553903e+00
8.447483588621444994e+00
8.687569988801792320e+00
8.315731573157314926e+00
8.347780126849894344e+00
7.991869918699187281e+00
8.101879327398615160e+00
8.525316455696202667e+00
7.996884735202492323e+00
8.219315895372233172e+00
8.585313174946003656e+00
8.511705685618728978e+00
8.679054054054054390e+00
8.375138734739179469e+00
8.811936936936936249e+00
8.534562211981567614e+00
8.977647058823530202e+00
8.306544202066589833e+00
8.420882669537137488e+00
8.040667361835245330e+00
8.001978239366962953e+00
8.436721991701244150e+00
8.507166482910694327e+00
8.347161572052401723e+00
8.650055370985603176e+00
8.422346368715084353e+00
8.439344262295081833e+00
8.386041439476553450e+00
7.975257731958762975e+00
8.885245901639343913e+00
8.749400479616307180e+00
8.715294117647058414e+00
8.268075639599555160e+00
8.155046826222685397e+00
8.737885462555066596e+00
9.072392638036809842e+00
7.912222222222221824e+00
8.899891186071817728e+00
8.498834498834499485e+00
8.764908256880733717e+00
8.415909090909091006e+00
8.259100642398287562e+00
8.275210084033613356e+00
8.490280777537796197e+00
8.101587301587301226e+00
8.163286004056795164e+00
8.215827338129496837e+00
8.885906040268455541e+00
8.216367713004483875e+00
8.402335456475583442e+00
8.549171270718231241e+00
8.526315789473684958e+00
8.254329004329004960e+00
9.223653395784543463e+00
8.453125000000000000e+00
8.567597765363128559e+00
8.464205816554809303e+00
8.266163793103448398e+00
8.951080773606371110e+00
8.394706559263521939e+00
8.160377358490565669e+00
8.691639522258414630e+00
9.117861482381531602e+00
8.514863258026158732e+00
7.978147762747138216e+00
7.999023437500000000e+00
8.227822580645161921e+00
9.027303754266212010e+00
8.054444444444444073e+00
8.497907949790795001e+00
8.395856052344601750e+00
8.250265111346765323e+00
8.288401253918495470e+00
8.315457413249211172e+00
8.677667766776677283e+00
8.803030303030302761e+00
8.285077951002227437e+00
8.229491173416407790e+00
7.916666666666666963e+00
8.522587268993840226e+00
8.153276955602537512e+00
7.744007670182166514e+00
8.323242187500000000e+00
8.845810055865921839e+00
8.184210526315789380e+00
8.595948827292110295e+00
8.466960352422907121e+00
8.255813953488372547e+00
8.465189873417720889e+00
8.621295279912184029e+00
8.509933774834436804e+00
8.921412300683371654e+00
7.909957627118644474e+00
8.120423892100193441e+00
7.887715930902110983e+00
8.401785714285713524e+00
8.345951629863302301e+00
8.407368421052630936e+00
8.068158697863681894e+00
8.107072691552062338e+00
8.481940144478844701e+00
8.406417112299465089e+00
8.395127118644067465e+00
8.445154419595313655e+00
8.169438669438669365e+00
8.324795081967213406e+00
8.079187817258883797e+00
8.437242798353908668e+00
8.516304347826087806e+00
8.411891891891892570e+00
8.772321428571428825e+00
8.212649945474373325e+00
8.038999999999999702e+00
8.240722166499498513e+00
8.676056338028169890e+00
9.045184304399525033e+00
9.030940594059405413e+00
8.103104212860310795e+00
8.144710578842316195e+00
8.132132132132131375e+00
8.232793522267206399e+00
8.341640706126687732e+00
8.619565217391304657e+00
8.270765911542611093e+00
8.160367722165474902e+00
8.311728395061727781e+00
8.252598752598752085e+00
8.271502590673575739e+00
7.785156250000000000e+00
8.356015779092702545e+00
8.588683351468988647e+00
8.057712486883525926e+00
8.553701772679874082e+00
8.601336302895322916e+00
8.185303514376997214e+00
7.925490196078431637e+00
8.171568627450980671e+00
8.294358974358974734e+00
8.629067245119305340e+00
8.672706681766705117e+00
8.106269925611051974e+00
8.087042532146389462e+00
8.688959660297239651e+00
8.770737327188939503e+00
8.673563218390803797e+00
8.047468354430380444e+00
8.447991761071060424e+00
8.453463203463202902e+00
8.466883821932681187e+00
8.284501061571125646e+00
8.481402763018065727e+00
8.462540716612377167e+00
8.325159914712154219e+00
8.435244161358811610e+00
8.595185995623632280e+00
8.014507772020724730e+00
8.250996015936255645e+00
8.242579324462640855e+00
7.900883218842001732e+00
8.546653144016227444e+00
8.049638055842812889e+00
8.272000000000000242e+00
8.424083769633508467e+00
8.198751300728407188e+00
8.797606093579977582e+00
8.403803131991050890e+00
8.467741935483870108e+00
8.281018027571580120e+00
8.151731160896130035e+00
8.846405228758170480e+00
8.199561403508772273e+00
7.954545454545454142e+00
8.320603015075377584e+00
8.337197049525816084e+00
8.474304068522483746e+00
8.713646532438477976e+00
8.285557986870896841e+00
8.281543274244004493e+00
