1.666666666666666574e-01
1.960425708832743030e+00
3.393981368724303671e+00
4.349909321044393096e+00
5.256375194677394447e+00
5.955741559885322722e+00
6.273975105936421492e+00
6.588370402158586714e+00
6.986723308025963419e+00
7.044261572696483675e+00
7.069109544087003094e+00
7.110832588066192450e+00
7.348429485619016432e+00
7.482997246996328400e+00
7.713977978503764099e+00
8.019984712587758580e+00
8.014300434680043494e+00
8.167968080434754086e+00
8.202192205741051012e+00
8.062408073844327561e+00
7.904516248198379280e+00
7.707461059099064649e+00
7.640761499650998267e+00
7.640085816900814564e+00
7.531037406556730929e+00
7.572598724981899565e+00
7.485426931801797856e+00
7.567588673111181663e+00
7.506198146211902511e+00
7.612962791139195495e+00
7.718671780106044267e+00
7.657476800817404339e+00
7.699676443498776557e+00
7.986800463998437571e+00
7.892411325834267188e+00
7.807891846029966665e+00
7.935860970695926220e+00
7.983056550682911201e+00
7.979650340778987605e+00
8.226360581738179079e+00
8.279057875724364024e+00
8.358518660572642034e+00
8.589985109385992246e+00
8.398164147216984787e+00
8.351281858761943511e+00
7.990852360502166185e+00
7.985022921681665053e+00
7.828595713066795803e+00
7.798592034224372860e+00
7.881253999208730932e+00
8.159211359935133245e+00
8.167334527363848906e+00
8.225497339556477883e+00
8.294471091121929263e+00
8.224984847004101596e+00
7.915373521548218605e+00
7.929637561143861646e+00
7.890778089294615327e+00
7.777172982736566986e+00
7.682388107938304955e+00
7.690623534008952156e+00
8.059635778405553452e+00
8.113923283999863401e+00
8.004790643321344490e+00
7.958306154801690013e+00
8.049125796106990194e+00
7.989178835933026690e+00
8.020421189054484756e+00
7.924836796221832458e+00
7.858858761726330577e+00
7.744224157472982206e+00
7.636710689220554293e+00
7.690983617361214719e+00
7.648457270622817994e+00
7.718782701464308005e+00
7.919465903216760694e+00
7.938499898814382227e+00
8.111411224631138950e+00
8.010306776174118681e+00
7.969818367129758663e+00
7.849702851909353463e+00
7.717318548836508363e+00
7.611538711521286693e+00
7.641303622845988741e+00
7.970104935127809931e+00
8.087536281038174124e+00
8.167737572529336632e+00
8.138542940548850524e+00
8.272803428433585182e+00
8.203866027693099028e+00
8.072543342338967420e+00
7.983596755523951316e+00
7.922625264076736507e+00
8.122510701964378299e+00
8.050982451922831018e+00
8.076210314315661165e+00
8.274842934984684817e+00
8.167473140276747756e+00
8.031548991454716457e+00
7.960876845402939495e+00
7.932771015893759881e+00
7.978308483806092255e+00
7.980173255483203221e+00
7.860081592559793329e+00
7.835280044770141394e+00
7.878423203329870006e+00
7.785716475657813440e+00
7.952697440518837091e+00
7.938255783393473486e+00
7.820601691545215672e+00
7.972211157810211724e+00
7.915535285565250767e+00
7.924059926505231388e+00
7.919982153180492368e+00
7.689962689592746869e+00
7.606507623524673356e+00
7.759553464978439230e+00
7.686788912970058618e+00
7.764048791495617330e+00
7.840116460659394271e+00
7.914436286996423320e+00
7.986601133690144572e+00
7.926827230586130035e+00
7.997107711787060147e+00
7.974837523502993797e+00
7.976686131914333622e+00
8.025500780794462941e+00
7.796572155074424693e+00
7.858707617373148047e+00
7.882458423754744814e+00
7.904862020420645230e+00
8.203626018575533863e+00
8.063030014684946067e+00
7.783640392326108604e+00
7.835664127049895455e+00
7.872141062315945348e+00
7.968575948612675042e+00
7.964118097418721121e+00
7.862173568240561572e+00
7.927490235331538848e+00
7.764943725212920533e+00
7.867031745591354763e+00
7.723924218749441906e+00
7.670555993068344236e+00
7.657622903093316502e+00
7.765850397524625137e+00
7.762719220032272105e+00
7.904042397123878239e+00
7.841876753855384408e+00
7.839223581999538837e+00
7.746668736267034561e+00
7.739701212552998477e+00
7.569550359241851822e+00
7.500103838560201908e+00
7.692030131241426538e+00
7.767320168064775210e+00
7.778543381166610260e+00
7.794208869192139844e+00
7.903138641268776965e+00
7.808153361141919824e+00
8.020692911667250513e+00
7.993179883014020604e+00
7.965769174232133487e+00
7.950438798400766061e+00
7.968695589612756258e+00
7.772182351233629660e+00
7.902360827668996279e+00
7.869756703182403612e+00
8.027132334269596825e+00
7.955819934305215391e+00
8.118965093446872672e+00
8.431881370597611891e+00
8.316476523681386013e+00
8.278053497589180409e+00
8.518773424053154741e+00
8.254135350176660779e+00
8.047448239266946857e+00
7.972408818898427008e+00
8.204882974528482364e+00
8.298516640874776584e+00
8.049026388463486725e+00
8.195629825748095953e+00
7.973010340609436142e+00
7.879911149511078072e+00
8.005467090768224381e+00
8.201281134887535629e+00
8.109366799644025292e+00
8.049591655196378426e+00
8.179054703779597091e+00
8.233041165503685477e+00
8.108025085008961241e+00
8.053539204039113386e+00
7.975379156393463731e+00
8.000050175736490132e+00
7.986292281533800441e+00
8.001261712458886066e+00
7.973758194533627552e+00
8.163410390811197459e+00
8.190467817886629476e+00
8.043483706516681764e+00
8.267297035264769889e+00
8.185804281949033978e+00
8.130130991630670323e+00
8.272336167002080742e+00
7.936374708896019925e+00
8.185386897345267698e+00
8.184817488909825300e+00
7.832997553301384031e+00
7.897904089582705289e+00
8.032213357625803241e+00
8.131739246102627661e+00
8.274944360287795675e+00
7.969927614654745973e+00
7.918273819722815965e+00
7.859283478340458373e+00
8.105760133583082450e+00
7.917226544544596400e+00
8.189643348395883038e+00
8.272429597520854827e+00
8.292226062613957893e+00
8.206500516568254966e+00
8.191464413289706314e+00
7.923177231566377543e+00
8.022313801582422244e+00
7.938975820960212815e+00
7.793445542484932709e+00
7.663154663569101466e+00
7.673578588911046161e+00
7.601958108011016790e+00
7.696148793711081737e+00
7.946744024801212447e+00
7.898743876934276820e+00
7.954249767580249930e+00
8.041066162963220521e+00
7.986897511830715501e+00
8.283419731572124078e+00
8.087763170030651594e+00
7.820383411900603932e+00
7.673573522865329899e+00
7.700968151316218702e+00
7.693338389915664877e+00
7.865460449017231070e+00
7.913541892227080154e+00
7.966665871324667414e+00
8.025507768762714988e+00
8.168770222608907616e+00
8.219713305609410270e+00
8.128328498288764692e+00
8.297857366664825207e+00
8.057264013415785797e+00
7.993170391240285610e+00
7.901032571800388205e+00
8.124290286073476253e+00
7.991579039773188953e+00
8.043219356328902947e+00
8.043293292092153379e+00
8.049756390833948672e+00
8.070189055153774049e+00
8.191513029150238268e+00
8.151698224615241628e+00
8.137611305926343519e+00
8.036433092932076860e+00
7.935952550358306823e+00
7.728911668851700334e+00
7.565344580674263852e+00
7.356329045856554671e+00
7.411267052791662202e+00
7.547855170631849298e+00
7.705353033024236353e+00
7.554228146313912262e+00
7.460830778208448422e+00
7.655223191772069669e+00
7.653008428032701538e+00
7.691543995661651145e+00
7.728563019272048251e+00
7.778745703331169103e+00
7.831548273895113432e+00
8.042218179576966719e+00
8.085803659952887301e+00
8.075740928133171792e+00
8.001524924930437876e+00
8.033359229705801852e+00
8.067788294999651555e+00
8.244487531761063082e+00
7.971582792864396083e+00
7.757384440773282819e+00
7.625323907133960688e+00
7.555437719922982964e+00
7.578095512176136417e+00
7.848748982737876467e+00
7.720827465182378724e+00
8.022766808242353775e+00
8.042586015506643093e+00
7.914223757098090672e+00
7.845884801240887718e+00
7.919010273668968480e+00
7.967205200487024186e+00
7.786685450458119107e+00
7.807555318320370752e+00
7.746495580691098226e+00
7.711218223578091724e+00
7.696105315464343732e+00
7.874744949292763252e+00
8.034764666421096990e+00
8.037419647216001550e+00
8.254189455151653476e+00
8.381663785897641716e+00
8.338612873512269985e+00
8.275724528272716540e+00
8.372497299837025508e+00
8.346789318389349788e+00
8.190116613467750994e+00
8.026073570220026099e+00
7.991217463903081075e+00
7.994122239167047006e+00
7.895848943904168138e+00
7.914639628652846426e+00
7.722943611879888870e+00
7.784567536145896582e+00
7.799679772944850598e+00
7.641391825148450501e+00
7.679240826196830128e+00
7.795712389860194769e+00
7.763998513072535523e+00
7.855853180552674786e+00
7.754942646693692154e+00
7.682378660170500417e+00
7.474421548606372312e+00
7.463258477245044986e+00
7.454634244488249628e+00
7.302734338981418993e+00
7.600921447725982993e+00
7.393032758456066666e+00
7.550784881223926881e+00
7.898215862091150896e+00
7.827245774870334571e+00
7.683733937238292455e+00
7.776384792125034195e+00
7.842816713363416348e+00
7.896945231277917365e+00
7.877557616171283250e+00
7.740693576417420729e+00
7.967274100688422678e+00
8.114156134388165853e+00
8.096766770784453726e+00
8.152758625386971048e+00
8.089661549635772886e+00
7.904706697727735154e+00
7.618735650224294886e+00
7.769258837218067093e+00
7.811192377349483351e+00
7.868273716584692323e+00
7.822032348820998848e+00
7.634394426718985827e+00
7.637000872103311799e+00
7.628687931503395525e+00
7.978202302538053736e+00
8.107136335821097717e+00
7.898803468973465414e+00
7.894729522224128715e+00
7.850678184841411777e+00
7.801327043445417608e+00
7.749091156487414089e+00
7.736618639286783505e+00
7.653804481961359762e+00
7.570921122212082466e+00
7.656319580131378366e+00
7.616310760627093224e+00
7.705640269124984343e+00
7.724572210372650183e+00
7.868083886207817734e+00
8.022086664313674120e+00
8.305076932384196198e+00
8.217975326188746266e+00
8.384923597303975740e+00
8.335691816011276956e+00
8.271754596383049218e+00
7.887400342415864962e+00
8.101668232293299354e+00
7.711422017816661700e+00
7.789820616034679013e+00
7.779203582049137644e+00
8.001448180206748972e+00
7.968528281048433470e+00
8.038363003919030803e+00
8.017533486799472087e+00
8.045451236525201111e+00
8.139164763762190447e+00
8.143009400046159030e+00
8.217810681339054568e+00
8.531073591190661887e+00
8.604720029426147221e+00
8.514488656999526839e+00
8.552887828471710918e+00
8.702145608218549100e+00
8.555873354023932009e+00
8.250035178175899375e+00
8.342233217011489899e+00
8.303676809151268046e+00
8.268946017075020194e+00
8.234064626325782399e+00
8.029921464545942911e+00
8.130675993512969768e+00
8.338394928283971552e+00
8.498157854864722083e+00
8.541559086067268325e+00
8.479968631892779385e+00
8.560779229008931068e+00
8.641178352259004214e+00
8.688069230931365183e+00
8.512200110410296006e+00
8.340417179679858961e+00
8.396058968278518719e+00
8.284034679211817576e+00
8.104722549878635718e+00
7.928142645482743056e+00
7.796517314454039393e+00
7.704855269062951706e+00
7.686658021112662276e+00
7.617266649488570351e+00
7.707211786870727721e+00
7.724878132850536261e+00
7.803720850900954353e+00
7.945503374174887945e+00
7.935806898945146237e+00
8.107853392866060105e+00
7.934270156316628686e+00
8.251539683451330376e+00
8.274488841809111150e+00
8.173983050318318178e+00
8.057065491196542695e+00
7.981438269271652786e+00
7.917468158245356769e+00
7.989956207613414740e+00
7.728602342757295851e+00
7.791111220566558693e+00
7.920158183238894978e+00
7.851463392456324186e+00
7.816294703881628614e+00
7.854612488398031722e+00
8.034471028097019740e+00
7.840219622052654103e+00
7.841071584456882348e+00
7.810217782789101726e+00
7.968491139603104401e+00
7.711204133606915256e+00
7.794197243603292691e+00
7.876846671609238015e+00
7.962502771831886150e+00
7.798292473461313712e+00
8.029641988086327231e+00
8.023202608172693928e+00
8.037714026865423023e+00
8.061229385435813910e+00
7.996655165252982478e+00
7.996024360052863322e+00
7.777532381971594688e+00
7.899902430802526965e+00
7.927799727945677333e+00
8.068863888809611140e+00
7.962057107477496842e+00
7.986199531710630239e+00
8.250425496582591833e+00
8.011728732764636263e+00
7.876239917500466703e+00
7.763343751977015650e+00
7.902180332565047927e+00
7.915847443741622413e+00
7.588842291827953446e+00
7.790480102903059034e+00
7.736081209065909015e+00
7.861298369923289009e+00
8.126210463648751769e+00
8.176006831088669102e+00
8.119952974922872713e+00
8.016542019684218090e+00
8.105877392273612259e+00
8.065434242719424773e+00
8.170035502950561579e+00
7.994179953655089044e+00
8.016781792146950636e+00
8.080596796380453029e+00
8.519564143510040211e+00
8.330082119988484024e+00
8.193674913914019697e+00
8.491547229751351011e+00
8.360400300762563575e+00
8.306685350644501753e+00
8.482592419274810780e+00
8.558598114252712108e+00
8.514493696001673939e+00
8.510673365694403358e+00
8.646951194134940621e+00
8.399330252443943934e+00
8.546544164442506641e+00
8.645671853977853871e+00
8.498331974773527975e+00
8.508909610383154742e+00
8.356704256907564243e+00
8.377326042362152947e+00
8.314532539656912746e+00
8.067908184465339971e+00
7.929044039819273415e+00
7.822125108614109479e+00
7.831540621173622263e+00
8.086982349181793595e+00
7.878998313782158647e+00
8.063098751616426085e+00
7.842601192717942205e+00
7.887629828168223334e+00
7.959888030177321383e+00
8.180184900414175786e+00
8.140420353280518384e+00
8.056057364403157450e+00
7.772822111192748018e+00
7.536443565008211998e+00
7.297207522831216764e+00
7.355051235570240209e+00
7.419981274803425286e+00
7.399731466059558116e+00
7.568889665867962080e+00
7.734241987815211772e+00
8.066547552793700504e+00
8.040453352937976916e+00
8.074533271628569153e+00
8.156680692987794856e+00
8.070201427738721733e+00
7.930084471166209958e+00
7.596654916472706631e+00
7.522609602203077728e+00
7.746073454536761105e+00
7.658965237763609046e+00
7.733700085779897648e+00
7.660270909987498378e+00
7.695328528517196176e+00
7.788958897172619800e+00
7.688766436592455733e+00
7.547825591291525527e+00
7.485662173075272818e+00
7.738407047065050115e+00
7.749666871247804067e+00
7.868066734216056624e+00
7.898093307193268409e+00
8.022896281730801604e+00
8.120858404711871259e+00
8.096567981623879362e+00
8.095975394939799230e+00
8.125780340815779823e+00
8.223832191994903340e+00
8.471821194889384898e+00
8.324231246332955081e+00
8.381780949846628914e+00
8.275249775518103590e+00
8.168370236125035433e+00
8.234726330817466078e+00
8.087295020332886608e+00
7.862128945642782085e+00
8.138044320411477628e+00
8.032493338539994809e+00
8.207695693533032966e+00
8.233656686829466054e+00
8.171588140269472333e+00
8.083521851290269566e+00
8.043740341458613941e+00
8.085734304962761243e+00
8.048548595398496985e+00
8.087623900405471744e+00
8.166479703140890223e+00
8.109354403001193035e+00
8.204364284951651598e+00
8.151154202372346447e+00
8.124232460275084833e+00
7.907607930927149198e+00
8.022837203503305759e+00
7.776534811420489746e+00
7.768889997522101076e+00
7.834759401809156643e+00
7.811384942657912944e+00
7.732473571253744460e+00
7.741223851400112821e+00
7.762542018208757000e+00
7.674111698150824168e+00
7.676729548332594355e+00
7.714501446316399225e+00
7.689611985212875034e+00
7.858127265644603732e+00
7.927196745511521314e+00
7.729356213715705692e+00
7.783759082242210248e+00
7.732587574216545079e+00
7.884553058454162766e+00
7.958867535378245428e+00
7.881709272020407830e+00
7.989158902686256170e+00
7.871636255446651909e+00
7.799507075601294304e+00
7.982034578420977411e+00
7.982957143139179479e+00
8.043071886588254671e+00
8.028342528262195188e+00
8.063487440220239222e+00
7.958440561980857808e+00
8.071114650761016307e+00
8.033647463003463329e+00
7.949421605422672066e+00
8.091923815866048031e+00
8.139054156905704218e+00
8.147365531695626828e+00
8.241122860387324778e+00
8.189854479507024720e+00
7.914672189496445576e+00
7.734642546673315522e+00
7.854016752844610316e+00
7.923980388540527997e+00
8.021184166527985937e+00
8.059945923440904991e+00
8.062660470853654004e+00
8.179376955327061438e+00
8.070764113614522728e+00
8.189927147339718161e+00
8.139219885932353904e+00
8.276147865165267348e+00
7.960693455514245898e+00
7.946318629442585824e+00
7.719222572527566939e+00
7.821106946179091857e+00
7.784735075324536346e+00
7.757547746451998627e+00
7.776030829936220634e+00
7.756878571752241491e+00
7.760418786319063678e+00
7.872563205586186719e+00
7.977403489969745465e+00
7.860228273888252737e+00
7.771704953711185304e+00
7.775354006844146681e+00
7.689773638670126310e+00
7.912928728422537361e+00
7.747079853148173711e+00
7.852301822423533473e+00
7.935396113361282033e+00
7.715288850294639289e+00
7.835507082316289562e+00
7.882140795747398343e+00
8.086287678594835882e+00
7.989004739985992032e+00
7.938019320823162417e+00
7.777080162672246111e+00
7.871174548743998578e+00
7.900757225060250022e+00
7.943575085940165259e+00
7.981655904722272155e+00
8.114996576118675975e+00
8.092363774947877175e+00
8.226739757698609878e+00
8.315451851157174445e+00
8.282541270289824453e+00
8.213588313591873913e+00
8.413844665958043478e+00
8.441594126127567321e+00
8.334019254077286831e+00
8.220239772928037425e+00
8.252659931015415395e+00
8.185825811664377838e+00
7.950279291324096498e+00
8.007497335831038399e+00
7.939790306932665409e+00
8.120861895717030876e+00
8.121595465154651805e+00
8.206907022409676955e+00
8.359504874840073541e+00
8.437246060312032725e+00
8.411695949225808988e+00
8.249632896486620126e+00
8.361645447678585086e+00
8.378556446473893971e+00
8.402326537266398887e+00
8.391453065886622653e+00
8.248293578320236463e+00
8.281521732194853769e+00
8.214253977352074187e+00
8.105490097626784518e+00
7.982659407197592039e+00
8.088086137089671723e+00
8.067411691135529139e+00
7.872929319978147156e+00
8.053164878386704473e+00
7.968167089653838353e+00
7.963320603556141464e+00
7.992391618283420485e+00
7.876009409138460704e+00
8.064617190827624071e+00
7.781178772700240387e+00
7.993358895355556548e+00
7.739380937146999706e+00
8.225223905132571289e+00
8.186548278860900751e+00
8.211013574770648304e+00
8.059357485398145116e+00
7.830541608348414506e+00
7.950848462022678476e+00
7.918715063984218538e+00
7.918460866861453340e+00
8.046431353364820183e+00
8.243750989538838780e+00
8.326689075084553693e+00
8.447680043311974529e+00
8.405898508482170683e+00
8.200295178838979737e+00
7.888572897799932981e+00
7.911116618000042067e+00
7.826246380606324493e+00
7.939886154169308874e+00
7.878912364107772959e+00
7.836911403909705420e+00
7.976153125783308262e+00
7.994215394271810382e+00
7.779341735515192369e+00
7.780086075044597038e+00
8.109988141023428909e+00
8.194631086398967312e+00
8.079545537812357736e+00
8.078593670502890234e+00
8.102711773282679886e+00
8.229626230506953632e+00
7.992742041207443471e+00
7.998599517974258610e+00
8.352785575391960649e+00
8.333047600146445077e+00
8.392335798695949478e+00
8.221533622329296520e+00
8.273017908873249837e+00
8.096699322742546556e+00
7.789937662922249650e+00
7.767273839425391735e+00
7.709449090031759155e+00
7.711292333577504543e+00
7.505506667236056195e+00
7.469275696226864270e+00
7.628489685553791588e+00
7.830831436046323368e+00
8.058393502615055937e+00
8.098809592481629238e+00
7.959999584455752064e+00
8.029444152278585989e+00
8.173833661045692978e+00
8.076693128469688787e+00
7.988943380051132692e+00
8.005065714900208462e+00
7.952263249183627813e+00
8.214231086118576997e+00
8.249247931822161206e+00
7.967717055343991994e+00
8.188129014878354539e+00
7.972451051440182290e+00
8.009421549606162927e+00
7.870733690905248103e+00
7.860644009795479725e+00
7.962343339213564519e+00
7.864277173450359371e+00
7.971355598430650780e+00
8.277877416822477130e+00
8.457122032780098664e+00
8.259529063009230399e+00
7.911703832957793558e+00
7.900132043299573859e+00
8.063224628107025893e+00
7.704293583608897045e+00
7.725831656187903462e+00
7.763423225526056015e+00
7.754338194127700312e+00
8.017334048471493446e+00
7.757361416283227840e+00
7.657003347262579140e+00
7.800607847509154702e+00
7.821148201860063764e+00
7.685889673369001862e+00
7.709354623786446759e+00
7.771001370807077535e+00
7.752572642902335609e+00
7.901686907568809204e+00
7.863232928801485500e+00
8.102911065132371249e+00
8.110942203128960415e+00
8.192850290734467578e+00
8.055579242756236269e+00
7.894485376934475163e+00
8.141973834001454691e+00
8.147904040139543724e+00
8.055130958072952652e+00
7.963101032604115836e+00
8.157823145431013501e+00
8.237090728363034131e+00
8.144283853626182790e+00
8.249654354506994025e+00
8.121418248125845452e+00
8.066837289367706276e+00
8.117621532893686265e+00
8.069268175786978858e+00
8.141692122064855042e+00
8.315152280860196754e+00
8.267786918997064305e+00
7.987616142253653351e+00
7.965833056998542716e+00
7.791597508892461832e+00
7.591918182703949469e+00
7.868356006984904560e+00
7.970285998888850365e+00
7.684725806274674831e+00
7.690592076061060212e+00
7.744708214501603294e+00
7.705321162367724241e+00
7.778188474377460082e+00
7.939829327767747635e+00
7.899513380271297791e+00
7.947261624203734165e+00
8.194079817602270666e+00
8.215821046933747596e+00
8.075092606224366421e+00
8.155514694002425458e+00
7.918070864964031230e+00
7.949589542156271449e+00
7.861347407802436571e+00
8.066837466777966981e+00
8.110475637241250979e+00
8.128716223257367091e+00
7.964866391233460519e+00
8.181027944297802890e+00
8.024383777280755581e+00
8.227085202452228074e+00
8.289310514741440983e+00
8.291694313864304888e+00
8.076273876214136394e+00
8.164695954074883133e+00
8.186560504318393328e+00
8.234356352290042480e+00
8.059638248763967283e+00
7.846994940534400165e+00
7.935636331073776972e+00
7.790646144921750782e+00
7.734631882144566539e+00
7.864930285680882704e+00
7.963308121115953320e+00
8.079374044189165716e+00
8.012847366701899787e+00
8.028242633024458286e+00
8.018801550106294584e+00
8.074275358756542786e+00
7.911868631287308773e+00
7.925557168431979882e+00
7.874434824264884725e+00
7.882758783948979442e+00
7.821377415050672077e+00
7.607981027308182931e+00
7.625694319612764005e+00
7.618058754344351868e+00
7.579335173033289408e+00
7.571508724067348872e+00
7.449559545551267092e+00
7.407120587979020065e+00
7.384317006032407704e+00
7.462114795417367219e+00
7.543420231325234759e+00
7.631288944767323557e+00
7.807263583322401779e+00
7.814379433933305918e+00
7.744540184513391878e+00
7.832566953648256280e+00
8.079413869007554538e+00
8.182835520760258774e+00
8.406187539211154913e+00
8.285808990838702925e+00
8.215490033621247079e+00
8.098305280613820045e+00
8.175778836945909234e+00
8.029670544864588422e+00
7.970183772816910484e+00
7.832972591019772501e+00
7.843767017336014113e+00
7.899719411998439078e+00
8.103703283198417040e+00
8.095248912694831489e+00
7.981242608449741205e+00
8.171452534896891606e+00
7.899038110622738529e+00
7.940121630387818819e+00
7.898923725943860497e+00
7.989295256353122099e+00
8.042932261426962270e+00
7.779709349116583184e+00
7.843615759054017644e+00
7.853014398268094887e+00
7.619055421245101378e+00
7.622372393899343734e+00
7.851152506269672315e+00
7.840939258769129339e+00
7.835685833786129706e+00
7.799432207145814644e+00
7.699735353260900972e+00
7.742429949593050864e+00
8.018574829218881206e+00
7.940686057263047104e+00
7.838943635715249769e+00
7.651274371773798322e+00
7.569710248901655447e+00
7.471322197732734871e+00
7.543076236786946609e+00
7.534486753021020888e+00
7.889082095570167930e+00
7.917867009876445650e+00
7.745021810521310890e+00
7.681742361298348420e+00
7.763679716455071933e+00
7.873418251971820325e+00
7.939163495735739318e+00
7.864347269762766324e+00
7.760617342317394751e+00
7.804498670780061431e+00
7.710221292322636089e+00
7.819777221179041504e+00
7.598534861106212901e+00
7.722530415209495125e+00
7.727133470642432833e+00
7.722981435671094630e+00
7.711293392669317015e+00
7.710735165842943495e+00
7.674718099355718692e+00
7.834771448178668329e+00
7.814999291663862202e+00
7.938211705511240446e+00
8.158347061138796263e+00
8.048061286009511761e+00
7.849445874160378978e+00
7.861293568134804843e+00
7.897592941425698676e+00
7.737925352170777593e+00
7.954197447207699945e+00
7.929324014215301197e+00
8.109386333944863523e+00
8.076086709869338520e+00
8.216459271760456318e+00
8.220062463748950776e+00
8.210399304143862764e+00
8.184867837382821421e+00
8.158307908244578854e+00
8.208504992769409370e+00
7.989708678338531378e+00
7.935810705500750295e+00
7.834422264658967627e+00
7.938042543881779878e+00
8.133405853688714160e+00
8.115339992838034533e+00
8.183242322114358203e+00
8.165536466228990875e+00
8.162562436110297526e+00
8.325787070651109900e+00
8.263689098888733042e+00
8.371264849195643620e+00
8.223668276410418088e+00
8.028021595906446706e+00
7.987426419098257568e+00
8.041214900430565748e+00
8.104641206626592265e+00
7.951858393389297675e+00
7.840121992896437852e+00
8.004912371433338336e+00
8.018680953394367705e+00
8.126219444356991062e+00
8.015819259157417775e+00
8.134258090913277783e+00
8.006608705034933493e+00
8.007615050102964815e+00
8.215574652143201817e+00
8.185241828525111174e+00
8.184063683180848869e+00
8.228024854106886110e+00
7.989545828152554208e+00
7.992162258749407222e+00
7.945277566100521049e+00
7.918075457342242274e+00
7.990890959300166685e+00
8.002404383670196353e+00
8.035550020769179014e+00
7.857620398005694895e+00
7.715005013028998881e+00
7.702575429587741773e+00
7.767541116396928125e+00
7.975586506899426276e+00
8.105476926806176152e+00
7.892959177327661280e+00
7.944165102868366191e+00
7.760661814584414842e+00
8.019953561374190798e+00
8.076257284348548282e+00
7.951320597970483739e+00
8.091837637858331433e+00
8.039836249258289769e+00
8.239505812431882958e+00
8.236728107739349269e+00
8.173192111348429378e+00
8.085172572977491257e+00
8.282190496043410732e+00
8.481248781056212493e+00
8.437971813570602109e+00
8.258273205557614460e+00
8.304170519870559986e+00
8.403055982982465366e+00
8.318506653767963499e+00
7.920414543531942186e+00
7.991648137391425877e+00
7.938695322842047375e+00
7.910813146462231771e+00
7.844145532700154355e+00
7.894979151008817198e+00
7.845320963449466056e+00
7.780222966499126258e+00
8.058450369569948535e+00
8.149698470488701219e+00
8.081868563540224315e+00
8.008946709489508820e+00
7.938705785405457682e+00
7.961856692693938697e+00
7.904923786401123031e+00
7.776997792303361301e+00
8.086893039417857310e+00
7.695514166173796688e+00
7.575300126199596029e+00
7.595671359862207872e+00
7.613837944213053710e+00
7.813910740430449309e+00
7.776526957303003584e+00
7.806739935903181049e+00
7.773877911806203578e+00
7.792794298552301768e+00
7.767464342392973009e+00
7.582514502946970936e+00
7.670655057493151574e+00
7.566528159354603211e+00
7.607868056476680074e+00
7.703958320192587195e+00
7.798260382372994570e+00
7.784342563002955906e+00
7.591640700489124427e+00
7.704899458488739583e+00
7.813627291854588819e+00
7.682567464386644396e+00
7.877689469792120036e+00
7.703102339315204716e+00
7.600603224141947223e+00
7.543221946660012556e+00
7.667218742334291903e+00
7.758775872938674212e+00
7.837876913649492572e+00
7.879220428762897299e+00
7.807841038417434376e+00
7.746724023964818961e+00
7.895489110599791083e+00
7.778942073082523834e+00
7.894512410387154233e+00
7.960671403904403753e+00
7.873724051743823615e+00
7.995616906018923054e+00
8.094371957392862527e+00
7.818116155729937233e+00
7.715458003260909692e+00
7.732836798585108085e+00
7.884235624791894992e+00
7.950583705452418215e+00
7.951227707910301312e+00
7.981338262759079427e+00
8.045361651031058159e+00
8.067448946798100096e+00
8.230132643760336819e+00
8.249318162864286208e+00
8.379958721481969519e+00
8.136894469503502592e+00
8.053452899838301704e+00
8.290560031595616053e+00
7.946438434540663565e+00
7.881387392644615630e+00
7.806898253141612010e+00
7.759267016472136014e+00
7.772093439690291206e+00
7.826766160632294245e+00
7.626579642906546219e+00
7.774398652077278093e+00
7.897420587406614345e+00
8.063218471839789458e+00
7.969989921657258058e+00
8.203751931386706886e+00
8.186708447532366151e+00
8.083486271767537090e+00
8.087173458290102701e+00
8.275917173707616925e+00
8.178645057785422168e+00
8.113086272325858772e+00
8.273181771432565057e+00
8.373303180102295684e+00
8.452004465209270734e+00
8.392700247132525604e+00
8.382005015937190606e+00
8.481066656533961634e+00
8.158637410406594626e+00
8.027313811758645556e+00
7.863435477911591143e+00
7.812471555583474725e+00
7.770679429894983059e+00
7.861535633965458736e+00
7.642614553146801271e+00
7.750325076577698091e+00
8.011267547837057634e+00
8.053667104691744072e+00
8.276110256540388121e+00
8.073117174772660221e+00
8.003215524992496555e+00
8.086446632452966909e+00
8.140512735046462112e+00
8.119839105355577402e+00
8.116754767989149855e+00
8.072507222081489076e+00
8.023390535629928877e+00
8.078757768860326038e+00
7.790565919572741471e+00
7.831516751703428092e+00
7.887487812130451026e+00
7.821486255410973421e+00
7.723513413340866052e+00
7.521072121292702306e+00
7.754694786947210261e+00
7.737457707464848511e+00
7.721398139601800104e+00
7.871170275302024066e+00
7.708035163598904838e+00
7.856712525527302482e+00
7.804021429921482955e+00
7.827116888677328355e+00
7.736119696161662951e+00
7.600568356532034109e+00
7.941113198894364622e+00
7.788351703050896191e+00
7.901614375848561522e+00
7.756290004165610874e+00
7.977920838181116636e+00
7.859077785992768739e+00
8.070838836333583899e+00
8.474789368373860654e+00
8.368505290874598046e+00
8.267751435187001618e+00
8.210493239795830789e+00
8.268382176643449100e+00
8.467272039620956647e+00
8.333849156437230121e+00
8.249221845250460206e+00
8.468235580115607064e+00
8.499703526487424554e+00
8.502904071983540035e+00
8.562292453065118991e+00
8.504700048043293492e+00
8.256706755424341182e+00
8.437939540757104950e+00
8.684926410693051935e+00
8.525229784432475810e+00
8.283262971182040246e+00
8.327708133735734819e+00
8.350772987951531334e+00
8.247871410189883790e+00
8.402406990342486282e+00
8.351042597397361433e+00
8.154192519560909957e+00
8.205546962625939855e+00
8.191186739632955849e+00
7.915909610893031356e+00
7.947577664815976384e+00
7.962363803729435752e+00
7.827766026704063407e+00
7.869093841653891808e+00
7.806500618336375652e+00
7.960818037236946587e+00
7.919144865272815359e+00
7.900452341300424841e+00
7.682463244070875774e+00
7.596425886741822175e+00
7.851558056325830925e+00
7.798763240536858987e+00
7.872252816084246874e+00
7.772554540798077838e+00
7.813158064045342854e+00
7.822578738242076390e+00
7.803580058591216506e+00
7.712580751506787458e+00
7.614753510584748142e+00
7.824067411234022273e+00
7.934764639347762660e+00
7.839429920053576417e+00
8.006739516924801237e+00
7.943869774276727469e+00
8.009065668011954742e+00
8.156861301605168535e+00
8.437493807382470123e+00
8.260749305537983034e+00
8.213617760620714137e+00
8.195513771160433336e+00
8.256379806643819208e+00
8.391863847198594684e+00
8.417390281775876559e+00
8.313713341323133221e+00
8.448983086078177607e+00
8.396975045402481186e+00
8.130321408205308131e+00
8.125560640449156935e+00
8.093493718423781402e+00
8.101187503135280465e+00
8.034198654207445500e+00
7.936696020726646594e+00
7.719096326073410452e+00
7.814617079397004673e+00
7.716444276848489103e+00
7.908248672052732076e+00
7.809704058024265372e+00
7.732432530212715704e+00
7.900109459012027990e+00
7.964669201891725336e+00
8.088937413047954550e+00
8.181218052181788991e+00
8.184522173583571814e+00
8.073916923952440428e+00
8.015782955894831474e+00
8.001070609929081812e+00
7.924563624200380296e+00
7.560173002387770680e+00
7.555555620624534896e+00
7.524478372950091476e+00
7.506777141810631271e+00
7.451725532041160172e+00
7.500078543947366505e+00
7.540402286216994376e+00
7.761734542299231876e+00
7.549493541433913713e+00
7.728533229893641554e+00
7.798085717655118820e+00
7.853548640569280259e+00
7.788890189181400636e+00
7.774037005193417116e+00
7.832940782472669561e+00
7.930475987445826824e+00
7.814296151045971861e+00
7.876874039478932943e+00
7.825326311173050442e+00
7.904291963356119943e+00
7.955911589741230472e+00
8.082259923774957500e+00
7.961882222246641660e+00
8.078581902505543866e+00
8.001623474751095699e+00
7.829307311721900753e+00
7.881125534830138335e+00
7.910596736555641328e+00
7.839909782623564638e+00
7.791698720332896677e+00
7.926535510528133877e+00
7.841364715773033289e+00
7.833363783679425651e+00
8.066051329384999136e+00
7.935031242730593348e+00
8.112061661524432310e+00
7.754087404467008504e+00
7.894950464280380054e+00
8.060443278999015249e+00
8.108283058696336809e+00
8.098857092251325440e+00
7.977741026935487589e+00
7.810168989423543984e+00
7.794078392591756277e+00
7.628463518714968750e+00
7.656526600138214178e+00
7.928205624718930089e+00
7.619413880920244075e+00
7.685170044860785588e+00
7.628428334671369271e+00
7.334613240103412757e+00
7.357066331184899610e+00
7.265032477587117121e+00
7.386048540155001341e+00
7.479500251215459805e+00
7.508396534185465931e+00
7.482458214666910301e+00
7.748335066636816038e+00
7.558932027601029446e+00
7.827162465648504153e+00
8.048006625800322666e+00
7.885784660263898793e+00
7.957411631968805743e+00
7.875857709691570285e+00
7.970991035949053227e+00
7.898635463014875846e+00
7.956982061969221753e+00
7.848064767865302827e+00
7.674718701879917226e+00
7.832618681946482475e+00
8.065490195971609211e+00
7.985945820774992931e+00
7.881514336344963567e+00
8.182811312118834834e+00
8.001885713199161643e+00
7.970235294597715736e+00
7.990196301225283015e+00
8.173474901837929352e+00
8.159092222552786211e+00
8.249626325022987317e+00
8.201462049575038549e+00
8.182974649457483096e+00
7.985463542610633070e+00
8.059134983729363100e+00
8.049170766347895523e+00
7.934061606540829814e+00
7.898707269828086908e+00
7.935203154335670028e+00
8.055412000889836222e+00
8.016616817714455223e+00
7.799828302009081504e+00
7.979443647237696169e+00
7.783528718878632624e+00
7.876559118547106664e+00
7.937483865665533322e+00
7.870382786051451696e+00
7.945369667006745296e+00
7.833017315333238528e+00
7.975121649174250038e+00
7.810422944667152478e+00
7.770351964961617064e+00
8.145578095333542379e+00
8.145823533028790919e+00
7.907801238136757505e+00
8.212107428069911563e+00
8.105124364537299897e+00
8.170474226633714920e+00
8.412203020605019788e+00
8.498718288824548495e+00
8.476867510158209384e+00
8.403495749837157192e+00
8.184756743873327522e+00
8.204247777952099696e+00
8.277432982323208677e+00
8.224908849228199870e+00
8.098703311891476631e+00
7.986512154871509672e+00
8.022746413479126204e+00
8.043669157798509772e+00
8.333652948965978524e+00
8.122118263545468508e+00
8.029665872072040855e+00
8.123642819821524697e+00
8.136458899983660231e+00
8.172422071377978270e+00
8.180305504331299105e+00
8.129186415534634946e+00
7.990096515064021965e+00
7.853371729481109398e+00
7.835900688322549712e+00
7.951420635138513937e+00
7.834699470721211867e+00
7.863653498873077297e+00
7.826157348006678838e+00
7.993314414109445210e+00
8.038024910920315236e+00
7.872638201494880583e+00
7.882096926223867150e+00
7.864704871291372967e+00
7.832208471432198671e+00
7.758106564053487197e+00
7.741678309473048358e+00
8.006067006411035081e+00
8.085575706308487653e+00
8.019116217786962153e+00
7.828232173896823021e+00
7.845622453126743778e+00
7.990070098203151616e+00
8.311378149614604638e+00
8.358060080207740938e+00
8.196794779692025301e+00
7.872377772718455624e+00
8.238199191407565181e+00
8.248431539096831244e+00
7.864575978246199028e+00
8.071769697938050214e+00
8.135325795385121239e+00
8.186579347287722186e+00
8.129522156319076487e+00
8.122240734655008509e+00
8.106475030877057009e+00
8.007202336053399705e+00
7.802984765031493630e+00
7.620165523469073499e+00
7.724929449251994207e+00
7.673853090348137229e+00
7.767342804706815151e+00
7.859139507084231369e+00
7.891682257929319100e+00
8.022110234944875629e+00
7.917903330178903687e+00
7.904845869575430228e+00
7.847307572442338675e+00
7.744383886119323712e+00
7.817322426471569052e+00
7.780257715361540427e+00
8.041090837143133996e+00
8.116482956697863571e+00
8.233330516145715094e+00
8.252271677124241478e+00
8.092043496808908998e+00
8.048708284588673934e+00
8.041323428377737059e+00
7.776711288891345220e+00
7.701171924457071327e+00
7.884099538573582144e+00
7.789357602895441879e+00
8.047319858095407952e+00
7.913546615019717123e+00
7.842970593457489592e+00
7.855013467890101353e+00
7.850949766393768847e+00
7.866041637833609990e+00
7.988961777355612526e+00
7.861181607858739540e+00
7.861236948177765527e+00
7.839323557698933520e+00
7.840425855256762944e+00
7.919210123210675967e+00
7.768885635708834947e+00
7.895158734930550537e+00
7.858024702128806105e+00
7.700306378133465302e+00
7.807448626749414977e+00
7.746129854692483718e+00
7.867019807759529471e+00
7.927782134115662238e+00
7.967899649240690607e+00
8.122853343735124909e+00
8.022636712448013796e+00
8.145651367255004160e+00
8.104152590029707781e+00
7.885123157781160685e+00
7.865195066831848436e+00
7.938441885325180358e+00
7.933579971371600870e+00
7.820149489371416074e+00
7.921149715045599393e+00
7.936537079301534625e+00
8.002444090170213187e+00
7.993147644751026348e+00
7.963559084920243336e+00
8.013496760990419077e+00
7.816582366452799135e+00
7.983075856504935786e+00
7.931863222357499410e+00
7.852343817025832173e+00
7.930355014371257560e+00
7.665667243093856165e+00
7.562133969659837973e+00
7.555337382937763024e+00
7.605888278712009232e+00
7.675667954979198626e+00
7.506970615182385842e+00
7.492158401331401762e+00
7.534834205675720931e+00
7.781617863876252983e+00
7.941349333179684500e+00
7.890885865653325837e+00
8.109838337990527890e+00
8.111134043426339701e+00
7.976607024027153159e+00
7.968238841267138994e+00
8.079371989409446897e+00
7.953152860903192511e+00
7.577569759270597061e+00
7.683476333200456310e+00
7.660434617335836194e+00
7.814900589925428243e+00
7.941857278787937346e+00
7.820064257401919683e+00
7.818065808094393887e+00
7.838680554923442401e+00
7.860292763521992576e+00
7.885358309003669852e+00
8.058551362425466991e+00
8.270218394349379665e+00
8.076158128838377692e+00
8.238611957822790544e+00
8.076944046569902724e+00
8.204111998288372121e+00
8.160266959142967735e+00
8.195640312921582904e+00
8.055264373898207708e+00
8.034926957607684272e+00
7.962149167118015569e+00
7.963935928721590507e+00
7.998366418930332067e+00
7.988377724564727167e+00
7.936850537838810560e+00
7.792385599520010864e+00
7.673474565573536132e+00
7.761367983877352827e+00
7.814547013653450058e+00
7.823635509159423407e+00
7.621161405212876438e+00
7.721608419179562866e+00
7.901547802484859773e+00
7.820810585189007291e+00
7.714851246344231583e+00
7.563923649670085680e+00
7.606783434315501857e+00
7.764411505094041210e+00
7.874237218200604183e+00
7.768060122132864009e+00
7.837977725809635032e+00
7.813868923900233021e+00
7.967816623377847129e+00
8.153275202042790326e+00
7.966586265073028805e+00
8.124665295120296449e+00
8.065508481969008159e+00
8.335133716569069762e+00
8.022391830797737100e+00
7.968932833997639520e+00
8.157625167894885010e+00
8.331405640666080359e+00
8.311329317241540338e+00
8.137687635988482882e+00
8.297153493318504047e+00
8.278402324108158794e+00
8.062287109064230961e+00
8.060425976116510682e+00
8.202007216841867177e+00
8.371389340406514279e+00
8.305575099194385302e+00
8.452596219774088482e+00
8.411935288049527060e+00
8.465329018983739573e+00
8.511559457382599447e+00
8.299285364394840769e+00
8.260973411711155734e+00
8.023641110557422351e+00
8.058680838712753314e+00
7.968512799431799465e+00
7.968775454314411810e+00
8.025269710662326972e+00
8.016342820908976208e+00
8.233788365708134549e+00
7.904350838410674207e+00
7.982155398442728256e+00
7.821432684933969703e+00
7.952568055374912959e+00
7.956921244483647904e+00
8.009731145343431891e+00
8.040432180437974807e+00
7.977589661230286566e+00
7.785032512634231239e+00
7.549916411572638708e+00
7.836046139327158322e+00
7.997089304811806798e+00
7.959954906017932430e+00
8.026567154726585329e+00
8.186954603184954493e+00
8.236101311909402867e+00
8.355547439449939162e+00
8.383941646786137625e+00
8.336753857811624258e+00
8.190757178789334958e+00
8.210205816376904053e+00
8.164137339980436892e+00
8.177156022969439775e+00
8.145640601455900409e+00
7.989632540757337864e+00
7.889654228199842301e+00
7.936704707356603272e+00
7.875477083202059525e+00
7.847196351173472806e+00
7.877981210075117424e+00
7.934889414330053903e+00
7.992681929688539633e+00
7.877226813953251749e+00
8.029140010957906526e+00
8.055822856229168494e+00
7.864595504638619339e+00
7.775935312945732036e+00
7.561257340457299136e+00
7.464045789004175369e+00
7.502217521064522998e+00
7.912576717442566299e+00
7.679070176010441173e+00
7.720905538273295399e+00
7.938083110249984919e+00
7.825390238228244755e+00
7.942418216646665030e+00
7.933217132480077538e+00
7.623534120882590415e+00
7.521223038015812712e+00
7.673888803061172936e+00
7.656746274922602069e+00
7.814937022235891817e+00
7.912896199869564384e+00
8.008588688143285950e+00
8.297320249276447512e+00
8.079945348738128530e+00
8.178381927415747654e+00
8.221144751021617125e+00
8.298657519208251898e+00
8.383192247729656543e+00
8.541043638617756173e+00
8.362365579450953490e+00
7.958227849339065685e+00
8.053554300244950781e+00
7.898704021711348666e+00
7.831010599466654121e+00
7.765251913808632445e+00
7.782439027247670893e+00
7.822042856338112138e+00
7.790005775706744018e+00
7.957421501107937445e+00
7.769719821071003452e+00
7.671361331597721822e+00
7.643751499895081736e+00
7.507826716500508368e+00
7.494739200519552114e+00
7.486356652480094631e+00
7.606713677508199822e+00
7.701628030068467190e+00
7.802446157040330732e+00
7.997667121878177632e+00
8.187393087055330199e+00
8.179075625639713465e+00
8.276143454753379203e+00
8.157176191463436865e+00
7.948543314861798770e+00
7.894634076874788242e+00
8.049100084282333256e+00
8.161447549218223685e+00
8.137326910148543035e+00
8.221398822356137615e+00
8.392826835776544314e+00
8.344556148331523815e+00
8.409809793618983065e+00
8.593608448596064875e+00
8.525090017166863987e+00
8.493648525977036456e+00
8.200214817473817419e+00
8.264226187124826595e+00
8.107843034114692315e+00
8.137832546186041682e+00
7.895487846525356623e+00
7.870232073663552264e+00
7.796556319561148918e+00
7.758299750753127277e+00
7.820651566579621239e+00
7.914400159885159880e+00
7.897769785134605591e+00
7.840185396247004057e+00
7.672221384283139933e+00
7.829484495513720610e+00
7.812167399906066123e+00
7.746086403051967828e+00
7.802695509109673466e+00
7.793106588797764189e+00
7.585423183117388390e+00
7.730633405208420683e+00
7.758862380654186097e+00
7.536716656778764012e+00
7.730890177826913678e+00
7.894368096952439906e+00
7.950985265090191767e+00
8.089958527665279675e+00
8.202455713859182040e+00
7.992130712401533721e+00
7.779928145604212197e+00
7.773795162674981718e+00
7.661331293972796885e+00
7.729142872310239554e+00
7.940967987320436627e+00
7.876154221590222271e+00
7.838153421181224267e+00
7.590952358653462184e+00
7.615245992410348386e+00
7.615609031747077928e+00
7.648551768786037819e+00
7.746230165085306929e+00
7.847385745273101954e+00
7.986443637843393617e+00
7.849390915298850580e+00
7.709694553366846392e+00
7.672679375211938435e+00
7.692447510474216266e+00
7.581866853430081044e+00
7.771995509807258173e+00
7.382124572125652762e+00
7.597630364972088657e+00
7.867449026526954547e+00
7.878141602742502414e+00
7.932998306967308899e+00
8.084316822820614590e+00
8.248247385289154465e+00
8.307734830539066806e+00
8.125069487838990412e+00
8.152977318366126269e+00
8.083184143173385294e+00
8.210993143500576963e+00
7.996055242547290831e+00
8.049872670094829985e+00
8.054991269889795191e+00
7.970576186040620570e+00
7.817681253236674621e+00
7.815074628154201619e+00
8.103744122941417771e+00
8.030595446104486612e+00
7.827987497202753886e+00
8.053881622397327078e+00
8.237461562125256265e+00
8.056663473745544479e+00
8.223441617127898340e+00
8.192928474565919217e+00
8.040483290055027155e+00
8.027985435366451483e+00
8.020547775520496359e+00
7.952028079501311630e+00
8.128300379671330234e+00
7.941803886383869582e+00
7.812507086551405244e+00
7.796447784213153653e+00
7.892390282382038436e+00
7.870475498181232155e+00
7.702291414850141571e+00
7.920595691980795827e+00
8.000578262111561756e+00
8.105651934986063623e+00
7.984588003910427112e+00
7.902929308873937408e+00
8.201362813050295131e+00
8.056016814751083999e+00
8.044820712502811944e+00
7.789358902565275855e+00
7.745536548496921192e+00
7.728507902020329112e+00
7.610730305792152706e+00
7.739981851289353010e+00
7.692367304365670400e+00
7.863705049211790588e+00
7.893265056137428459e+00
7.853468840839423315e+00
7.917002321672690357e+00
7.976977271010470716e+00
7.907195522250858311e+00
7.898675107137493434e+00
7.981551635063452999e+00
7.874220294735322589e+00
7.692061480778229487e+00
7.835285465440886554e+00
7.939285546058218124e+00
7.875931395242698585e+00
7.849300787369575261e+00
7.806455895820977098e+00
7.783762475755006349e+00
7.834014800694390601e+00
7.563057929672375224e+00
7.489093876245379811e+00
7.533380114429120589e+00
7.444960718609864081e+00
7.222266783934154333e+00
7.438174782818796515e+00
7.758094132974408197e+00
7.908195275060976748e+00
8.008460877488280616e+00
7.875305423737328780e+00
7.774448149034395961e+00
7.916213277450453667e+00
7.721636812756480062e+00
7.874661322526360863e+00
7.783968304650085379e+00
7.841098128144414758e+00
7.772730727714431076e+00
7.674226960043362133e+00
8.067757482813705749e+00
8.078296081018567776e+00
8.246636003953645044e+00
8.271194224928482441e+00
8.069054285949214034e+00
8.293679007539456194e+00
8.465699183864554556e+00
8.195283843568853754e+00
8.093473695078289509e+00
8.005151983222315693e+00
8.313708340867730584e+00
7.946170966590129225e+00
8.018135265348771412e+00
7.964994829818718536e+00
7.958832198516434531e+00
7.978817266307798306e+00
8.195187544998747242e+00
8.080334860629839966e+00
8.154538297109761302e+00
7.996433121755392115e+00
8.167565480748647744e+00
7.812158608448029895e+00
7.758482081602373626e+00
7.786605988253270105e+00
7.875508422830212574e+00
7.886780013480122697e+00
7.598701738639150882e+00
7.773543008961419254e+00
7.885589711952158964e+00
7.680666947707470271e+00
7.840223120611764962e+00
7.946836061594717115e+00
8.036359589202751508e+00
8.064124136005197840e+00
8.333833618177937552e+00
8.450233689204880605e+00
8.259964404177267738e+00
8.470567804173130710e+00
8.273674257528455200e+00
8.250592828854600214e+00
8.328022272250347413e+00
8.276614417107834853e+00
8.094059494597424020e+00
8.102765708475962114e+00
7.873110863974479123e+00
8.263248708606713677e+00
8.377943358315913969e+00
8.189625808420277764e+00
8.041732166906102819e+00
8.041032627317111547e+00
7.940439262553212529e+00
8.003151852739275540e+00
7.965894402391533902e+00
8.069812587352252820e+00
7.935826968254957592e+00
7.730170170904501425e+00
7.921181082026843789e+00
7.828415039912738571e+00
7.632682243769576047e+00
7.807064897271134285e+00
8.075875854516953112e+00
8.151069726100507395e+00
8.083402086842932377e+00
8.075181661332814897e+00
8.116568251515394294e+00
7.952867534155187990e+00
8.051360224440797353e+00
8.003825245765234797e+00
8.126938910325050003e+00
8.245933029135189329e+00
8.032137987214062136e+00
8.000624986496882585e+00
7.977295137666185809e+00
8.073745357060625238e+00
8.045995264395596536e+00
7.922525714686379672e+00
8.240007454998810488e+00
8.316514593416517442e+00
8.285425075722926636e+00
8.272049273127519697e+00
7.955804209270145755e+00
7.711906520549900890e+00
7.861509664768640882e+00
7.724282551804181551e+00
7.871952356126724837e+00
7.790653771051749388e+00
8.065777464929547946e+00
8.110089956683294687e+00
8.140547633181574483e+00
7.985803701134060795e+00
8.164877261084059867e+00
8.163125495364402795e+00
8.311740013370224389e+00
8.281449097166566631e+00
8.098564401157684500e+00
8.052644574292003199e+00
8.036131903071753513e+00
8.230710824437441175e+00
8.186894375993585271e+00
8.059840938290623313e+00
8.133249685178681077e+00
8.114751935487168666e+00
8.227304879712029617e+00
8.285001941863045616e+00
8.056158742394087469e+00
8.154263983919639358e+00
8.418698552884405828e+00
8.443728420735025608e+00
8.341811355423001118e+00
8.265506780103539342e+00
8.021863095006414923e+00
7.887390796753986244e+00
7.954608304919381645e+00
7.838888900783800295e+00
7.872791054290695811e+00
7.701279767166331780e+00
7.812677469651950091e+00
8.038982513670992702e+00
8.156992792713070983e+00
8.001345479755869405e+00
8.163786514150348950e+00
7.920471687430792329e+00
7.727770974263133752e+00
7.561234994090334283e+00
7.378796436223512778e+00
7.517203392553583718e+00
7.563462126737203306e+00
7.836970599983591690e+00
7.878704807831387491e+00
8.039796819288342888e+00
8.043693947080845064e+00
8.122357763894584082e+00
8.270643226224704492e+00
7.821585556826026853e+00
7.698789483537232137e+00
7.474082789470378074e+00
7.559208544239873540e+00
7.660044663541228260e+00
7.820651584225126740e+00
7.631569409850579078e+00
7.578485653446421111e+00
7.623524472559460641e+00
7.760599053375774936e+00
7.736145710757230454e+00
7.800330388439881801e+00
7.928186707756207596e+00
7.957092034953345383e+00
7.780799512839720045e+00
7.729017766476392381e+00
7.714652411406976107e+00
7.828793866028932236e+00
7.983626960556824415e+00
8.100963831920847014e+00
7.952157126768927498e+00
8.047117478857224171e+00
8.185278971939805359e+00
7.830484028241424532e+00
7.914611184458490101e+00
7.993779759878989033e+00
8.136177631130898646e+00
8.103088378459924357e+00
7.833215096830649316e+00
7.905337427856267141e+00
8.121121252179802852e+00
8.320178867555432234e+00
8.073227105042892759e+00
8.000666624911708880e+00
8.107676101537833802e+00
7.912965994430198435e+00
7.799550592059058651e+00
7.807766335434240368e+00
7.816142019602178692e+00
7.945486438202664203e+00
7.903292672947377362e+00
7.916923959382271114e+00
7.657106341559140716e+00
7.653887847172606840e+00
7.709012113624335250e+00
7.885654016879161787e+00
8.070502775405877571e+00
7.856416810180896881e+00
8.065746811211255363e+00
7.895342916391864030e+00
7.650613527462888364e+00
7.681670110634140514e+00
7.682981790245420051e+00
7.714704146384064209e+00
7.883374868098989019e+00
7.883223468238232279e+00
7.828668047854289824e+00
8.084339172478136604e+00
8.278303526420973668e+00
8.030807609678838332e+00
8.290486295723288990e+00
8.201911832823244097e+00
8.156321674505919717e+00
7.954444487312086309e+00
8.176049930338484373e+00
8.259356857421487064e+00
8.405092159014225572e+00
8.078215249782621399e+00
8.016261744680717172e+00
7.963282653853466897e+00
7.873398183423565122e+00
7.902325878076092991e+00
7.955441387031477518e+00
7.841576088130475242e+00
7.766186231740398682e+00
7.876746693381337039e+00
7.838402316810479498e+00
7.977173345915606006e+00
8.089808154906791060e+00
7.921890686229724032e+00
7.813296398806140353e+00
8.102421507603439821e+00
7.914889716313060930e+00
7.813125493412194089e+00
7.857450054368259273e+00
7.837497768812705878e+00
7.971207310224174947e+00
7.787627751997042047e+00
