1.000000000000000000e+00
2.083333333333333481e+00
4.545454545454545858e+00
4.532967032967032850e+00
4.456415279138099983e+00
4.453801732435033855e+00
4.267618608935974223e+00
4.378109452736318019e+00
4.248653500897666468e+00
4.353805073431241901e+00
4.455436304246383372e+00
4.429862101759391102e+00
4.530464216634429775e+00
4.400191938579654405e+00
4.360572483841181679e+00
4.538791051880057381e+00
4.296296296296296724e+00
4.325311942959001676e+00
4.307589285714286120e+00
4.404361653793730014e+00
4.298094373865699147e+00
4.389115646258503034e+00
4.452235294117646625e+00
4.422327790973871409e+00
4.285190279688216641e+00
4.451152073732719039e+00
4.431438127090300938e+00
4.328358208955223496e+00
4.392329020332716993e+00
4.281863864778437723e+00
4.286160714285713880e+00
4.398173515981735449e+00
4.269458352298588721e+00
4.495579339227547599e+00
4.309759547383309908e+00
4.504721435316335842e+00
4.245230339692880328e+00
4.414578587699316436e+00
4.334265734265734693e+00
4.431775700934579731e+00
4.416110581506196731e+00
4.201348314606741852e+00
4.429279279279279002e+00
4.365853658536585691e+00
4.235373537353735784e+00
4.401453224341508097e+00
4.343604108309990330e+00
4.389586238958623987e+00
4.453072891853263826e+00
4.256351039260970026e+00
4.464170134073047080e+00
4.442740776233828903e+00
4.350256171401956529e+00
4.480018805829807604e+00
4.374466065495965950e+00
4.257207207207207134e+00
4.363391655450874929e+00
4.181296868107630793e+00
4.332892416225749166e+00
4.258093525179855732e+00
4.230026338893766891e+00
4.393925657298277443e+00
4.289522058823528994e+00
4.283922973578145665e+00
4.377108983128135122e+00
4.364902506963788120e+00
4.320348304307974452e+00
4.350524874486535687e+00
4.301226715129486955e+00
4.284625728372926545e+00
4.490150093808630061e+00
4.420619554695062625e+00
4.312791783380018451e+00
4.454074422986340487e+00
4.536561264822134731e+00
4.362887596899224896e+00
4.248416289592760187e+00
4.379591836734693544e+00
4.375058383932741712e+00
4.459188544152744349e+00
4.326578699340244860e+00
4.388785912882298135e+00
4.198206278026906269e+00
4.510344827586206584e+00
4.457073170731707279e+00
4.333489901362141516e+00
4.304701627486437587e+00
4.406810860561435561e+00
4.265933058230169550e+00
4.339036470058531769e+00
4.316795630405097839e+00
4.329085116067364680e+00
4.326007326007325737e+00
4.393869019972131973e+00
4.279262672811060320e+00
4.125919515361315071e+00
4.479873360470375765e+00
4.296105114969497762e+00
4.442943642291569795e+00
4.291998128217127118e+00
4.405180388529140068e+00
4.404841006169910145e+00
4.385815602836879101e+00
4.380952380952381375e+00
4.317739694302917819e+00
4.275349256421811184e+00
4.438922433813283774e+00
4.374466065495965950e+00
4.252281021897810653e+00
4.326401446654610794e+00
4.358368103847936936e+00
4.356774496015002107e+00
4.232175502742230755e+00
4.376659038901602017e+00
4.397338403041825217e+00
4.421606118546844932e+00
4.360151443445338337e+00
4.353982300884955414e+00
4.270208900999091561e+00
4.438248847926267615e+00
4.329291044776119257e+00
4.434498834498834086e+00
4.290799815071659751e+00
4.396614821591948719e+00
4.281207133058984482e+00
4.298567591763652551e+00
4.221535745807590168e+00
4.378815080789945746e+00
4.258690744920992977e+00
4.479851783232978057e+00
4.389287422285987894e+00
4.425059101654846394e+00
4.343255813953488698e+00
4.313039527487505964e+00
4.420129270544783218e+00
4.419659735349716456e+00
4.287608596250571225e+00
4.339293696915511589e+00
4.373461012311901541e+00
4.243641231593039187e+00
4.474259681093394114e+00
4.412826603325415320e+00
4.314797794117646745e+00
4.536136041568257227e+00
4.442759295499021377e+00
4.371294117647058997e+00
4.231356693620844212e+00
4.467186782927949018e+00
4.226043099495644384e+00
4.393707865168539506e+00
4.360297536029754006e+00
4.357438968217411279e+00
4.354749885268471843e+00
4.476886792452829944e+00
4.333647058823529186e+00
4.390581717451523147e+00
4.434148635936030480e+00
4.351627906976744065e+00
4.518676122931442052e+00
4.350427350427350071e+00
4.453695042095416667e+00
4.303422756706752672e+00
4.373411978221415808e+00
4.375231053604435871e+00
4.322551252847380177e+00
4.346188747731397406e+00
4.449648711943793522e+00
4.462980769230768807e+00
4.248165137614678954e+00
4.352572706935123215e+00
4.455868544600939174e+00
4.362352941176470544e+00
4.303237574099407325e+00
4.378032036613272560e+00
4.290013679890560816e+00
4.399541284403669650e+00
4.439581351094195938e+00
4.275909719023491817e+00
4.471296296296296546e+00
4.355294117647058982e+00
4.296980621901757225e+00
4.271238938053097733e+00
4.404178019981834780e+00
4.445862884160756145e+00
4.399056603773584762e+00
4.529326923076922640e+00
4.367366412213740112e+00
4.181977252843394943e+00
4.394273127753304031e+00
4.365685372585097035e+00
4.268008948545861436e+00
4.362661902635104560e+00
4.432898415657036573e+00
4.383497421472105415e+00
4.437294504462188982e+00
4.337837837837837718e+00
4.353156450137237066e+00
4.438555347091932113e+00
4.395922238027501372e+00
4.341078066914498379e+00
4.320419325432999003e+00
4.391505078485687719e+00
4.458789899952358304e+00
4.384102808186577604e+00
4.328110599078341281e+00
4.395553496989347053e+00
4.384003741814780142e+00
4.217781769196228048e+00
4.312831858407079721e+00
4.323649568769859286e+00
4.225577264653641585e+00
4.420289855072463858e+00
4.426609848484848619e+00
4.483855421686747000e+00
4.378816793893129500e+00
4.387850467289720058e+00
4.380952380952381375e+00
4.499282639885222146e+00
4.252548656163114060e+00
4.263065436978480172e+00
4.397453387903592414e+00
4.436966824644549945e+00
4.258953168044077309e+00
4.335727109515260302e+00
4.236420302760462775e+00
4.343316942333482089e+00
4.436065573770491710e+00
4.479961371318204044e+00
4.353780313837375182e+00
4.447542533081285221e+00
4.406130268199233591e+00
4.359756097560975263e+00
4.324908088235294379e+00
4.374252873563218458e+00
4.282658170232134687e+00
4.307450628366248147e+00
4.320942883046237526e+00
4.446002805049088735e+00
4.210741920801092775e+00
4.393243243243243334e+00
4.348491879350348199e+00
4.287205081669691609e+00
4.325644504748982655e+00
4.300953245574216766e+00
4.401756819232547358e+00
4.388732394366197553e+00
4.092495636998254582e+00
4.412203687445127365e+00
4.311808118081180474e+00
4.287634408602150948e+00
4.311711711711711636e+00
4.334246575342465491e+00
4.429779239079380204e+00
4.381878557874762770e+00
4.424929178470255131e+00
4.511684518013631795e+00
4.326355851569933186e+00
4.463597933302019705e+00
4.352579271178419695e+00
4.345496535796766757e+00
4.292370945637276947e+00
4.242302543507363133e+00
4.343721770551038475e+00
4.417448405253283639e+00
4.404660009510223517e+00
4.323694029850746468e+00
4.296917497733454105e+00
4.379072969251950553e+00
4.403097137494134117e+00
4.356177156177156284e+00
4.234584450402144817e+00
4.456252863032523770e+00
4.427958015267175362e+00
4.278006401463191999e+00
4.369801084990958095e+00
4.418539325842696819e+00
4.516270033997085598e+00
4.329383886255923741e+00
4.268956289027653561e+00
4.439470077661032299e+00
4.473684210526315930e+00
4.457610789980732235e+00
4.300790330079032664e+00
4.351473922902494351e+00
4.333485193621867460e+00
4.260811413285778393e+00
4.302294792586054406e+00
4.316353887399463574e+00
4.424493554327808553e+00
4.309917355371901238e+00
4.390610756608933407e+00
4.408457249070631967e+00
4.450943396226414883e+00
4.517641372643788955e+00
4.398758357211079328e+00
4.419747309312120009e+00
4.456614509246088041e+00
4.240782885753300313e+00
4.427144802541988611e+00
4.225894069714803081e+00
4.411711711711711281e+00
4.371962616822429482e+00
4.438818565400843852e+00
4.270394133822181360e+00
4.468025949953660536e+00
4.377376425855513453e+00
4.247185952273750509e+00
4.365963179164795704e+00
4.197700132684652807e+00
4.360088691796009108e+00
4.345287356321839489e+00
4.322359396433470557e+00
4.310657596371882505e+00
4.363761467889908374e+00
4.339335180055401864e+00
4.299316628701594922e+00
4.206090026478375599e+00
4.438299817184643281e+00
4.440637065637065284e+00
4.378391242265587735e+00
4.338296882270823218e+00
4.256433408577877664e+00
4.391842346471127811e+00
4.372937293729372676e+00
4.299303944315544967e+00
4.444496707431796700e+00
4.357040572792362454e+00
4.387081565299387087e+00
4.324590163934426634e+00
4.232851985559566543e+00
4.457831325301205183e+00
4.265610438024230788e+00
4.304054054054054390e+00
4.405304792926942881e+00
4.262574988463313730e+00
4.296262944619540391e+00
4.456685499058380628e+00
4.311289560699102630e+00
4.379518072289156905e+00
4.286376274328081770e+00
4.332572992700729486e+00
4.295277395690050071e+00
4.206222222222222307e+00
4.326057906458797397e+00
4.465876777251184926e+00
4.337594696969697239e+00
4.496413199426111618e+00
4.425073457394710807e+00
4.300469483568075013e+00
4.273181818181818414e+00
4.349724264705882248e+00
4.197202166064982087e+00
4.365986394557823225e+00
4.349243856332702940e+00
4.327085285848172092e+00
4.330999066293183652e+00
4.371347785108388173e+00
4.245947197776748894e+00
4.395359628770301619e+00
4.405093704949543110e+00
4.339962121212121104e+00
4.402369668246445933e+00
4.420772946859903740e+00
4.306421152030217137e+00
4.527202696196437337e+00
4.414285714285714590e+00
4.290004692632567007e+00
4.249660786974219562e+00
4.252470799640611254e+00
4.403819282720074391e+00
4.362547892720306741e+00
4.204963235294117752e+00
4.181095406360424427e+00
4.387839705204974905e+00
4.285512033978291946e+00
4.366838891498356467e+00
4.203968620212275020e+00
4.343721356553620794e+00
4.182149362477231236e+00
4.338790359254206308e+00
4.327230046948356446e+00
4.338815789473684070e+00
4.491947291361639394e+00
4.434413965087281362e+00
4.296614210777301324e+00
4.342857142857142527e+00
4.296313579094727331e+00
4.252978918423464982e+00
4.299357208448117973e+00
4.457446808510638014e+00
4.296475132786093276e+00
4.333333333333333037e+00
4.285580524344569042e+00
4.474600870827285526e+00
4.384806355511419618e+00
4.490791438526629875e+00
4.192857142857143060e+00
4.363762743280815926e+00
4.390503875968992276e+00
4.378338999514327590e+00
4.428501469147894554e+00
4.295903614457831310e+00
4.309601873536299976e+00
4.292056074766355422e+00
4.310280373831775869e+00
4.321092278719397051e+00
4.315171441991545009e+00
4.396370582617000977e+00
4.394749635391346665e+00
4.294368196876479082e+00
4.319592403890689880e+00
4.328818309201308168e+00
4.236781609195402254e+00
4.351251158480073933e+00
4.483791748526522625e+00
4.477755308392315392e+00
4.346738597351643030e+00
4.344418052256531659e+00
4.335863377609108227e+00
4.484848484848484418e+00
4.299854439592430744e+00
4.324438202247191221e+00
4.307943925233645110e+00
4.360980207351555116e+00
4.336652441915600065e+00
4.461687681862269272e+00
4.370677057963955114e+00
4.458130477117818735e+00
4.312380038387716219e+00
4.389099526066350343e+00
4.228412256267409575e+00
4.399159663865546577e+00
4.347202295552367701e+00
4.374285714285714555e+00
4.406730769230769340e+00
4.378612716763005785e+00
4.216091954022988197e+00
4.331814038286235125e+00
4.372456223379082019e+00
4.485056344928956662e+00
4.492238357536304072e+00
4.127071823204420120e+00
4.326241134751772854e+00
4.561764705882352722e+00
4.334315169366715459e+00
4.506047411707789330e+00
4.413928396272682519e+00
4.274253731343283569e+00
4.284744228157537194e+00
4.388837209302325348e+00
4.378997613365155139e+00
4.410945751320211272e+00
4.379210779595765324e+00
4.326086956521739246e+00
4.417142857142857260e+00
4.309905660377358672e+00
4.221920289855072284e+00
4.393869019972131973e+00
4.312174324964471950e+00
4.270642201834862206e+00
4.313159101329665290e+00
4.422127255460588380e+00
4.474074074074073870e+00
4.434458788480635683e+00
4.347555129434324428e+00
4.312383612662942234e+00
4.264598540145985162e+00
4.530622009569378328e+00
4.399408284023668791e+00
4.337110481586401889e+00
4.468197034911525201e+00
4.291193181818181657e+00
4.229838709677419040e+00
4.390746678882272214e+00
4.345539906103286221e+00
4.369798971482000916e+00
4.360655737704917989e+00
4.435299714557563888e+00
4.373568702290076438e+00
4.243613138686131769e+00
4.293721973094170252e+00
4.185871964679911628e+00
4.409132420091324001e+00
4.429811866859624025e+00
4.369731800766283314e+00
4.278008298755186622e+00
4.246863799283153718e+00
4.367579908675798706e+00
4.290976058931859960e+00
4.336380255941499229e+00
4.403927068723702654e+00
4.244637151985394929e+00
4.254289485261768533e+00
4.305062166962700054e+00
4.202720491443615813e+00
4.314373897707231009e+00
4.291048133153396726e+00
4.298253470667264153e+00
4.352036199095022262e+00
4.370455591348366475e+00
4.205843293492695700e+00
4.592300556586271121e+00
4.255159474671669884e+00
4.414446952595937113e+00
4.493779904306220097e+00
4.296313579094727331e+00
4.401728844404003915e+00
4.272809804811620538e+00
4.443124714481498039e+00
4.360149672591206560e+00
4.370353373106929951e+00
4.352779053743684123e+00
4.344906349931475731e+00
4.507335541883577434e+00
4.312764955252001542e+00
4.208296557811120664e+00
4.356920338228749578e+00
4.367497691597414189e+00
4.215853112404836622e+00
4.234503684438664983e+00
4.426236949614162697e+00
4.389280677009873344e+00
4.287795992714025672e+00
4.314964157706093317e+00
4.284055381866904710e+00
4.379700951517897956e+00
4.318701417466849435e+00
4.260310421286031435e+00
4.423198912550974526e+00
4.452132701421801286e+00
4.232610659439927758e+00
4.322665497588777050e+00
4.498141263940520496e+00
4.426120114394661798e+00
4.218360071301248126e+00
4.270815450643777211e+00
4.418615107913669071e+00
4.429368029739777057e+00
4.253243847874720096e+00
4.358872743284896600e+00
4.589890319504053018e+00
4.373019683149303560e+00
4.307622913847541923e+00
4.350358422939067715e+00
4.240921169176262495e+00
4.330250990752972484e+00
4.205676855895196908e+00
4.302648719062093008e+00
4.351752021563342510e+00
4.355323020928116406e+00
4.432018561484918351e+00
4.352288488210818151e+00
4.376996805111820876e+00
4.299233889139252085e+00
4.287045252883761925e+00
4.306737588652482351e+00
4.234265734265734160e+00
4.294681778552746465e+00
4.225806451612903025e+00
4.309815950920245164e+00
4.506074766355140149e+00
4.387280493592785824e+00
4.415929203539823433e+00
4.287858117326057261e+00
4.322380106571936054e+00
4.354475933423302081e+00
4.394965675057208365e+00
4.246519982038616803e+00
4.374555160142349131e+00
4.349430523917995117e+00
4.352674524025385239e+00
4.370572207084468808e+00
4.382998171846435476e+00
4.367291000456829941e+00
4.309662921348314413e+00
4.302078726227333227e+00
4.463648834019203981e+00
4.186025812194036355e+00
4.349978289188015879e+00
4.238891333040035292e+00
4.439856373429084790e+00
4.235267857142857473e+00
4.349344978165938791e+00
4.345413870246084720e+00
4.455841766329347031e+00
4.262331838565022402e+00
4.288802421098140805e+00
4.276863084922010394e+00
4.246358183376178097e+00
4.363040629095674916e+00
4.214378518839324350e+00
4.328306764325721367e+00
4.258470894874022861e+00
4.393188854489164186e+00
4.321252796420581355e+00
4.364721485411140911e+00
4.304845814977973362e+00
4.400804289544235637e+00
4.283807829181494498e+00
4.336546888694128299e+00
4.365015618027666022e+00
4.438780154756486240e+00
4.240618101545253538e+00
4.439453985028621652e+00
4.412596987676860039e+00
4.183927804039536014e+00
4.201471189211279267e+00
4.553428317008013870e+00
4.514558472553699353e+00
4.317668323542702247e+00
4.324218750000000000e+00
4.298785776235906297e+00
4.361609094884127735e+00
4.259757155247180904e+00
4.453138815207780432e+00
4.436665131275909779e+00
4.471131639722863760e+00
4.323595505617977786e+00
4.448506464556397866e+00
4.373248983280614510e+00
4.173931443080829418e+00
4.320534223706176569e+00
4.293763440860215219e+00
4.310787671232876761e+00
4.349695916594265910e+00
4.286577470867500850e+00
4.522441651705565668e+00
4.369047619047618625e+00
4.392235609103079419e+00
4.350222222222222435e+00
4.300173761946133766e+00
4.228003384094754402e+00
4.398096062310687948e+00
4.554469273743016799e+00
4.426766495086569719e+00
4.380566801619433015e+00
4.257772020725388629e+00
4.323279524214103553e+00
4.407374890254609490e+00
4.520478601012425379e+00
4.348615524285065703e+00
4.460296096904441399e+00
4.298315602836879634e+00
4.524346257889990675e+00
4.369774919614147990e+00
4.391536748329621709e+00
4.222652885443583415e+00
4.375965665236051905e+00
4.320264317180616764e+00
4.359664607237422551e+00
4.196229648671808476e+00
4.332906530089628561e+00
4.302579798863139793e+00
4.490702947845805149e+00
4.347050754458162025e+00
4.314398943196829705e+00
4.433017591339647900e+00
4.551806083650189905e+00
4.370944992947813468e+00
4.247912087912087742e+00
4.315401301518438260e+00
4.343376163048294103e+00
4.551659654043946013e+00
4.236637734125171306e+00
4.441176470588235503e+00
4.306400363141171361e+00
4.366517857142857117e+00
4.335428828019757930e+00
4.312611012433392510e+00
4.399457749661093153e+00
4.490140845070422770e+00
4.256480218281036620e+00
4.472924187725631384e+00
4.336556169429097274e+00
4.402444545043006308e+00
4.296014330497088807e+00
4.304824561403508554e+00
4.345317354638259744e+00
4.380072137060414761e+00
4.404206675811614069e+00
4.411439114391144223e+00
4.341950113378684861e+00
4.353390211046250791e+00
4.364663352914595507e+00
4.398623853211009127e+00
4.403801576263329132e+00
4.398053753475440253e+00
4.221289752650176474e+00
4.375989445910290598e+00
4.297188755020080464e+00
4.362788632326820348e+00
4.420210333790580925e+00
4.416281221091582054e+00
4.363802559414990512e+00
4.409671532846715536e+00
4.266964285714285765e+00
4.247311827956989028e+00
4.245493562231759554e+00
4.459909909909909764e+00
4.267994567677682483e+00
4.292608695652173623e+00
4.321161460624725059e+00
4.334224598930481065e+00
4.307555555555555138e+00
4.494247583985274019e+00
4.312815801561781903e+00
4.432835820895522083e+00
4.421077065923862293e+00
4.497404436054742938e+00
4.350232558139534689e+00
4.326750448833034390e+00
4.373814898419864150e+00
4.378082191780821475e+00
4.349501359927470112e+00
4.299955693398316292e+00
4.548282265552460402e+00
4.330369677117454685e+00
4.275076653526062032e+00
4.530059660394676335e+00
4.270022883295194305e+00
4.498866213151927695e+00
4.390938813638486593e+00
4.499766899766899364e+00
4.273342354533152587e+00
4.254910333048676385e+00
4.247457627118643941e+00
4.264343391415214235e+00
4.457461024498886815e+00
4.597789524267179573e+00
4.293008279668812932e+00
4.437500000000000000e+00
4.379185520361991379e+00
4.314839277851167054e+00
4.326797385620914760e+00
4.349031690140845008e+00
4.187500000000000000e+00
4.314273612875900277e+00
4.371352785145888653e+00
4.318080852954242488e+00
4.320192728865527521e+00
4.395721925133689645e+00
4.421389396709323627e+00
4.296279695203944371e+00
4.316870629370629153e+00
4.409901873327386035e+00
4.283259911894273131e+00
4.468428123600537205e+00
4.327321911632100893e+00
4.215443686006826063e+00
4.246753246753247168e+00
4.300385109114248650e+00
4.394946808510638014e+00
4.163807890222984476e+00
4.317760942760942910e+00
4.325459317585301555e+00
4.280191138140747142e+00
4.376154861416630126e+00
4.343443354148082136e+00
4.414195867026055708e+00
4.412539754656974011e+00
4.322695035460992763e+00
4.308759757155247172e+00
4.419068736141906761e+00
4.358108108108107892e+00
4.284840541721275819e+00
4.380281690140845008e+00
4.304060017652250991e+00
4.287505404236921613e+00
4.299610894941634065e+00
4.387953941541186786e+00
4.271321254971277348e+00
4.558728696453247409e+00
4.316132031613203246e+00
4.246533795493934171e+00
4.400000000000000355e+00
4.504918032786885185e+00
4.384471468662301419e+00
4.204099433057129964e+00
4.215989953955629588e+00
4.272108843537415268e+00
4.385972651080723317e+00
4.417808219178081863e+00
4.403846153846154188e+00
4.310943060498220625e+00
4.366079295154184692e+00
4.493357764544205324e+00
4.406105457909343492e+00
4.423620611035111949e+00
4.286349488661627127e+00
4.420842572062084308e+00
4.456602031394274910e+00
4.419833178869323476e+00
4.356139555958314702e+00
4.289925208974922910e+00
4.336837494524748315e+00
4.548041044776119257e+00
4.390151515151515582e+00
4.393787117405207887e+00
4.395242451967063424e+00
4.487430167597765696e+00
4.435521965044874726e+00
4.319362186788154645e+00
4.301594331266607618e+00
4.358422939068100632e+00
4.399265718219366406e+00
4.419999999999999929e+00
4.402042711234911643e+00
4.309394760614273068e+00
4.297178130511463579e+00
4.358700489541610601e+00
4.391522333637192688e+00
4.374828375286041293e+00
4.501409774436090139e+00
4.357377049180327866e+00
4.272646140116020064e+00
4.427598729005900680e+00
4.214957456336766661e+00
4.496134606639381914e+00
4.411567877629063439e+00
4.453554502369668100e+00
4.355306217858812445e+00
4.364177737059092621e+00
4.354956601187756959e+00
4.334245326037391877e+00
4.280772686433063967e+00
4.286666666666667069e+00
4.345997286295793849e+00
4.413519813519813262e+00
4.501696558410082538e+00
4.477810650887573907e+00
4.388330942132951051e+00
4.414853358561967589e+00
4.426041168022977423e+00
4.413957934990439647e+00
4.277136258660507728e+00
4.451793199813693924e+00
4.364068441064638648e+00
4.381063432835820670e+00
4.276129621177544138e+00
4.383455210237659827e+00
4.384146341463414309e+00
4.166000887705282096e+00
4.295117698343505097e+00
4.373741994510521813e+00
4.407789770061004475e+00
4.315594632114761353e+00
4.517814726840855499e+00
4.310213776722090273e+00
4.542979942693409434e+00
4.388942774005819558e+00
4.388940955951265543e+00
4.341848583372039272e+00
4.345144960883571272e+00
4.316795630405097839e+00
4.300089847259658704e+00
4.476944573823939955e+00
4.405081495685522874e+00
4.309006928406466486e+00
4.336507936507936201e+00
4.363220494053065224e+00
4.593992248062015449e+00
4.327718960538979864e+00
4.284498207885304666e+00
4.385520361990950633e+00
4.309264305177111787e+00
4.428768382352941124e+00
4.360222531293462822e+00
4.404520295202951630e+00
4.265011286681715141e+00
4.304003519577650927e+00
4.310129406514948691e+00
4.364502950522015645e+00
4.346453089244850965e+00
4.484565014031805852e+00
4.313888888888889106e+00
4.435061955025241254e+00
4.346474953617811110e+00
4.362892223738063180e+00
4.425127491886879483e+00
4.234794275491950089e+00
4.348837209302325313e+00
4.381340579710144567e+00
4.232465813850904368e+00
4.318399304045237308e+00
4.203287197231833972e+00
4.349151066608619942e+00
4.254729432468104200e+00
4.221651690201112750e+00
4.404951370468611849e+00
4.253226524254561269e+00
4.366358432408630641e+00
4.387272727272727657e+00
4.271801682160248248e+00
4.343668122270742060e+00
4.328912466843501505e+00
4.348171000440722800e+00
4.327007943512797716e+00
4.384786476868327121e+00
4.338110165696372533e+00
4.450295052201543200e+00
4.350477924442421873e+00
4.327555555555555600e+00
4.392456219128872519e+00
4.327370304114490196e+00
4.438914027149321484e+00
4.336343115124153158e+00
4.489908256880734250e+00
4.308078502966681711e+00
4.323826239578762554e+00
4.279668411867365130e+00
4.354029062087186652e+00
4.323070058009816918e+00
4.314273049645390046e+00
4.383580080753700869e+00
4.283934134401424565e+00
4.283216783216783341e+00
4.226781857451404001e+00
4.478280542986425417e+00
4.437026515151515582e+00
4.321886446886447075e+00
4.332737829388119799e+00
4.422374429223744130e+00
4.605928085519922277e+00
4.434210526315789380e+00
4.368324125230202526e+00
4.335570469798657456e+00
4.357142857142856762e+00
4.410965111010421325e+00
4.473806212331942866e+00
4.370745170193192308e+00
4.268388791593695331e+00
4.487837837837838073e+00
4.326800364630811302e+00
4.265394622723330365e+00
4.228547153780798595e+00
4.336642209753992283e+00
4.380973648950424071e+00
4.335115864527629093e+00
4.296296296296296724e+00
4.438926174496644173e+00
4.341795104261105820e+00
4.238754325259515454e+00
4.289192652712515930e+00
4.449080305069537999e+00
4.320559062218214841e+00
4.225986277873070129e+00
4.296894938324117064e+00
4.369210410233788977e+00
4.346016114592658575e+00
4.482044198895027698e+00
4.353945546838947855e+00
4.487476808905380032e+00
4.379616643291257994e+00
4.284436493738819074e+00
4.272410791993037193e+00
4.434174932371505840e+00
4.396208969024502977e+00
4.315056179775281109e+00
4.446013667425968485e+00
4.282933454051606859e+00
4.435352622061483174e+00
4.326949384404924714e+00
4.281250000000000000e+00
4.356826241134752031e+00
4.455386037910309405e+00
4.374127501163331821e+00
4.475325884543761568e+00
4.349653579676674653e+00
4.347297297297297192e+00
4.291759465478842017e+00
4.248913987836663964e+00
4.235974304068522045e+00
4.349736379613356796e+00
4.324165915238953772e+00
4.230836618484450362e+00
4.332603938730853699e+00
4.370068027210884054e+00
4.355515041020966649e+00
4.404860155891793028e+00
4.381767700138824218e+00
4.498340445708866930e+00
4.462621359223301276e+00
4.438907522759942381e+00
4.358313817330210505e+00
4.469947941315664863e+00
4.489051094890511351e+00
4.186099679926840622e+00
4.421194431971262162e+00
4.205615942028985366e+00
4.264101442938347475e+00
4.264692885550154244e+00
4.483751160631383570e+00
4.327383748238609940e+00
4.311030741410488254e+00
4.213592233009708643e+00
4.321507760532150577e+00
4.412861136999068457e+00
4.285780027611596488e+00
4.373284537968893382e+00
4.401596993893846843e+00
4.316227461858529679e+00
4.364302059496567132e+00
4.335629017447199196e+00
4.538388173581306972e+00
4.268050967437470256e+00
4.292857142857142705e+00
4.477507029053421128e+00
4.294889826535396082e+00
4.346521145975443368e+00
4.298908098271155609e+00
4.403508771929824483e+00
4.465608465608466027e+00
4.406820365033621734e+00
4.272769301895515071e+00
4.393055555555555713e+00
4.388598574821852338e+00
4.466506024096385197e+00
4.208333333333333037e+00
4.221200175208059235e+00
4.257219013771656790e+00
4.382528735632184258e+00
4.380208333333333037e+00
4.287297921478059770e+00
4.386143187066974924e+00
4.241473396998635792e+00
4.360847992783040361e+00
4.318661164603392777e+00
4.300588501584427625e+00
4.346994535519125513e+00
4.334403669724770758e+00
4.205139565795303902e+00
4.334813499111900725e+00
4.239373601789709234e+00
4.419972640218878368e+00
4.403691433980123193e+00
4.350558659217877100e+00
4.292594275329395970e+00
4.382959230416857643e+00
4.322119815668203024e+00
4.342478280749885400e+00
4.263229308005427320e+00
4.371350364963503488e+00
4.412570888468809294e+00
4.316697761194030036e+00
4.271370420624151620e+00
4.347469220246238386e+00
4.302293577981651573e+00
4.325125398996807924e+00
4.296953160527512416e+00
4.406496519721577521e+00
4.363979255068364260e+00
4.286170698311273064e+00
4.310220621341738223e+00
4.262852033974072086e+00
4.218763700131521688e+00
4.310864745011086185e+00
4.467855466916940799e+00
4.292910447761194348e+00
4.429299953639313614e+00
4.356132075471697895e+00
4.341983317886932703e+00
4.470756062767475392e+00
4.247543284978942069e+00
4.194115063680280642e+00
4.394090909090909491e+00
4.330819981149858222e+00
4.300508552935736972e+00
4.401031894934334332e+00
4.533860603064755246e+00
4.340787554691297956e+00
4.317423540315106223e+00
4.173738276016078608e+00
4.342625899280575297e+00
4.301020408163265252e+00
4.245351473922902130e+00
4.439081537019681001e+00
4.288022813688212587e+00
4.315716272600834458e+00
4.257142857142857117e+00
4.383356708742402574e+00
4.306748466257668717e+00
4.216719672875965053e+00
4.404275092936803304e+00
4.176497695852534164e+00
4.398071625344353031e+00
4.247787610619469412e+00
4.314704535043517808e+00
4.301668211306765244e+00
4.354868913857678159e+00
4.247456059204440137e+00
4.424683247301736344e+00
4.532330827067669432e+00
4.181861348528014943e+00
4.511352885525070633e+00
4.249641319942611517e+00
4.279638009049773650e+00
4.350925925925926308e+00
4.400954653937947825e+00
4.283834586466165106e+00
4.345276872964169534e+00
4.364024679639297410e+00
4.475048923679060486e+00
4.403760514596734232e+00
4.143446379468377572e+00
4.428241808952468439e+00
4.406188605108055434e+00
4.467391304347826164e+00
4.404466501240694498e+00
4.356626506024096734e+00
4.323863636363636687e+00
4.350593824228028872e+00
4.488899851998026769e+00
4.353929807217004289e+00
4.302886890676762555e+00
4.380861244019138567e+00
4.358874878758486560e+00
4.319311663479923347e+00
4.213923467035500359e+00
4.403286384976525802e+00
4.462301587301586991e+00
4.302168674698795492e+00
4.384688090737239641e+00
4.338102050548402921e+00
4.242173112338858409e+00
4.485945688423058186e+00
4.334956183057449230e+00
4.362428842504743720e+00
4.486725663716813806e+00
4.385636989670437913e+00
4.446725317693059232e+00
4.369628906250000000e+00
4.376498800959232938e+00
4.282547169811320664e+00
4.333644423705086623e+00
4.431665062560154134e+00
4.264985727878211286e+00
4.481765834932821768e+00
4.478766430738119197e+00
4.400197628458498045e+00
4.347680535628885679e+00
4.484892787524366042e+00
4.473921765295887809e+00
4.320308731307283878e+00
4.312934631432545629e+00
4.380526810912511948e+00
4.510816125860373837e+00
4.185150375939850065e+00
4.274632189032545604e+00
4.497134670487105801e+00
4.317414375301495078e+00
4.415049692380502044e+00
4.313241575700047292e+00
4.293603313391624710e+00
4.261363636363636687e+00
4.415297982167996516e+00
4.316991908614944862e+00
4.207598371777476309e+00
4.270935960591132563e+00
4.370473537604456560e+00
4.290832945556072531e+00
4.358736059479554115e+00
4.169905106190691768e+00
4.371545083824195821e+00
4.371618414807783459e+00
4.263328697264719302e+00
4.436911487758945505e+00
4.214948932219127364e+00
4.484492481203007586e+00
4.450815620365793812e+00
4.307472632079962338e+00
4.208370837083708516e+00
4.277802590442161268e+00
4.366959740860712813e+00
4.439211917347429370e+00
4.295561850802643633e+00
4.356120092378753306e+00
4.292108906322104289e+00
4.334864492420762438e+00
4.351024208566108165e+00
4.348902382064455452e+00
4.382948657560056915e+00
4.308050255932991845e+00
4.408556652562293898e+00
4.374346793349168649e+00
4.322128851540615990e+00
4.457020057306590566e+00
4.478670634920635329e+00
4.296934865900382761e+00
4.336279069767441818e+00
4.395038167938931650e+00
4.593117408906882915e+00
4.406822810590631079e+00
4.158040665434381111e+00
4.494344957587181888e+00
4.422344689378757465e+00
4.418765432098765267e+00
4.351824817518248345e+00
4.234550561797752799e+00
4.291320406278854804e+00
4.429055690072638996e+00
4.431931931931932134e+00
4.270322270322270519e+00
4.305998125585754011e+00
4.288533834586465865e+00
4.264282396655828755e+00
4.444069431051109298e+00
4.310513447432763101e+00
4.350406893250359452e+00
4.199160447761194348e+00
4.323937153419593393e+00
4.610152284263959288e+00
4.331808943089431096e+00
4.193637621023513340e+00
4.415067852129152648e+00
4.481499999999999595e+00
4.422077922077922274e+00
4.384089799902391782e+00
4.236117592160522527e+00
4.227211495285136955e+00
4.416160672582905455e+00
4.254690431519700056e+00
4.290219378427788222e+00
4.428366762177650351e+00
4.326737451737451501e+00
4.389393215480171584e+00
4.329507412721185666e+00
4.424710424710424306e+00
4.326285439692455270e+00
4.320825515947467110e+00
4.361702127659574657e+00
4.321817321344060936e+00
4.359715639810426424e+00
4.170842824601367127e+00
4.261237205162438535e+00
4.319188191881918826e+00
4.425011978917106070e+00
4.458724666337123388e+00
4.289875835721107755e+00
4.366916588566073010e+00
4.439320388349514701e+00
4.408223201174743089e+00
4.281132075471697718e+00
4.389488503050211321e+00
4.316533207724917887e+00
4.392536608408124543e+00
4.190541781450872527e+00
4.399356617647058876e+00
4.390843373493975577e+00
4.448443579766537148e+00
4.340548340548340711e+00
4.346478873239436602e+00
4.381448177946047906e+00
4.441860465116278966e+00
4.320420851267336104e+00
4.392434988179669375e+00
4.435860058309037512e+00
4.269774011299435124e+00
4.236404494382022712e+00
4.368856224161690172e+00
4.464077669902912326e+00
4.246219281663516476e+00
4.374070631970259804e+00
4.382917466410748197e+00
4.325746799431009926e+00
4.334268349696119849e+00
4.203551912568306292e+00
4.179859278803870204e+00
4.332881662149954849e+00
4.247356321839080628e+00
4.364858599907278425e+00
4.346355407336827348e+00
4.353780313837375182e+00
4.411651420317766359e+00
4.287807183364839680e+00
4.246139872842870311e+00
4.305720823798626640e+00
4.439176245210727956e+00
4.327569644572526464e+00
4.413447782546494835e+00
4.437500000000000000e+00
4.410757946210268621e+00
4.378090159961221417e+00
4.282680509674374747e+00
4.192705988293561781e+00
4.390097177232762604e+00
4.390966488586692584e+00
4.272727272727272485e+00
4.298334875115633835e+00
4.368470588235294549e+00
4.320567375886525063e+00
4.294063079777365566e+00
4.328538283062645320e+00
4.259752179899035873e+00
4.434229137199434234e+00
4.309125656951743544e+00
4.204813805631244072e+00
4.457865168539325573e+00
4.289799809342230930e+00
4.300824175824176088e+00
4.369352585002328482e+00
4.362647754137116252e+00
4.367076631977294454e+00
4.405637840420449258e+00
4.400963855421686333e+00
4.474865788189360316e+00
4.243078366963866976e+00
4.139021221307925380e+00
4.249240121580546869e+00
4.480507280413339899e+00
4.210722610722610781e+00
4.367941712204006954e+00
4.378019895783988424e+00
4.293595137914913096e+00
4.326691380908248341e+00
4.453275529865125648e+00
4.408734052993130703e+00
4.369586140519730932e+00
4.199542334096109997e+00
4.306168392615938423e+00
4.531842489061740586e+00
4.289448209099709253e+00
4.289256198347107585e+00
4.261980830670926146e+00
4.393770339377033984e+00
4.305451127819549306e+00
4.436432637571157578e+00
4.461841457410142375e+00
4.373845405930967267e+00
4.310652275926795340e+00
4.345938375350139715e+00
4.297020484171322430e+00
4.442748091603053062e+00
4.413809990205680656e+00
4.278433223218499393e+00
4.354613233923578797e+00
4.367996201329535033e+00
4.448543689320388239e+00
4.396400778210116655e+00
4.315191670610506236e+00
4.344101123595505598e+00
4.346736045411542015e+00
4.318117647058823394e+00
4.205186533212010858e+00
4.365685372585097035e+00
4.287992495309568497e+00
4.334107806691450016e+00
4.238709677419354449e+00
4.270245677888990343e+00
4.443436754176611103e+00
4.516177957532861775e+00
4.509703779366700971e+00
4.427565392354124718e+00
4.277857484457197934e+00
4.275080906148867044e+00
4.214220601640838559e+00
4.303926096997690465e+00
4.294588235294117595e+00
4.264335664335664688e+00
4.210286754665452769e+00
4.232789855072463858e+00
4.535417684416218620e+00
4.461340206185567148e+00
4.421238047307499031e+00
4.324707031250000000e+00
4.380676328502415728e+00
4.336898395721925148e+00
4.315134099616858343e+00
4.443025540275049146e+00
4.372940589116325327e+00
4.332686711930165302e+00
4.195439739413680869e+00
4.433078393881452861e+00
4.282101167315174983e+00
4.430453879941435247e+00
4.263029712615684197e+00
4.280056577086280178e+00
4.381738708110733072e+00
4.264506769825918475e+00
4.280378250591016176e+00
4.469509172037679612e+00
4.360746720484359074e+00
4.208926875593542505e+00
4.300281954887218205e+00
4.341404358353511128e+00
4.382121807465618524e+00
4.229406130268198893e+00
4.317557974443918312e+00
4.427443237907206175e+00
4.422087745839636597e+00
4.405840886203423956e+00
4.322025565388397439e+00
4.354854368932039144e+00
4.427010923535252829e+00
4.408112168252378282e+00
4.249397009165460481e+00
4.294311236483309813e+00
4.219069767441860463e+00
4.510980966325036867e+00
4.494813278008298774e+00
4.402735562310030382e+00
4.312895377128953989e+00
4.343434343434343425e+00
4.299033816425120946e+00
4.372758119243819408e+00
4.349852796859666526e+00
4.334469328140214017e+00
4.428925210500247900e+00
4.257766990291262488e+00
4.362721609966459191e+00
4.379753086419753139e+00
4.465116279069767380e+00
4.346887550200802863e+00
4.514227642276423147e+00
4.303472571716154604e+00
4.309317963496638093e+00
4.429137760158572412e+00
4.272369714847591204e+00
4.322611617858857613e+00
4.388177339901477403e+00
4.450025367833586820e+00
4.427692307692307594e+00
4.274827925270403561e+00
4.346228239845260966e+00
4.404572564612325714e+00
4.283472290338401045e+00
4.187238006520726863e+00
4.369627507163324154e+00
4.333827160493827435e+00
4.352507374631268355e+00
4.451596553471870443e+00
4.253952569169960896e+00
4.441161989167897950e+00
4.301896207584830378e+00
4.328147788040836552e+00
4.374072241464621591e+00
4.241396025206010556e+00
4.341018251681076023e+00
4.383432539682539542e+00
4.335317460317460458e+00
4.388363998010939682e+00
4.294436238306253095e+00
4.265804597701149170e+00
4.294089380105718057e+00
4.251795117280996017e+00
4.447657028913260646e+00
4.157149829184968226e+00
4.319621749408983469e+00
4.443882709807886577e+00
4.334177215189873422e+00
4.401404917210236079e+00
4.402643619725470359e+00
4.210398445092322639e+00
4.344380403458213635e+00
4.454037582529202233e+00
4.409371781668383505e+00
4.358481012658227627e+00
4.355177588794397536e+00
4.288801571709234040e+00
4.237044145873320566e+00
4.408798813643103998e+00
4.455584415584415758e+00
4.233565737051792510e+00
4.391474767270945989e+00
4.248157248157248489e+00
4.388535031847133894e+00
4.385274836106908936e+00
4.183830606352262116e+00
4.420388349514563053e+00
4.414571575166752027e+00
4.438722966014418070e+00
4.436757872999483432e+00
4.353238866396760720e+00
4.237796036732721205e+00
4.397949218750000000e+00
4.225242718446602375e+00
4.394057476863126865e+00
4.296828543111992360e+00
4.307132459970888227e+00
4.372150644202180025e+00
4.345827086456771404e+00
4.497693490517683301e+00
4.485232067510548148e+00
4.532695374800638000e+00
4.398539384454877244e+00
4.524675324675325072e+00
4.390899689762150615e+00
4.245503159941662830e+00
4.308095238095238422e+00
4.186177715091678131e+00
4.366364935683658466e+00
4.276803118908381940e+00
4.366423357664233507e+00
4.353846153846153477e+00
4.270782693242586525e+00
4.460349127182045237e+00
4.321356275303643635e+00
4.307278944797264586e+00
4.429859719438877796e+00
4.206777996070726999e+00
4.392233009708737868e+00
4.231784841075795001e+00
4.270425226946966468e+00
4.403185664509706498e+00
4.395061728395061706e+00
4.404113110539845444e+00
4.338078291814946752e+00
4.524726704841228297e+00
4.401165871754106895e+00
4.186732186732187166e+00
4.456087824351297577e+00
4.485851575013347414e+00
4.523783783783783541e+00
4.243877551020408312e+00
4.226666666666666572e+00
4.422542204568023827e+00
4.496292372881355526e+00
4.475629351901446285e+00
4.320598864223025082e+00
4.401826484018265262e+00
4.312024353120243347e+00
4.414038657171922786e+00
4.213253612356750999e+00
4.355555555555555181e+00
4.241654210264075964e+00
4.338133068520357405e+00
4.295295295295295190e+00
4.276438760452533572e+00
4.418686868686868330e+00
4.372619660319093882e+00
4.410374935798664353e+00
4.461578947368421311e+00
4.325975359342915993e+00
4.306203473945409144e+00
4.404942007060010489e+00
4.303245436105476607e+00
4.227338826951042350e+00
4.482584553255930970e+00
4.374085684430512266e+00
4.425269645608628899e+00
4.396899224806201545e+00
4.454924439812402603e+00
4.181727904667329021e+00
4.470294558162756005e+00
4.335056876938986115e+00
4.384458077709611601e+00
4.344951307022039799e+00
4.296389167502507433e+00
4.475155279503105987e+00
4.367593078133193529e+00
4.301763224181359924e+00
4.331013916500993766e+00
4.427473090722706672e+00
4.260979303382129935e+00
4.540051679586563083e+00
4.428724544480171055e+00
4.275792652239557512e+00
4.282862706913340034e+00
4.236829386176896861e+00
4.324046920821114526e+00
4.446830265848670471e+00
4.248621553884711410e+00
4.215135649690623154e+00
4.420922161626177349e+00
4.290973272818961348e+00
4.372069825436408763e+00
4.301048427358961312e+00
4.371614844533600497e+00
4.370483460559796640e+00
4.455775234131113649e+00
4.220543806646525731e+00
4.325524646168863008e+00
4.502604166666666963e+00
4.544262295081967551e+00
4.423819742489270013e+00
4.299695740365111263e+00
4.338814150473343290e+00
4.485995850622406245e+00
4.312082262210797268e+00
4.316964285714285587e+00
4.585263157894736707e+00
4.350237717908082224e+00
4.331340308918783855e+00
4.360860860860860555e+00
4.357539082198688796e+00
4.391282311201216260e+00
4.421134020618556981e+00
4.175343811394891524e+00
4.311270983213429275e+00
4.272950417280314106e+00
4.395104895104894993e+00
4.318686868686868685e+00
4.198072289156626447e+00
4.311931001437470101e+00
4.583812010443864438e+00
4.328083989501312345e+00
4.248171623598245183e+00
4.173031588873173270e+00
4.538928210313447842e+00
4.117941029485256976e+00
4.434486117876278222e+00
4.258421317244846627e+00
4.306790425012213319e+00
4.190225203641590568e+00
4.380213385063045806e+00
4.231486022560078553e+00
4.469469469469469658e+00
4.513038850452367967e+00
4.401467505241090095e+00
4.399179066187788756e+00
4.374298827129015521e+00
4.570822281167108869e+00
4.336125654450261990e+00
4.304518664047151333e+00
4.386454183266931928e+00
4.125656951743907896e+00
4.379589890319503631e+00
4.447707367336424689e+00
4.316998468606431771e+00
4.229388942774005677e+00
4.478370221327967471e+00
4.432661717921527078e+00
4.479111581173982337e+00
4.426842105263157912e+00
4.416190970420342587e+00
4.630411255411255311e+00
4.403338718362951099e+00
4.293824701195219085e+00
4.229296314025849490e+00
4.437037037037036669e+00
4.500524658971668757e+00
4.418834547346514263e+00
4.354009077155824414e+00
4.452658227848100836e+00
4.402251791197543618e+00
4.299306243805748551e+00
4.314671814671815042e+00
4.392892398815400057e+00
4.360557768924302913e+00
4.488549618320610612e+00
4.294999999999999929e+00
4.284688995215311103e+00
4.361960213488598193e+00
4.314215686274510020e+00
4.297923708353452277e+00
4.447694595934556183e+00
4.317279046673286658e+00
4.437313432835821025e+00
4.365374937091091923e+00
4.365756823821340227e+00
4.311764705882352722e+00
4.450725362681340336e+00
4.246798029556650533e+00
4.327098321342925935e+00
4.385607940446649700e+00
4.268495835374816139e+00
4.227380388441496883e+00
4.614008179959100175e+00
4.356388595564942179e+00
4.363500000000000156e+00
4.328528827037773752e+00
4.301470588235294379e+00
4.533572526909277478e+00
4.207831325301205183e+00
4.215861098076020497e+00
4.425615763546797865e+00
4.389969293756396773e+00
4.142377756471716133e+00
4.300046882325363029e+00
4.420841683366733221e+00
4.436175710594315369e+00
4.432558139534883423e+00
4.318847902981303832e+00
4.250728862973760513e+00
4.344928956393924402e+00
4.447516641065027976e+00
4.346803069053708057e+00
4.278761061946902977e+00
4.270048309178744006e+00
4.328606356968214719e+00
4.356356356356356763e+00
4.183614457831325240e+00
4.312232270347453600e+00
4.295354523227383758e+00
4.277453838678328069e+00
4.323069403714565162e+00
4.305309734513274478e+00
4.330058939096267601e+00
4.335477486392874447e+00
4.413602015113349708e+00
4.399387129724208201e+00
4.434203789042499011e+00
4.304565980933266367e+00
4.490890688259109531e+00
4.344354018311292087e+00
4.430877901109989914e+00
4.363820111167256321e+00
4.354631005448241332e+00
4.342377898371978517e+00
4.314551690347868451e+00
4.371189773844641024e+00
4.323456790123456628e+00
4.241362763915547340e+00
4.420432220039292481e+00
4.414534288638689574e+00
4.331491712707181918e+00
4.385114885114885119e+00
4.338176352705410466e+00
4.465199590583418754e+00
4.263979848866498834e+00
4.479555779909136781e+00
4.307102708226877574e+00
4.229618909792571380e+00
4.349415204678362734e+00
4.232342912810521440e+00
4.458354114713216632e+00
4.305145185939887931e+00
4.368131868131867712e+00
4.524134312696746818e+00
4.274590163934425924e+00
4.283639883833494366e+00
4.287512100677638216e+00
4.382105783489866901e+00
4.353088900050225973e+00
4.434077079107504815e+00
4.274950099800399528e+00
4.453406813627254657e+00
4.315949367088607325e+00
4.406109163745618673e+00
4.334846192637417772e+00
4.433417721518987165e+00
4.270541082164328373e+00
4.330708661417323135e+00
4.415816326530611846e+00
4.401758014477766601e+00
4.155382367267413279e+00
4.369816779170684562e+00
4.282025819265143696e+00
4.309955860716037535e+00
4.334489593657086637e+00
4.356178089044521862e+00
4.468976215098241944e+00
4.234673366834170949e+00
4.372848007870143050e+00
4.472265422498703735e+00
4.494399999999999729e+00
4.311475409836065253e+00
4.575836820083681644e+00
4.356802541026998377e+00
4.373420919656392236e+00
4.357214934409687324e+00
4.481691593604950619e+00
4.368611254517294817e+00
4.527386541471048353e+00
4.337500000000000355e+00
4.433367243133265134e+00
4.301210898082744372e+00
4.481122448979592221e+00
4.340041279669762275e+00
4.370967741935483986e+00
4.265012406947890966e+00
4.273213417598443975e+00
4.346495557749259220e+00
4.402129817444219384e+00
4.351570415400202840e+00
4.314427860696517847e+00
4.360615079365079083e+00
4.280355380059230441e+00
4.382936507936507908e+00
4.286422200198216181e+00
4.283711938134364239e+00
4.388007928642220001e+00
4.380808080808081151e+00
4.255539143279173153e+00
4.340508806262231012e+00
4.301532377656944739e+00
4.443544303797468231e+00
4.410973084886128603e+00
4.418125643666323654e+00
4.381025641025640738e+00
4.574377977766014070e+00
4.466234467855213275e+00
4.308905852417303173e+00
4.304176904176904017e+00
4.275559883154819829e+00
4.460838807478524792e+00
4.275844679778113999e+00
4.357072691552063226e+00
4.351703406813626884e+00
4.309099901088031537e+00
4.392500000000000071e+00
4.279960218796619031e+00
4.453125000000000000e+00
4.295247724974721848e+00
4.237247353224254276e+00
4.356479217603911991e+00
4.355421686746987930e+00
4.144015259895088121e+00
4.226135310472660223e+00
4.219500706547338886e+00
4.296508847441415924e+00
4.283836416747809572e+00
4.472405063291139626e+00
4.398645127670661736e+00
4.285286783042393743e+00
4.456433637284701099e+00
4.381026438569207038e+00
4.342078708375378682e+00
4.384343434343434431e+00
4.352612886859462016e+00
4.509119332985930484e+00
4.310754912099276304e+00
4.420333839150227817e+00
4.380976863753213379e+00
4.556962025316456000e+00
4.294938016528925928e+00
4.384691848906560274e+00
4.252595155709342656e+00
4.347290640394088967e+00
4.389537836465210674e+00
4.319514661274014067e+00
4.420030659172202725e+00
4.320696721311475308e+00
4.408371618172536976e+00
4.400000000000000355e+00
4.408311688311687959e+00
4.396265560165975472e+00
4.374034003091190392e+00
4.278557114228457081e+00
4.368922305764410652e+00
4.390520350334878863e+00
4.467477525118984438e+00
4.224707676664971601e+00
4.333660933660933523e+00
4.350531107738998315e+00
4.485564304461941987e+00
4.428418803418803229e+00
4.639734366353071238e+00
4.224867724867724661e+00
4.257295719844358395e+00
4.420223577235772083e+00
4.444326617179215511e+00
4.408755274261602963e+00
4.460763520678685090e+00
4.188793538616859990e+00
4.472194135490394018e+00
4.250384812724473882e+00
4.391019172552976357e+00
4.484574468085106069e+00
4.295005202913631415e+00
4.460546673543063001e+00
4.398099260823653545e+00
4.393135725429017313e+00
4.391575663026521248e+00
4.278172588832487300e+00
4.364871665827881664e+00
4.339303991811668482e+00
4.239303482587065020e+00
4.314484126984127421e+00
4.549679487179487225e+00
4.432030820033021179e+00
4.374009508716323325e+00
4.270971021860701988e+00
4.459109730848861197e+00
4.372809346787041918e+00
4.411546610169491345e+00
4.316310578426263866e+00
4.459162303664921723e+00
4.348788198103267000e+00
4.329580348004093970e+00
4.445669291338582241e+00
4.203957382039574142e+00
4.230769230769230838e+00
4.188968824940047853e+00
4.314705882352940947e+00
4.380952380952381375e+00
4.281868969019806848e+00
4.623250807319698730e+00
4.406440866185452165e+00
4.342379958246346483e+00
4.281882591093117085e+00
4.426212590299277494e+00
4.254254770500257798e+00
4.376020408163265429e+00
4.291302110138960124e+00
4.382352941176471006e+00
4.391534391534391624e+00
4.418085106382978466e+00
4.231832139201637588e+00
4.448205128205128034e+00
4.225280326197757397e+00
4.356321839080459668e+00
4.282818043588443757e+00
4.415463917525773496e+00
4.488069414316703032e+00
4.382305630026809951e+00
4.322846828261990737e+00
4.386880165289256617e+00
4.339563862928349280e+00
4.370427614631632984e+00
4.417277486910994533e+00
4.279608650875386111e+00
4.360488798370671937e+00
4.256332320162107052e+00
4.429602888086642487e+00
4.283195020746887849e+00
4.491062039957938623e+00
4.406368051807879382e+00
4.291967044284243471e+00
4.343002544529261932e+00
4.304192229038855011e+00
4.300405268490375299e+00
4.379844961240309864e+00
4.338013520540821233e+00
4.396147839666840085e+00
4.316442605997932169e+00
4.323170731707317138e+00
4.281376518218623417e+00
4.264837905236907645e+00
4.432904884318766392e+00
4.322580645161290036e+00
4.447230929989550496e+00
4.433870967741935232e+00
4.233944954128440408e+00
4.298124383020730299e+00
4.218181818181817810e+00
4.226524685382381463e+00
4.381048387096774022e+00
4.297242083758937348e+00
4.369675456389452428e+00
4.287158746208291404e+00
4.244237371260421554e+00
4.302165354330708347e+00
4.377032520325203180e+00
4.341525857654890075e+00
4.238308457711442934e+00
4.267674305216967667e+00
4.383919597989949679e+00
4.276853252647503822e+00
4.317821782178217660e+00
4.340863453815260620e+00
4.424756034925526826e+00
4.365046535677352679e+00
4.484514435695538204e+00
4.225280326197757397e+00
4.282788883471477348e+00
4.392097264437690107e+00
4.335212711430036059e+00
4.248758689175769376e+00
4.281724644781969680e+00
4.398682877406281833e+00
4.254527162977867150e+00
4.286414909269249840e+00
4.374874371859296396e+00
4.217562900838677464e+00
4.530612244897959329e+00
4.390334572490706577e+00
4.477415966386554480e+00
4.286805909322465524e+00
4.457344775365976730e+00
4.322613578356304664e+00
4.344793223716990838e+00
4.397553516819572295e+00
4.336901121304791218e+00
4.243722304283604529e+00
4.374626865671642051e+00
4.361593462717058500e+00
4.205492888670916862e+00
4.467303822937625846e+00
4.366579634464751614e+00
4.275174476570288817e+00
4.272771553823672797e+00
4.251941747572815622e+00
4.348019801980197663e+00
4.388181355068772049e+00
4.394032921810699932e+00
4.361550229474757678e+00
4.257043994068215653e+00
4.286821705426356210e+00
4.344554455445544860e+00
4.414882772680937428e+00
4.245264207377866583e+00
4.216125954198473025e+00
4.323970944309927233e+00
4.250610649731314084e+00
4.460293373798684513e+00
4.337648886587260222e+00
4.398776134625190792e+00
4.284130982367758023e+00
4.333167825223435798e+00
4.452723535457348447e+00
4.241188318227592902e+00
4.437813440320963032e+00
4.355188435725348306e+00
4.253590886577513608e+00
4.290873596876525475e+00
4.419828022255943623e+00
4.282751643904906480e+00
4.349726775956284541e+00
4.238820638820638642e+00
4.191943127962085569e+00
