1.000000000000000000e+00
5.555555555555555358e+00
1.153846153846153832e+01
1.059782608695652151e+01
1.140024783147459786e+01
1.187777777777777821e+01
1.151685393258427048e+01
1.176880222841225709e+01
1.222928994082840148e+01
1.215313935681470170e+01
1.101793103448275879e+01
1.204644808743169371e+01
1.250542635658914747e+01
1.185060975609756184e+01
1.143096234309623505e+01
1.241751824817518290e+01
1.259324758842443792e+01
1.232319999999999993e+01
1.117471590909090828e+01
1.120310478654592501e+01
1.225884016973125945e+01
1.179613095238095255e+01
1.163418079096045155e+01
1.209696092619392260e+01
1.143465909090909172e+01
1.245175438596491269e+01
1.149852941176470544e+01
1.228654124457308328e+01
1.144092219020172863e+01
1.211806543385490720e+01
1.151936872309899584e+01
1.169709543568464660e+01
1.188571428571428612e+01
1.270451010886469589e+01
1.219648562300319483e+01
1.152318840579710191e+01
1.145912806539509532e+01
1.211318051575931243e+01
1.305872756933115753e+01
1.239732888146911449e+01
1.151840942562592041e+01
1.194184397163120614e+01
1.208456973293768577e+01
1.219999999999999929e+01
1.220520673813170021e+01
1.186438152011922575e+01
1.211424332344213717e+01
1.226533742331288401e+01
1.289559543230016381e+01
1.157910906298003084e+01
1.204878048780487809e+01
1.180701754385964897e+01
1.258320610687022878e+01
1.176747720364741667e+01
1.187356321839080486e+01
1.231831831831831892e+01
1.238184663536776142e+01
1.217283950617284027e+01
1.159393063583815042e+01
1.147138964577656672e+01
1.143741588156123790e+01
1.196363636363636296e+01
1.147538677918424810e+01
1.210384068278805181e+01
1.207772795216741457e+01
1.145609065155807293e+01
1.184561891515994425e+01
1.277484472049689401e+01
1.170353302611367141e+01
1.188017118402282435e+01
1.104172274562584199e+01
1.126947637292464854e+01
1.245389048991354386e+01
1.092189679218967946e+01
1.119196988707653695e+01
1.179539295392953946e+01
1.171732954545454497e+01
1.170621468926553632e+01
1.206831395348837255e+01
1.165606936416184958e+01
1.210144927536231840e+01
1.167005813953488413e+01
1.143818681318681385e+01
1.164569083447332432e+01
1.189871611982881561e+01
1.170773638968481301e+01
1.168398876404494402e+01
1.156865464632454987e+01
1.294009216589861744e+01
1.151676829268292757e+01
1.196897038081805320e+01
1.200439882697947169e+01
1.126068965517241338e+01
1.157313829787234027e+01
1.158219178082191725e+01
1.111300919842312673e+01
1.231188811188811272e+01
1.163049853372434050e+01
1.193475177304964596e+01
1.172039942938659074e+01
1.169230769230769162e+01
1.213005780346820828e+01
1.194534711964549523e+01
1.136376210235131445e+01
1.236532951289398241e+01
1.222530864197530853e+01
1.294184168012924019e+01
1.123476968796433795e+01
1.231400282885431352e+01
1.208854961832061115e+01
1.189644970414201097e+01
1.210962962962963019e+01
1.225190839694656475e+01
1.215490797546012303e+01
1.211212121212121140e+01
1.139346590909090828e+01
1.295592705167173264e+01
1.275850340136054406e+01
1.247626841243862472e+01
1.185996955859969582e+01
1.210029498525073777e+01
1.163820549927641146e+01
1.136141304347826164e+01
1.225358166189111664e+01
1.218335901386748787e+01
1.191891891891891930e+01
1.139240506329113956e+01
1.134538152610441841e+01
1.168493150684931514e+01
1.216568914956011760e+01
1.157101449275362270e+01
1.185613540197461191e+01
1.228935532233882988e+01
1.211944869831546789e+01
1.278980891719745294e+01
1.177674418604651230e+01
1.193188405797101481e+01
1.273082942097026660e+01
1.233171521035598772e+01
1.220807453416149002e+01
1.198793363499245856e+01
1.162068965517241459e+01
1.152209944751381165e+01
1.202853067047075619e+01
1.165512265512265522e+01
1.158611111111111036e+01
1.114893617021276562e+01
1.137597911227154057e+01
1.207648725212464669e+01
1.183751846381093031e+01
1.194598540145985410e+01
1.107366984993178782e+01
1.223743016759776481e+01
1.261783439490445780e+01
1.177794793261868378e+01
1.197238372093023173e+01
1.198670605612998585e+01
1.197193500738552352e+01
1.139466292134831527e+01
1.169135802469135754e+01
1.165168539325842723e+01
1.133697135061391492e+01
1.158130081300813075e+01
1.209393063583815042e+01
1.245341614906832284e+01
1.100000000000000000e+01
1.243785310734463323e+01
1.172891566265060170e+01
1.104005340453938544e+01
1.163395225464191007e+01
1.145942228335625934e+01
1.163911845730027572e+01
1.225553914327917227e+01
1.147016011644832645e+01
1.117771883289124624e+01
1.209523809523809490e+01
1.168128654970760216e+01
1.183261802575107247e+01
1.260896445131375643e+01
1.166463414634146289e+01
1.176529160739687008e+01
1.151472650771388473e+01
1.140544217687074813e+01
1.291450381679389281e+01
1.131013615733736799e+01
1.116753926701570698e+01
1.294011976047904255e+01
1.169701726844584044e+01
1.180686695278969900e+01
1.131077348066298427e+01
1.119790301441677549e+01
1.216056338028169037e+01
1.258003169572107716e+01
1.231781701444622712e+01
1.262218649517684810e+01
1.181076923076923002e+01
1.195335276967930049e+01
1.183211678832116753e+01
1.129379310344827658e+01
1.198461538461538467e+01
1.257009345794392452e+01
1.189026275115919695e+01
1.219969969969969981e+01
1.183682634730539007e+01
1.209050445103857641e+01
1.200000000000000000e+01
1.206756756756756843e+01
1.132011331444759250e+01
1.200564174894217295e+01
1.218264840182648356e+01
1.107584269662921272e+01
1.170080862533692745e+01
1.233283358320839618e+01
1.226216640502354771e+01
1.138350217076700410e+01
1.210586552217453438e+01
1.217251908396946547e+01
1.203951367781155035e+01
1.156502890173410414e+01
1.243432835820895477e+01
1.245893719806763222e+01
1.213700787401574743e+01
1.226552795031055965e+01
1.209287925696594357e+01
1.306919275123558499e+01
1.147187500000000071e+01
1.244427934621099574e+01
1.174124809741248043e+01
1.219581464872944743e+01
1.209049079754601230e+01
1.168135095447870775e+01
1.206304985337243352e+01
1.173893805309734439e+01
1.209023668639053284e+01
1.154227405247813465e+01
1.193515850144092205e+01
1.174008810572687267e+01
1.137675070028011248e+01
1.201001430615164445e+01
1.223846153846153761e+01
1.181240544629349465e+01
1.139662447257383882e+01
1.199000000000000021e+01
1.169692532942898922e+01
1.295569620253164622e+01
1.147196261682242913e+01
1.278648233486943120e+01
1.241293532338308481e+01
1.193643410852713238e+01
1.146351931330472063e+01
1.159109874826147468e+01
1.152447552447552503e+01
1.108433734939758963e+01
1.267794117647058805e+01
1.203030303030303116e+01
1.274638844301765594e+01
1.251585976627712782e+01
1.104775687409551388e+01
1.194889502762431022e+01
1.156295224312590442e+01
1.217551622418879020e+01
1.183963691376701988e+01
1.217700453857791310e+01
1.224569640062597742e+01
1.272786885245901622e+01
1.264516129032258007e+01
1.140396341463414664e+01
1.202031930333817122e+01
1.224922118380062308e+01
1.226073131955484818e+01
1.250323624595469241e+01
1.177484472049689401e+01
1.156896551724137900e+01
1.172246065808297644e+01
1.191605301914580295e+01
1.163702623906705469e+01
1.175827338129496447e+01
1.197925925925925839e+01
1.169558823529411740e+01
1.314677419354838683e+01
1.173948220064724879e+01
1.292993630573248431e+01
1.252380952380952372e+01
1.157382039573820443e+01
1.208516886930983780e+01
1.305804311774461013e+01
1.147559055118110294e+01
1.162885154061624604e+01
1.213481481481481516e+01
1.222395023328149222e+01
1.159286775631500710e+01
1.194614264919941782e+01
1.151156069364161816e+01
1.260365853658536572e+01
1.128422619047618980e+01
1.219136690647482091e+01
1.162555720653788960e+01
1.255657492354739979e+01
1.239804241435562737e+01
1.164848484848484844e+01
1.304140127388535042e+01
1.131627906976744136e+01
1.192482269503546100e+01
1.272567783094098814e+01
1.148079877112135172e+01
1.188952654232424599e+01
1.227718223583461032e+01
1.126560232220609592e+01
1.133557046979865746e+01
1.196148359486447887e+01
1.181492537313432756e+01
1.226493108728943326e+01
1.160751879699248157e+01
1.164907275320970115e+01
1.131484049930651814e+01
1.148016415868672979e+01
1.172096317280453270e+01
1.251777434312210247e+01
1.222668810289389008e+01
1.200769230769230766e+01
1.174741506646971878e+01
1.288589540412044343e+01
1.199676375404530759e+01
1.184101040118870785e+01
1.199702823179791977e+01
1.202413273001508287e+01
1.212500000000000000e+01
1.136311239193083544e+01
1.222998544395924370e+01
1.175150602409638623e+01
1.247692307692307701e+01
1.254844006568144543e+01
1.188871473354232045e+01
1.206766917293233021e+01
1.166224188790560490e+01
1.147058823529411775e+01
1.158970792767732938e+01
1.148885793871866312e+01
1.249624060150375904e+01
1.204409448818897665e+01
1.171828908554572202e+01
1.164621968616262571e+01
1.254351145038167914e+01
1.144894894894894932e+01
1.201580459770115006e+01
1.172980910425844314e+01
1.089880159786950742e+01
1.217630853994490359e+01
1.173848439821693823e+01
1.211816838995568624e+01
1.269218500797448179e+01
1.138772455089820390e+01
1.207977207977207890e+01
1.217530487804878092e+01
1.198187311178247683e+01
1.191420118343195256e+01
1.199703703703703717e+01
1.283253588516746468e+01
1.178996865203761679e+01
1.183502170767004280e+01
1.215671641791044699e+01
1.207469512195121908e+01
1.147694524495677193e+01
1.204454022988505812e+01
1.208497723823975711e+01
1.242879499217527339e+01
1.222503961965134778e+01
1.177477477477477485e+01
1.107462686567164134e+01
1.109846547314577947e+01
1.218617771509167902e+01
1.197869101978690942e+01
1.196412556053811649e+01
1.159044862518089758e+01
1.157563025210084007e+01
1.131241473396998565e+01
1.195639943741209521e+01
1.232515337423312829e+01
1.175867269984917129e+01
1.167999999999999972e+01
1.178366762177650351e+01
1.175648414985590762e+01
1.167285714285714349e+01
1.153221288515406151e+01
1.247904191616766489e+01
1.214849921011058420e+01
1.218798151001540830e+01
1.206116207951070329e+01
1.192376681614349820e+01
1.144886363636363669e+01
1.165048543689320404e+01
1.228464977645305467e+01
1.176957831325301207e+01
1.199705882352941089e+01
1.155122655122655040e+01
1.171267605633802766e+01
1.180403458213256407e+01
1.231259484066767840e+01
1.177307110438729154e+01
1.237595129375951331e+01
1.109756097560975618e+01
1.175306957708049183e+01
1.217065868263473050e+01
1.199236641221374100e+01
1.206212121212121247e+01
1.229192546583850998e+01
1.210452418096723903e+01
1.123428571428571487e+01
1.091119691119691204e+01
1.110165184243964376e+01
1.272148148148148117e+01
1.216558441558441572e+01
1.138921282798833801e+01
1.157558945908460402e+01
1.242598187311178215e+01
1.148131539611360274e+01
1.130204081632652979e+01
1.228633720930232620e+01
1.147562776957163955e+01
1.182596291012838741e+01
1.223287671232876761e+01
1.222641509433962348e+01
1.148230088495575174e+01
1.292211838006230451e+01
1.225913621262458442e+01
1.140175953079178939e+01
1.179213483146067354e+01
1.156776034236804485e+01
1.105213903743315562e+01
1.219154929577464763e+01
1.198929663608562635e+01
1.258293838862559255e+01
1.151745068285280738e+01
1.261187214611872065e+01
1.199208860759493689e+01
1.101933701657458542e+01
1.214405594405594435e+01
1.173174366616989595e+01
1.151909476661951892e+01
1.257727272727272805e+01
1.067226890756302460e+01
1.205227882037533504e+01
1.216183206106870252e+01
1.213846153846153797e+01
1.223183925811437334e+01
1.164836795252225521e+01
1.210735294117647065e+01
1.238967136150234793e+01
1.193672839506172778e+01
1.200000000000000000e+01
1.142693409742120281e+01
1.203448275862069039e+01
1.250235478806907352e+01
1.174119448698315438e+01
1.206065088757396531e+01
1.178222222222222193e+01
1.219790104947526288e+01
1.216692426584234887e+01
1.144702467343976693e+01
1.130904183535762542e+01
1.224132947976878683e+01
1.233280757097791813e+01
1.179483282674772049e+01
1.204754829123328363e+01
1.186077844311377305e+01
1.158129496402877656e+01
1.225222551928783332e+01
1.212422360248447184e+01
1.262980769230769162e+01
1.211359999999999992e+01
1.198936170212765973e+01
1.121156558533145287e+01
1.241167883211678813e+01
1.168237082066869270e+01
1.211703703703703638e+01
1.200914634146341520e+01
1.162134502923976598e+01
1.157605633802816847e+01
1.116531165311653062e+01
1.203813559322033910e+01
1.148401162790697683e+01
1.172662889518413643e+01
1.233181126331811228e+01
1.220411392405063289e+01
1.189770992366412194e+01
1.188261515601783103e+01
1.176651982378854555e+01
1.173623188405797180e+01
1.190909090909090828e+01
1.199401197604790426e+01
1.195045045045045029e+01
1.182962962962962905e+01
1.186764705882352899e+01
1.179355783308931116e+01
1.222171945701357387e+01
1.196784073506891311e+01
1.123281907433380056e+01
1.229394812680115301e+01
1.180181543116490239e+01
1.190629575402635432e+01
1.116643550624133141e+01
1.197071129707113002e+01
1.148923959827833485e+01
1.233234859675036965e+01
1.197842835130970762e+01
1.252812499999999929e+01
1.161666666666666714e+01
1.228231797919762336e+01
1.202615384615384642e+01
1.157474600870827253e+01
1.184692417739628034e+01
1.169740634005763624e+01
1.194468704512372703e+01
1.170906432748538073e+01
1.166333808844507836e+01
1.215578635014836806e+01
1.135786435786435788e+01
1.241445427728613637e+01
1.133578792341678998e+01
1.160275862068965580e+01
1.204692082111436946e+01
1.186917293233082660e+01
1.277033492822966565e+01
1.173228346456692961e+01
1.147450424929178503e+01
1.195670995670995751e+01
1.218586789554531435e+01
1.147197640117994055e+01
1.139118457300275544e+01
1.227031019202363282e+01
1.170561456752655616e+01
1.143281471004243244e+01
1.180456490727532071e+01
1.148132183908045967e+01
1.184704184704184726e+01
1.128085106382978786e+01
1.147802197802197810e+01
1.243353474320241681e+01
1.269449081803005086e+01
1.175236593059936929e+01
1.199552906110283246e+01
1.179104477611940283e+01
1.171720116618075735e+01
1.192500000000000071e+01
1.191467065868263475e+01
1.142632331902718157e+01
1.162011173184357560e+01
1.149578651685393282e+01
1.187106017191977081e+01
1.254218750000000071e+01
1.143975903614457756e+01
1.217690058479532134e+01
1.196937212863706002e+01
1.175480059084194906e+01
1.142112676056338039e+01
1.156033287101248241e+01
1.133931034482758626e+01
1.180649717514124220e+01
1.248211508553654703e+01
1.149090909090909030e+01
1.222041420118343247e+01
1.221193092621664000e+01
1.166866566716641707e+01
1.263100775193798420e+01
1.138275340393343349e+01
1.182178217821782162e+01
1.103150684931506831e+01
1.179399727148704002e+01
1.181605839416058323e+01
1.180583941605839371e+01
1.150354609929078009e+01
1.209288824383163963e+01
1.130428571428571516e+01
1.169709543568464660e+01
1.197657393850658814e+01
1.223277182235834637e+01
1.199846625766871178e+01
1.220336391437308876e+01
1.164391691394658679e+01
1.151117318435754200e+01
1.212936046511627985e+01
1.174222222222222278e+01
1.153314527503526143e+01
1.192274678111587960e+01
1.242989214175654844e+01
1.144903988183160948e+01
1.123262032085561479e+01
1.235693641618497196e+01
1.237360890302066707e+01
1.230331753554502328e+01
1.138808139534883779e+01
1.263880597014925300e+01
1.299829642248722372e+01
1.272991452991452910e+01
1.199211356466877021e+01
1.266562009419152268e+01
1.163013698630136972e+01
1.186324786324786373e+01
1.205621301775147991e+01
1.176099706744868101e+01
1.189595375722543302e+01
1.215097159940209259e+01
1.157787481804949081e+01
1.206936416184971073e+01
1.190356083086053474e+01
1.263664596273291885e+01
1.137388724035608334e+01
1.186490250696378901e+01
1.133425797503467436e+01
1.218116975748930031e+01
1.157288629737609398e+01
1.272865853658536572e+01
1.208121019108280336e+01
1.168128654970760216e+01
1.190201729106628292e+01
1.144209039548022666e+01
1.243805309734513287e+01
1.261102106969205749e+01
1.139111111111111185e+01
1.200845070422535166e+01
1.122392211404728712e+01
1.165317139001349567e+01
1.192959770114942586e+01
1.157407407407407440e+01
1.154068965517241452e+01
1.181690140845070403e+01
1.187971014492753596e+01
1.249388379204892985e+01
1.196764252696456055e+01
1.253023255813953440e+01
1.166616314199395710e+01
1.194244604316546798e+01
1.140870786516853919e+01
1.214428571428571502e+01
1.172099853157121885e+01
1.185673352435530070e+01
1.195467836257309990e+01
1.266510172143974877e+01
1.231612903225806477e+01
1.297685950413223210e+01
1.097935103244837762e+01
1.233660589060308510e+01
1.107496463932107567e+01
1.219720279720279699e+01
1.207938931297709928e+01
1.203915662650602414e+01
1.183628318584070804e+01
1.206952662721893432e+01
1.200748502994012057e+01
1.208995502248875553e+01
1.236111111111111072e+01
1.260289389067524191e+01
1.171385083713850861e+01
1.190201729106628292e+01
1.156392045454545503e+01
1.163333333333333286e+01
1.206956521739130395e+01
1.213464447806354052e+01
1.180000000000000071e+01
1.098661311914323946e+01
1.109433962264150964e+01
1.161303191489361630e+01
1.178248587570621453e+01
1.221991084695393681e+01
1.149127906976744207e+01
1.175350140056022497e+01
1.204111600587371456e+01
1.155555555555555536e+01
1.196843615494978508e+01
1.183946980854197406e+01
1.139270687237026713e+01
1.234795321637426824e+01
1.131930333817126311e+01
1.181337047353760461e+01
1.208792846497764550e+01
1.246383647798742089e+01
1.198439937597503935e+01
1.249843749999999964e+01
1.167275494672754910e+01
1.201024890190336691e+01
1.113846153846153797e+01
1.246589259796806992e+01
1.170229007633587770e+01
1.206047197640118007e+01
1.174852071005917153e+01
1.120632737276478608e+01
1.083756345177664926e+01
1.197421981004070624e+01
1.172352941176470509e+01
1.174747474747474740e+01
1.144710860366713767e+01
1.205072463768116009e+01
1.221947449768160787e+01
1.188719512195121908e+01
1.223206106870228993e+01
1.184194528875379859e+01
1.157553956834532372e+01
1.153501400560224077e+01
1.153556485355648498e+01
1.143213296398891998e+01
1.173022598870056576e+01
1.298073836276083526e+01
1.172712680577849120e+01
1.238284839203675425e+01
1.157639939485627778e+01
1.218032786885245855e+01
1.179848484848484880e+01
1.177339181286549774e+01
1.237883435582822145e+01
1.211374407582938417e+01
1.237876386687797137e+01
1.111918604651162745e+01
1.194677871148459403e+01
1.141750358680057431e+01
1.223788546255506660e+01
1.108547008547008517e+01
1.150670241286863238e+01
1.212005856515373381e+01
1.160059171597633210e+01
1.094259012016021337e+01
1.240455840455840431e+01
1.241423948220064766e+01
1.150824587706146929e+01
1.200290275761973824e+01
1.216257668711656414e+01
1.164434523809523725e+01
1.241426403641881571e+01
1.205808477237048670e+01
1.188138138138138089e+01
1.258059467918622865e+01
1.139849624060150290e+01
1.149382716049382758e+01
1.156050069541029224e+01
1.143430152143845113e+01
1.262292609351432837e+01
1.124480712166172047e+01
1.180416666666666714e+01
1.168155619596541861e+01
1.202790014684287812e+01
1.192180451127819474e+01
1.234567901234567877e+01
1.137352941176470544e+01
1.185997171145685947e+01
1.251713395638629223e+01
1.163914373088685039e+01
1.168563300142247563e+01
1.157545839210155236e+01
1.169393511988716483e+01
1.233783783783783861e+01
1.102545968882602523e+01
1.171140939597315445e+01
1.304769475357710640e+01
1.156426332288401326e+01
1.184615384615384670e+01
1.215373134328358162e+01
1.261624203821656032e+01
1.236466774716369521e+01
1.207727975270479170e+01
1.170760233918128712e+01
1.105347593582887633e+01
1.165159574468085069e+01
1.225811209439527971e+01
1.160850439882698026e+01
1.179014084507042170e+01
1.253039513677811634e+01
1.223659305993690793e+01
1.187574850299401241e+01
1.126620689655172391e+01
1.110682110682110668e+01
1.237482319660537478e+01
1.158468335787923387e+01
1.185472496473906823e+01
1.178335724533715911e+01
1.242105263157894690e+01
1.214263565891472929e+01
1.227453987730061336e+01
1.184730538922155674e+01
1.158474576271186507e+01
1.183192090395480278e+01
1.152039381153305264e+01
1.163850415512465375e+01
1.201731601731601806e+01
1.203278688524590123e+01
1.212330827067669148e+01
1.163755458515283792e+01
1.149931034482758641e+01
1.251263001485884097e+01
1.249193548387096797e+01
1.208242612752721534e+01
1.170802919708029144e+01
1.285559006211180133e+01
1.257357859531772526e+01
1.150000000000000000e+01
1.206752873563218387e+01
1.199399399399399435e+01
1.226717557251908453e+01
1.181503759398496278e+01
1.139051603905160448e+01
1.243988269794721369e+01
1.161883408071748924e+01
1.148409405255878291e+01
1.141791044776119435e+01
1.229505813953488413e+01
1.149051094890510960e+01
1.186919831223628741e+01
1.158498583569405049e+01
1.168523676880222872e+01
1.222499999999999964e+01
1.187742899850523237e+01
1.169142857142857217e+01
1.251054216867469826e+01
1.192615384615384677e+01
1.077055702917771818e+01
1.153658536585365901e+01
1.161495844875346251e+01
1.305031446540880502e+01
1.215625000000000000e+01
1.206240487062404831e+01
1.213201820940819431e+01
1.231424148606811109e+01
1.181598793363499311e+01
1.236060606060606126e+01
1.155637982195845659e+01
1.151377410468319518e+01
1.202292263610315182e+01
1.216060606060606020e+01
1.196385542168674654e+01
1.150927246790299563e+01
1.092317708333333393e+01
1.193792172739541080e+01
1.141184767277856160e+01
1.181424581005586560e+01
1.211094674556212958e+01
1.219266055045871511e+01
1.124113475177304977e+01
1.268934911242603469e+01
1.100000000000000000e+01
1.185501355013550118e+01
1.161373390557939977e+01
1.227703703703703653e+01
1.179010494752623650e+01
1.196209912536443198e+01
1.194822485207100549e+01
1.227617602427921106e+01
1.221550387596899157e+01
1.161820851688693068e+01
1.201585014409221941e+01
1.255279503105590067e+01
1.177168949771689554e+01
1.174607703281027149e+01
1.224035608308605383e+01
1.176339285714285765e+01
1.149581005586592219e+01
1.098174706649282939e+01
1.201089918256130851e+01
1.231145038167938921e+01
1.215301391035548662e+01
1.143902439024390283e+01
1.237317784256559783e+01
1.114772727272727337e+01
1.186920980926430502e+01
1.242465753424657571e+01
1.250080256821829927e+01
1.159580838323353369e+01
1.214556040756914079e+01
1.283413848631239951e+01
1.144006069802731496e+01
1.237042459736456834e+01
1.074725274725274637e+01
1.235164835164835218e+01
1.181626506024096379e+01
1.172714285714285687e+01
1.221418020679468164e+01
1.146242774566474054e+01
1.125166444740346172e+01
1.218104667609618019e+01
1.195481927710843451e+01
1.166714697406340129e+01
1.108422459893048106e+01
1.229055007052186177e+01
1.196499238964992351e+01
1.198662704309063898e+01
1.201791044776119399e+01
1.227675840978593236e+01
1.140493468795355625e+01
1.215804597701149348e+01
1.204242424242424292e+01
1.114840499306518673e+01
1.226129943502824915e+01
1.149344978165938791e+01
1.274281391830559684e+01
1.131445603576751147e+01
1.210028248587570587e+01
1.223511450381679388e+01
1.226006191950464341e+01
1.081420765027322339e+01
1.195345744680851041e+01
1.230606060606060659e+01
1.194402420574886570e+01
1.189051094890510996e+01
1.129696132596685132e+01
1.182668500687757884e+01
1.142200557103064007e+01
1.200565770862800541e+01
1.187205882352941089e+01
1.177633477633477632e+01
1.131001371742112482e+01
1.143009320905459347e+01
1.217167381974248919e+01
1.215829528158295325e+01
1.137500000000000000e+01
1.141789052069425914e+01
1.137599999999999945e+01
1.157702702702702702e+01
1.163485477178423189e+01
1.194436519258202622e+01
1.168149210903873758e+01
1.182102272727272663e+01
1.141551246537396125e+01
1.195091164095371639e+01
1.168436154949784722e+01
1.177369165487977298e+01
1.191091954022988553e+01
1.260153846153846224e+01
1.160869565217391219e+01
1.233235724743777517e+01
1.169674556213017702e+01
1.274732006125574202e+01
1.260955518945634246e+01
1.286522462562395930e+01
1.211146496815286611e+01
1.179532163742690010e+01
1.204803493449781726e+01
1.218373493975903621e+01
1.160232220609579024e+01
1.130551816958277200e+01
1.247826086956521685e+01
1.239745627980922116e+01
1.158788774002954192e+01
1.165138888888888857e+01
1.253834586466165391e+01
1.186523736600306300e+01
1.198538011695906391e+01
1.184256559766763850e+01
1.167187500000000000e+01
1.168111888111888064e+01
1.128726287262872674e+01
1.226495726495726579e+01
1.160147058823529420e+01
1.198419540229884994e+01
1.200297619047618980e+01
1.204484304932735483e+01
1.160838150289017356e+01
1.220058565153733454e+01
1.165198237885462618e+01
1.132152588555858230e+01
1.242151162790697683e+01
1.232805071315372381e+01
1.244992050874403766e+01
1.145562130177514781e+01
1.176923076923077005e+01
1.160678925035360720e+01
1.207111756168360017e+01
1.198507462686567138e+01
1.270329670329670257e+01
1.183565891472868259e+01
1.201171303074670504e+01
1.193215339233038286e+01
1.140196078431372584e+01
1.221919770773638980e+01
1.269759999999999955e+01
1.175692307692307637e+01
1.207478005865102588e+01
1.219178082191780810e+01
1.232608695652173836e+01
1.167756315007429357e+01
1.197254335260115532e+01
1.182017543859649145e+01
1.160056657223796073e+01
1.123822341857335161e+01
1.260875912408759092e+01
1.133038348082595803e+01
1.131530343007915640e+01
1.251020408163265252e+01
1.216718750000000071e+01
1.150791366906474877e+01
1.186676016830294600e+01
1.087915006640106164e+01
1.197319034852546871e+01
1.195575221238938113e+01
1.195876288659793829e+01
1.190895741556534482e+01
1.211458333333333393e+01
1.177500000000000036e+01
1.156601123595505598e+01
1.209956709956709986e+01
1.153246753246753187e+01
1.043462017434620215e+01
1.235200000000000031e+01
1.216149068322981286e+01
1.139198855507868302e+01
1.184937238493723832e+01
1.182002902757619722e+01
1.259876543209876587e+01
1.141666666666666607e+01
1.176005547850208011e+01
1.182183908045976928e+01
1.184347826086956523e+01
1.238905775075987847e+01
1.203245749613601312e+01
1.188427299703264062e+01
1.107103825136612052e+01
1.136209150326797435e+01
1.123607427055702956e+01
1.273145400593471877e+01
1.146060606060606091e+01
1.255007473841554599e+01
1.235048231511254002e+01
1.176018099547511397e+01
1.174605451936872313e+01
1.172818311874105923e+01
1.109986504723346812e+01
1.167338709677419395e+01
1.151748251748251661e+01
1.220204978038067267e+01
1.267041800643086802e+01
1.098263386396526720e+01
1.136139896373057034e+01
1.168181818181818166e+01
1.164639321074964684e+01
1.136726272352132128e+01
1.174099722991689809e+01
1.243009118541033509e+01
1.101714285714285779e+01
1.152917771883289078e+01
1.181934566145092447e+01
1.272527472527472447e+01
1.154907975460122671e+01
1.107754010695187219e+01
1.200832177531206746e+01
1.239379844961240273e+01
1.276112026359143314e+01
1.137613293051359520e+01
1.170360110803324183e+01
1.135911602209944782e+01
1.251327433628318531e+01
1.208150470219435668e+01
1.211666666666666714e+01
1.241433021806853532e+01
1.252580645161290285e+01
1.126793557833089388e+01
1.163945578231292544e+01
1.214641288433382194e+01
1.202111613876319751e+01
1.115927977839335128e+01
1.154993342210386231e+01
1.137635869565217384e+01
1.185654596100278546e+01
1.197944199706314272e+01
1.161438848920863265e+01
1.231213017751479377e+01
1.111347517730496470e+01
1.146103038309114908e+01
1.169305555555555642e+01
1.195652173913043548e+01
1.125594405594405600e+01
1.147651006711409316e+01
1.166991643454039007e+01
1.169318181818181834e+01
1.202335766423357732e+01
1.243633540372670865e+01
1.200310077519379881e+01
1.158585858585858652e+01
1.142445054945054927e+01
1.174687065368567396e+01
1.193313953488372015e+01
1.265987460815047072e+01
1.234415584415584455e+01
1.200154083204930622e+01
1.120897615708274841e+01
1.231079136690647502e+01
1.206976744186046524e+01
1.131098430813124089e+01
1.211158798283261717e+01
1.217230769230769205e+01
1.182908545727136485e+01
1.209836065573770547e+01
1.170397643593519810e+01
1.174285714285714199e+01
1.135595567867036060e+01
1.144129554655870429e+01
1.152120383036935714e+01
1.175561797752808957e+01
1.237160120845921440e+01
1.202009273570324588e+01
1.138920454545454497e+01
1.161950549450549453e+01
1.145089903181189506e+01
1.215774240231548475e+01
1.210260336906585010e+01
1.190854572713643122e+01
1.217496229260935081e+01
1.185864661654135332e+01
1.220361990950226172e+01
1.248095238095238102e+01
1.284087102177554485e+01
1.194703049759229607e+01
1.215501519756838888e+01
1.291940789473684248e+01
1.194174757281553312e+01
1.186924219910847000e+01
1.111756569847856113e+01
1.210014104372355348e+01
1.123823109843081269e+01
1.117786561264822076e+01
1.221745350500715332e+01
1.164285714285714235e+01
1.147272727272727266e+01
1.254449472096530904e+01
1.141017964071856206e+01
1.196000000000000085e+01
1.120365168539325929e+01
1.117739816031537536e+01
1.189944134078212379e+01
1.091678035470668462e+01
1.156026490066225243e+01
1.248260211800302599e+01
1.173619631901840421e+01
1.247473200612557420e+01
1.179846153846153811e+01
1.236834094368340864e+01
1.166015037593984971e+01
1.149159663865546221e+01
1.275115207373271886e+01
1.229180327868852451e+01
1.177307110438729154e+01
1.233434650455927084e+01
1.268739770867430394e+01
1.158615384615384691e+01
1.226370370370370289e+01
1.163001485884100994e+01
1.178174037089871540e+01
1.183744557329463021e+01
1.252932098765432123e+01
1.188080495356037147e+01
1.179008746355685133e+01
1.166380543633762557e+01
1.154417952314165419e+01
1.294712286158631365e+01
1.118195488721804587e+01
1.244428364688856803e+01
1.231478537360890257e+01
1.182024169184290052e+01
1.151126760563380280e+01
1.229178885630498463e+01
1.201068702290076295e+01
1.168885672937771325e+01
1.159217877094972060e+01
1.209696092619392260e+01
1.249218750000000000e+01
1.214756671899529117e+01
1.244773790951638048e+01
1.153115727002967361e+01
1.229472140762463361e+01
1.130172413793103381e+01
1.229250720461095092e+01
1.173692077727952210e+01
1.171550497866287266e+01
1.217256637168141609e+01
1.282200647249190872e+01
1.179467084639498431e+01
1.160567375886524744e+01
1.168495077355836820e+01
1.216494845360824684e+01
1.197734138972809603e+01
1.216465256797583017e+01
1.129202279202279158e+01
1.228448275862069039e+01
1.155817378497790848e+01
1.203751803751803706e+01
1.208433734939758963e+01
1.270747217806041363e+01
1.142492492492492495e+01
1.174547983310153043e+01
1.206891495601172970e+01
1.170408163265306101e+01
1.155090655509065556e+01
1.180985915492957794e+01
1.190379008746355716e+01
1.187243401759530848e+01
1.200295857988165693e+01
1.156546762589928079e+01
1.183546099290780163e+01
1.132361111111111107e+01
1.147644683714670322e+01
1.150819672131147620e+01
1.239469808541973528e+01
1.168955223880596961e+01
1.233283803863298722e+01
1.133477633477633439e+01
1.161496598639455868e+01
1.180736543909348413e+01
1.211373707533234878e+01
1.193721973094170430e+01
1.185526315789473628e+01
1.097983870967741993e+01
1.120558375634517745e+01
1.186694101508916255e+01
1.217585692995529101e+01
1.249059561128526674e+01
1.163023952095808333e+01
1.192142857142857082e+01
1.240396341463414664e+01
1.149339207048458178e+01
1.139864864864864913e+01
1.214449213161659458e+01
1.194461077844311347e+01
1.197636632200886275e+01
1.216415662650602414e+01
1.192203898050974509e+01
1.159142857142857075e+01
1.089934640522875853e+01
1.163040629095674916e+01
1.227958579881656753e+01
1.258945686900958449e+01
1.223248407643312063e+01
1.192447129909365522e+01
1.210911808669656153e+01
1.182074074074074055e+01
1.206646971935007429e+01
1.252582159624413194e+01
1.211145996860282636e+01
1.196551724137930961e+01
1.228115501519756769e+01
1.197412480974124804e+01
1.192636229749631838e+01
1.233687405159332329e+01
1.154545454545454497e+01
1.239617083946980891e+01
1.179668674698795172e+01
1.208516886930983780e+01
1.237692307692307736e+01
1.117780938833570481e+01
1.153191489361702082e+01
1.205587392550143200e+01
1.170203488372093048e+01
1.260638297872340452e+01
1.123503649635036439e+01
1.279172821270310223e+01
1.203164556962025245e+01
1.154714285714285715e+01
1.132974427994616384e+01
1.236219336219336284e+01
1.195274390243902474e+01
1.203268945022288250e+01
1.138101983002832895e+01
1.201272984441301261e+01
1.290690208667736805e+01
1.219055374592833907e+01
1.193524096385542244e+01
1.204457652303120341e+01
1.175730994152046804e+01
1.215929203539823078e+01
1.216819571865443450e+01
1.202269288956127014e+01
1.236153846153846203e+01
1.201538461538461533e+01
1.234923076923076835e+01
1.162648809523809490e+01
1.252036199095022617e+01
1.207378335949764470e+01
1.139311334289813438e+01
1.139648173207036486e+01
1.226900584795321691e+01
1.274183006535947627e+01
1.155624036979969205e+01
1.241052631578947363e+01
1.096852646638054374e+01
1.149338624338624371e+01
1.245345345345345400e+01
1.137444279346211040e+01
1.160748959778086054e+01
1.193023255813953476e+01
1.231230769230769262e+01
1.186983154670750373e+01
1.161471861471861544e+01
1.155196629213483206e+01
1.157422969187675044e+01
1.174037089871612061e+01
1.141830985915492924e+01
1.163179916317991669e+01
1.148879551820728295e+01
1.208563134978229314e+01
1.170266272189349088e+01
1.179797979797979757e+01
1.265625000000000000e+01
1.102777777777777857e+01
1.174219810040705525e+01
1.201923076923077005e+01
1.133808844507845848e+01
1.172183588317107095e+01
1.240943683409436815e+01
1.238585209003215404e+01
1.316552901023890776e+01
1.241025641025641058e+01
1.162839879154078560e+01
1.218100890207715103e+01
1.261835748792270451e+01
1.133133433283358293e+01
1.124530831099195716e+01
1.330926216640502346e+01
1.271276595744680904e+01
1.233552631578947434e+01
1.152459016393442681e+01
1.173333333333333250e+01
1.251234567901234485e+01
1.216479999999999961e+01
1.203692307692307750e+01
1.247003154574132466e+01
1.210301109350237780e+01
1.211556240369799653e+01
1.127690100430416109e+01
1.098702983138780809e+01
1.174258760107816713e+01
1.154390934844192707e+01
1.134242837653478908e+01
1.196888260254596936e+01
1.192261904761904745e+01
1.114819944598337997e+01
1.184456671251719406e+01
1.152781740370898689e+01
1.257488653555219393e+01
1.160121765601217625e+01
1.226518518518518519e+01
1.171364317841079483e+01
1.139609483960948388e+01
1.203443328550932634e+01
1.140257879656160434e+01
1.165694444444444500e+01
1.136011080332409939e+01
1.208022922636103225e+01
1.253006329113924089e+01
1.172811059907834164e+01
1.191690962099125350e+01
1.158129496402877656e+01
1.224963072378138840e+01
1.199085365853658480e+01
1.215128593040847171e+01
1.190390390390390429e+01
1.207761194029850671e+01
1.312335526315789558e+01
1.229313232830820724e+01
1.160444444444444478e+01
1.211842105263157876e+01
1.152838427947598277e+01
1.184068278805120933e+01
1.131520223152022275e+01
1.210968660968661048e+01
1.226697530864197461e+01
1.259967845659163999e+01
1.239935064935064979e+01
1.296822742474916446e+01
1.143143297380585466e+01
1.183966244725738370e+01
1.174747474747474740e+01
1.199561403508771917e+01
1.204191616766467021e+01
1.232923076923076877e+01
1.182628398791540825e+01
1.190789473684210442e+01
1.223939393939394016e+01
1.232758620689655160e+01
1.228503937007874036e+01
1.209428129829984577e+01
1.193533834586466114e+01
1.157471264367816133e+01
1.158856345885634553e+01
1.296267496111975071e+01
1.194711538461538503e+01
1.157081545064377615e+01
1.172331460674157277e+01
1.159550561797752799e+01
1.231462333825701627e+01
1.141074020319303273e+01
1.165205479452054860e+01
1.144368131868131933e+01
1.195909732016925275e+01
1.190294117647058769e+01
1.117719780219780290e+01
1.168059299191374656e+01
1.162412342215988836e+01
1.173314606741572952e+01
1.138514442916093472e+01
1.130278884462151368e+01
1.158108108108108070e+01
1.188778409090909172e+01
1.142436974789915993e+01
1.284568835098335882e+01
1.231973898858075067e+01
1.140173410404624299e+01
1.259144542772861364e+01
1.139290989660265829e+01
1.265333333333333421e+01
1.211514195583596276e+01
1.144365192582025692e+01
1.199009900990099098e+01
1.169464544138929085e+01
1.155927475592747555e+01
1.187642045454545503e+01
1.126768377253814180e+01
1.100000000000000000e+01
1.141666666666666607e+01
1.188185654008438874e+01
1.090053763440860202e+01
1.268436154949784722e+01
1.288115449915110311e+01
1.141221374045801440e+01
1.175626740947075177e+01
1.148459383753501406e+01
1.197857142857142776e+01
1.257566302652106138e+01
1.239516129032258007e+01
1.170359281437125709e+01
1.141241379310344861e+01
1.200847457627118686e+01
1.200744047619047628e+01
1.183577712609970689e+01
1.169999999999999929e+01
1.177272727272727337e+01
1.225744047619047628e+01
1.252056962025316444e+01
1.301680672268907557e+01
1.196623794212218606e+01
1.184919472913616367e+01
1.242553191489361630e+01
1.172781954887217992e+01
1.171347517730496435e+01
1.197687861271676368e+01
1.223111782477341336e+01
1.150943396226415061e+01
1.206446991404011548e+01
1.091428571428571459e+01
1.210792349726775896e+01
1.191654247391952381e+01
1.152624113475177303e+01
1.234558823529411775e+01
1.233018867924528372e+01
1.191212121212121211e+01
1.139691444600280512e+01
1.218077474892396062e+01
1.241784037558685405e+01
1.152740740740740755e+01
1.203304597701149348e+01
1.222442748091603093e+01
1.168842729970326388e+01
1.145201668984701016e+01
1.089003880983182349e+01
1.259743954480796546e+01
1.260461285008237198e+01
1.208372827804107352e+01
1.132107496463932073e+01
1.176203576341127999e+01
1.264714946070878199e+01
1.285210084033613498e+01
1.209149277688603519e+01
1.217325227963525869e+01
1.242187500000000000e+01
1.192024539877300526e+01
1.197193500738552352e+01
1.147510668563300129e+01
1.225618631732168851e+01
1.195612708018154358e+01
1.167002881844380369e+01
1.112868632707774807e+01
1.234936350777934955e+01
1.079423868312757229e+01
1.143781725888324807e+01
1.175414364640884024e+01
1.191066282420749367e+01
1.164428571428571502e+01
1.222580645161290391e+01
1.237383177570093373e+01
1.220528771384136846e+01
1.140172166427546685e+01
1.253755522827687763e+01
1.135431918008784713e+01
1.130911492734478152e+01
1.160675675675675755e+01
1.144109589041095809e+01
1.193943661971830927e+01
1.231714719271623615e+01
1.184939759036144658e+01
1.146778711484593849e+01
1.177545327754532778e+01
1.214644970414201097e+01
1.191467065868263475e+01
1.222021116138763119e+01
1.125035561877667156e+01
1.080377358490565953e+01
1.150514138817480791e+01
1.231671554252199385e+01
1.182857142857142918e+01
1.121887824897400776e+01
1.210224089635854305e+01
1.256918238993710624e+01
1.292449664429530287e+01
1.288123924268502662e+01
1.156856702619414534e+01
1.183002832861189724e+01
1.108843537414965930e+01
1.179918588873812801e+01
1.230015082956259498e+01
1.252159999999999940e+01
1.181846153846153769e+01
1.137342657342657404e+01
1.156771545827633396e+01
1.175530410183875496e+01
1.220417287630402470e+01
1.153070175438596578e+01
1.163370473537604433e+01
1.147295423023578387e+01
1.152537722908093265e+01
1.192439372325249636e+01
1.220845921450151117e+01
1.167503692762186063e+01
1.158823529411764675e+01
1.228846153846153832e+01
1.176311844077961055e+01
1.230134932533733050e+01
1.254720000000000013e+01
1.195794392523364458e+01
1.235692307692307779e+01
1.190964777947932696e+01
1.198660714285714235e+01
1.221341463414634099e+01
1.242338072669826232e+01
1.192758089368258823e+01
1.154727793696275029e+01
1.161785216178521551e+01
1.159803921568627416e+01
1.140796703296703285e+01
1.207010014306151646e+01
1.140830945558739273e+01
1.196306818181818166e+01
1.149140401146131829e+01
1.210434782608695592e+01
1.243103448275862100e+01
1.199066874027993812e+01
1.176064610866372995e+01
1.193128654970760216e+01
1.172846715328467226e+01
1.153531073446327682e+01
1.159440559440559504e+01
1.107516778523489975e+01
1.165768194070080810e+01
1.130853994490358083e+01
1.280937972768532518e+01
1.148006134969325132e+01
1.218978102189780977e+01
1.174366616989567724e+01
1.172922636103151817e+01
1.104037685060565188e+01
1.240967283072546223e+01
1.252988691437802871e+01
1.228250401284109117e+01
1.216510903426791224e+01
1.205351681957186472e+01
1.183779761904761862e+01
1.217293233082706827e+01
1.160029498525073777e+01
1.212794117647058911e+01
1.156076134699853597e+01
1.135390946502057652e+01
1.150136612021857907e+01
1.160893854748603360e+01
1.182783357245337186e+01
1.151424501424501479e+01
1.228931750741839757e+01
1.223696682464454888e+01
1.106382978723404342e+01
1.094670050761421365e+01
1.178677462887989158e+01
1.147666195190947747e+01
1.210901162790697683e+01
1.200151515151515191e+01
1.177172312223858697e+01
1.175901875901875826e+01
1.136122733612273450e+01
1.162310866574965651e+01
1.194782608695652115e+01
1.209393939393939377e+01
1.225972006220839816e+01
1.195084485407066133e+01
1.256761006289308114e+01
1.199053627760252283e+01
1.175811209439527971e+01
1.196029411764705941e+01
1.188261515601783103e+01
1.245665634674922551e+01
1.199063962558502361e+01
1.205143721633888099e+01
1.215337423312883480e+01
1.104922644163150558e+01
1.099745870393900837e+01
1.139528795811518336e+01
1.217681159420289916e+01
1.180330330330330391e+01
1.200741839762611285e+01
1.210045662100456632e+01
1.236677115987460773e+01
1.148809523809523725e+01
1.308791208791208760e+01
1.265344827586206833e+01
1.210366826156299780e+01
1.140746054519368791e+01
1.231049562682215814e+01
1.179518072289156549e+01
1.285691823899371045e+01
1.129129129129129083e+01
1.125886990801576815e+01
1.185655172413793146e+01
1.165477888730385203e+01
1.226183431952662772e+01
1.204900459418070469e+01
1.216109422492401215e+01
1.215797546012269947e+01
1.151523947750362886e+01
1.204878048780487809e+01
1.230674846625766783e+01
1.208141321044546856e+01
1.088466757123473627e+01
1.270227920227920215e+01
1.242139384116693712e+01
1.228885400313971665e+01
1.161583577712609916e+01
1.088946684005201604e+01
1.233793103448275907e+01
1.204885496183206151e+01
1.237825421133231174e+01
1.172280178837555908e+01
1.138820301783264810e+01
1.248979591836734748e+01
1.234444444444444500e+01
1.180688622754490957e+01
1.168652482269503601e+01
1.181676136363636331e+01
1.195494186046511587e+01
1.189912280701754455e+01
1.140782122905027940e+01
1.169547325102880642e+01
1.110013351134846538e+01
1.233898305084745850e+01
1.212210200927357029e+01
1.162882096069868965e+01
1.235608308605341321e+01
1.172455089820359220e+01
1.250909090909090970e+01
1.208125000000000071e+01
1.240062111801242217e+01
1.220062695924764817e+01
1.196060606060606091e+01
1.211445783132530174e+01
1.181250000000000000e+01
1.198235294117647065e+01
1.178560939794419937e+01
1.230015082956259498e+01
1.224882629107981202e+01
1.208282208588957118e+01
1.164868804664723001e+01
1.175710227272727337e+01
1.160396039603960361e+01
1.230860534124629169e+01
1.177259036144578275e+01
1.226686656671664188e+01
1.260256410256410220e+01
1.147455089820359220e+01
1.229343065693430681e+01
1.160709010339734171e+01
1.180311614730878134e+01
1.213146233382570216e+01
1.128954802259887025e+01
1.149265687583444517e+01
1.172777777777777786e+01
1.217820324005890953e+01
1.182763744427934682e+01
1.120491803278688536e+01
1.160991957104557670e+01
1.208840579710144958e+01
1.259370078740157517e+01
1.201095461658841934e+01
1.188035450516986735e+01
1.222406015037594074e+01
1.085048010973936883e+01
1.177542932628797878e+01
1.249467275494672691e+01
1.181498470948012169e+01
1.205760709010339760e+01
1.159189580318379242e+01
1.181702127659574408e+01
1.172126436781609193e+01
1.177793696275071689e+01
1.093582887700534734e+01
1.179490616621983889e+01
1.164857142857142769e+01
1.135674931129476661e+01
1.133333333333333393e+01
1.226917510853835047e+01
1.261513687600644040e+01
1.196546310832025206e+01
1.169476744186046524e+01
1.117096336499321652e+01
1.180136986301369895e+01
1.198970588235294166e+01
1.154375896700143400e+01
1.241604754829123358e+01
1.267536704730832042e+01
1.202843601895734515e+01
1.180117820324005962e+01
1.215327380952381020e+01
1.166421207658321002e+01
1.220266272189349088e+01
1.108123249299719859e+01
1.230747531734837885e+01
1.152129221732745989e+01
1.186845827439886847e+01
1.195594713656387675e+01
1.242396313364055338e+01
1.268566775244299727e+01
1.293220338983050866e+01
1.133131618759455428e+01
1.114993481095176087e+01
1.184993178717598994e+01
1.245343511450381691e+01
1.226224328593996837e+01
1.252866242038216527e+01
1.226634768740031944e+01
1.137681159420289845e+01
1.292213740458015181e+01
1.227722772277227747e+01
1.290759075907590692e+01
1.100148148148148231e+01
1.181682496607869659e+01
1.097023004059539986e+01
1.220530726256983201e+01
1.270064724919093813e+01
1.174027993779160184e+01
1.193148688046647266e+01
1.201641791044776042e+01
1.175147058823529456e+01
1.221375186846038829e+01
1.203828483920367454e+01
1.211263318112633236e+01
1.229704510108864746e+01
1.257258064516129004e+01
1.233711507293354970e+01
1.226971608832807625e+01
1.160237388724035590e+01
1.349673202614379086e+01
1.175496688741721840e+01
1.198970588235294166e+01
1.245015576323987538e+01
1.189799072642967559e+01
1.205829596412556093e+01
1.239191290824261316e+01
1.121273516642547108e+01
1.157219973009446612e+01
1.180539772727272663e+01
1.081167108753315631e+01
1.135331632653061185e+01
1.187955182072829174e+01
1.189442815249266872e+01
1.190161527165932398e+01
1.278515007898894140e+01
1.155061349693251493e+01
1.190870185449358054e+01
1.214071856287425177e+01
1.199245852187028660e+01
1.124267782426778162e+01
1.197632311977715958e+01
1.136016949152542388e+01
1.211571428571428655e+01
1.164619883040935733e+01
1.104400000000000048e+01
1.185074626865671554e+01
1.242290076335877913e+01
1.182343987823439946e+01
1.248165137614678954e+01
1.163007518796992557e+01
1.224704142011834307e+01
1.191363636363636402e+01
1.259190031152648004e+01
1.231935483870967829e+01
1.218593749999999964e+01
1.164844903988183233e+01
1.214580265095728961e+01
1.174442793462109869e+01
1.158640226628895142e+01
1.184549356223175920e+01
1.152840909090909172e+01
1.169943820224719033e+01
1.243787878787878753e+01
1.210624999999999929e+01
1.166666666666666607e+01
1.180918220946915298e+01
1.120192307692307665e+01
1.181129476584021987e+01
1.285126582278481067e+01
1.196950240770465435e+01
1.245412130637636139e+01
1.241935483870967794e+01
1.158682634730539007e+01
1.198265895953757187e+01
1.202248875562218977e+01
1.152813852813852868e+01
1.288871715610510016e+01
1.178006329113924089e+01
1.219610778443113830e+01
1.220155038759689958e+01
1.147598253275109137e+01
1.145218579234972722e+01
1.271406959152798777e+01
1.184639498432601812e+01
1.163037249283667585e+01
1.178774928774928732e+01
1.155744680851063855e+01
1.235459940652818922e+01
1.146607669616519232e+01
1.149450549450549453e+01
1.129539295392953946e+01
1.150542005420054181e+01
1.207246376811594146e+01
1.248746081504702232e+01
1.172450532724505301e+01
1.182828282828282873e+01
1.281545741324921117e+01
1.169890795631825320e+01
1.242662632375189169e+01
1.168078668683812360e+01
1.159295774647887356e+01
1.252259036144578275e+01
1.130147058823529349e+01
1.198593530239099891e+01
1.152086330935251723e+01
1.165314685314685228e+01
1.171123755334281569e+01
1.089627659574468055e+01
1.156356487549148149e+01
1.177195467422096264e+01
1.195766423357664188e+01
1.195407407407407341e+01
1.236447166921898955e+01
1.146402349486049843e+01
1.203714285714285737e+01
1.201345291479820609e+01
1.223100303951367707e+01
1.154306569343065725e+01
1.210549132947976858e+01
1.234674922600619240e+01
1.133188405797101517e+01
1.268053491827637380e+01
1.171319018404907908e+01
1.124864130434782616e+01
1.186639118457300235e+01
1.229216867469879482e+01
1.126142857142857068e+01
1.173770491803278659e+01
1.215463917525773141e+01
1.201204819277108449e+01
1.191297935103244754e+01
1.220539730134932555e+01
1.140114613180515768e+01
1.183217753120665705e+01
1.256793893129771078e+01
1.206687402799377828e+01
1.244375963020030795e+01
1.164487369985141108e+01
1.201575931232091676e+01
1.187299270072992741e+01
1.121934604904632238e+01
1.244857142857142840e+01
1.184012066365007598e+01
1.147499999999999964e+01
1.206940509915014204e+01
1.275709779179810788e+01
1.245114006514658023e+01
1.266397415185783437e+01
1.194736842105263186e+01
1.175827338129496447e+01
1.270183486238532033e+01
1.195178849144634547e+01
1.217734724292101411e+01
1.169387755102040849e+01
1.195272206303724971e+01
1.191107871720116584e+01
1.173962804005722482e+01
1.183380681818181834e+01
1.213030746705710072e+01
1.191899852724595021e+01
1.214475627769571631e+01
1.225037936267071359e+01
1.246189735614307992e+01
1.148104956268221599e+01
1.265828402366863870e+01
1.172314674735249618e+01
1.225806451612903203e+01
1.132294617563739436e+01
1.150928381962864755e+01
1.135599999999999987e+01
1.248769898697539737e+01
1.182352941176470651e+01
1.101462765957446877e+01
1.225068870523415931e+01
1.267828843106180692e+01
1.190755007704160207e+01
1.128159340659340693e+01
1.165633423180593020e+01
1.174053295932678864e+01
1.186981402002861152e+01
1.155289139633286233e+01
1.242035398230088461e+01
1.230708661417322780e+01
1.203963414634146289e+01
1.224620060790273612e+01
1.151162790697674332e+01
1.219681620839363312e+01
1.222546012269938664e+01
1.230340557275541791e+01
1.178688524590164022e+01
1.183524355300859554e+01
1.103485254691688944e+01
1.248794326241134733e+01
1.163228699551569534e+01
1.166013986013986070e+01
1.208284883720930303e+01
1.145506419400855869e+01
1.219396551724137900e+01
1.211229135053110717e+01
1.166521739130434732e+01
1.144733242134062934e+01
1.234104046242774544e+01
1.125852272727272663e+01
1.173378378378378351e+01
1.195251798561151091e+01
1.182583454281567548e+01
1.087203166226912998e+01
1.132702020202020243e+01
1.144074567243675133e+01
1.181197771587743794e+01
1.220356612184249556e+01
1.174556213017751460e+01
1.181402002861230294e+01
1.182014388489208656e+01
1.159661495063469694e+01
1.250223546944858377e+01
1.218338557993730475e+01
1.149711815561959583e+01
1.226666666666666750e+01
1.315091210613598705e+01
1.177070063694267432e+01
1.193641618497109746e+01
1.148236953455571197e+01
1.183379888268156499e+01
1.166761363636363669e+01
1.171589310829817165e+01
1.125609756097560954e+01
1.172455902306648490e+01
1.165963431786216553e+01
1.192274678111587960e+01
1.151768033946251713e+01
1.173472222222222250e+01
1.200289855072463752e+01
1.175362318840579690e+01
1.132968536251710034e+01
1.301059001512859226e+01
1.236963696369636878e+01
1.178475336322869893e+01
1.271846153846153804e+01
1.217965023847376749e+01
1.218931297709923633e+01
1.169106881405563669e+01
1.234962962962963040e+01
1.235266457680250696e+01
1.175336322869955197e+01
1.239071856287425177e+01
1.220995334370140029e+01
1.158430232558139572e+01
1.241629629629629683e+01
1.163189269746646737e+01
1.270121951219512191e+01
1.236628849270664432e+01
1.209737248840803758e+01
1.232872503840245848e+01
1.284502446982055446e+01
1.198256735340729051e+01
1.153342816500711265e+01
1.199002849002848947e+01
1.171820809248554873e+01
1.198699421965317846e+01
1.281329113924050667e+01
1.200316957210776536e+01
