3.333333333333333148e-01
2.061136323693144146e+00
2.832743291562225263e+00
3.612985623914514832e+00
4.298352127545747692e+00
4.708018554256139687e+00
4.821661315778930756e+00
4.962321195079769431e+00
5.294698330586029122e+00
5.602486103832698738e+00
5.766202180852304515e+00
5.537457256266270278e+00
5.301452336475461102e+00
5.068640002429396496e+00
5.199288220147801454e+00
5.329240219878014884e+00
5.103254442298152505e+00
5.492596378318182815e+00
5.263155374582776602e+00
5.491935606070927456e+00
5.509355944192094512e+00
5.405235759535380602e+00
5.384523649835367465e+00
5.400474711806355188e+00
5.478201168951486011e+00
5.521950089543028461e+00
5.636284422291842233e+00
5.422285254460307513e+00
5.342125884091172949e+00
5.481070242012370031e+00
5.363878563836474100e+00
5.075860789074982726e+00
5.215821357641325484e+00
5.232455950681791812e+00
5.208090621128674158e+00
5.176735245376653971e+00
5.072309686202548740e+00
5.082891840989341325e+00
5.199110177631600216e+00
4.970857310626769276e+00
4.918527579795580529e+00
5.273256394629195931e+00
5.309056626920597211e+00
5.255275749152111153e+00
5.212259667387069584e+00
5.228118252560312484e+00
5.265322539689946346e+00
5.101944131554810191e+00
5.211298818446806536e+00
5.139393283909658550e+00
5.304215343520370496e+00
5.461100705321872084e+00
5.489743680960535777e+00
5.583324869899247034e+00
5.360972873723468979e+00
5.473839486282879641e+00
5.493585468206743094e+00
5.517151092233548937e+00
5.315126420272975771e+00
5.274906700955272143e+00
5.101901810358600464e+00
5.185069893065073821e+00
5.289417266009943219e+00
5.258452245078397702e+00
5.193909077566277510e+00
5.391946583642938329e+00
5.343548872134079808e+00
5.229050787426117175e+00
5.358182711288659306e+00
5.267741237057833814e+00
5.441640292419030800e+00
5.140657475498109363e+00
5.310272783751271319e+00
5.379553980556831760e+00
5.540140873470810412e+00
5.303740889315811557e+00
5.524891620752922172e+00
5.316752097537674970e+00
5.606051321451547942e+00
5.521938727101441735e+00
5.580838123466318024e+00
5.505953794817235902e+00
5.435689534879180052e+00
5.218191213765255299e+00
5.594980622829866412e+00
5.423844266986670881e+00
5.282139690178234481e+00
5.554568379784067034e+00
5.636241080099643419e+00
5.533795198578373764e+00
5.502662083845982544e+00
5.470344169932464418e+00
5.373894573246991158e+00
5.591676841541993070e+00
5.580953798417738199e+00
5.510325067148789557e+00
5.370115130597013398e+00
5.268782508992908120e+00
5.460087764105466590e+00
5.169024758294980870e+00
5.028304259185198966e+00
5.079881075210813002e+00
5.460109445516225790e+00
5.374689496168231884e+00
5.099211213827461897e+00
5.371605776400924626e+00
5.412218401042077076e+00
5.719244366570291227e+00
5.395577721428079343e+00
5.562513469369588570e+00
5.584798615672538880e+00
5.771870735371788186e+00
5.808619752032941896e+00
5.440440216424151210e+00
4.977152964600398022e+00
5.491331238433298623e+00
5.377223379652637192e+00
5.333536104909803122e+00
5.090461409302895923e+00
5.271416168203503894e+00
5.212159058997785088e+00
5.148340829428109444e+00
5.103000042883294007e+00
5.144921481640628791e+00
5.257481762017835791e+00
5.360126295212658043e+00
5.602709306215156282e+00
5.384744570931632168e+00
5.521740285084447031e+00
5.469312887991870653e+00
5.575801119880980039e+00
5.628544110996117844e+00
5.513580372730806367e+00
5.620072061352155757e+00
5.436255002497857980e+00
5.486713456780565323e+00
5.318869361503768545e+00
5.184485375643607341e+00
4.991724385102273231e+00
4.924337827852574456e+00
5.107991174371123932e+00
5.279922247690553405e+00
5.320405874661807033e+00
5.200822020969576798e+00
5.349869255759176490e+00
5.335864152714894004e+00
5.283243466525323839e+00
5.305654642139427501e+00
5.271326743562794626e+00
5.014226606467688363e+00
5.120973859076930701e+00
5.095456605902527691e+00
5.104356948719699361e+00
5.237124800645645450e+00
5.247844616501854631e+00
5.467382424112678940e+00
5.518626417854938460e+00
5.188159323290620684e+00
5.627949845983986066e+00
5.227657857717382228e+00
5.573584307509438673e+00
5.341293163706674285e+00
5.527141388366819008e+00
5.554283302281835866e+00
5.593541881205204902e+00
5.475856127446261823e+00
5.494801458885020473e+00
5.327012783005881325e+00
5.489653400164002051e+00
5.354353153899808149e+00
5.451970194788126278e+00
5.396861184806835965e+00
5.352746289088480935e+00
5.619574915202241172e+00
5.584037533148871191e+00
5.737396707440525212e+00
5.405194970945231603e+00
5.486336530538552303e+00
5.459695637664952805e+00
5.308207632486371175e+00
5.582589735578659784e+00
5.404686089116367498e+00
5.410283376732397898e+00
5.519195376350628734e+00
5.557932774791092712e+00
5.516287715913801293e+00
5.538857966191732984e+00
5.306773490527659121e+00
5.453602409965742304e+00
5.449371334449158333e+00
5.558897202501893453e+00
5.451373177803211512e+00
5.670763733588905176e+00
5.559313299443892298e+00
5.563035258590153909e+00
5.485954845301148630e+00
5.531902419950069927e+00
5.481099482543428714e+00
5.373204057094609354e+00
5.100271210332944172e+00
5.168563006435486606e+00
5.286685347192655371e+00
5.436067622670240240e+00
5.705722391830446050e+00
5.628337575004424664e+00
5.466037966956950989e+00
5.686870100286401275e+00
5.552763811513568903e+00
5.478272229909692648e+00
5.515301609801091409e+00
5.368031922681156587e+00
5.514253065903137241e+00
5.532251738967893573e+00
5.505243635831828186e+00
5.401724620827823564e+00
5.264754716965962089e+00
5.157420321172364375e+00
5.224311447702793210e+00
5.547771615009192914e+00
5.544369420692081718e+00
5.356704871667473000e+00
5.298959157408721588e+00
5.368979056120204874e+00
5.593747640673147004e+00
5.744083609590377115e+00
5.521907734619995622e+00
5.638018060547226540e+00
5.832053757713527631e+00
5.794132475949981043e+00
5.419818221331442309e+00
5.408598605325870778e+00
5.434479643813637573e+00
5.503767492889230617e+00
5.556156555695925370e+00
5.314341839026033298e+00
5.598740067110148821e+00
5.216718986088408450e+00
5.294240950549245817e+00
5.477036130721359974e+00
5.656517107157262636e+00
5.672125734805956832e+00
5.393985020320411827e+00
5.452981478498957202e+00
5.343323072962361309e+00
5.359672016042575926e+00
5.192345700985352863e+00
5.293856194575192298e+00
5.660450668816991993e+00
5.636957138482679319e+00
5.343313974521946008e+00
5.508798617947888054e+00
5.327024785198736900e+00
5.127924814725847824e+00
5.233023318845755334e+00
5.430953525233394252e+00
5.536428807652669093e+00
5.670719957606643824e+00
5.622389430087364914e+00
5.530909941862444335e+00
5.374379098930620380e+00
5.369454346255081667e+00
5.455937862019720974e+00
5.607781777545247870e+00
5.341386526741548124e+00
5.307035696331682040e+00
5.525212921368374275e+00
5.412900202225528368e+00
5.630750520807764836e+00
5.781339017264943259e+00
5.742418659064441044e+00
5.457928241984893347e+00
5.603304637224176155e+00
5.484625465634353603e+00
5.467552325574088101e+00
5.301853761127088838e+00
5.368501542497562617e+00
5.302970348204135043e+00
5.419084621376121014e+00
5.605123325305938486e+00
5.146710179236500871e+00
5.330734982047667714e+00
5.442798179904923650e+00
5.475945575052469039e+00
5.418535197255489599e+00
5.243005248141844987e+00
5.303688728812647746e+00
5.427098686713146769e+00
5.598832418488115081e+00
5.481680540301843152e+00
5.522603063618928054e+00
5.402825834401074445e+00
5.425990707876369612e+00
5.384785039527288930e+00
5.282636766854086119e+00
5.124621461274267986e+00
5.299692976586846349e+00
5.268118505755252201e+00
5.438243626652726093e+00
5.395796381082986315e+00
5.065230729936596177e+00
5.167224098052923154e+00
5.597135945250072631e+00
5.376337382952890209e+00
5.342811313376621740e+00
5.350354757878043266e+00
5.439003574097739602e+00
5.878913962648188551e+00
5.432084002044827109e+00
5.538167058436394008e+00
5.409714908092416508e+00
5.440136729740197907e+00
5.235589828649165334e+00
5.320591182285905774e+00
5.345030394313440958e+00
5.331005293409045720e+00
5.318417838342413440e+00
5.304011929013682902e+00
5.520703476076755045e+00
5.071438877217208763e+00
5.245498632254613547e+00
5.408794694092486033e+00
5.214254557815729108e+00
5.401702888848972428e+00
5.467421665418862986e+00
5.509980710600933307e+00
5.562976544746427443e+00
5.680735014688667484e+00
5.534772142488012747e+00
5.373008705165973176e+00
5.286195620370509829e+00
5.294239632940696438e+00
5.158734483095471113e+00
5.519456634422295060e+00
5.156451883907111622e+00
5.403235552115528861e+00
5.465190669889312680e+00
5.429566257901236703e+00
5.342078252171047481e+00
5.217438901567390097e+00
5.154339591923660535e+00
5.201065660665578960e+00
5.194703421963691170e+00
5.262414244427912280e+00
5.158059325721368715e+00
5.118191221790035605e+00
5.242153111096007123e+00
5.399554777844345566e+00
5.307941037655563576e+00
5.495764435858796482e+00
5.574030965740546684e+00
5.639803559270433198e+00
5.570005859079828703e+00
5.646295187417539552e+00
5.483604134468857971e+00
5.159334512744763401e+00
5.284162555715520959e+00
5.263368003450493049e+00
5.291513208168522553e+00
5.393101098875865418e+00
5.455586487563613751e+00
5.241918097498132312e+00
5.428847860201756248e+00
5.507841989763438306e+00
5.472193068105466907e+00
5.426152153392962418e+00
5.438849137771167186e+00
5.416498618089171657e+00
5.539939447663282834e+00
5.342517533478065239e+00
5.425350676116091009e+00
5.617703720621415542e+00
5.373148148459029549e+00
5.377194017833236472e+00
5.273292628886148137e+00
5.614003405258514157e+00
5.680721328513188340e+00
5.682612590802453845e+00
5.912589413232496760e+00
5.565520564228645384e+00
5.643163058785836128e+00
5.475212460485488819e+00
5.726647551430738226e+00
5.484074370839154611e+00
5.273610823520638924e+00
5.413516012994477045e+00
5.498731687586452921e+00
5.573924151656502346e+00
5.349435595180064951e+00
5.214182917267701889e+00
5.336466976362540748e+00
5.322744162471874318e+00
5.250506452098583132e+00
5.141588178826696165e+00
5.125816443068543116e+00
5.272369635667923937e+00
5.565568880841914812e+00
5.460078697074775000e+00
5.463359951946622495e+00
5.324777782553539396e+00
5.321888920228364128e+00
5.517373901847535400e+00
5.330480851349421734e+00
5.418049317859089165e+00
5.374696916411870973e+00
5.282076117558783146e+00
5.482436700034501342e+00
5.218541212567349596e+00
5.297455420415151828e+00
5.199056869721665031e+00
5.236431685851127504e+00
5.358093242237266018e+00
5.448210712735907180e+00
5.335418346813913359e+00
5.347569607039204698e+00
5.583603298817525484e+00
5.633540081936495802e+00
5.497402620517754634e+00
5.420126359138792260e+00
5.227708103967293241e+00
5.221178148263226682e+00
5.253008381651651959e+00
5.197797585474867255e+00
5.189980726236592012e+00
5.275997435239558442e+00
5.375691376301842794e+00
5.522161995117319755e+00
5.452737014019795936e+00
5.423545082898311165e+00
5.299560802434370999e+00
5.455536584225198382e+00
5.382083491861560098e+00
5.201279645706284427e+00
5.260042821272930880e+00
5.382843464522757415e+00
5.481261427720433232e+00
5.587333560818345646e+00
5.147952453584546895e+00
5.278761186360893198e+00
5.310534265745662452e+00
5.470607363671350143e+00
5.244980747538227739e+00
5.536571724921205195e+00
5.691238086096918281e+00
5.607074710572935494e+00
5.578547298595140980e+00
5.347279239056459410e+00
5.475830004086610359e+00
5.286572646979612600e+00
5.604057935485538877e+00
5.253638248527349397e+00
5.317514392836325321e+00
5.478577780032721556e+00
5.446997264937011529e+00
5.491118189335683297e+00
5.237481020357310335e+00
5.386372743266176322e+00
5.570543237834994166e+00
5.456214340130018492e+00
5.246767325879006627e+00
5.021208199049409515e+00
5.189746509379194350e+00
5.476492422904084556e+00
5.379140297535683679e+00
5.517821186599007000e+00
5.215927226530260974e+00
5.475044407934120727e+00
5.587325728143008874e+00
5.783178691701370333e+00
5.645859699988453606e+00
5.449094079224119369e+00
5.382139120884917638e+00
5.363827196807754660e+00
5.366707964002303655e+00
5.600468155835527817e+00
5.621937772746432138e+00
5.529568590558462837e+00
5.504202466660957249e+00
5.453270991928597766e+00
5.493945467290370921e+00
5.503246426115594225e+00
5.458509667115562181e+00
5.651681734352997033e+00
5.634499620723036450e+00
5.614155662405176273e+00
5.657808902756743308e+00
5.973649342636441872e+00
5.677557760165834466e+00
5.523990253552685026e+00
5.444374476667180218e+00
5.437027481694769016e+00
5.588450429287994403e+00
5.505047547208052450e+00
5.765345605510831639e+00
5.647042722082352029e+00
5.422327142324451899e+00
5.614737913066034203e+00
5.889957584831951642e+00
5.416600215074240054e+00
5.345946477766433169e+00
5.393940650453492580e+00
5.368874701520206294e+00
5.357645534416798583e+00
5.382629543892786472e+00
5.176725459392503836e+00
5.222551766338989765e+00
5.372014737056986178e+00
5.314320070255419637e+00
5.255456907029082636e+00
5.356631352091723919e+00
5.602493630061421648e+00
5.665465392037924985e+00
5.581575038345602202e+00
5.793452598479131410e+00
5.745303635016600907e+00
5.641024562186179203e+00
5.779908267073606609e+00
5.770815948686151664e+00
5.539183405493973922e+00
5.471694727185005824e+00
5.385034536672933747e+00
5.457687725997836026e+00
5.483585757524352289e+00
5.662762772965026947e+00
5.593793630990686161e+00
5.642806976234240324e+00
5.787610765875489172e+00
5.583842003322946113e+00
5.873617786837869836e+00
5.745863834451840013e+00
5.980183716767902169e+00
5.966141097354424438e+00
5.851824141623800379e+00
5.646148576711095934e+00
5.734789322940820888e+00
5.645222973982447101e+00
5.457629885403714631e+00
5.648451199528608413e+00
5.557124204285388558e+00
5.363937287138870857e+00
5.724501639457273861e+00
5.322115821575382100e+00
5.419903673834245872e+00
5.536682515334717891e+00
5.786256324286731534e+00
5.455528069966899096e+00
5.374745806032386497e+00
5.546325657840053935e+00
5.450118095181819555e+00
5.400389291874768460e+00
5.515371127975638998e+00
5.445800334359088168e+00
5.440087568023282749e+00
5.441911240524344606e+00
5.469025222994191360e+00
5.745144036257565645e+00
5.677175347235882796e+00
5.457504534728560230e+00
5.501993363311827423e+00
5.257722996421110295e+00
5.197563946619871977e+00
5.251012807513521174e+00
5.260431160749817536e+00
5.104466918224886740e+00
5.327434468549548718e+00
5.155612731677488902e+00
5.504901720527855424e+00
5.475903366887321155e+00
5.351130622760371658e+00
5.476201240809178472e+00
5.439186820330167649e+00
5.330539405643713202e+00
5.418266892907988463e+00
5.310201736356645164e+00
5.603585669829273641e+00
5.707886547411447964e+00
5.688248339583768853e+00
5.596635197745017720e+00
5.449326579950795058e+00
5.196769521532218938e+00
5.098066426824586550e+00
4.959677130096943110e+00
5.186867142782255691e+00
5.253892804293572638e+00
5.341249600269555309e+00
5.398656776916800126e+00
5.374412694487474162e+00
5.362113601059190771e+00
5.286243423634174654e+00
5.275608512443013431e+00
5.585000493231596863e+00
5.575874100500691988e+00
5.646678819103990499e+00
5.723554557633518947e+00
5.622579503657677336e+00
5.604488973046442446e+00
5.367807655298477698e+00
5.075496784863495314e+00
5.137650978313559769e+00
5.146166158201955554e+00
5.060117220624878343e+00
5.296110952857423726e+00
5.286260564368514991e+00
5.288077126325943844e+00
4.992234305437519559e+00
5.083646232100906381e+00
5.142012492404288260e+00
5.138034297648509607e+00
5.590957248959037784e+00
5.632282840515575373e+00
5.637353060250100967e+00
5.533669414582900181e+00
5.546891911755928106e+00
5.569413944661130600e+00
5.289299136411503177e+00
5.408510000911532778e+00
5.202288612173771476e+00
5.332778091329950065e+00
5.511804672053506771e+00
5.451406432633786103e+00
5.379716135827264267e+00
5.438494914436587280e+00
5.426131711782039346e+00
5.436672625013848403e+00
5.372406055549040715e+00
5.302634369823635119e+00
5.418532646612929327e+00
5.280672251047398014e+00
5.089206901964742791e+00
5.060468613134595728e+00
4.959287804477189532e+00
5.112746244009038321e+00
4.923351555636701349e+00
5.137895545687867660e+00
5.256764079006594592e+00
5.470277397647946849e+00
5.157418908661833612e+00
5.296075066561309441e+00
5.310594895127856319e+00
5.299673989537158292e+00
5.429425698731309424e+00
5.534655841000464704e+00
5.298911940151530331e+00
5.372949301221449758e+00
5.213953219258179672e+00
5.270184544407202409e+00
5.298168437557555066e+00
5.230299243715336388e+00
5.116734005204270019e+00
5.412517137454090133e+00
5.347881621304893862e+00
5.314299275644422060e+00
5.354102207502349664e+00
5.552457686726324226e+00
5.356423023906716985e+00
5.386980373899894481e+00
5.404664753483474193e+00
5.430339574111211043e+00
5.542709353915038939e+00
5.298773258807613296e+00
5.492066424659111767e+00
5.677082280009742021e+00
5.546126527088882874e+00
5.427361051384884227e+00
5.421146516762594736e+00
5.309893156363760802e+00
5.510864832816878334e+00
5.553665530986497068e+00
5.707991411470591636e+00
5.651920672166895088e+00
5.590366761876182089e+00
5.810737513355879180e+00
6.147926771703462023e+00
5.779171785256406402e+00
5.662296293736389430e+00
5.620674968866124388e+00
5.562958506443700379e+00
5.342670255064626339e+00
5.642035357205932300e+00
5.527733816518643373e+00
5.398247658818744910e+00
5.159994729937994684e+00
5.258548234997094895e+00
5.469612783385703558e+00
5.640148574767823497e+00
5.340495898525989382e+00
5.396039252244429818e+00
5.369246602923161582e+00
5.430482360143652265e+00
5.532171876693163348e+00
5.428523632606244043e+00
5.433362002650637734e+00
5.488573638962232160e+00
5.636258939639817278e+00
5.656565604726337959e+00
5.377886138087800028e+00
5.440364384984385460e+00
5.309712849857779915e+00
5.153763692190454826e+00
5.439056301400595039e+00
5.439671032654395333e+00
5.508205885951748648e+00
5.391864099408693711e+00
5.420607401348719989e+00
5.459843210654565127e+00
5.387328002664323989e+00
5.324989268838641543e+00
5.521887502554739591e+00
5.592678258751933029e+00
5.261921358736690202e+00
5.474458178489881810e+00
5.388861983061795868e+00
5.433180255086452526e+00
5.490972770389038082e+00
5.319321338900529383e+00
5.367735557665663571e+00
5.331350686441186149e+00
5.257937793618595812e+00
5.655563265534517825e+00
5.587309052649286123e+00
5.325777011647803150e+00
5.099402457948700729e+00
5.503020274017337954e+00
5.560260169938366914e+00
5.677463593503000006e+00
5.331526389083819595e+00
5.473451300246232165e+00
5.782087516185094422e+00
5.511324694343526787e+00
5.320382364037619105e+00
5.114689351102655657e+00
5.205230870507516983e+00
5.151429335502275997e+00
5.295316464071791351e+00
5.232926762411490351e+00
5.426879826608986157e+00
5.605077125272877936e+00
5.470497609174378439e+00
5.664053131528271834e+00
5.433799548034764726e+00
5.309508991680142564e+00
5.324746559910146892e+00
5.105073291019332160e+00
5.282340830612654692e+00
5.504204547161433148e+00
5.444018127254262929e+00
5.624423872940790936e+00
5.504661662429604085e+00
5.457820765288402320e+00
5.482881927809213352e+00
5.341951172777657852e+00
5.801832107319431664e+00
5.749538947278292511e+00
5.774502912674590149e+00
5.653099069715855407e+00
5.606806869240037905e+00
5.304759692210827993e+00
5.389641611063400894e+00
5.390228421413826077e+00
5.616299035292297681e+00
5.500411307750270318e+00
5.559120297521530141e+00
5.440401725287106416e+00
5.322836576531120301e+00
5.330152399151043774e+00
5.280746520595888782e+00
5.108711614007169999e+00
5.308988060847140034e+00
5.199744075973025126e+00
5.500622019917546623e+00
5.424299047874507451e+00
5.171059154678143699e+00
5.294207438793171683e+00
5.287449431948823886e+00
5.189691645280709587e+00
5.243751703610071146e+00
5.452450219443234047e+00
5.253162096325558750e+00
5.427003917754658957e+00
5.423797647705113967e+00
5.586485489450369712e+00
5.376489261317918711e+00
5.296526823203948631e+00
5.369300036855277902e+00
5.363220287969623357e+00
5.463133008705882254e+00
5.583351979113198915e+00
5.361455114805310451e+00
5.524445856014335021e+00
5.399400083537072348e+00
5.385554010224414156e+00
5.180052599771557631e+00
5.072468298958670019e+00
5.185430962227066232e+00
5.527996058449424766e+00
5.380928993989597231e+00
5.326783655714774746e+00
5.162742109025600712e+00
5.303332616049420523e+00
5.286097911907210900e+00
5.248119445311719033e+00
5.270364942652290274e+00
5.498054128250355888e+00
5.297117643997201419e+00
5.361926235069142344e+00
5.427524118399608355e+00
5.487232989587191412e+00
5.252922379296678379e+00
5.374507670751532906e+00
5.495719970832827705e+00
5.323459254689984377e+00
5.381963589794691138e+00
5.316772498326432839e+00
5.375812110066423344e+00
5.184374055617328558e+00
5.200669671319443133e+00
5.206093498017660970e+00
5.150174670963568069e+00
5.349927958381556437e+00
5.428615730822704322e+00
5.261886748421883198e+00
5.398835385823465671e+00
5.199336580120810680e+00
5.431500715561583981e+00
5.485334146010115042e+00
5.501405947101097205e+00
5.325116524341751756e+00
5.493506734695302818e+00
5.572589233521974883e+00
5.612727329714087610e+00
6.001711124544831577e+00
5.843832745158089814e+00
5.557799662686986331e+00
5.159976825916559484e+00
5.238541655530696950e+00
5.281239928212544399e+00
5.298983063017482564e+00
5.428698743080829558e+00
5.490900665575661144e+00
5.310691977862049384e+00
5.442147360820235313e+00
5.518213128836533699e+00
5.519123397320938373e+00
5.425151732334847487e+00
5.295272397299156886e+00
5.351056193784970105e+00
5.614609476791848408e+00
5.380043486443336853e+00
5.404303512297337519e+00
5.226759262728664091e+00
5.586879407391315944e+00
5.165654810755038184e+00
5.274520953253536426e+00
5.341473637632458527e+00
5.247804268382909143e+00
5.226288588423082082e+00
5.079917952268340642e+00
5.136966920617831001e+00
5.554753055051965482e+00
5.696157448369760345e+00
5.711766951108133483e+00
5.280439990256152960e+00
5.416471236514123433e+00
5.516285971589163672e+00
5.425420586162483794e+00
5.551530403421793380e+00
5.484693479088480927e+00
5.467701914944270492e+00
5.514864302800381424e+00
5.440079680742988977e+00
5.412037693040375963e+00
5.480596826602698535e+00
5.232525057934952706e+00
5.729066667292083359e+00
5.694210412246742514e+00
5.617967723819536019e+00
5.565454019800601060e+00
5.557783576830142458e+00
5.245465271265401519e+00
5.494601678408913337e+00
5.279409567666569991e+00
5.336491243770050019e+00
5.239631081978881610e+00
5.329437840185041075e+00
5.486368593226705670e+00
5.475884269306401819e+00
5.596575137445856107e+00
5.323015245427876962e+00
5.371802295746936906e+00
5.208581503030480064e+00
5.299133856892407124e+00
5.242924930365671976e+00
5.279579521342165904e+00
5.251687249930990120e+00
5.336911172485834243e+00
5.484770829295235295e+00
5.344879679176019138e+00
5.348417811638590535e+00
5.481608604221710479e+00
5.381328532566151068e+00
5.466217821927231491e+00
5.688122369267060385e+00
5.744977622924949401e+00
5.850484843097492949e+00
5.844277726232157022e+00
5.704956022686092254e+00
5.376588499450350334e+00
5.480756632699787190e+00
5.372397880267961945e+00
5.124117311723030532e+00
5.309776095873542268e+00
5.471564168312455401e+00
5.495932155588492130e+00
5.213960908198435718e+00
5.210631111347013622e+00
5.352719276109985103e+00
5.239602755526319378e+00
5.155099829070977080e+00
5.036007084540328194e+00
5.070073483495914246e+00
5.275569969797819780e+00
5.194432074241175812e+00
5.207747260003064760e+00
5.420064439448818661e+00
5.636117369696949098e+00
5.554894764758977033e+00
5.503433481561651242e+00
5.584355076975715093e+00
5.663017935517277834e+00
5.623369944042162949e+00
5.448961737577825204e+00
5.463496343325513926e+00
5.610266165430559226e+00
5.464098647237815243e+00
5.303441914315148331e+00
5.274949985868481406e+00
5.409859569213937291e+00
5.573327897197650316e+00
5.645907042488707894e+00
5.431262300870003834e+00
5.393108582580997457e+00
5.297942761721197158e+00
5.452455031075254865e+00
5.281069173691780527e+00
5.444519409317860159e+00
5.250523964282379552e+00
5.395057953760264091e+00
5.454033318214995596e+00
5.524199106434654283e+00
5.482038090983695433e+00
5.811973994992130521e+00
5.567862090326465285e+00
5.633958856715933550e+00
5.573716565782984134e+00
5.533058244105646395e+00
5.340734007071195499e+00
5.394307902395848231e+00
5.369800029771997885e+00
5.194620144394641592e+00
5.392891503957718768e+00
5.389650185429663232e+00
5.205044434726858071e+00
5.196817041479511623e+00
5.230134270249250150e+00
5.175738410310978033e+00
5.368551308576690495e+00
5.456869852348991579e+00
5.470894328615729663e+00
5.525996199853653756e+00
5.595043185681085163e+00
5.143159750249756357e+00
5.226584474460131524e+00
5.210070867729485578e+00
5.038730701280597302e+00
5.384459315309848115e+00
5.297428089698861697e+00
5.443007126491346881e+00
5.449356840749413067e+00
5.507153316604459725e+00
5.160347393593805343e+00
5.414740259283805202e+00
5.493481902045401988e+00
5.436122302928966477e+00
5.677731033062916488e+00
5.911824012405211271e+00
5.762465710422133292e+00
5.570882771105376996e+00
5.361581969801098246e+00
5.186423853968038955e+00
5.457911068973340996e+00
5.442954485465023140e+00
5.487587102008823159e+00
5.192240702978209832e+00
5.669801760942445590e+00
5.547877823916176787e+00
5.401061692006896564e+00
5.510575642371531302e+00
5.390775675109790832e+00
5.545960103696836896e+00
5.427551681804546391e+00
5.660505884431069390e+00
5.520790896637450373e+00
5.612343323282129148e+00
5.292064376885323718e+00
5.296316588260555847e+00
5.128704057621963130e+00
5.326740107649049705e+00
5.391099644024197168e+00
5.346070476176159048e+00
5.315339071369288959e+00
5.484465508999337047e+00
5.592593025811995133e+00
5.535974162767138829e+00
5.643513305231452115e+00
5.486331326993389546e+00
5.506689062295534676e+00
5.381437301920993121e+00
5.338104754919916317e+00
5.455907671463604558e+00
5.580729447180218905e+00
5.708801144995268473e+00
5.929947963295896685e+00
5.676187475276226024e+00
5.593011911412695270e+00
5.535176604332116668e+00
5.734016248542404881e+00
5.424586312530594867e+00
5.648739425408320081e+00
5.472560151759048530e+00
5.393064040344174082e+00
5.273349506831769062e+00
5.182209372325449870e+00
5.374105932555740317e+00
5.632957171581354672e+00
5.525272198193923678e+00
5.394411087965818474e+00
5.360234120204718344e+00
5.494956319413532242e+00
5.309941779026769559e+00
5.327742879110566321e+00
5.287378113112945144e+00
5.318548902624372410e+00
5.343236079704113628e+00
5.340561973078196800e+00
5.633320856682247246e+00
5.177236651329053529e+00
5.264077205522729841e+00
5.092502818710480383e+00
5.228449026270964417e+00
5.340830036858639218e+00
5.748230056024620005e+00
5.765727958887343796e+00
5.509308097889655365e+00
5.514479821343717170e+00
5.865117988094493917e+00
5.895637604005395715e+00
5.429392212774806659e+00
5.426979475144057652e+00
5.110364162924654785e+00
5.219255481382445438e+00
5.368833517026077473e+00
5.253848013317443666e+00
5.298953582970149512e+00
5.272772743583633570e+00
5.425685101863911619e+00
5.403281445158285123e+00
5.287203317041096362e+00
5.396997502114077250e+00
5.337145610246093241e+00
5.433201966803513194e+00
5.495882930072874650e+00
5.334730691065558972e+00
5.305049171873594815e+00
5.398505294171114244e+00
5.357948221284537738e+00
5.361808748841524697e+00
5.359436473082402230e+00
5.333658821349755996e+00
5.291629861936072210e+00
5.341827116613899307e+00
5.376678551461104405e+00
5.435913007480208670e+00
5.275047140653593480e+00
5.352100848807093136e+00
5.216226604983387638e+00
5.230990897967781272e+00
5.232079560012688368e+00
5.381205801062229455e+00
5.415916110112624082e+00
5.449932572587562696e+00
5.426659790747694778e+00
5.529417879061393037e+00
5.376413135506214580e+00
5.655733676729719939e+00
5.567319228012731713e+00
5.265176281673741521e+00
5.368961136800187717e+00
5.525113514362252509e+00
5.435685698281818468e+00
5.495748959166122383e+00
5.378255844258841734e+00
5.366852869197627385e+00
5.391569817537311238e+00
5.505290374564898670e+00
5.636747302050424402e+00
5.407335552583617755e+00
5.479334183455626395e+00
5.465323239410597722e+00
5.566325526028303550e+00
5.518275269520605875e+00
5.527493458048451380e+00
5.610196430411026114e+00
5.433787425334346111e+00
5.674398091176674264e+00
5.775470454348317517e+00
5.424176194827455610e+00
5.359444405781046861e+00
5.283587905336360357e+00
5.449627988308533233e+00
5.415841243164452479e+00
5.384904177857805507e+00
5.455946135398538566e+00
5.401126180757826134e+00
5.376078357078894143e+00
5.238428472385113999e+00
5.317349660694249636e+00
5.305103246255550964e+00
5.226775348538008181e+00
5.473242090832679985e+00
5.583639291780102987e+00
5.494623636386489096e+00
5.203183314515676727e+00
5.066240656417886790e+00
5.630024066093493040e+00
5.488277719549174094e+00
5.469964117851326968e+00
5.821854043561886627e+00
5.462545105189838601e+00
5.614988865740174084e+00
5.452444225250410170e+00
5.428024768481149565e+00
5.173246274212212725e+00
5.492696865343027035e+00
5.375663365048590769e+00
5.441688585777505693e+00
5.522629079627424886e+00
5.451701121104129300e+00
5.496382851452924712e+00
5.608581265323994813e+00
5.539420900715080087e+00
5.553347305334561668e+00
5.682987683795215794e+00
5.573331246194243249e+00
5.520373563577157583e+00
5.591369815264337184e+00
5.609785741746967425e+00
5.787639633420343266e+00
5.639870296386265025e+00
5.555413432151038222e+00
5.262528796530382635e+00
5.119555504354377007e+00
5.541046523808399016e+00
5.450592138197079883e+00
5.355960978618917068e+00
5.566648029158606015e+00
5.240824546151815255e+00
5.346090570082796312e+00
5.439559793125385845e+00
5.555852675592762857e+00
5.073469769357600079e+00
5.259986096728838767e+00
5.001418473770068651e+00
5.324521759405833166e+00
5.111424112191236269e+00
5.026681420406729828e+00
5.249218317243744991e+00
5.344330572625871412e+00
5.088114952005701852e+00
5.220360541531731791e+00
5.363988600578882604e+00
5.340330237829029159e+00
5.338482380008490402e+00
5.347706933822906628e+00
5.425949374388529201e+00
5.381821442657301446e+00
5.534218092959704904e+00
5.362504715714529802e+00
5.416242181978072168e+00
5.289416210283074626e+00
5.324257789846405409e+00
5.493831567501777258e+00
5.204416484065754744e+00
5.388280175566491970e+00
5.662106644221989171e+00
5.534299615120165328e+00
5.728183857098918530e+00
5.283640741791752582e+00
5.349335036308350055e+00
5.405128899231276485e+00
5.505298022525443535e+00
5.569621848128999630e+00
5.238027222796068472e+00
5.315678644032841405e+00
5.279801853351234087e+00
5.280108233729348122e+00
5.568075935616540129e+00
5.659198323412833354e+00
5.709907852936553674e+00
5.483644965939832971e+00
5.486085378067522278e+00
5.517662412488242296e+00
5.561897988097365797e+00
5.511986530094293180e+00
5.514299067586089897e+00
5.598641644296250774e+00
5.988706274351101477e+00
5.697999974240176790e+00
5.361559992119466322e+00
5.504840198668540019e+00
5.442721832980305763e+00
5.494552496270552311e+00
5.487232792581727026e+00
5.428190995994873091e+00
5.525519610593842224e+00
5.701586564623505105e+00
5.533852764108839750e+00
5.487942628359356867e+00
5.566044505218801675e+00
5.518074973818326789e+00
5.471637879779795988e+00
5.357959056235100270e+00
5.403881577798897773e+00
5.297546007478458385e+00
5.124542023098325849e+00
5.457103957143098150e+00
5.558744692870684290e+00
5.547351000792237308e+00
5.343142531430278730e+00
5.270072583944044986e+00
5.176774016514302801e+00
5.174264931187622985e+00
5.418355133496511655e+00
5.393364104345656607e+00
5.442062465849857311e+00
5.432544952810531846e+00
5.172309050484534154e+00
5.323310482451148573e+00
5.357697778552266143e+00
5.546902324303577103e+00
5.322176522107837648e+00
5.385456496357306833e+00
5.470231017036880417e+00
5.418406798605293950e+00
5.125710188366789488e+00
5.453155441492957500e+00
5.116922680379636823e+00
5.474844732230806699e+00
5.171090126859186675e+00
5.366539592592700636e+00
5.426420281861429551e+00
5.130703297710346611e+00
5.400144038288430259e+00
5.510574788686914083e+00
5.634143045388444904e+00
5.597143575875991317e+00
5.451748001877176897e+00
5.258759963912775781e+00
5.478949463199425551e+00
5.504120190753636344e+00
5.754017662298789304e+00
5.743047584578125253e+00
5.682014031368998630e+00
5.543408725827825734e+00
5.559121291061705605e+00
5.508249530008606065e+00
5.424607240311004830e+00
4.981763532998310318e+00
5.239417470715419967e+00
5.458950842882979160e+00
5.430358628163240553e+00
5.192905595265288277e+00
5.300483401115156035e+00
5.277895578693338585e+00
5.446671161185372867e+00
5.564287156499378995e+00
5.674811643922825333e+00
5.408645435234279653e+00
5.161209943673880751e+00
5.224737299436965188e+00
5.194642094525820042e+00
5.391987918425367177e+00
5.635056090123810257e+00
5.394281067473578162e+00
5.692901428191862401e+00
5.367119865510931120e+00
5.598052339788270437e+00
5.844305931139895272e+00
5.903871898017297504e+00
5.812913317692430581e+00
5.932128971069780654e+00
5.700162482086962967e+00
5.688960612336824596e+00
5.614045614843885090e+00
5.445767995871853451e+00
5.262272404574248164e+00
5.450728299051531778e+00
5.282901364209200423e+00
5.390223353719933108e+00
5.367226918739801178e+00
5.283477573548058359e+00
5.556200461075150088e+00
5.814175577611297108e+00
5.573533237901395765e+00
5.501084898027094994e+00
5.511830729858444577e+00
5.215322752550843433e+00
5.446239879841333398e+00
5.424833980769010466e+00
5.180001385335509134e+00
5.328236611534508782e+00
5.369801989404149545e+00
5.666612651903071729e+00
5.587432174289519438e+00
5.526229687675026980e+00
5.440359420041830596e+00
5.434295483247479908e+00
5.690728033706525579e+00
5.611111618577699467e+00
5.625779866582245603e+00
5.506462683090994403e+00
5.488199332502660788e+00
5.291771172634043729e+00
5.327087470749228615e+00
5.451829241878785481e+00
5.434126895343144525e+00
5.402891967855382838e+00
5.949579520897578355e+00
5.424170949507767681e+00
5.355947303961973383e+00
5.051595489096936120e+00
5.359665243555776115e+00
5.174360049447472854e+00
5.324767987779320144e+00
5.175186523763197322e+00
5.178762548055997783e+00
5.122811532422075764e+00
5.216452689504785134e+00
5.100623454521102218e+00
5.284317764410954688e+00
5.209794535703683671e+00
5.342486047645183866e+00
5.425217222724692867e+00
5.370772706579713507e+00
5.597084054337155834e+00
5.608904152031305657e+00
5.754189254351364191e+00
5.377180416399721885e+00
5.437181293088568346e+00
5.291748111754577266e+00
5.410895716215997631e+00
5.609907495473592576e+00
5.631231023010786707e+00
5.712155383166390266e+00
5.642982226442670779e+00
5.504038552934702899e+00
5.469409368054068743e+00
5.552952916689509522e+00
5.667797219672213060e+00
5.388225197649105347e+00
5.531793891314010558e+00
5.493057181844040571e+00
5.470955687477271567e+00
5.336460285550976401e+00
5.320201066201176943e+00
5.312134694676120539e+00
5.440128433792115636e+00
5.412884768060386875e+00
5.553185173340914105e+00
5.677182672237487182e+00
5.376916962801878697e+00
5.392029762516598268e+00
5.558730282057540606e+00
5.799990530534345545e+00
5.831866700457631225e+00
5.615114437517590318e+00
5.513061119794672393e+00
5.546940788402310751e+00
5.417294507751425847e+00
5.597881649657494130e+00
5.614603034430625250e+00
5.454538937635407869e+00
5.395528332677656635e+00
5.292136343730875936e+00
5.311611044796525682e+00
5.268646549619933062e+00
5.260927947535606108e+00
5.168949793038812857e+00
5.190338388155493199e+00
5.406369334658530867e+00
5.184348466468956751e+00
5.179861379198061222e+00
5.174990231360037996e+00
5.116332707859817752e+00
5.175146699696306918e+00
5.042110772795427742e+00
5.167523286822059525e+00
5.106364838720908850e+00
5.291941312203108261e+00
5.250800526802471779e+00
5.436374406430426021e+00
5.440143619445086287e+00
5.274876532958471920e+00
5.230226327093353333e+00
5.449764103477018118e+00
5.408748510846519864e+00
5.596754171827923230e+00
5.529487467676043266e+00
5.346530558194914740e+00
5.373013624121847798e+00
5.202642447680044135e+00
5.405699363365473076e+00
5.306001601216210339e+00
5.216595929153590383e+00
5.290634395083820607e+00
5.297787829542356164e+00
5.441075667672564897e+00
5.422767017179394244e+00
5.353110922505879721e+00
5.291923681659885581e+00
5.438557929190929841e+00
5.439585478751785885e+00
5.623868482177810435e+00
5.459318208280901530e+00
5.745162736253203839e+00
5.522875283740464880e+00
5.626381505235143798e+00
5.492062961673695121e+00
5.716297553686328747e+00
5.521766929067250196e+00
5.490820345361250077e+00
5.418773693315079854e+00
5.577388863884793047e+00
5.430692975001271350e+00
5.455090233110053255e+00
5.388177331362333788e+00
5.278136771447902831e+00
5.284166635039968085e+00
5.511537653057601460e+00
5.291089101038608966e+00
5.322345790226004070e+00
5.499124489549029882e+00
5.511206782195037235e+00
5.585793916600500175e+00
5.434374694745600642e+00
5.156725246290627673e+00
5.354877259481279239e+00
5.191357107899092327e+00
5.363902307632781863e+00
5.235571107385138312e+00
5.338058561863752161e+00
5.448445358742079137e+00
5.605744230029792163e+00
5.132598805351525684e+00
5.361133350940328057e+00
5.771691385122601936e+00
5.372305959138767406e+00
5.309835516584530346e+00
5.532590503026804107e+00
5.415891069518209200e+00
5.546128019709341217e+00
5.825493372518796065e+00
5.659858447438013584e+00
5.819544146493354830e+00
5.798006128464133546e+00
5.517354531245544536e+00
5.680438430305573938e+00
5.475580076769302806e+00
5.393879545044910628e+00
5.238840592693563281e+00
5.248971866007455134e+00
5.359303082902580506e+00
5.625339369042626991e+00
5.335661490100621407e+00
5.437384741081387141e+00
5.379083391337054820e+00
5.353458095909430448e+00
5.539296809359322893e+00
5.469564721558024090e+00
5.393943016984263927e+00
5.275776669329518498e+00
5.402523613510611611e+00
5.559032339268324741e+00
5.492603052038320222e+00
5.497056417321128485e+00
5.968297046757732538e+00
5.461069311790869740e+00
5.430132745196449839e+00
5.610768071559663284e+00
5.525467754524783004e+00
5.307252167251450103e+00
5.315748084441779930e+00
5.389457242072910326e+00
5.127760972482915847e+00
5.090958621282352325e+00
5.189313959181336422e+00
5.233504109481127209e+00
5.305846666761028452e+00
5.482274850324283300e+00
5.247945286512304186e+00
5.637532429677412971e+00
5.815223402177751133e+00
5.492887702586269683e+00
5.488303829661572486e+00
5.513670545098529274e+00
5.508674349925265723e+00
5.202718314988076465e+00
5.552044629670192855e+00
5.651163207389280352e+00
5.590961170024151272e+00
5.447092179810410606e+00
5.468282389397812082e+00
5.328051007483808554e+00
5.328818650948760727e+00
5.188640656750564517e+00
5.272553857108271735e+00
5.368303288526833583e+00
5.327081759900715419e+00
5.217077906157612688e+00
5.210311429148386075e+00
5.400640485150564274e+00
5.466121059787443670e+00
5.486415493004890287e+00
5.443127589441649761e+00
5.617396046622070038e+00
5.921292272417420399e+00
5.489816488965394647e+00
5.325139984134077409e+00
5.202348576399934643e+00
5.104063434824690049e+00
5.276566518356633040e+00
5.274609751424690351e+00
5.336275933594808230e+00
5.292823874326832545e+00
5.431561234315982922e+00
5.664400519198633077e+00
5.526273106610972263e+00
5.759928853343564192e+00
5.352296708406277581e+00
5.597506174384052180e+00
5.852106321686394885e+00
5.413945675046520023e+00
5.346654864115190087e+00
5.609198955019636834e+00
5.621717977318537507e+00
5.812097028505339047e+00
5.702281855043676906e+00
5.631786692728116606e+00
5.427771837030140212e+00
5.310396543615699905e+00
5.551785392081513670e+00
5.338663926916995983e+00
5.464450232607169333e+00
5.287028290336295733e+00
4.968029023977406311e+00
5.079082147442277595e+00
5.089077121973526907e+00
5.122819946392923818e+00
5.253241329296675310e+00
5.276220725134336931e+00
5.018953880270056622e+00
5.231358617204527661e+00
5.250366346258514838e+00
5.336461105483256695e+00
5.333119180361107325e+00
5.304144391963910188e+00
5.304532390973730749e+00
5.671609034198064947e+00
5.786178254181002956e+00
5.461266276023367006e+00
5.862823102326619740e+00
5.535090637543528480e+00
5.422120999850828404e+00
5.454493589476917315e+00
5.234500822099954043e+00
5.313974462618726413e+00
5.349622451424575154e+00
5.345507414194001328e+00
5.343195511234792860e+00
5.247218326565470825e+00
5.312121210523637060e+00
5.297115027738409587e+00
5.379823542663207725e+00
5.123060008065279725e+00
5.294085369656812645e+00
5.195964603709341212e+00
5.161777893040598642e+00
5.525513610143507393e+00
5.290185888478302623e+00
5.293980828721729814e+00
5.536902241056084861e+00
5.282822898987346250e+00
5.377025221284316814e+00
5.357921312982313999e+00
5.519522238509591006e+00
5.706650269933070341e+00
5.624554098153341286e+00
5.705717304424910985e+00
5.551402307255589363e+00
5.545167689615697171e+00
5.515520906508443844e+00
5.289426348600780869e+00
5.248640428284618409e+00
5.392812067430559964e+00
5.293918988324810115e+00
5.415358428502556443e+00
5.517874766574434986e+00
5.270200465174193383e+00
5.585618149832593637e+00
5.388466721018368766e+00
5.372771827868306538e+00
5.389279492121527682e+00
5.269859059797717293e+00
5.450780422077017739e+00
5.414708565127120288e+00
5.649599319378784124e+00
5.444241612392151985e+00
5.589993598078207171e+00
5.744116048370091931e+00
5.552887345047188283e+00
5.657468374094170471e+00
5.636475693249779262e+00
5.627701712491174568e+00
5.774038643038166718e+00
5.644146908149146213e+00
5.611200319650500035e+00
5.266867204113514056e+00
5.397481690137551524e+00
5.378287362423990636e+00
5.419407413850095168e+00
5.447013495834180929e+00
5.597531475071033213e+00
5.583171237708221213e+00
5.538785298610662267e+00
5.523144859591683442e+00
4.924568004074653338e+00
5.125144724099440552e+00
5.380523206342595621e+00
5.632982608482127063e+00
5.422904815545150470e+00
5.514030331956886855e+00
5.659492077737712457e+00
5.559893620996620101e+00
5.714421449901749384e+00
5.827377736579610001e+00
5.445534196082955525e+00
5.389143923752830467e+00
5.491994868109455474e+00
5.688628569691316805e+00
5.378686016629243838e+00
5.618694663909706399e+00
5.781286797941616484e+00
5.549365055631366950e+00
5.533600708603420237e+00
5.400152671279927930e+00
5.324089217778218419e+00
5.263957106751573356e+00
5.367550675647720482e+00
5.683938314087803256e+00
5.447465101935166309e+00
5.426272598072744202e+00
5.467247871467537657e+00
5.526221068594509234e+00
5.283655934443987512e+00
5.397720125124853219e+00
5.489550440749826343e+00
5.433815326792252876e+00
5.376545191942937230e+00
5.446536849867349872e+00
5.407050817903106932e+00
5.421015286184620585e+00
5.443309267514266914e+00
5.345714548224806073e+00
5.284155672993668063e+00
5.266962086366265616e+00
5.531569090685569456e+00
5.334691169070822525e+00
5.532457289165470193e+00
5.555764486511326261e+00
5.514808481999499357e+00
5.647841097402949373e+00
5.336221686017871946e+00
5.438143662796030675e+00
5.494101741331591349e+00
5.494266989570636639e+00
5.262114019784200458e+00
5.049046995803967874e+00
5.182289007934302028e+00
5.296625117644476077e+00
5.074847867260514178e+00
5.048250194053113482e+00
5.164176185383459128e+00
5.366449039289064693e+00
5.500374314942188647e+00
5.652232890277656630e+00
5.944487764394141394e+00
5.725795731480523898e+00
5.574958694520903535e+00
5.667996960855941069e+00
5.225403101764166003e+00
5.288828936292500060e+00
5.424950315007526669e+00
5.367937737055135550e+00
5.517713078036774021e+00
5.310977954535356815e+00
5.392751002615606026e+00
5.475386114412962968e+00
5.744730472301620594e+00
5.800985340316632488e+00
5.809922261337931992e+00
5.815157443507275481e+00
5.793271373750374487e+00
5.536076844036982081e+00
5.638023491921387631e+00
5.552418427772886744e+00
5.290847726473457691e+00
5.276726315429280056e+00
5.258621850942156506e+00
5.387943306257009901e+00
4.996511707150576242e+00
5.086417349461608062e+00
5.096562982341628967e+00
5.073925346167003525e+00
5.296083449646280528e+00
5.191556196413866786e+00
5.473631368917907913e+00
5.312302479047624537e+00
5.530510110596861040e+00
5.516303492127069497e+00
5.897031700276707866e+00
5.687860323258663087e+00
5.722323459408915625e+00
5.813002165108705377e+00
5.468944048661791513e+00
5.654606490020438692e+00
5.728647788308997235e+00
5.573299298853807926e+00
5.474742031320949387e+00
5.495392178805516004e+00
5.325975757580932779e+00
5.178724602847900371e+00
5.310240502832681564e+00
5.408255253566268017e+00
5.437358348224780258e+00
5.562090825170160180e+00
5.754799408022612361e+00
5.492746341887196238e+00
5.482823653190896707e+00
5.302651108927482149e+00
5.447667369132791038e+00
5.438647056242391642e+00
5.444025133669359029e+00
5.338004851466974010e+00
5.632981798087633329e+00
5.392334217078878389e+00
5.093468263017759234e+00
5.280213913020634919e+00
5.128721625813235541e+00
5.429283240316344461e+00
5.319511152546740007e+00
5.357296080693505935e+00
5.424156478445888219e+00
5.270315591999138682e+00
5.004273047054081935e+00
5.025165376323383448e+00
5.014883961046015415e+00
5.251519304555044343e+00
5.346978487466174101e+00
5.314829389221166878e+00
5.590571478989900811e+00
5.783189474592553836e+00
5.604809573926023525e+00
5.547670328762248637e+00
5.639664392765556755e+00
5.478106768791852765e+00
5.752446657140545483e+00
5.625021202750193794e+00
5.284533621966703620e+00
5.272240793692123617e+00
5.244884363740265343e+00
5.091622997177397636e+00
5.159322008919025038e+00
5.198543947609123528e+00
5.275829298942648293e+00
5.471072036513848325e+00
5.250708182261458745e+00
5.332587710543195136e+00
5.215683414454761468e+00
5.216362198301580655e+00
5.197254362838767960e+00
5.571325178160316582e+00
5.398926867733569779e+00
5.694178613203368045e+00
5.336115101966164787e+00
5.441977169548208870e+00
5.210781577543083465e+00
5.185952716885779523e+00
5.307017966194259806e+00
5.301777232233861881e+00
5.276171080703483618e+00
5.158153786128058194e+00
5.307492169037802299e+00
5.628186657107994151e+00
5.308261972509914273e+00
5.501820150799059839e+00
5.561499196008441892e+00
5.273595800352756768e+00
5.487220409365851204e+00
5.300644500558052030e+00
5.387566513651808719e+00
5.468864140663275641e+00
5.556738478307274853e+00
5.266823237910811528e+00
5.445671174388112767e+00
5.465525781163733221e+00
5.599322139482621807e+00
5.604323604414522819e+00
5.801434379854701007e+00
5.818866784229299149e+00
5.939173316374533051e+00
5.533909264263917827e+00
5.437554383842259753e+00
5.611047209628235777e+00
5.413204783855282365e+00
5.612096916679448988e+00
5.603533886401552699e+00
5.820532838027795641e+00
5.973659529467068019e+00
5.603398381559375530e+00
5.691972899965834110e+00
5.689813224237890488e+00
5.556706711185004366e+00
5.416583371720889772e+00
5.371416777501464956e+00
5.361648284230669859e+00
5.436209754135403749e+00
5.633023583978888027e+00
5.349395651524872619e+00
5.221794241048616669e+00
5.131882239003543233e+00
5.301633232376215865e+00
5.488949061259830842e+00
5.544257168786491441e+00
5.342974239903120370e+00
5.180399446018963516e+00
5.414184225736806688e+00
5.410263756874687857e+00
5.488197129453990186e+00
5.610937422706050448e+00
5.740754036176409336e+00
5.529005868774381938e+00
5.711398434175842809e+00
5.574873807859257013e+00
5.651325210640709251e+00
5.579951456749896010e+00
5.686554804295683496e+00
5.749799639974004783e+00
5.411206885434961755e+00
5.366198607974216550e+00
5.280837987162432690e+00
5.442086210472360186e+00
5.428263943485454490e+00
5.332593015034059469e+00
5.191540464545264300e+00
5.482715618477363329e+00
5.545084613471733093e+00
5.388966420551552616e+00
5.321818855440828777e+00
5.390394560623210651e+00
5.414522253581671940e+00
5.423709403533189644e+00
5.452202003650154616e+00
5.278363985529956004e+00
5.218164225664346567e+00
5.243583763986515933e+00
5.243368147619927200e+00
5.591911600334862342e+00
5.383906473132543447e+00
5.342921895796981957e+00
5.467943614283294451e+00
5.493962347348811726e+00
5.730920212246409129e+00
5.750780380786225443e+00
5.278390710169384548e+00
5.494518172836166947e+00
5.527634173804533368e+00
5.666288641028675244e+00
5.748045954751614062e+00
5.823134787789039812e+00
5.689283221778784316e+00
5.569538407595773677e+00
5.509453894866351398e+00
5.429769276791315491e+00
5.394046323498240092e+00
5.401737686877895683e+00
5.620145395120488274e+00
5.402777822147454501e+00
5.551092092064333627e+00
5.459482291799851339e+00
5.277797249425030479e+00
5.544676169747346783e+00
5.588586833922560615e+00
5.596241479922510642e+00
5.350120455003255948e+00
5.525590447110720227e+00
5.615331495018192065e+00
5.643123313772517413e+00
5.656227508635439882e+00
5.490940617525156497e+00
5.342270452216932419e+00
5.182644641825216780e+00
5.239697963171136230e+00
5.350457618676791149e+00
5.124039986963199844e+00
5.082944517211502422e+00
5.262478984756071121e+00
5.257429100557891033e+00
5.431214546852093150e+00
5.238305297928476101e+00
5.429956408463494810e+00
5.453838278576271570e+00
5.450038760197648990e+00
5.348570967807319221e+00
5.375682681583670686e+00
5.310806445872800374e+00
5.348787067156827391e+00
5.419868092849291941e+00
5.468312774391153930e+00
5.601771285852136018e+00
5.474291089892289186e+00
5.521222680877599487e+00
5.662832782339575211e+00
5.596379870665757039e+00
5.335411771352033483e+00
5.481648683820875334e+00
5.561528703342363045e+00
5.322379373607446951e+00
5.487203089732932249e+00
5.437822536603436951e+00
5.391448753919551251e+00
5.590183916378046014e+00
5.688904800523697958e+00
5.740615332025790885e+00
5.499667552311630736e+00
5.405396713422049970e+00
5.531147515108691515e+00
5.518749385778791705e+00
5.416882522175832548e+00
5.391467362560135257e+00
5.440930138020159568e+00
5.478706494693392770e+00
5.547699670485689794e+00
5.532337964239069095e+00
5.157383631951551806e+00
5.469437155141551266e+00
5.382556625545160678e+00
5.589228371230136716e+00
5.201206222989948280e+00
5.207302075613164938e+00
5.330539730899140238e+00
5.450062373320115228e+00
5.335368016730269503e+00
5.141805940954490062e+00
5.532565315682657747e+00
5.368296838562860884e+00
5.105702331443808362e+00
5.131057530818269541e+00
5.365175634297234097e+00
5.523316650866606281e+00
5.472280880670113312e+00
5.553703344343793091e+00
5.390476512806041676e+00
5.402740635569251992e+00
5.347009126828574210e+00
5.051694813677992890e+00
5.130768166099395344e+00
5.277632579359397447e+00
5.342593300833546444e+00
5.325382934970161131e+00
5.350892217339267454e+00
5.484583101528262894e+00
5.563874512070353440e+00
5.298523936184922789e+00
5.436359998378710756e+00
5.476326672333136969e+00
5.564762243949107123e+00
5.336271658580124644e+00
5.480915705703377938e+00
5.697355746414997313e+00
5.470333471569042594e+00
5.759588418602838544e+00
5.785666722618545421e+00
