1.000000000000000000e+00
3.700000000000000178e+00
3.363636363636363757e+00
3.325163398692810635e+00
3.238207547169811296e+00
3.188297074268567233e+00
3.183222958057394969e+00
3.425078864353312103e+00
3.292345276872964188e+00
3.145616641901931576e+00
3.320684523809523725e+00
3.279069767441860517e+00
3.410358565737051872e+00
3.271213322759714437e+00
3.308527131782945663e+00
3.371019108280254972e+00
3.463986599664991672e+00
3.348333333333333162e+00
3.453410981697171422e+00
3.458297506448839265e+00
3.282894736842105310e+00
3.281568627450980546e+00
3.292913385826771844e+00
3.216886134779240791e+00
3.050461975835110362e+00
3.362481315396113501e+00
3.140661029976940632e+00
3.323239969719909315e+00
3.317854283426741269e+00
3.393092105263157965e+00
3.363333333333333286e+00
3.448129251700680076e+00
3.232157506152584237e+00
3.298589341692789834e+00
3.276898734177215111e+00
3.276243093922651894e+00
3.288553259141494323e+00
3.403119868637110024e+00
3.306425041186161540e+00
3.331993569131832977e+00
3.170130869899923098e+00
3.338772338772338699e+00
3.333060556464811697e+00
3.309927360774818528e+00
3.411716171617161564e+00
3.370401337792642060e+00
3.337378640776698990e+00
3.226884226884227047e+00
3.393843725335437878e+00
3.420302013422818810e+00
3.305872756933115664e+00
3.297788309636650705e+00
3.354967948717948900e+00
3.244672454617206103e+00
3.249615975422427194e+00
3.449959316517493768e+00
3.361111111111111160e+00
3.181041181041181165e+00
3.427667984189723516e+00
3.325041459369817431e+00
3.481856540084388385e+00
3.149397590361445953e+00
3.311877394636015381e+00
3.336569579288025889e+00
3.154259401381427352e+00
3.298711144806671935e+00
3.342443729903536997e+00
3.260317460317460281e+00
3.349041533546325944e+00
3.500000000000000000e+00
3.363171355498721038e+00
3.309847878302642155e+00
3.418092909535452417e+00
3.240829346092504171e+00
3.292983808789514466e+00
3.244392884764114360e+00
3.322884012539184972e+00
3.242756460454189416e+00
3.265793528505392729e+00
3.247086247086246935e+00
3.446633825944170670e+00
3.148356054530874193e+00
3.387274155538098963e+00
3.294503691550451308e+00
3.307199999999999918e+00
3.160741885625966141e+00
3.431403647898493059e+00
3.400340715502555344e+00
3.226804123711340289e+00
3.261432926829268109e+00
3.197718631178707138e+00
3.166419019316493166e+00
3.342857142857142971e+00
3.283762057877813501e+00
3.220939183987682863e+00
3.195930670685757313e+00
3.540248962655601517e+00
3.334199134199134384e+00
3.330894308943089577e+00
3.236966824644549767e+00
3.338316286388670395e+00
3.154022988505746916e+00
3.423288749016522470e+00
3.328345802161263300e+00
3.366093366093366068e+00
3.345679012345679215e+00
3.279032258064515926e+00
3.248249027237354092e+00
3.200304645849200380e+00
3.256901840490797451e+00
3.440957886044591074e+00
3.235004108463434669e+00
3.328050713153724249e+00
3.430613961312027005e+00
3.342929720575783303e+00
3.330612244897959151e+00
3.281927710843373536e+00
3.368464052287581723e+00
3.320132013201320120e+00
3.191673212882953692e+00
3.367916999201915562e+00
3.510993843447669516e+00
3.373356704645048332e+00
3.406303236797274092e+00
3.329974811083123321e+00
3.306504065040650531e+00
3.376344086021505486e+00
3.328892589508742894e+00
3.341021416803954036e+00
3.229600000000000026e+00
3.417898193760262604e+00
3.399308556611927212e+00
3.314333612740989032e+00
3.296445880452342436e+00
3.351351351351351315e+00
3.280816326530612059e+00
3.369332234130255621e+00
3.316666666666666874e+00
3.138065522620904879e+00
3.376592356687897922e+00
3.236259228876127825e+00
3.284800000000000164e+00
3.319638455217748696e+00
3.196825396825397014e+00
3.231182795698924526e+00
3.298342541436463993e+00
3.357026143790849737e+00
3.508253692441355209e+00
3.217573221757322077e+00
3.216423637759017851e+00
3.222817764165390564e+00
3.312352478363493447e+00
3.291900561347233189e+00
3.387202625102542886e+00
3.244569589702333001e+00
3.231895223420647056e+00
3.383627608346709614e+00
3.241987179487179294e+00
3.415247364152473430e+00
3.217566478646253003e+00
3.316653635652853982e+00
3.216679657053780339e+00
3.347003154574132555e+00
3.293975903614458023e+00
3.225781249999999822e+00
3.332803812549642419e+00
3.337726523887973862e+00
3.349708576186511078e+00
3.388185654008438963e+00
3.333891213389121422e+00
3.374478732276897208e+00
3.390572390572390571e+00
3.357262103505842976e+00
3.266017842660178250e+00
3.286503551696921654e+00
3.360682372055239675e+00
3.326530612244897878e+00
3.502555366269165305e+00
3.341296928327645244e+00
3.385373870172555311e+00
3.289049919484702045e+00
3.301016419077404063e+00
3.340746624305003909e+00
3.395424836601307117e+00
3.348250610252237802e+00
3.253124999999999822e+00
3.324031007751937938e+00
3.216793893129771043e+00
3.208977189109639472e+00
3.297663903541823593e+00
3.304415182029434739e+00
3.397117694155324052e+00
3.242376856919468420e+00
3.325705568268497281e+00
3.420032310177706147e+00
3.191621411947246134e+00
3.296711509715994026e+00
3.211320754716981085e+00
3.288721804511278268e+00
3.429951690821256172e+00
3.319320937752627376e+00
3.387738853503184711e+00
3.337859424920127882e+00
3.388535031847133894e+00
3.409238249594813475e+00
3.370489174017642142e+00
3.323437499999999822e+00
3.407553107789142555e+00
3.433333333333333126e+00
3.368971061093247510e+00
3.399681528662420238e+00
3.385232744783306380e+00
3.157185628742515071e+00
3.391922213911742645e+00
3.300781250000000000e+00
3.244011976047904255e+00
3.373946360153256663e+00
3.338072669826224192e+00
3.253414264036418757e+00
3.254437869822485396e+00
3.339380196523053623e+00
3.353906250000000089e+00
3.269938650306748684e+00
3.263940520446096727e+00
3.414007782101167177e+00
3.291536050156739890e+00
3.397665369649805367e+00
3.272445820433436570e+00
3.183732752360203477e+00
3.303999999999999826e+00
3.072880168185003313e+00
3.165652467883705246e+00
3.303272727272727138e+00
3.299772899318698105e+00
3.369029275808936852e+00
3.313664596273291796e+00
3.323867996930160995e+00
3.270535041446872793e+00
3.408037094281298085e+00
3.318110236220472409e+00
3.280423280423280463e+00
3.296769346356123176e+00
3.229918938835667053e+00
3.344801795063575334e+00
3.235735735735735918e+00
3.189189189189189033e+00
3.383469843633656104e+00
3.194298574643660960e+00
3.266280752532561671e+00
3.339879154078549739e+00
3.210995542347697018e+00
3.321481481481481701e+00
3.345887778631821519e+00
3.373824451410658121e+00
3.301857585139318818e+00
3.363008442056791836e+00
3.324303405572755388e+00
3.268421052631579116e+00
3.293856402664693039e+00
3.278966789667896897e+00
3.413159908186687019e+00
3.259484066767829979e+00
3.363976083707025388e+00
3.314786585365853799e+00
3.347264437689969618e+00
3.400155400155400187e+00
3.339506172839506348e+00
3.200724637681159557e+00
3.359738372093023173e+00
3.164051355206847216e+00
3.382627422828427655e+00
3.358390280941533579e+00
3.296076980014803759e+00
3.339246119733924711e+00
3.369581749049429753e+00
3.193997071742313398e+00
3.180316586373021170e+00
3.245601688951442743e+00
3.230824372759856455e+00
3.352289512555391315e+00
3.408242612752721445e+00
3.168374816983894782e+00
3.281424581005586649e+00
3.202816901408450878e+00
3.205620287868403029e+00
3.276129943502824826e+00
3.298398835516739513e+00
3.396369137670196547e+00
3.405785770132916390e+00
3.222967934377330312e+00
3.408071748878923835e+00
3.274107820804859514e+00
3.261973875181422233e+00
3.329654157468727060e+00
3.426127527216173974e+00
3.254738438210765583e+00
3.210078069552874336e+00
3.410408921933085313e+00
3.324615384615384528e+00
3.302514792899408302e+00
3.282387190684133760e+00
3.237348538845331358e+00
3.403392330383480768e+00
3.204363636363636303e+00
3.321479374110952953e+00
3.276688453159041448e+00
3.415730337078651591e+00
3.335375191424196029e+00
3.440061871616395983e+00
3.414229249011857537e+00
3.322852760736196398e+00
3.374335611237661237e+00
3.264573991031390232e+00
3.336757153338224313e+00
3.358108108108107892e+00
3.337623012869038508e+00
3.346846846846846635e+00
3.252562225475841728e+00
3.458143074581430554e+00
3.305836575875486183e+00
3.373384030418250745e+00
3.329510703363914192e+00
3.318318318318318472e+00
3.292988929889298699e+00
3.390447308567096307e+00
3.394839718530101802e+00
3.200445434298440972e+00
3.270192994996425906e+00
3.389266817838246570e+00
3.201179071481208727e+00
3.267375886524822803e+00
3.344213649851631942e+00
3.419953596287703235e+00
3.368544600938967015e+00
3.373456790123456894e+00
3.359111791730474916e+00
3.420155038759689958e+00
3.458832933653077646e+00
3.397303727200634338e+00
3.261976047904191489e+00
3.262024407753051136e+00
3.333088774761555406e+00
3.389946686976390122e+00
3.339723926380368191e+00
3.401392111368909621e+00
3.166301969365426849e+00
3.401753104455807364e+00
3.247561890472618007e+00
3.102777777777777857e+00
3.345025053686470962e+00
3.406151419558359539e+00
3.321316614420062763e+00
3.290468986384266437e+00
3.364335126825519051e+00
3.396031746031745957e+00
3.330708661417322691e+00
3.307515337423312829e+00
3.176253687315634178e+00
3.296703296703296537e+00
3.288006111535523246e+00
3.279176201372997923e+00
3.372734436564223781e+00
3.327751196172248793e+00
3.349003984063744888e+00
3.402112103980503566e+00
3.330917874396135403e+00
3.286158631415240894e+00
3.259174311926605672e+00
3.219714070729871924e+00
3.460862619808306562e+00
3.272727272727272929e+00
3.293436293436293294e+00
3.521197007481296826e+00
3.440207972270363790e+00
3.414920368818105789e+00
3.310040160642570228e+00
3.345971563981042785e+00
3.208841463414634276e+00
3.397998460354118677e+00
3.302621127879269203e+00
3.310452418096724081e+00
3.349131121642969777e+00
3.378334680679062174e+00
3.306464485235435014e+00
3.231939163498098733e+00
3.463492063492063622e+00
3.336609336609336562e+00
3.359076433121019001e+00
3.361668003207698430e+00
3.386547811993517065e+00
3.509704641350210874e+00
3.345833333333333215e+00
3.342857142857142971e+00
3.352894528152260190e+00
3.449382716049382847e+00
3.389261744966443057e+00
3.265031645569620444e+00
3.444176706827309253e+00
3.423499577345731293e+00
3.557591623036649331e+00
3.305042016806722494e+00
3.414182111200644520e+00
3.246845425867507906e+00
3.343919442292796251e+00
3.350877192982456343e+00
3.322020520915548669e+00
3.341444270015698770e+00
3.346214511041009310e+00
3.296124031007751753e+00
3.150073206442166818e+00
3.216177523264137417e+00
3.263118994826311958e+00
3.369969040247677849e+00
3.386527666399358427e+00
3.252696456086286769e+00
3.259286775631500710e+00
3.251293422025129498e+00
3.426344505066250878e+00
3.318541996830427721e+00
3.217164179104477828e+00
3.373393801965230754e+00
3.169656203288490293e+00
3.260619150467962690e+00
3.399845916795069201e+00
3.352426412092283314e+00
3.442822384428223970e+00
3.257456828885400224e+00
3.307692307692307487e+00
3.300911854103343313e+00
3.302501895375284491e+00
3.248507462686567315e+00
3.484202211690363260e+00
3.353181076672104410e+00
3.342923794712286067e+00
3.359875097580015790e+00
3.256664127951256482e+00
3.205370101596516808e+00
3.258158085569252904e+00
3.291666666666666519e+00
3.279104477611940460e+00
3.442635658914728669e+00
3.426601784266017692e+00
3.363278171788810056e+00
3.199413489736070204e+00
3.359294636296840775e+00
3.379176379176379363e+00
3.383228840125391823e+00
3.381329113924050667e+00
3.337227414330218078e+00
3.539951573849879018e+00
3.295472597299443862e+00
3.328645447816432235e+00
3.421742482652274653e+00
3.426307448494453123e+00
3.180279617365710187e+00
3.237099023709902212e+00
3.209237228831350652e+00
3.234636871508379752e+00
3.378398236590741899e+00
3.387047031611410741e+00
3.232420429311621213e+00
3.202949438202247201e+00
3.394582723279648828e+00
3.164373642288197175e+00
3.346126510305614588e+00
3.431432973805855102e+00
3.258088788562829130e+00
3.235378031383737696e+00
3.207719298245613970e+00
3.274079320113314484e+00
3.369842460615153801e+00
3.304640718562874113e+00
3.330111524163568593e+00
3.268131868131868067e+00
3.255930984902947412e+00
3.315328467153284553e+00
3.341079460269865020e+00
3.397701149425287337e+00
3.248317127898279644e+00
3.231977159172020109e+00
3.325054784514243966e+00
3.228005865102639316e+00
3.364381520119224867e+00
3.239130434782608869e+00
3.260774287801314841e+00
3.321933085501858951e+00
3.374903772132409330e+00
3.328967642526964532e+00
3.379629629629629761e+00
3.371584699453551881e+00
3.351121423047177306e+00
3.226637233259749937e+00
3.218838526912181308e+00
3.344395280235988199e+00
3.436420722135007821e+00
3.295260295260295180e+00
3.423017107309486828e+00
3.561492790500424110e+00
3.380553227158423990e+00
3.292796281951975157e+00
3.457413249211356288e+00
3.347826086956521952e+00
3.340326340326340127e+00
3.353629976580796423e+00
3.311627906976744029e+00
3.395784543325527149e+00
3.361264822134387487e+00
3.277439024390243816e+00
3.316704459561602203e+00
3.259426847662141746e+00
3.355776587605202810e+00
3.358267716535432879e+00
3.650602409638554313e+00
3.436731107205623914e+00
3.343825665859564200e+00
3.263846153846154063e+00
3.397496087636932671e+00
3.354317998385794919e+00
3.383878691141260830e+00
3.308116627265563547e+00
3.167527675276752941e+00
3.236956521739130288e+00
3.208606856309263122e+00
3.353741496598639404e+00
3.179640718562874113e+00
3.215517241379310498e+00
3.266320474777447913e+00
3.373261205564141996e+00
3.296267496111975337e+00
3.252050708426547310e+00
3.171774768353528007e+00
3.344093910491562571e+00
3.253373313343328466e+00
3.388762338648443340e+00
3.275993883792049033e+00
3.378544061302681811e+00
3.283294842186297302e+00
3.265321375186846176e+00
3.247032640949554683e+00
3.257184966838614582e+00
3.205221174764322001e+00
3.137420718816067655e+00
3.308588064046579458e+00
3.404592240696753702e+00
3.354400000000000048e+00
3.260305343511450182e+00
3.336626139817629344e+00
3.168514412416851389e+00
3.276334776334776322e+00
3.343488194973343486e+00
3.330996884735202279e+00
3.268645357686453590e+00
3.455118110236220286e+00
3.390522875816993409e+00
3.162425149700598848e+00
3.158041958041958086e+00
3.284470246734397580e+00
3.138205499276411015e+00
3.343635025754231105e+00
3.205108940646130833e+00
3.277448071216617187e+00
3.336702954898911333e+00
3.312056737588652489e+00
3.222475322703113321e+00
3.345830145371078590e+00
3.392886014551333762e+00
3.203245749613601312e+00
3.124281609195402432e+00
3.206772334293948035e+00
3.341257668711656414e+00
3.320220298977183404e+00
3.373617693522906968e+00
3.319936958234830371e+00
3.199701937406855379e+00
3.433410315627405840e+00
3.384489795918367516e+00
3.262383900928792713e+00
3.311127933383799959e+00
3.379579111457521545e+00
3.279105628373168990e+00
3.329795299469294978e+00
3.335637480798771204e+00
3.210682492581602432e+00
3.342793129200896107e+00
3.324825986078886242e+00
3.330239752513534324e+00
3.220720720720720909e+00
3.395721925133689645e+00
3.224537037037037202e+00
3.382534775888716982e+00
3.273659305993690705e+00
3.343190661478599335e+00
3.395367412140575247e+00
3.273940345368916649e+00
3.442477876106194490e+00
3.364243943191311814e+00
3.382133995037220675e+00
3.383846794338051467e+00
3.317733990147783363e+00
3.268834258524980108e+00
3.291536050156739890e+00
3.365912762520193890e+00
3.336065573770491621e+00
3.336859235150528846e+00
3.412645590682196417e+00
3.274877650897226822e+00
3.200913242009132631e+00
3.440919904837430821e+00
3.380672268907563005e+00
3.318218623481781204e+00
3.307996832937450726e+00
3.311163895486935793e+00
3.349436392914654004e+00
3.300727566693613557e+00
3.253943217665615339e+00
3.254871395167576065e+00
3.276212832550860821e+00
3.257456828885400224e+00
3.265210608424336858e+00
3.380759902991107513e+00
3.447480785653287860e+00
3.392491467576791653e+00
3.377610693400167285e+00
3.189614476789929043e+00
3.384189723320158105e+00
3.275526742301458683e+00
3.217760617760617947e+00
3.320681642137877532e+00
3.411184210526315930e+00
3.211067193675889442e+00
3.307987711213517645e+00
3.148148148148148362e+00
3.315192743764172167e+00
3.350523771152296604e+00
3.401652892561983332e+00
3.276475343573161059e+00
3.295223179326546514e+00
3.405383360522022951e+00
3.320723684210526105e+00
3.352750809061488813e+00
3.308692120227457512e+00
3.368334700574241225e+00
3.276699029126213691e+00
3.360294117647058876e+00
3.331125827814569451e+00
3.269726247987117418e+00
3.280189423835832674e+00
3.315874294923448762e+00
3.356966199505358794e+00
3.331960461285008446e+00
3.233040702314445181e+00
3.201070336391437454e+00
3.315583398590446151e+00
3.263453815261044166e+00
3.300800000000000178e+00
3.314516129032258007e+00
3.514995715509854346e+00
3.334470989761092241e+00
3.217798594847775195e+00
3.221052631578947167e+00
3.242057488653555364e+00
3.332549019607843110e+00
3.332794830371566874e+00
3.264566929133858153e+00
3.375099760574620689e+00
3.429890848026868166e+00
3.323675496688741848e+00
3.369230769230769251e+00
3.311449159327461977e+00
3.299373040752350938e+00
3.267288267288267267e+00
3.359177215189873333e+00
3.398520953163516989e+00
3.354838709677419484e+00
3.387149917627676921e+00
3.249798549556809135e+00
3.482529118136439283e+00
3.285234899328858926e+00
3.313099041533546174e+00
3.469696969696969724e+00
3.481938325991189576e+00
3.226600985221674822e+00
3.235741444866920169e+00
3.335955940204563319e+00
3.417283950617283850e+00
3.306291390728476998e+00
3.224124513618677135e+00
3.305361305361305568e+00
3.391020408163265110e+00
3.408783783783783772e+00
3.314356435643564414e+00
3.219339622641509635e+00
3.267649340574088512e+00
3.301600000000000090e+00
3.355263157894736725e+00
3.353628023352793974e+00
3.404040404040403978e+00
3.386382978723404324e+00
3.271228359439406486e+00
3.325223033252230120e+00
3.361666666666666803e+00
3.351305812973883747e+00
3.407344150298889929e+00
3.356047700170357917e+00
3.279508196721311553e+00
3.228934817170111327e+00
3.349309504467912202e+00
3.398804440649017877e+00
3.279534109816971910e+00
3.242088607594936889e+00
3.184957789716039933e+00
3.229885057471264531e+00
3.393765381460213337e+00
3.305625524769101542e+00
3.415189873417721511e+00
3.358067299396031213e+00
3.129057798891528019e+00
3.311769290724863701e+00
3.338345864661654172e+00
3.490299823633157050e+00
3.241408934707903811e+00
3.365733113673805565e+00
3.325738396624472681e+00
3.311774461028192285e+00
3.291735537190082717e+00
3.286300246103363243e+00
3.284426229508196737e+00
3.354651162790697860e+00
3.311241610738254959e+00
3.245129870129870309e+00
3.261600000000000055e+00
3.344913151364764303e+00
3.306329113924050489e+00
3.197251414713015549e+00
3.416247906197654949e+00
3.286453839516824793e+00
3.425862068965517260e+00
3.321212121212121282e+00
3.179487179487179294e+00
3.297211155378485969e+00
3.328892589508742894e+00
3.220146222583265772e+00
3.357903357903357922e+00
3.238608119304059674e+00
3.184313725490195868e+00
3.395387149917627578e+00
3.301709401709401526e+00
3.451187335092348096e+00
3.231958762886598002e+00
3.231884057971014634e+00
3.419080068143100615e+00
3.319335083114610452e+00
3.310286677908937492e+00
3.253941908713692932e+00
3.333333333333333481e+00
3.333905579399141672e+00
3.463111111111111029e+00
3.247619047619047628e+00
3.427092320966350414e+00
3.468319559228650206e+00
3.212328767123287854e+00
3.168106834249803772e+00
3.313962873284907129e+00
3.283082077051926451e+00
3.325230511316009885e+00
3.314406779661017044e+00
3.369006849315068663e+00
3.337339055793991260e+00
3.240360951599671857e+00
3.241819632881085322e+00
3.471890971039182094e+00
3.348206474190726034e+00
3.246943765281173455e+00
3.341956345998382982e+00
3.309602649006622599e+00
3.457975986277872948e+00
3.423550087873462378e+00
3.276578073089701171e+00
3.240407204385277851e+00
3.351157222665602564e+00
3.289795918367346861e+00
3.375822368421052655e+00
3.206869009584664365e+00
3.354788069073783241e+00
3.374380165289255995e+00
3.321108394458027746e+00
3.418106995884773625e+00
3.458119658119658268e+00
3.371644295302013372e+00
3.440931780366056625e+00
3.399495374264087655e+00
3.290192926045016009e+00
3.493806771263418653e+00
3.255093724531377131e+00
3.239969719909159718e+00
3.323029366306027743e+00
3.374193548387096619e+00
3.275697211155378596e+00
3.324960753532181901e+00
3.269803921568627647e+00
3.274844720496894457e+00
3.251538461538461711e+00
3.340125391849529723e+00
3.238095238095238138e+00
3.273635664873174367e+00
3.153268219383921878e+00
3.449286846275752882e+00
3.325562031640299843e+00
3.365105008077544646e+00
3.366093366093366068e+00
3.228593872741555515e+00
3.277182235834609436e+00
3.390008058017727421e+00
3.221604447974582897e+00
3.254573170731707155e+00
3.307092751363990502e+00
3.283582089552238958e+00
3.366185897435897356e+00
3.320877335499593741e+00
3.307753796962430215e+00
3.235797665369649856e+00
3.257120862201693612e+00
3.277907884465261379e+00
3.282454760031471075e+00
3.346463022508038510e+00
3.349141455437449011e+00
3.361088211046991070e+00
3.229976209357652728e+00
3.403677058353317353e+00
3.309893704006541260e+00
3.377235772357723764e+00
3.212480252764613020e+00
3.437650844730490540e+00
3.325291181364392834e+00
3.402146985962014814e+00
3.483175150992234848e+00
3.387878787878787712e+00
3.291803278688524514e+00
3.272871917263325159e+00
3.213229571984435928e+00
3.234435049961568165e+00
3.283582089552238958e+00
3.382786885245901765e+00
3.441960447119518651e+00
3.503533568904593665e+00
3.329613733905579576e+00
3.310316815597075468e+00
3.272800000000000153e+00
3.292663476874003070e+00
3.317961165048543659e+00
3.336341263330598661e+00
3.414839797639122931e+00
3.479789103690685614e+00
3.437225636523265848e+00
3.321008403361344730e+00
3.336333878887070448e+00
3.425442291491154201e+00
3.255144032921810648e+00
3.394909688013136417e+00
3.418825561312607952e+00
3.369897959183673297e+00
3.276422764227642226e+00
3.129545454545454408e+00
3.353620955315870678e+00
3.307944307944307827e+00
3.371921182266009787e+00
3.300488599348534002e+00
3.368633791430881264e+00
3.325203252032520318e+00
3.269047619047618980e+00
3.359199999999999964e+00
3.451612903225806495e+00
3.307178631051753026e+00
3.249014972419227654e+00
3.191570881226053480e+00
3.266563944530046282e+00
3.388157894736842035e+00
3.358234295415959192e+00
3.368776371308016770e+00
3.426597582037996581e+00
3.221130221130221294e+00
3.315199999999999925e+00
3.214113873295910029e+00
3.134908536585365724e+00
3.196832579185520551e+00
3.376528117359413272e+00
3.351282051282051366e+00
3.314597315436241587e+00
3.358284272497897405e+00
3.364726027397260122e+00
3.279932546374367597e+00
3.323699421965317757e+00
3.251827782290820590e+00
3.469645868465430105e+00
3.311320754716981174e+00
3.237450199203187218e+00
3.292527821939586818e+00
3.240063593004769427e+00
3.415296052631578760e+00
3.499558693733451076e+00
3.252941176470588225e+00
3.293789808917197526e+00
3.343673469387755226e+00
3.310543657331136647e+00
3.436071126164267575e+00
3.282590412111017653e+00
3.369885433715221090e+00
3.145426114151681052e+00
3.341085271317829619e+00
3.323770491803278659e+00
3.269322709163346552e+00
3.173946360153256485e+00
3.314728682170542839e+00
3.393034825870646642e+00
3.293046357615894149e+00
3.237756714060031626e+00
3.281102362204724621e+00
3.270420301348136327e+00
3.403305785123966754e+00
3.378632478632478620e+00
3.206672091131000712e+00
3.303898170246618804e+00
3.197305863708399531e+00
3.253894080996884597e+00
3.327656123276561129e+00
3.310743801652892504e+00
3.342715231788079500e+00
3.392223161453930658e+00
3.282284768211920500e+00
3.205447470817120781e+00
3.277907884465261379e+00
3.345335515548281347e+00
3.247355573637103365e+00
3.314561544650040048e+00
3.326986754966887450e+00
3.362794612794612892e+00
3.409482758620689502e+00
3.464412811387900248e+00
3.277446808510638299e+00
3.379652605459057213e+00
3.287603305785124164e+00
3.254574383452665032e+00
3.298161470823341546e+00
3.240223463687150751e+00
3.325562700964630025e+00
3.311881188118811714e+00
3.341687552213867818e+00
3.372250423011844411e+00
3.239540607054963051e+00
3.416390728476821348e+00
3.362231759656652219e+00
3.277594728171334459e+00
3.381622516556291203e+00
3.369991474850809965e+00
3.231147540983606348e+00
3.301204819277108626e+00
3.299103504482477689e+00
3.539473684210526105e+00
3.355416293643688430e+00
3.364255319148936163e+00
3.511669658886893863e+00
3.448847926267281316e+00
3.357142857142857206e+00
3.391644908616187948e+00
3.378283712784588388e+00
3.311643835616438380e+00
3.397071490094746071e+00
3.224832214765100513e+00
3.201262825572217974e+00
3.343161343161343169e+00
3.337628865979381576e+00
3.252282157676348540e+00
3.325600662800331619e+00
3.247920133111480645e+00
3.444539982803095590e+00
3.230308219178082307e+00
3.244372990353697528e+00
3.206841686555290227e+00
3.241679873217115482e+00
3.272360999194198428e+00
3.214626391096979230e+00
3.158461538461538431e+00
3.509655751469353380e+00
3.315418502202643225e+00
3.449525452976704099e+00
3.471971066907775683e+00
3.300347222222222321e+00
3.086590038314176443e+00
3.338810641627543152e+00
3.226753670473083258e+00
3.382133995037220675e+00
3.410729991204925149e+00
3.347294938917975582e+00
3.264532434709351172e+00
3.241407528641571112e+00
3.243862520458264953e+00
3.366101694915254239e+00
3.331889081455805979e+00
3.354978354978355171e+00
3.266382978723404218e+00
3.205378973105134310e+00
3.347862531433361433e+00
3.511457378551787301e+00
3.301084990958408572e+00
3.235392320534223654e+00
3.363171355498721038e+00
3.359042553191489144e+00
3.270527225583405251e+00
3.372173913043478244e+00
3.231696813092161946e+00
3.368647717484926751e+00
3.459409594095940843e+00
3.383255813953488289e+00
3.349731663685151961e+00
3.439890710382513817e+00
3.226200873362445432e+00
3.268879668049792464e+00
3.270110076206604433e+00
3.405618964003511717e+00
3.359712230215827322e+00
3.146523178807946852e+00
3.403846153846153744e+00
3.251948051948052143e+00
3.265780730897009931e+00
3.277128547579298612e+00
3.248126561199000673e+00
3.316498316498316612e+00
3.411297440423654237e+00
3.262748487467588721e+00
3.177316293929712376e+00
3.370462046204620421e+00
3.282051282051281937e+00
3.289318755256517957e+00
3.477373558118899588e+00
3.393911439114391193e+00
3.447296058661778240e+00
3.393217231897341701e+00
3.398544131028207627e+00
3.333333333333333481e+00
3.302447552447552503e+00
3.474545454545454604e+00
3.418319169027384419e+00
3.348816029143898199e+00
3.411392405063291111e+00
3.310991957104557848e+00
3.231810490693739268e+00
3.325443786982248628e+00
3.154859967051070857e+00
3.183320220298976988e+00
3.283849918433931592e+00
3.391493055555555358e+00
3.403225806451612989e+00
3.348214285714285587e+00
3.343309859154929509e+00
3.453804347826086918e+00
3.276198934280639463e+00
3.315879828326180334e+00
3.299396031061259560e+00
3.164349959116925515e+00
3.454155955441302606e+00
3.387511478420569322e+00
3.309734513274336098e+00
3.316246741963509770e+00
3.270386266094420513e+00
3.435669920141970035e+00
3.304504504504504503e+00
3.334500875656742469e+00
3.367383512544802837e+00
3.326145552560646923e+00
3.319186560565870803e+00
3.408348457350272032e+00
3.192844677137870679e+00
3.181300813008129946e+00
3.320914479254868823e+00
3.472811059907833897e+00
3.140747176368375193e+00
3.281505728314238812e+00
3.401969561324977409e+00
3.344322344322344431e+00
3.490177736202058068e+00
3.311172668513388651e+00
3.346938775510204245e+00
3.291887125220458454e+00
3.260981912144703010e+00
3.355458515283842758e+00
3.250652741514360233e+00
3.247474747474747403e+00
3.266837169650468997e+00
3.264554794520547976e+00
3.191471571906354665e+00
3.291983122362869274e+00
3.370304114490160874e+00
3.287878787878788067e+00
3.276762402088772674e+00
3.262975778546712835e+00
3.387791741472172546e+00
3.380729653882132979e+00
3.158951965065502243e+00
3.331325301204819400e+00
3.198779424585876274e+00
3.269624573378839383e+00
3.347284060552092821e+00
3.395370370370370150e+00
3.244824482448244840e+00
3.312883435582822056e+00
3.289145907473309816e+00
3.179180887372013764e+00
3.460644007155635027e+00
3.433397683397683586e+00
3.153643546971027334e+00
3.185761047463175011e+00
3.272881355932203196e+00
3.341312056737588687e+00
3.347197106690777524e+00
3.335443037974683556e+00
3.344232515894641100e+00
3.385321100917431103e+00
3.249332146037399838e+00
3.340688437775816588e+00
3.253075571177504344e+00
3.322524101665206064e+00
3.412844036697247674e+00
3.415962441314554177e+00
3.286885245901639330e+00
3.280176211453744273e+00
3.360685302073940672e+00
3.418931583880037373e+00
3.394139886578449783e+00
3.556213017751479466e+00
3.172794117647058876e+00
3.336496980155306158e+00
3.291853178155774273e+00
3.498594189315838765e+00
3.337110481586402333e+00
3.360936093609360853e+00
3.187339606501283118e+00
3.280467445742905053e+00
3.402144772117962290e+00
3.376029277218664415e+00
3.261862917398945516e+00
3.356461405030355394e+00
3.334519572953736688e+00
3.297368421052631504e+00
3.242735042735042761e+00
3.180327868852458995e+00
3.478527607361963092e+00
3.159369527145359235e+00
3.269293924466338375e+00
3.291095890410959068e+00
3.268103448275862188e+00
3.343478260869565233e+00
3.394404332129963731e+00
3.372958257713248642e+00
3.320888888888888779e+00
3.417789757412398988e+00
3.264601769911504636e+00
3.325803649000868667e+00
3.446691176470588314e+00
3.276769509981851236e+00
3.306015693112467346e+00
3.311619718309859017e+00
3.340727595385980297e+00
3.391264786169244871e+00
3.293906810035842181e+00
3.410698096101541399e+00
3.413533834586466309e+00
3.257602862254024956e+00
3.387610619469026751e+00
3.331215970961887596e+00
3.344057193923145821e+00
3.318222222222222406e+00
3.236099230111206371e+00
3.190909090909090917e+00
3.218286655683690434e+00
3.423893805309734528e+00
3.308876811594203105e+00
3.331569664902998440e+00
3.366071428571428381e+00
3.370370370370370239e+00
3.252401746724890685e+00
3.292202227934875935e+00
3.307426597582038053e+00
3.338879159369527283e+00
3.424954792043399809e+00
3.452847805788982427e+00
3.268510258697591375e+00
3.291878172588832641e+00
3.090111642743221587e+00
3.315831987075928744e+00
3.389380530973451489e+00
3.428307123034227466e+00
3.282511210762331988e+00
3.290987124463519375e+00
3.425133689839572337e+00
3.252418645558487142e+00
3.352890422778257218e+00
3.463167587476979836e+00
3.256042972247090272e+00
3.260723296888141221e+00
3.304533789563729673e+00
3.292598967297762691e+00
3.243470935130581267e+00
3.306519898391194090e+00
3.215306980656013280e+00
3.390893470790377950e+00
3.261363636363636243e+00
3.414977973568281922e+00
3.462255358807083017e+00
3.245132743362831640e+00
3.250620347394540754e+00
3.395509499136442066e+00
3.354316546762589724e+00
3.372426141450313164e+00
3.392086330935251581e+00
3.285714285714285587e+00
3.366724738675958228e+00
3.211243611584327251e+00
3.362478777589134271e+00
3.318700614574187746e+00
3.476754785779398560e+00
3.152117545375972441e+00
3.164167324388318825e+00
3.297431648715824171e+00
3.261904761904761862e+00
3.152404237978810198e+00
3.358649789029535704e+00
3.235447437011294447e+00
3.324978392394122739e+00
3.438644688644688863e+00
3.397930385700846490e+00
3.350780532598714334e+00
3.211488250652741350e+00
3.331022530329289300e+00
3.234116623150565584e+00
3.256825938566553003e+00
3.207451312447078706e+00
3.407048458149779524e+00
3.249779346866725316e+00
3.312553373185311845e+00
3.382012466607301704e+00
3.328264758497316844e+00
3.447679708826205669e+00
3.350780532598714334e+00
3.307355516637477955e+00
3.301821335646140554e+00
3.426654740608229055e+00
3.250000000000000000e+00
3.457219251336898225e+00
3.365808823529411686e+00
3.328912466843501505e+00
3.328958880139982313e+00
3.380909901873327517e+00
3.287224669603524330e+00
3.418811002661934495e+00
3.304270462633451810e+00
3.347063978965819420e+00
3.330666666666666664e+00
3.254561251086012241e+00
3.385159010600706786e+00
3.325518485121731427e+00
3.257615317667537091e+00
3.288179465056082940e+00
3.370866845397676670e+00
3.220767888307155324e+00
3.432862190812720815e+00
3.297101449275362306e+00
3.438803263825929157e+00
3.218197879858657462e+00
3.329896907216495006e+00
3.183219178082191902e+00
3.357020547945205546e+00
3.296985815602837100e+00
3.412343470483005348e+00
3.401109057301293870e+00
3.480714957666980247e+00
3.380681818181818343e+00
3.393351800554016418e+00
3.580234833659491134e+00
3.195752539242843859e+00
3.467264573991031273e+00
3.268629254829806818e+00
3.339207048458149973e+00
3.313459801264679427e+00
3.516619183285849992e+00
3.347701149425287515e+00
3.263483642793987727e+00
3.301837270341207553e+00
3.356693620844564130e+00
3.253321523472099130e+00
3.330985915492957528e+00
3.247121346324180813e+00
3.255593803786574814e+00
3.371657754010695118e+00
3.268050541516245300e+00
3.343777976723365963e+00
3.499036608863198339e+00
3.438369781312127227e+00
3.408780487804877968e+00
3.298604651162790891e+00
3.224471830985915499e+00
3.397297297297297458e+00
3.329916123019571295e+00
3.500967117988394772e+00
3.197416974169741799e+00
3.328111401218450727e+00
3.278820375335120829e+00
3.207836456558773364e+00
3.414893617021276473e+00
3.252678571428571530e+00
3.384819064430714786e+00
3.409302325581395454e+00
3.393626991565136031e+00
3.263489208633093330e+00
3.317094774136403856e+00
3.315080789946140083e+00
3.353747714808043678e+00
3.224381625441695931e+00
3.332453825857519814e+00
3.355901189387008099e+00
3.283662477558348503e+00
3.359999999999999876e+00
3.196061643835616639e+00
3.426215277777777679e+00
3.443396226415094130e+00
3.172202797202797075e+00
3.261014131338320965e+00
3.271551724137931050e+00
3.380570409982174507e+00
3.336073059360730397e+00
3.307555555555555582e+00
3.360888888888888815e+00
3.331846565566458640e+00
3.409049773755655988e+00
3.295597484276729716e+00
3.339222614840989589e+00
3.242214532871972477e+00
3.373905429071804019e+00
3.266022827041264343e+00
3.311631944444444642e+00
3.394784172661870603e+00
3.355394378966455093e+00
3.428440366972477005e+00
3.241379310344827402e+00
3.317094017094017300e+00
3.175979983319432876e+00
3.507502206531332600e+00
3.192000000000000171e+00
3.266830870279146204e+00
3.259783513738551353e+00
3.315300084530853564e+00
3.258283772302463799e+00
3.332191780821917693e+00
3.389285714285714235e+00
3.287852112676056482e+00
3.276923076923076827e+00
3.383185840707964687e+00
3.229493891797556859e+00
3.302901023890784771e+00
3.363392857142857295e+00
3.217088055797733048e+00
3.318728522336769959e+00
3.238961038961039041e+00
3.337707786526684206e+00
3.143712574850299202e+00
3.304568527918781751e+00
3.328584149599287834e+00
3.323476702508960656e+00
3.367847411444141681e+00
3.214223002633889159e+00
3.305963699222126184e+00
3.351035103510350943e+00
3.275646743978590347e+00
3.183587140439932295e+00
3.288510638297872379e+00
3.233620689655172242e+00
3.319757365684575579e+00
3.331854480922804118e+00
3.270363951473136854e+00
3.261642675698560367e+00
3.253355704697986628e+00
3.366869037294015765e+00
3.252385082393755233e+00
3.304982817869415612e+00
3.107931316434995761e+00
3.295659295659295829e+00
3.277347114556417029e+00
3.337966985230234496e+00
3.436645396536007091e+00
3.129991503823279508e+00
3.376139188069593899e+00
3.276429809358752276e+00
3.348160821214713589e+00
3.291595197255574590e+00
3.309966216216216228e+00
3.290816326530612290e+00
3.353648068669528026e+00
3.260204081632652962e+00
3.320371935756551096e+00
3.353298611111111160e+00
3.371908127208480543e+00
3.288927335640138505e+00
3.395633187772925776e+00
3.252813852813852602e+00
3.250413223140495855e+00
3.346121057118499387e+00
3.413452914798206450e+00
3.490250696378830231e+00
3.428571428571428381e+00
3.313167259786476748e+00
3.240336134453781547e+00
3.296914095079232609e+00
3.187448389760528578e+00
3.473913043478261020e+00
3.138936535162950126e+00
3.295786061588330540e+00
3.229426433915211891e+00
3.239413680781758842e+00
3.280658436213991891e+00
3.369415807560137477e+00
3.450945094509450861e+00
3.457831325301204739e+00
3.431963470319634890e+00
3.383378016085790918e+00
3.232263513513513598e+00
3.144870790916209913e+00
3.382544861337683617e+00
3.360698689956331808e+00
3.207500000000000018e+00
3.396114864864864913e+00
3.453139217470427624e+00
3.340807174887892472e+00
3.319552110249784693e+00
3.328743545611015708e+00
3.336229365768896393e+00
3.215538847117794585e+00
3.315963606286187026e+00
3.301614273576890302e+00
3.202274573517465583e+00
3.332782824112304088e+00
3.278341793570219931e+00
3.307039864291772879e+00
3.375218150087260227e+00
3.396768402154398458e+00
3.285214348206474178e+00
3.455752212389380684e+00
3.363063063063063129e+00
3.304761904761904567e+00
3.394943330427201200e+00
3.313963573287077136e+00
3.300338409475465529e+00
3.346449957228400329e+00
3.425022182786157998e+00
3.383438343834383577e+00
3.353508771929824661e+00
3.235195996663886575e+00
3.304276315789473895e+00
3.170673076923077094e+00
3.329297820823244436e+00
3.298657718120805438e+00
3.417241379310344662e+00
3.508675799086757863e+00
3.305039787798408568e+00
3.300083125519534644e+00
3.344885883347421984e+00
3.157809983896940231e+00
3.338969404186795664e+00
3.294018534119629305e+00
3.243044189852700487e+00
3.290849673202614234e+00
3.370777027027027195e+00
3.188725490196078649e+00
3.256552819698173007e+00
3.333887043189368793e+00
3.229252259654888935e+00
3.234025559105431213e+00
3.291056910569105654e+00
3.378813559322034088e+00
3.352890422778257218e+00
3.255016722408026641e+00
3.366386554621848770e+00
3.269198312236286874e+00
3.257352941176470562e+00
3.374788494077834322e+00
3.306368330464716010e+00
3.437062937062937085e+00
3.339522546419098070e+00
3.247068676716918123e+00
3.438961038961038774e+00
3.198800342759211546e+00
3.568627450980392357e+00
3.281135531135531025e+00
3.212499999999999911e+00
3.277499999999999858e+00
3.305579399141630681e+00
3.391843971631205878e+00
3.258515283842794652e+00
3.260723296888141221e+00
3.196694214876032891e+00
3.274979355904211520e+00
3.316151202749141103e+00
3.268439108061749643e+00
3.347750865051903002e+00
3.300263388937664466e+00
3.213984835720303135e+00
3.346781115879828405e+00
3.359892569382274097e+00
3.341704035874439427e+00
3.341312056737588687e+00
3.202886247877759107e+00
3.385210662080825550e+00
3.338078291814946752e+00
3.293043478260869517e+00
3.434470377019748444e+00
3.231107205623901635e+00
3.237582781456953551e+00
3.230642504118616198e+00
3.227347611202636024e+00
3.282284768211920500e+00
3.377816291161178430e+00
3.325479930191971967e+00
3.244519392917369238e+00
3.204081632653061007e+00
3.401716738197424927e+00
3.617846750727449212e+00
3.389698736637511978e+00
3.306322350845948499e+00
3.478616924476797045e+00
3.407721280602636682e+00
3.228146853146853346e+00
3.487432675044883190e+00
3.315789473684210620e+00
3.278546712802768326e+00
3.183250414593698174e+00
3.313182199832073849e+00
3.319894829097282951e+00
3.398381294964028854e+00
3.480300187617261010e+00
3.283393501805054182e+00
3.270361041141897740e+00
3.347863247863247960e+00
3.405309734513274122e+00
3.302792321116928331e+00
3.364502164502164661e+00
3.251914893617021463e+00
3.332214765100671272e+00
3.370017331022530538e+00
3.313793103448275712e+00
3.339863713798977951e+00
3.442680776014109156e+00
3.607414448669201690e+00
3.175066312997347318e+00
3.202036021926390141e+00
3.306188925081433361e+00
3.432291666666666519e+00
3.298109965635738661e+00
3.360435875943000639e+00
3.221130221130221294e+00
3.367245657568238126e+00
3.279089376053963001e+00
3.324459234608985181e+00
3.268434134217067299e+00
3.352548036758562944e+00
3.176998368678629614e+00
3.329838709677419573e+00
3.350982066609735188e+00
3.280908326324642577e+00
3.204508856682769746e+00
3.487617421007685792e+00
3.323581560283687786e+00
3.251437962202136323e+00
3.487489214840379770e+00
3.304995617879053604e+00
3.390076988879384245e+00
3.358260869565217188e+00
3.536363636363636154e+00
3.148023549201009352e+00
3.426470588235293935e+00
3.279761904761904656e+00
3.474503025064823003e+00
3.268502581755593717e+00
3.269354838709677580e+00
3.269199676637025043e+00
3.331691297208538405e+00
3.275805119735755611e+00
3.289795918367346861e+00
3.384615384615384581e+00
3.306451612903225978e+00
3.293921731890091742e+00
3.143536875495638316e+00
3.312800000000000189e+00
3.424717145343777247e+00
3.299739357080799351e+00
3.245901639344262346e+00
3.246141348497156631e+00
3.274285714285714466e+00
3.288303130148270359e+00
3.288796680497925173e+00
3.348856900931413971e+00
3.378122308354866377e+00
3.242928452579034726e+00
3.328419328419328416e+00
3.282878411910669758e+00
3.374894692502106164e+00
3.254393305439330586e+00
3.222311396468700018e+00
3.232315112540192992e+00
3.192704203013481568e+00
3.447278911564625847e+00
3.318302387267904496e+00
3.307046979865771785e+00
3.193392425463335904e+00
3.179705654531371106e+00
3.289348171701112822e+00
3.312138728323699599e+00
3.302152317880794552e+00
3.285130718954248241e+00
3.413647851727042770e+00
3.261306532663316382e+00
3.554300608166811593e+00
3.421389396709323627e+00
3.265939597315436149e+00
3.196062992125984437e+00
3.283333333333333215e+00
3.343880099916736182e+00
3.293577981651376163e+00
3.399488926746166761e+00
3.357885615251299694e+00
3.219031993437243777e+00
3.245238095238095255e+00
3.276475343573161059e+00
3.275123558484349218e+00
3.415595544130248573e+00
3.289291882556131252e+00
3.372750642673521870e+00
3.287553648068669343e+00
3.225061830173124644e+00
3.341708542713567986e+00
3.624299065420560684e+00
3.374060150375939759e+00
3.327335047129391654e+00
3.331365935919055499e+00
3.298319327731092265e+00
3.343459915611814548e+00
3.171243941841680236e+00
3.348142164781906516e+00
3.284403669724770491e+00
3.340231788079470299e+00
3.321578505457598585e+00
3.470227670753064597e+00
3.293449781659388620e+00
3.287375415282391966e+00
3.411408815903198111e+00
3.432188065099457397e+00
3.348364279398762022e+00
3.397368421052631593e+00
3.402493321460374087e+00
3.343666961913197344e+00
3.382978723404255206e+00
3.234991423670669164e+00
3.460801393728222930e+00
3.401826484018264818e+00
3.334507042253521014e+00
3.217464315701091593e+00
3.237631792376317819e+00
3.426585577758471057e+00
3.448372093023255758e+00
3.395775941230486872e+00
3.176420695504664771e+00
3.432848588537211310e+00
3.330637915543575911e+00
3.325541125541125353e+00
3.365638766519823744e+00
3.297202797202797075e+00
3.299483648881239350e+00
3.227464195450715945e+00
3.338983050847457612e+00
3.445945945945946054e+00
3.202247191011236005e+00
3.268133659331703189e+00
3.413137424373379414e+00
3.344218887908208426e+00
3.224337748344370702e+00
3.205067300079176729e+00
3.327317473338802234e+00
3.157766990291261955e+00
3.321829855537720810e+00
3.384549356223176098e+00
3.291914893617021498e+00
3.259803921568627416e+00
3.398312236286920029e+00
3.488667271078875753e+00
3.308510638297872397e+00
3.402239448751076534e+00
3.466001813236627260e+00
3.323268206039076578e+00
3.332482993197278809e+00
3.292333614153327925e+00
3.388174807197943394e+00
3.416216216216216406e+00
3.249569707401032570e+00
3.201775625504438949e+00
3.214113873295910029e+00
3.403061224489795755e+00
3.246539792387543422e+00
3.327745180217938081e+00
3.210963455149501655e+00
3.308202154101076875e+00
3.486123545210384922e+00
3.463849765258216085e+00
3.263295553618134281e+00
3.134126984126984095e+00
3.351836734693877773e+00
3.360598065083553188e+00
3.396598030438675142e+00
3.390596745027124825e+00
3.296587926509186417e+00
3.260504201680672232e+00
3.422202797202797075e+00
3.330979699911738923e+00
3.376736111111111160e+00
3.299396031061259560e+00
3.245860927152317998e+00
3.305647840531561243e+00
3.475424486148346759e+00
3.157446808510638192e+00
3.233466135458167301e+00
3.278877887788778978e+00
3.355917667238422109e+00
3.297413793103448398e+00
3.233971690258118148e+00
3.333895446880269731e+00
3.234599156118143526e+00
3.427955133735979487e+00
3.223842195540308708e+00
3.352500000000000036e+00
3.471274685816875927e+00
3.256277056277056214e+00
3.310910582444626549e+00
3.177689243027888466e+00
3.409688013136288998e+00
3.348695652173912851e+00
3.219572368421052655e+00
3.298302344381568219e+00
3.373197625106021835e+00
3.086645468998410191e+00
3.302773497688751725e+00
3.359296482412060136e+00
3.396048109965635664e+00
3.300675675675675880e+00
3.322580645161290480e+00
3.326411960132890311e+00
3.489973844812554571e+00
3.430368373764600243e+00
3.299915038232795084e+00
3.297803091944670584e+00
3.273972602739726234e+00
3.332790886899918537e+00
3.289087947882736174e+00
3.411813643926788764e+00
3.437663469921534265e+00
3.356715141146279002e+00
3.343358395989974863e+00
3.218574859887910478e+00
3.471416735708368062e+00
3.191680261011419439e+00
3.315912636505460309e+00
3.367901234567901358e+00
3.398489932885905951e+00
3.095348837209302317e+00
3.339954163483575211e+00
3.262479871175523183e+00
3.465445462114904451e+00
3.171497584541062675e+00
3.349218749999999911e+00
3.370339685169842614e+00
3.290453074433656866e+00
3.427399507793273070e+00
3.291461412151067467e+00
3.390008058017727421e+00
3.350532350532350545e+00
3.289556962025316444e+00
3.444805194805194759e+00
3.356905158069883655e+00
3.217187500000000089e+00
3.285605483625285483e+00
3.224177505738332172e+00
3.398889770023790557e+00
3.404362416107382661e+00
3.329769736842105310e+00
3.267085624509033615e+00
3.338582677165354173e+00
3.318944844124700033e+00
3.279307631785995270e+00
3.256191950464396356e+00
3.313572542901716211e+00
3.345439870863599729e+00
3.318734793187347876e+00
3.248031496062992129e+00
3.401612903225806672e+00
3.258481421647819065e+00
3.365293185419968136e+00
3.283546325878594185e+00
3.286158631415240894e+00
3.198635329795299409e+00
3.456434852118305479e+00
3.443201376936316560e+00
3.299342105263157965e+00
3.306719367588932812e+00
3.322169059011164105e+00
3.339790153349475599e+00
3.441102756892230552e+00
3.364093959731543571e+00
3.252180808881839802e+00
3.385895404120443875e+00
3.456302521008403517e+00
3.374791318864774681e+00
3.397058823529411686e+00
3.303585657370518014e+00
3.379666401906274764e+00
3.462114904246461400e+00
3.455869751499571763e+00
3.257417802726543687e+00
3.278963414634146201e+00
3.379446640316205563e+00
3.396072013093289765e+00
3.411230388109000700e+00
3.217425431711145922e+00
3.259925093632958681e+00
3.207928197456993313e+00
3.283978739559604954e+00
3.236419280795715281e+00
3.396687697160883257e+00
3.338211382113821291e+00
3.242635658914728491e+00
3.370514820592823924e+00
3.311750599520383531e+00
3.202733485193621998e+00
3.249438202247191043e+00
3.389331210191082633e+00
3.361684558216349927e+00
3.385185185185185297e+00
3.170146945088940349e+00
3.369884169884169722e+00
3.142310635042081302e+00
3.362108479755538504e+00
3.415282392026578240e+00
3.285481239804241227e+00
3.304858934169279117e+00
3.407648494711147169e+00
3.299270072992700698e+00
3.320220298977183404e+00
3.344551282051281937e+00
3.375713121434392949e+00
3.323387096774193417e+00
3.280784313725490176e+00
3.391719745222929738e+00
3.358428805237315906e+00
3.371544715447154505e+00
3.398018166804293916e+00
3.379568106312292208e+00
3.181041181041181165e+00
3.202189781021897996e+00
3.283773584905660403e+00
3.196401799100449637e+00
3.265473527218493821e+00
3.289008455034588607e+00
3.448780487804878003e+00
3.338283828382838436e+00
3.346123101518784893e+00
3.355769230769230838e+00
3.468049792531120445e+00
3.382674516400336451e+00
3.279014308426073221e+00
3.250190694126620983e+00
3.251705837755875628e+00
3.371182458888018818e+00
3.354082457558609676e+00
3.386861313868612999e+00
3.216614906832298004e+00
3.251862891207153439e+00
3.374117647058823444e+00
3.295185477505919280e+00
3.449637389202256266e+00
3.233201581027667970e+00
3.251868460388639637e+00
3.255063765941485165e+00
3.372564302416212190e+00
3.455298013245033051e+00
3.350734094616639513e+00
3.392203659506761948e+00
3.235429447852760543e+00
3.176091624910522437e+00
3.259071117561683550e+00
3.409479409479409640e+00
3.403877221324717262e+00
3.300465838509316630e+00
3.377708978328173295e+00
3.367168913560666166e+00
3.295665634674922462e+00
3.396875000000000089e+00
3.304107424960505579e+00
3.342879256965944457e+00
3.155834564254062169e+00
3.341753343239227458e+00
3.286599535243996950e+00
3.247740963855421548e+00
3.350539291217257354e+00
3.400483481063658164e+00
3.224537037037037202e+00
3.216058394160584033e+00
3.350609756097560954e+00
3.348726114649681396e+00
3.295862607338017281e+00
3.307987711213517645e+00
3.396031746031745957e+00
3.405867970660146682e+00
3.294210943695479621e+00
3.428003182179792940e+00
3.255905511811023612e+00
3.345887778631821519e+00
3.314173228346456668e+00
3.277777777777777679e+00
3.178650852483321021e+00
3.319999999999999840e+00
3.235023041474654359e+00
3.334858886346300455e+00
3.248661055853098834e+00
3.296603773584905639e+00
3.386006289308176154e+00
3.162895927601809820e+00
3.279154518950437414e+00
3.417582417582417431e+00
3.343725019984012725e+00
3.345368916797488268e+00
3.298299845440494593e+00
3.385579937304075138e+00
3.463434675431388499e+00
3.429280397022332671e+00
3.381832797427652526e+00
3.337499999999999911e+00
3.249626307922272250e+00
3.434849653045489504e+00
3.219251336898395710e+00
3.233644859813084249e+00
3.381996974281392010e+00
3.437399678972712813e+00
3.489522212908633847e+00
3.387788778877887985e+00
3.301008533747090912e+00
3.490733279613215334e+00
3.360883797054009747e+00
3.415532425940752681e+00
3.267594740912606266e+00
3.260646108663729947e+00
3.411944869831546878e+00
3.303571428571428381e+00
3.455335968379446676e+00
3.241057542768273514e+00
3.277490774907748872e+00
3.224354243542435494e+00
3.265682656826568220e+00
3.247207743857036366e+00
3.455616653574234309e+00
3.248226950354609954e+00
3.454045561665357589e+00
3.345218800648298352e+00
3.342455043002345416e+00
3.295981452859350735e+00
3.292015209125475295e+00
3.428231562252180620e+00
3.420398009950248674e+00
3.165779467680608583e+00
3.394578313253012070e+00
3.389735364875701595e+00
3.423014586709886675e+00
3.330173775671406045e+00
3.230941704035874551e+00
3.231159420289855255e+00
3.399239543726235713e+00
3.206015037593985095e+00
3.202558635394456399e+00
3.076242341729067409e+00
3.230240549828178764e+00
3.355805243445693087e+00
3.202531645569620444e+00
3.290629575402635343e+00
3.311026615969581588e+00
3.524897959183673546e+00
3.353476821192053148e+00
3.461974110032362439e+00
3.149923896499239095e+00
3.305676855895196553e+00
3.415019762845849627e+00
3.347512038523274391e+00
3.296754250386398688e+00
3.218773096821877289e+00
3.296515937731653079e+00
3.399373531714956709e+00
3.315208825847123730e+00
3.341860465116278878e+00
