1.000000000000000000e+00
5.714285714285714413e+00
6.086956521739130821e+00
6.764705882352941124e+00
7.292225201072386476e+00
7.253046594982079043e+00
7.441605839416058465e+00
7.341697416974169776e+00
7.127478753541076628e+00
7.390278770550392728e+00
7.588728103579589046e+00
7.244212098581030546e+00
7.268048606147248236e+00
7.308411214953270729e+00
7.260401721664275776e+00
7.284180386542590924e+00
7.318673395818312777e+00
7.079242636746142736e+00
7.305322128851540420e+00
7.160651096956829775e+00
7.254213483146067176e+00
7.398550724637681597e+00
7.083392226148410131e+00
7.357494722026741485e+00
7.316593886462881891e+00
7.217546362339515298e+00
7.277620396600566366e+00
7.258018531717747912e+00
7.375901875901876181e+00
7.291515591007977193e+00
7.234585400425229906e+00
7.472121650977552321e+00
6.962395543175487589e+00
7.323308270676691656e+00
7.309899569583930834e+00
7.011683848797250818e+00
6.963910761154855855e+00
7.525352112676056748e+00
7.240117130307466731e+00
7.537444933920705026e+00
7.219208211143694598e+00
7.439624005784525984e+00
7.320644216691069239e+00
7.368382886149383637e+00
7.634367903103709274e+00
7.351208459214501723e+00
7.377289377289377725e+00
7.044210526315789700e+00
7.666424418604651514e+00
7.347990902198635155e+00
7.441587068332109034e+00
7.074204946996466070e+00
7.374736842105263257e+00
7.187723054960742708e+00
7.362215909090909172e+00
7.457964601769911717e+00
7.362094395280236014e+00
7.944400939702427777e+00
7.502392344497607723e+00
7.282163742690058506e+00
6.893888515782403914e+00
7.276510067114093872e+00
7.566051660516604827e+00
7.332342007434943909e+00
7.413391557496360917e+00
7.110719322990126656e+00
7.227865477007549444e+00
7.134205092911217960e+00
7.189300411522633993e+00
7.396870554765291317e+00
7.312318840579710155e+00
7.399129172714077995e+00
7.661351556567957743e+00
7.315315315315315203e+00
7.240767045454545858e+00
7.162968099861303450e+00
7.378702397743300168e+00
7.283560660445082213e+00
7.504747991234477666e+00
7.395245170876671992e+00
7.705792682926829507e+00
7.448885472713297595e+00
7.508995502248875908e+00
7.513636363636363669e+00
7.334074074074074190e+00
7.356987690079652253e+00
6.915416098226466524e+00
7.051532941943900568e+00
7.384937238493724188e+00
7.412454212454212765e+00
7.364035087719297934e+00
7.399854333576111109e+00
7.483320978502594478e+00
7.321611721611721357e+00
7.250177179305457464e+00
7.352773826458037121e+00
7.564862861378799153e+00
7.252923976608187218e+00
7.079072937968643231e+00
7.280246069719753521e+00
7.016260162601626327e+00
7.447295423023578387e+00
7.311416184971098353e+00
7.229093464511595180e+00
7.247042449547668852e+00
7.294159042927516268e+00
7.398134863701578467e+00
6.997932460372156882e+00
7.168449197860962130e+00
7.296864111498257977e+00
7.196641007697690995e+00
6.999327505043711817e+00
7.416377515614156479e+00
7.403817914831130942e+00
7.250180245133381440e+00
7.249647390691114524e+00
7.313837375178316336e+00
7.357194504699927862e+00
7.510416666666666963e+00
7.408819133034379334e+00
7.076868829337094269e+00
7.181258549931600399e+00
7.226955307262569406e+00
7.236453201970443061e+00
7.079944865609924420e+00
7.409604519774011244e+00
7.573373676248109199e+00
7.209867452135493515e+00
7.416426512968299356e+00
7.000000000000000000e+00
7.218515997277059171e+00
7.324074074074074403e+00
7.580089820359281028e+00
7.547417116422513672e+00
7.397445529676934584e+00
7.367571533382244908e+00
7.130403968816442450e+00
7.462643678160919336e+00
7.518518518518518157e+00
7.378176382660687871e+00
7.366300366300365887e+00
7.444526627218935211e+00
7.613914373088684684e+00
7.598283931357253884e+00
7.055676066522053702e+00
7.552292263610315359e+00
7.393848462115529152e+00
7.245147375988497451e+00
7.599555884529977767e+00
7.106831395348836899e+00
7.232477446217904671e+00
7.362131029517638758e+00
7.495898583146905381e+00
6.999290780141843804e+00
7.089441829186281296e+00
7.503965392934390799e+00
7.417673716012084917e+00
7.050247699929228951e+00
7.312934631432545629e+00
6.951303155006859136e+00
7.260395364689843589e+00
7.145161290322580960e+00
7.055896387184731111e+00
7.273296244784423159e+00
7.459955914768552354e+00
7.174891146589259527e+00
7.438900939985538585e+00
7.530349013657056112e+00
7.633177570093457653e+00
7.412893323100536946e+00
7.476726726726727001e+00
7.264554163596168124e+00
7.462500000000000355e+00
7.605850654349499251e+00
7.341647770219198677e+00
7.391049156272927689e+00
7.315058479532163815e+00
7.611738148984198205e+00
7.335347432024168945e+00
7.298842257597684124e+00
7.278653295128940215e+00
7.295633500357910251e+00
7.571535022354694888e+00
7.317875841436050521e+00
6.937628512679917314e+00
7.036327608982826831e+00
7.085752869682647059e+00
7.252609603340292033e+00
7.502579218865143673e+00
7.290059347181008675e+00
7.542195668409260811e+00
7.229289940828402372e+00
7.583023082650782065e+00
7.247391952309985008e+00
7.408727272727272606e+00
7.426656738644824785e+00
7.156227501799856228e+00
7.088538091969801336e+00
7.299019607843137081e+00
7.170212765957447054e+00
7.445573294629898697e+00
7.420855213803450923e+00
7.236535662299854010e+00
7.508823529411764675e+00
7.200000000000000178e+00
7.257062146892655718e+00
7.230714791224345461e+00
7.127689104788341723e+00
7.247916666666666785e+00
7.185883997204752127e+00
7.250349650349650510e+00
7.076288659793814162e+00
7.414205344585091062e+00
6.930488644184445768e+00
7.297901150981719987e+00
7.405639913232104021e+00
7.395909422936449928e+00
7.492614475627769721e+00
7.343841642228738920e+00
7.225372076541459521e+00
7.195274496177900936e+00
7.219292158223455935e+00
7.580715850986121218e+00
6.870833333333333570e+00
7.026957637997433004e+00
7.227242076871206677e+00
7.319298245614034748e+00
7.263937896965419583e+00
7.423049391553328213e+00
7.144968332160450686e+00
7.304077401520387092e+00
7.389999999999999680e+00
7.338362068965516904e+00
7.061210453920220509e+00
6.936239427456083462e+00
7.295225285810356119e+00
7.331911869225302247e+00
7.084254143646409041e+00
7.342087076710435589e+00
6.965963240299523740e+00
7.321549966009516908e+00
7.106796116504854766e+00
6.949967083607636376e+00
7.292765382014875009e+00
7.432393347794649330e+00
7.098947368421052673e+00
7.256322624743677174e+00
7.180497925311203566e+00
7.405919661733615378e+00
7.450292397660819077e+00
7.570464767616192248e+00
6.932960893854748896e+00
7.031776913099870185e+00
7.351202749140893111e+00
7.202531645569620444e+00
7.243411927877946965e+00
7.264849755415792920e+00
7.399144689950106546e+00
7.135854341736695083e+00
7.436401967673928581e+00
7.581343283582089754e+00
7.255288110867979867e+00
7.139999999999999680e+00
7.600144613159797835e+00
7.776989755713159980e+00
6.981213872832370271e+00
7.421379310344828006e+00
7.460972017673048740e+00
7.207439198855507989e+00
7.315568022440392504e+00
7.451846488052136230e+00
7.228837876614059965e+00
7.383795309168443843e+00
6.887913571910870836e+00
7.065287653522947409e+00
7.192307692307692513e+00
7.326330532212884883e+00
7.695195195195195126e+00
7.091174325309992810e+00
7.519230769230769162e+00
7.349815498154981697e+00
7.333812949640288181e+00
7.294706723891272837e+00
7.280028429282160651e+00
7.301994301994302106e+00
7.095766828591256292e+00
7.213013698630136972e+00
7.165397923875432618e+00
7.288407821229050398e+00
7.152826238660153102e+00
7.182381280110116784e+00
6.978509066487575296e+00
7.140093395597064685e+00
7.332165381920112246e+00
7.156711173576949747e+00
7.438346400570206463e+00
7.095541401273885107e+00
7.257596685082872590e+00
7.400865176640230914e+00
7.268345323741007391e+00
7.058219178082191902e+00
7.625449317038102137e+00
7.058950395398993827e+00
7.606886657101864735e+00
7.315985130111523738e+00
7.380129589632828946e+00
7.123862841147655445e+00
7.272601794340924464e+00
7.087165408373369502e+00
7.000000000000000000e+00
7.114797611147976042e+00
7.486870120652945104e+00
7.668706962509563851e+00
7.115552325581395721e+00
7.097511768661735054e+00
7.157181571815717902e+00
7.484285714285713986e+00
7.250180766449746628e+00
7.663697104677059890e+00
7.589105058365758438e+00
7.103821196827685647e+00
7.586330935251798913e+00
7.197665937272064163e+00
6.980563002680964857e+00
7.599009900990099098e+00
7.025604551920341834e+00
6.865335051546392009e+00
7.201719576719576743e+00
7.218055555555555891e+00
7.624540778839088873e+00
6.993594306049821796e+00
7.071475843812044637e+00
7.269601100412654837e+00
7.282377919320594195e+00
7.255830388692579902e+00
7.329294369208838589e+00
7.072815533980582714e+00
7.271477663230240474e+00
7.515681983953318657e+00
7.625476735316552457e+00
7.476479514415781402e+00
7.283538796229151124e+00
7.505094614264919528e+00
7.507876969242310849e+00
7.262509064539521830e+00
7.617820324005890598e+00
7.511805026656511508e+00
7.000000000000000000e+00
7.155540720961282020e+00
7.089925625422583089e+00
7.425666199158484915e+00
7.146788990825688082e+00
7.516773733047823036e+00
7.226551226551226392e+00
7.679911699779249368e+00
7.735595895816890000e+00
6.965566714490674549e+00
7.877923976608187218e+00
7.466300940438871159e+00
7.401917404129793709e+00
7.571535022354694888e+00
7.514350453172205846e+00
7.529985007496251548e+00
7.580303030303030098e+00
7.271260997067448884e+00
7.048979591836734393e+00
7.408587257617728739e+00
7.206090651558073823e+00
7.257796257796258033e+00
7.304989458889669329e+00
7.086419753086420137e+00
7.548936170212765973e+00
7.373156342182890732e+00
7.104861111111111072e+00
7.719680464778504003e+00
7.259094283593170438e+00
7.282320055904961897e+00
7.331456720619281775e+00
7.228671328671328666e+00
7.280555555555555891e+00
7.382269503546099010e+00
7.372844827586207295e+00
7.072413793103447865e+00
6.986936642717178181e+00
7.436513383665065646e+00
7.315373563218391162e+00
7.224703419399860493e+00
7.136425648021828216e+00
7.447331460674157633e+00
7.166549047282992468e+00
7.167798913043478493e+00
7.452750352609308848e+00
7.230823863636363313e+00
7.348675034867503619e+00
7.397719173200284715e+00
7.207955338450802607e+00
7.018530774321641630e+00
7.325268817204301008e+00
7.207586206896551495e+00
7.389700765483646627e+00
7.228192602930914035e+00
7.039202657807308583e+00
7.070779220779220609e+00
7.355057705363204690e+00
7.501438848920863656e+00
7.310492505353319181e+00
7.268140981340704521e+00
7.274038461538461675e+00
7.156398104265402793e+00
7.379972565157750353e+00
7.247222222222221788e+00
7.055739880557398536e+00
7.339369550637155903e+00
7.098382749326145991e+00
7.157133464825772506e+00
7.274628879892038213e+00
7.239590443686006793e+00
7.427279053583855095e+00
7.197368421052631859e+00
7.496503496503496677e+00
7.330484330484330791e+00
7.112162162162162460e+00
7.617275280898876844e+00
7.331399564902103094e+00
7.348283111422564851e+00
7.441218130311614942e+00
7.369843527738265010e+00
7.349964862965565615e+00
7.283830673143650181e+00
7.168470906630582284e+00
7.231543624161074213e+00
7.358673116793365665e+00
7.265419265419265749e+00
7.127175368139223366e+00
7.296048225050234315e+00
7.091151031270792160e+00
7.311541027351567301e+00
7.523371104815864463e+00
7.385164051355206816e+00
7.476291578202406640e+00
7.233865371269951439e+00
7.462603878116343736e+00
6.852362204724409267e+00
7.220038046924540431e+00
7.175298804780876338e+00
7.055807916937054003e+00
7.329801324503311122e+00
7.191087103308575479e+00
7.338971583220568640e+00
7.516242937853107264e+00
7.569657184536834116e+00
7.274964838255977284e+00
7.120849933598937476e+00
7.174738219895288260e+00
7.570334261838439716e+00
7.278642149929278382e+00
7.507022471910111960e+00
7.019687712152070880e+00
7.364423717521652257e+00
7.234890109890109500e+00
7.540845070422535379e+00
7.336428571428571743e+00
7.294809688581314511e+00
7.337491337491337084e+00
6.916502301117685825e+00
7.357001972386587596e+00
7.541935483870967794e+00
7.360832137733141600e+00
7.282352941176470473e+00
7.405988857938718972e+00
7.238919667590027807e+00
7.217801753202967241e+00
7.146568954030645848e+00
7.074461136512083748e+00
7.368951612903225978e+00
7.209842788790156831e+00
7.074001309757695033e+00
7.333779264214046911e+00
7.103425117528542998e+00
7.177631578947368141e+00
7.376623376623376416e+00
7.357443820224719211e+00
7.112761647535449150e+00
7.425271739130434590e+00
7.291086350974929964e+00
6.840821566110397711e+00
7.372727272727273018e+00
7.438782731776361956e+00
7.469577666428060425e+00
7.143150684931506511e+00
7.272000000000000242e+00
7.612375533428164864e+00
7.250354609929077654e+00
7.400689655172413950e+00
7.079568442346594992e+00
6.875939849624059796e+00
7.397771952817824292e+00
7.180574555403556936e+00
7.710206995003568764e+00
7.260649819494584989e+00
7.338134430727023094e+00
7.609195402298850830e+00
6.869039623908663295e+00
7.063591022443890033e+00
7.198168737737082878e+00
7.078482668410726042e+00
7.509924709103353635e+00
6.962913014160485581e+00
7.299212598425197207e+00
7.051162790697674154e+00
7.320691949434464441e+00
7.804267844002943377e+00
7.259124087591240837e+00
7.192592592592592204e+00
7.248317631224764135e+00
7.174176193678547087e+00
7.519190509420795365e+00
7.431046931407942147e+00
7.270062805303559195e+00
7.653543307086613900e+00
7.279169649248389717e+00
7.545326774420239246e+00
7.550291545189504738e+00
7.212691771269176932e+00
7.243297587131367621e+00
7.598170302603800330e+00
7.045921864290609626e+00
7.045050761421319585e+00
7.262091503267973813e+00
6.984445884640311242e+00
7.427718832891247125e+00
7.311805555555555891e+00
7.155644622578490655e+00
7.134590377113133819e+00
7.123704663212435229e+00
7.382550335570469358e+00
7.454289732770745580e+00
7.119756427604871263e+00
7.089446589446589009e+00
6.951633165829146144e+00
7.422924901185770530e+00
7.169952413324269358e+00
7.239202657807308761e+00
7.484743411927877510e+00
7.314385964912280436e+00
7.237998647734956492e+00
7.394539249146757420e+00
7.099465954606141160e+00
7.714683368128044449e+00
7.288777698355968226e+00
7.245802552048354883e+00
7.258172114743161707e+00
7.238538205980066031e+00
6.956687898089171540e+00
7.205844980940279143e+00
7.254473161033796913e+00
7.317449664429529932e+00
7.170650730411686880e+00
7.465855307640297589e+00
7.251028806584361774e+00
7.140798952193843974e+00
7.380920613742494751e+00
7.425502425502425119e+00
7.098864395457582077e+00
7.259646827992151330e+00
7.348238482384823911e+00
7.651894210150107511e+00
7.089903181189487924e+00
7.383177570093457653e+00
7.281207133058984482e+00
7.562895291637385498e+00
7.380241648898365092e+00
7.260217983651226170e+00
7.162590879048248205e+00
7.188888888888889106e+00
7.069166127989657156e+00
7.430193720774883381e+00
7.393156424581005304e+00
7.460729312762973464e+00
7.259820813232253478e+00
7.251172136637642041e+00
7.326585695006747834e+00
7.177688710754843271e+00
7.248677248677248386e+00
7.310182063385030737e+00
7.244099797707350241e+00
7.071009771986970449e+00
7.328722002635045918e+00
7.573041637261821002e+00
7.332862190812720726e+00
7.454166666666666607e+00
7.244688142563399325e+00
7.285522788203753208e+00
7.354904632152588384e+00
7.528873239436619791e+00
7.354225352112676362e+00
7.180779569892473013e+00
7.058064516129031851e+00
7.318659658344284225e+00
7.339945280437756736e+00
7.548341566690190518e+00
7.581327498176513302e+00
7.418220946915351277e+00
7.261168384879725046e+00
7.139735099337748636e+00
7.193951347797501228e+00
7.162821357943308875e+00
7.161205766710353693e+00
7.209517514871117250e+00
7.260053619302949457e+00
7.328571428571428292e+00
7.232432432432432279e+00
7.460743801652892415e+00
7.502505368647100603e+00
7.687776141384389028e+00
7.378437047756873923e+00
6.992744063324538573e+00
7.255994815294879885e+00
7.283592167454422395e+00
6.871401151631477688e+00
7.292948717948718240e+00
7.178834561286000948e+00
7.340067340067339963e+00
7.345755693581780932e+00
7.213947190250507902e+00
7.510034602076124166e+00
7.148046607265250429e+00
7.473396998635743138e+00
7.055854643337819532e+00
7.122514432328415523e+00
7.293377483443708620e+00
7.245460659045057206e+00
7.208915502328675728e+00
7.300201477501678582e+00
7.257452574525744993e+00
7.192384769539078349e+00
7.063471502590673801e+00
7.362491716368455563e+00
7.308641975308641570e+00
7.425414364640883669e+00
7.007284768211920145e+00
7.159744408945686978e+00
7.372562205783456335e+00
7.365650969529085934e+00
7.185936443542934704e+00
7.483493810178816652e+00
7.196969696969697239e+00
7.549825783972125670e+00
6.769180327868852487e+00
7.085015290519877773e+00
7.443922095366017899e+00
7.456214689265536322e+00
7.463881019830028052e+00
7.318528799444830035e+00
7.246797033041132430e+00
7.223701731025299999e+00
6.980744544287547981e+00
7.263225806451613309e+00
7.194019933554817392e+00
7.318850267379679586e+00
7.176588628762542221e+00
7.430216802168021495e+00
7.600719424460431917e+00
7.084246575342465491e+00
7.231723237597910803e+00
7.525658807212205481e+00
7.096467391304347672e+00
7.490896830748482671e+00
7.465248226950354393e+00
7.268861454046639636e+00
7.111618798955613663e+00
7.430100334448160204e+00
7.291495198902606667e+00
7.244488977955911402e+00
7.131458469587966142e+00
7.439973172367538190e+00
7.713975380159304507e+00
7.393501805054151887e+00
7.276682528891909918e+00
7.485497237569060935e+00
7.367904695164680717e+00
6.830454254638516076e+00
7.144099378881987761e+00
6.975316455696202844e+00
7.264649066323245030e+00
7.215712383488681603e+00
7.371794871794871362e+00
7.260162601626015899e+00
7.236037234042552946e+00
7.260811709913506107e+00
7.202514890800793879e+00
7.009590792838874762e+00
7.240205523442517332e+00
7.218770654329147440e+00
7.117187500000000000e+00
7.113475177304964703e+00
7.223313686967911096e+00
7.244829886591060308e+00
7.396303901437371486e+00
7.126429051782111834e+00
6.844623990055935359e+00
7.360718870346597775e+00
7.257998638529612023e+00
7.128797886393659411e+00
7.409427609427609696e+00
7.259766963673748741e+00
7.221108884435537334e+00
7.060468140442132778e+00
7.302890932982917249e+00
7.236045729657027969e+00
7.225699067909453710e+00
7.117377049180327653e+00
7.112903225806451957e+00
7.397315436241610698e+00
7.355062413314840342e+00
7.025032938076416045e+00
7.158872517616912567e+00
7.405131667792032246e+00
7.224420190995907376e+00
7.214903526280771473e+00
7.279785809906291760e+00
7.262306136210384011e+00
7.189333333333332909e+00
7.354729729729729826e+00
7.400139178844815646e+00
7.429374560787069370e+00
7.345644599303136069e+00
7.259334691106585247e+00
7.331750339213026102e+00
7.135333333333333528e+00
7.472184531886024494e+00
7.200410396716826256e+00
7.147519582245430492e+00
7.073311897106109747e+00
7.261437908496731986e+00
7.210911510312707939e+00
7.197628458498023463e+00
7.030888030888030826e+00
7.526244952893674345e+00
7.124062713019768012e+00
7.224983649444080669e+00
7.394289598912304307e+00
7.178017532029669745e+00
7.117608836907082903e+00
7.254927726675426847e+00
7.251004016064256597e+00
7.271994627266622047e+00
7.175612988734260789e+00
7.305592543275632345e+00
6.979328165374677262e+00
7.125628140703518021e+00
7.120435618193465821e+00
7.347452018530773898e+00
7.083113456464380064e+00
7.419720186542305029e+00
7.352005532503457452e+00
7.351369863013698769e+00
7.168336673346693111e+00
7.170906718851924211e+00
7.308764940239043995e+00
7.497913769123782934e+00
7.252587991718426608e+00
7.392542372881355739e+00
7.416377515614156479e+00
6.995400788436268336e+00
7.276595744680850686e+00
7.038935756002596023e+00
7.425545996029120133e+00
7.294037011651816726e+00
7.546722454672245561e+00
7.537463976945245392e+00
7.238950276243094173e+00
7.654978962131837150e+00
7.188718662952646277e+00
7.348899266177451928e+00
7.501392757660167554e+00
7.335883171070931574e+00
7.237458193979932730e+00
6.916141235813366706e+00
7.440755208333333037e+00
7.604450825556352989e+00
7.882039573820395439e+00
7.292487235594456330e+00
7.251846877098723887e+00
7.373215499660095595e+00
7.249318801089918551e+00
7.405886379192334168e+00
7.455313159746657092e+00
7.506790564689064027e+00
7.189133425034388125e+00
7.156373193166885471e+00
7.430706521739130821e+00
7.172343324250681107e+00
7.434693877551020513e+00
7.173705722070844892e+00
7.162729658792651222e+00
7.352663519892110422e+00
6.991441737985517157e+00
7.325459317585301555e+00
7.269440654843110750e+00
7.376801647220315949e+00
7.108126259234385458e+00
7.378706199460916437e+00
7.326388888888889284e+00
7.252215405589638841e+00
6.863694267515923819e+00
6.987752602571953631e+00
6.861773700305810131e+00
7.164366373902132601e+00
7.508928571428571175e+00
7.477761836441893628e+00
7.105762711864406889e+00
7.186319218241042250e+00
7.199868073878628039e+00
7.582693649685973369e+00
7.351101634683724129e+00
7.195959595959595667e+00
7.336693548387096975e+00
7.118700265251989734e+00
7.075303126994256786e+00
7.479571332886805202e+00
7.404061624649860285e+00
7.280737704918032627e+00
7.079895219384414240e+00
7.159149484536082575e+00
7.468707482993197644e+00
7.559224694903086572e+00
7.394196744515215691e+00
7.254409769335142144e+00
7.318151373074346822e+00
7.388019060585432563e+00
7.247638326585694735e+00
7.458815520762423823e+00
7.543847241867044140e+00
7.632150615496017032e+00
7.348591549295774961e+00
7.232309746328438038e+00
6.785802469135802539e+00
7.186117936117936367e+00
7.752454417952313825e+00
7.241696113074205243e+00
7.410256410256410575e+00
7.217595701813297460e+00
7.329568106312292386e+00
7.500000000000000000e+00
7.278654770075497993e+00
7.028920308483290746e+00
7.569806279225116619e+00
7.074546675621221858e+00
6.978908188585608130e+00
7.243174603174603376e+00
6.881653099561678033e+00
7.284276729559748809e+00
7.224422442244224030e+00
7.492192803801764889e+00
7.546808510638298273e+00
7.481245576786977658e+00
7.613684960798289048e+00
7.135374149659863718e+00
7.056080655324511675e+00
7.067415730337078372e+00
7.454845088991430835e+00
7.047306176084100038e+00
7.332258064516128826e+00
7.101364522417154213e+00
7.454485488126649351e+00
7.101516150296638408e+00
7.386571056062581242e+00
7.264490339773484351e+00
7.301712779973649425e+00
7.282135794330915957e+00
7.471264367816091934e+00
7.330842391304347672e+00
7.354320160750167368e+00
7.274717982747179512e+00
7.290789473684210265e+00
7.026081424936386988e+00
7.443292287751134495e+00
7.211960132890365749e+00
7.354330708661417582e+00
7.605955678670359710e+00
7.177146720757268561e+00
7.183098591549295975e+00
7.553679945982444188e+00
7.486944248412138236e+00
7.202020202020202433e+00
7.268149117069980569e+00
7.114414996767937538e+00
7.327462491846053361e+00
7.673713883016208825e+00
7.300070274068868770e+00
7.542443064182194234e+00
7.024535809018567889e+00
7.349514563106795961e+00
7.374066530889341387e+00
7.519805420430854426e+00
7.243188010899182849e+00
7.370989304812834320e+00
7.069145466405740486e+00
7.310924369747898943e+00
7.447243022464261841e+00
6.938064516129032633e+00
7.375239310784939661e+00
7.310901749663526239e+00
7.304260985352862612e+00
7.138762214983713328e+00
7.092861655085281214e+00
7.174714104193138375e+00
7.249352331606218058e+00
7.376165113182423738e+00
7.054439403758911098e+00
7.235219326128417450e+00
7.717270194986072696e+00
7.293622985283811921e+00
7.691986062717769634e+00
7.309407665505226248e+00
7.638312586445366925e+00
7.035169210351692293e+00
7.372599231754161764e+00
7.668994413407821398e+00
7.270976616231086709e+00
7.489932885906040561e+00
7.274680993955675135e+00
7.205939315687539981e+00
7.109010712035286339e+00
7.564068692206076250e+00
7.223489932885906128e+00
7.344198174706649596e+00
7.105701473414478109e+00
7.244794952681387734e+00
7.206521739130434590e+00
7.485488126649076257e+00
7.211462450592885709e+00
7.153846153846154188e+00
7.549703752468729157e+00
7.381016949152542139e+00
7.384053156146179298e+00
7.179239200515795893e+00
7.285260482846251939e+00
7.423506237688772380e+00
7.551395507147719677e+00
7.516528925619835100e+00
7.188320209973753094e+00
7.445963541666666963e+00
7.181640625000000000e+00
7.456026058631922027e+00
7.109395109395109102e+00
7.275298554368322179e+00
7.332251784555483098e+00
7.133843212237093390e+00
7.603973509933775077e+00
7.120290812954395143e+00
7.258064516129032029e+00
7.299416720674011927e+00
7.247896440129450113e+00
7.403934426229508148e+00
7.181877444589309434e+00
7.356679636835278480e+00
7.363273453093812648e+00
7.254593175853018217e+00
6.954236239950525977e+00
7.477678571428571175e+00
7.362592842673868709e+00
7.252293577981651751e+00
7.379672131147541059e+00
7.268421052631579116e+00
7.470941883767535430e+00
7.391038696537678199e+00
7.300198807157057601e+00
7.241401687216093563e+00
7.244201030927834850e+00
7.243068987749838428e+00
7.425925925925925597e+00
7.593337959750173560e+00
7.443980514961725525e+00
7.222811671087533192e+00
7.443046357615894060e+00
7.441939890710382421e+00
7.031694695989650690e+00
7.085643869377695303e+00
7.226869455006337262e+00
7.444148936170212671e+00
7.534351145038168163e+00
7.292997960571040217e+00
7.244458930899608795e+00
7.395902181097158135e+00
7.198553583168967762e+00
7.177522349936142909e+00
7.307841866493843597e+00
7.396125584502337702e+00
7.288192128085389854e+00
7.309868421052631682e+00
7.087372448979591510e+00
7.075308641975309065e+00
7.148286604361370422e+00
7.050836949783013452e+00
7.663563829787234383e+00
7.266438356164383272e+00
7.310502283105022592e+00
7.421157684630738771e+00
7.656924147529575286e+00
7.242857142857142883e+00
7.374507227332457227e+00
7.391946308724832271e+00
7.037203335471455823e+00
7.412066752246469825e+00
7.510609171800137318e+00
7.341248303934871267e+00
7.367754830113257825e+00
7.273386034255599597e+00
7.451999999999999957e+00
7.074626865671642229e+00
6.930471584038693678e+00
7.271428571428571352e+00
7.350692155570204278e+00
7.291089108910891348e+00
7.308196721311475130e+00
7.291447368421052566e+00
7.602327173169062036e+00
7.307745030843043388e+00
7.383077948034643789e+00
7.595419847328244600e+00
7.039551746868820459e+00
7.405927835051546282e+00
7.115384615384614975e+00
7.176767676767676463e+00
7.196930946291559827e+00
7.011874999999999858e+00
7.763477088948786964e+00
7.520607375271149309e+00
7.293677770224337387e+00
7.420026881720430012e+00
7.441317776252573957e+00
7.087868852459016544e+00
7.474240422721267763e+00
7.467966573816156028e+00
7.128069011280690148e+00
7.350589777195281727e+00
7.480742778541952909e+00
7.059288537549407216e+00
7.258808456117873398e+00
7.350666666666666238e+00
7.699716713881019636e+00
7.313338038108680550e+00
7.305630026809651234e+00
7.279038718291054977e+00
7.334899328859060041e+00
7.162590879048248205e+00
7.373837981407702635e+00
7.265319865319865400e+00
7.262458471760797174e+00
7.351515151515151558e+00
7.459197786998617019e+00
7.293874741913282556e+00
7.330399458361543275e+00
7.018855656697009060e+00
7.160203432930705603e+00
7.089216944801027154e+00
7.361772486772486523e+00
7.078042328042328357e+00
7.386046511627906597e+00
7.408049965301874096e+00
7.380787836903938803e+00
7.301295160190865552e+00
7.455609084652443208e+00
7.474754558204768529e+00
7.291980808773132594e+00
7.242544731610338182e+00
7.367224080267558151e+00
7.310135135135134909e+00
7.423312883435582599e+00
7.405926946933149679e+00
7.212324179504353339e+00
7.359707446808510412e+00
6.992903225806451850e+00
7.472167648984937571e+00
7.162977867203219162e+00
7.243172951885565425e+00
7.149805447470817477e+00
7.134652201659221760e+00
7.201799485861182681e+00
7.252933507170795657e+00
7.554340396445659245e+00
7.211133740665308878e+00
7.243839169909208842e+00
7.455153949129853075e+00
7.130177514792899629e+00
7.293548387096774555e+00
7.603578802477632514e+00
7.147297297297297014e+00
7.241312741312741608e+00
7.057179161372300058e+00
7.444227005870841296e+00
7.170086035737921470e+00
7.182630906768837420e+00
7.493662441627751747e+00
7.121773659827928427e+00
7.371577574967405511e+00
7.677918424753867654e+00
7.196428571428571175e+00
7.296223958333333037e+00
7.337981407702523384e+00
7.387878787878787712e+00
7.478082191780822008e+00
7.257738896366083381e+00
7.005674653215637093e+00
7.487662337662337464e+00
7.373889268626110827e+00
7.258449304174950711e+00
7.333773087071239871e+00
7.354709418837675372e+00
7.454050374404356916e+00
7.519417475728155331e+00
7.131039046988749242e+00
7.290757381258023528e+00
7.011972274732198862e+00
7.172242874845105476e+00
7.147095959595959336e+00
7.163831127914304098e+00
7.465437788018433274e+00
7.383831521739130821e+00
7.149185667752442797e+00
6.934476423759950769e+00
7.349716446124763713e+00
7.377345844504021422e+00
7.295681063122923860e+00
7.550477489768076644e+00
7.229265003371543763e+00
7.190384615384615152e+00
7.409448818897637956e+00
7.530219780219780112e+00
7.177644710578841902e+00
7.536666666666667069e+00
7.702508960573476671e+00
7.338687150837988504e+00
7.312623925974884642e+00
7.120281509916826401e+00
7.300511508951406547e+00
7.546315077755240353e+00
7.268686868686868863e+00
7.339250493096646899e+00
7.222367560497056971e+00
7.154140127388535220e+00
7.361923326835607462e+00
7.584710743801652555e+00
7.308692676249144426e+00
7.262573481384715812e+00
7.422898742554600027e+00
7.325782811459027322e+00
6.960600375234522019e+00
7.443102352193260884e+00
7.412601626016260603e+00
7.261416280608868234e+00
7.345121152586771451e+00
7.304089709762532578e+00
7.040531982267257405e+00
7.594878529218647145e+00
7.019620667102681288e+00
7.202240199128811859e+00
7.282117495158166420e+00
7.278538812785388501e+00
7.218911917098445485e+00
7.242091672046481854e+00
7.076045627376426062e+00
6.960438222763237981e+00
7.475546975546975226e+00
6.929532351057014594e+00
7.191738594327990342e+00
7.431968295904887611e+00
7.166666666666666963e+00
7.362451108213820206e+00
7.545329670329670613e+00
7.589816124469590086e+00
7.379405666897028482e+00
7.125892277741725955e+00
7.127899686520375866e+00
7.196710942441492342e+00
7.029301745635910592e+00
7.347992351816443168e+00
7.377257525083612322e+00
7.305444887118193620e+00
7.265052356020942348e+00
7.144316730523627257e+00
7.120300751879699241e+00
7.126716604244694331e+00
7.289087428206764585e+00
7.294964028776978360e+00
7.185686653771759858e+00
7.159292035398229892e+00
7.283887468030690648e+00
7.141131595677050470e+00
7.181077694235589171e+00
7.408203125000000000e+00
7.463464140730716956e+00
7.166994106090373684e+00
7.444516971279373507e+00
7.287607687210073237e+00
7.414088215931533554e+00
6.936130244207889817e+00
7.396120150187734943e+00
6.931789737171464516e+00
7.170109356014580548e+00
7.360180412371134295e+00
7.281311475409836476e+00
7.364112639161755069e+00
7.278795811518324221e+00
7.288025889967637561e+00
7.491683300066533491e+00
7.267109634551495390e+00
6.984520123839009109e+00
7.154362416107382217e+00
7.323529411764705621e+00
7.531986531986532007e+00
7.474191328286304170e+00
7.330877427997321227e+00
7.429329794293297873e+00
7.256561679790026531e+00
7.067912772585669856e+00
7.557355800388853240e+00
6.928208386277001196e+00
7.438794726930320067e+00
7.563100137174211035e+00
7.369136641740312577e+00
7.257812500000000000e+00
7.154769425142134764e+00
7.449838187702265024e+00
7.280343007915567100e+00
7.345478204294079383e+00
7.333771353482259947e+00
7.400132275132275339e+00
7.134874759152215695e+00
7.035997559487491948e+00
7.325203252032520318e+00
7.377049180327868605e+00
7.088719898605829961e+00
7.340880503144654234e+00
7.162213740458015288e+00
7.386538461538461497e+00
7.205161290322580570e+00
7.386055519690122750e+00
7.276581865622961942e+00
7.354126055880441548e+00
7.173606662395900280e+00
7.186833855799372728e+00
7.359354838709677438e+00
7.581126951799049607e+00
7.516978516978516822e+00
7.104681404421326008e+00
7.121680049413217972e+00
7.289340101522842730e+00
7.186299615877080882e+00
7.001227747084100450e+00
7.339811912225705726e+00
7.213824289405684986e+00
7.073867163252637980e+00
7.341555977229601737e+00
7.323952879581152153e+00
7.357096141268803180e+00
7.339895013123359568e+00
7.322011757021554601e+00
7.411609498680738817e+00
7.181994818652849943e+00
7.246984126984126640e+00
7.345207253886010257e+00
7.513767629281397298e+00
7.276892430278884660e+00
7.419947506561680228e+00
7.568989071038251026e+00
7.308625336927224048e+00
7.267056530214424548e+00
7.608636977058029771e+00
7.454293628808864369e+00
7.424611223799864490e+00
7.308151093439363422e+00
7.078184110970996201e+00
7.100979192166462894e+00
7.447741935483870535e+00
7.322022621423818656e+00
7.894848270995059814e+00
7.129120879120879550e+00
6.996352583586626039e+00
6.867603983596954009e+00
7.387995049504950451e+00
7.405477621910487862e+00
7.284584980237154284e+00
7.066079295154184869e+00
7.083946078431372584e+00
7.159528243327126340e+00
7.302370275464445726e+00
7.244155844155844015e+00
7.168045830681094799e+00
7.339354838709676976e+00
7.609621993127147377e+00
7.602418207681365558e+00
7.685344827586207295e+00
7.598561151079136877e+00
7.402083333333333570e+00
7.162638798171130361e+00
7.273367477592829644e+00
7.175449871465295892e+00
7.163601775523145143e+00
7.242811501597444135e+00
7.299284320104098889e+00
7.242207792207792316e+00
7.035602748282323127e+00
7.234267912772585518e+00
7.312378483473752411e+00
7.270481144343302837e+00
7.582380632145258481e+00
7.209364548494983538e+00
7.083697688944409876e+00
7.389743589743590135e+00
7.370913942628418702e+00
7.139909735654416778e+00
6.967012828344532949e+00
7.124314442413163029e+00
7.415314730694354317e+00
7.318242343541943917e+00
7.592769440654842938e+00
7.472473867595819108e+00
7.354925775978407465e+00
7.162459546925566301e+00
7.231746031746031811e+00
7.626693766937669317e+00
7.066843150231634674e+00
7.165525824517734677e+00
7.132241813602014702e+00
6.923357664233576791e+00
7.167584097859327485e+00
7.393998695368558138e+00
7.386424731182795966e+00
7.186197916666666963e+00
7.133501259445844234e+00
7.260675589547482822e+00
7.371466140696909974e+00
7.304232804232804632e+00
7.099553286534780128e+00
7.150000000000000355e+00
7.494063324538258186e+00
7.084967320261437607e+00
7.258860759493670933e+00
7.296416938110748873e+00
7.329163923633969624e+00
7.515953835709436426e+00
7.415923129718599682e+00
7.234478203434610677e+00
7.771686328938237409e+00
7.304073033707864759e+00
7.602608098833218975e+00
7.092666666666666231e+00
7.107721046077210225e+00
7.421223958333333037e+00
7.165571616294349688e+00
7.372881355932203284e+00
7.065594855305466382e+00
7.163545568039950240e+00
7.075530586766541674e+00
7.213341724354940254e+00
6.952380952380952550e+00
7.091352009744213980e+00
6.923030303030302868e+00
7.738756613756613945e+00
7.549387166546503103e+00
7.461057023643950181e+00
7.390210740992522176e+00
6.987928843710291993e+00
7.408656906429025746e+00
7.167101827676240156e+00
7.170562223626026466e+00
7.160353535353535470e+00
7.314028314028313993e+00
6.975548589341692640e+00
6.989820359281437412e+00
7.106837606837606458e+00
7.448926480156148777e+00
7.285429141716567081e+00
7.312703583061889390e+00
7.204252577319588013e+00
7.001232285890326423e+00
7.535737282678686810e+00
7.503105590062111752e+00
7.135915955351280537e+00
7.171374764595103812e+00
7.161533626649905671e+00
7.283620140216698680e+00
7.250482936252415023e+00
7.555778223112892711e+00
7.554317548746517730e+00
7.300134589502018656e+00
7.365901639344262009e+00
7.150834403080873258e+00
7.187617260787992457e+00
7.296934865900382761e+00
7.338541666666666963e+00
7.407260726072607326e+00
7.256057629338572568e+00
7.206106870229007200e+00
7.237191650853890046e+00
7.444735120994113942e+00
7.161812297734627464e+00
7.193749999999999645e+00
7.521311475409835801e+00
7.130039011703511065e+00
6.980676328502415373e+00
7.271886559802712924e+00
7.178707224334600845e+00
7.616047745358089927e+00
7.231642189586114711e+00
7.335051546391752275e+00
7.182108626198083101e+00
7.532722513089005645e+00
7.371140939597315089e+00
7.364651773981603533e+00
7.321591650358773684e+00
7.077164366373902560e+00
6.961791044776119541e+00
7.273897058823528994e+00
7.315315315315315203e+00
7.068167604752970234e+00
6.969010727056018872e+00
7.200000000000000178e+00
7.681178834561285917e+00
7.403303509979353159e+00
7.035331230283911275e+00
7.031755542240862411e+00
7.255713403335391831e+00
7.051425030978934139e+00
7.100850546780073103e+00
7.206703910614525199e+00
7.181761006289308469e+00
7.383870967741935409e+00
7.264360313315926909e+00
7.073308270676691656e+00
7.050455927051671345e+00
7.172009864364981446e+00
7.266836086404065753e+00
7.284789644012945153e+00
7.249354005167958803e+00
7.361437908496731630e+00
7.819336626676076207e+00
7.575054387237128317e+00
7.376623376623376416e+00
6.902864259028642202e+00
7.182424242424242600e+00
7.376134889753567236e+00
7.093469910371318576e+00
7.163354037267080976e+00
7.300319488817891056e+00
7.493306559571619729e+00
7.383310719131614519e+00
7.556241426611796541e+00
7.407152682255845555e+00
7.297082228116710922e+00
7.399602385685884798e+00
7.160598179453836032e+00
7.198604060913705638e+00
7.395546823837589656e+00
7.078064516129032313e+00
6.851697438951757313e+00
7.247868453105968278e+00
7.188739603326935068e+00
7.118867924528301749e+00
7.200252684775742651e+00
7.245659163987138385e+00
7.543741588156123612e+00
7.232729711602950751e+00
7.412499999999999645e+00
7.053103007037748284e+00
6.927631578947368141e+00
7.169398907103825103e+00
7.353965183752417367e+00
7.231469440832249518e+00
7.032418952618454178e+00
7.398467432950191380e+00
7.174054758800521903e+00
7.164668769716088015e+00
7.235518777848503724e+00
7.357750163505559549e+00
7.033057851239669311e+00
7.404228058936578982e+00
7.585348997926744552e+00
7.553672316384180796e+00
7.602555003548616241e+00
7.060304837640821951e+00
7.554240631163708031e+00
7.196512407780013554e+00
7.213324791800127755e+00
7.373850197109066862e+00
7.028790786948176716e+00
7.097605893186003989e+00
7.150000000000000355e+00
7.525513585155731988e+00
7.531380753138074979e+00
7.323828920570265133e+00
7.200649350649350744e+00
7.180891719745223334e+00
7.427821522309711710e+00
7.161437908496732341e+00
7.453947368421052211e+00
7.306970509383377888e+00
7.257180156657963011e+00
7.195372750642673232e+00
7.230818414322250476e+00
7.485714285714285765e+00
7.163036303630363477e+00
7.448979591836734748e+00
7.206759443339960214e+00
7.046336881653099127e+00
7.495765472312703182e+00
6.953727506426734983e+00
7.455647734524569081e+00
7.172368421052631504e+00
7.034761018001241872e+00
7.406290115532733864e+00
7.417738659444820470e+00
7.545580110497237314e+00
7.708633093525179447e+00
7.353393981805458779e+00
7.345563709139426578e+00
7.277410832232496851e+00
7.431818181818181657e+00
7.165349143610012739e+00
7.288673139158576397e+00
7.539877300613497368e+00
7.315537303216975040e+00
7.507849829351536108e+00
7.302802460697197517e+00
7.057197943444729837e+00
7.488110964332893360e+00
6.933852140077821247e+00
7.334180432020330542e+00
7.481481481481481843e+00
7.506329113924050667e+00
7.332415691672402147e+00
7.223031105228325366e+00
7.231221423905943801e+00
7.100964630225080398e+00
7.019411396368190559e+00
7.377604166666666963e+00
7.534916201117318302e+00
7.479461756373937398e+00
7.262942779291552853e+00
7.404183535762483004e+00
7.232839838492597373e+00
7.142579390797147987e+00
7.012554927809165228e+00
7.202282815472416111e+00
7.048438495857233477e+00
7.123425692695214195e+00
7.134566326530611846e+00
7.527946127946128385e+00
7.332409972299169354e+00
7.134034165571616626e+00
6.740048250904704830e+00
7.145015105740180950e+00
7.239792611795204280e+00
7.433108108108108070e+00
7.605823863636363313e+00
7.207300275482094065e+00
7.540871934604904681e+00
7.539389638041163799e+00
7.166442048517520647e+00
7.649590163934425924e+00
7.584359160028964375e+00
7.125252525252525615e+00
7.456708526107072466e+00
7.586788475052705927e+00
7.078052034689792826e+00
7.126408010012515781e+00
7.221159974506054624e+00
7.221792392005157879e+00
7.356155365371955135e+00
7.276708692767086539e+00
7.105431309904153281e+00
7.132832080200500968e+00
7.151515151515151381e+00
7.360260586319218312e+00
7.138020833333333037e+00
7.291801162040026263e+00
7.250491803278688252e+00
7.140283140283139929e+00
7.248547449967721157e+00
7.357047872340425343e+00
7.437031994554118342e+00
7.316644113667117644e+00
7.155149934810951962e+00
7.266795865633074669e+00
7.100705580500320302e+00
7.134796238244514477e+00
7.461437046802900319e+00
7.249832551908908407e+00
7.132135984605516121e+00
7.226487523992322082e+00
7.237012987012986898e+00
7.370615486432826380e+00
7.192485168094924219e+00
7.419205298013245020e+00
7.008387096774193914e+00
7.234738829452485476e+00
7.595092024539876974e+00
7.080774365821095095e+00
7.421121251629726245e+00
7.182298546895641067e+00
7.139682539682540074e+00
7.472883597883598128e+00
7.023407022106631814e+00
7.309357097390197566e+00
7.232131147540983740e+00
7.160668380462724691e+00
7.445472571050892441e+00
7.172504957038995599e+00
7.622297297297297547e+00
7.279643591501027799e+00
7.538305084745762663e+00
7.347440273037542546e+00
7.323138297872340274e+00
7.456140350877192624e+00
7.152173913043478493e+00
7.344379467186485044e+00
7.567010309278350277e+00
7.480000000000000426e+00
7.501739735560194688e+00
7.233670033670033916e+00
7.185732647814909946e+00
7.707650273224043502e+00
7.323816155988858156e+00
7.313284864507600957e+00
7.186484730344379734e+00
7.428100263852242868e+00
7.112418300653594372e+00
7.281049935979513776e+00
7.251629726205996995e+00
7.560975609756097171e+00
7.032873109796186739e+00
7.233480176211453561e+00
7.362080315997366675e+00
7.032051282051281937e+00
7.007317073170731270e+00
7.407073954983922626e+00
7.145669291338582418e+00
7.676650782845473309e+00
7.144709897610921345e+00
7.584064821066847095e+00
7.204220558202859337e+00
7.515131136516475685e+00
7.336301369863013733e+00
7.414189189189189122e+00
7.408469945355191655e+00
7.296843519140362666e+00
7.352862849533954304e+00
7.469262295081967373e+00
7.426703372333103736e+00
7.147757255936675769e+00
7.183790682833439689e+00
7.383091149273448117e+00
7.358350236646383102e+00
7.263612217795484938e+00
7.006957621758380661e+00
7.436363636363636509e+00
7.428768066070199794e+00
7.305668016194331926e+00
7.174902470741222338e+00
7.207958921694480381e+00
7.661633493479753199e+00
7.569884726224783478e+00
7.027098479841375145e+00
7.348271446862995937e+00
7.284671532846715536e+00
7.295049504950495312e+00
6.930320150659134093e+00
7.203967761934284120e+00
7.161745827984595358e+00
7.536912751677852462e+00
7.372670807453416408e+00
7.336919973100202164e+00
7.313124583610925988e+00
7.354430379746835555e+00
7.458559782608695343e+00
7.067100977198697009e+00
7.167398119122257327e+00
7.291073738680466043e+00
7.173350582147477006e+00
7.089084065244667165e+00
7.134831460674157633e+00
7.166035353535353813e+00
7.606469002695417814e+00
7.329889807162534687e+00
7.185426154847104563e+00
7.244215938303342206e+00
7.214055448098001477e+00
7.709389993145990161e+00
7.068502350570852855e+00
7.619205298013245198e+00
7.372237569060773765e+00
7.411051212938005506e+00
7.132247557003257299e+00
6.990141712877387725e+00
7.438664097623635563e+00
7.546084546084546041e+00
7.154563624250499743e+00
7.406801831262263214e+00
7.040566645202833485e+00
7.277742549143944473e+00
7.350993377483443503e+00
7.068898905344494388e+00
7.365459249676584719e+00
7.642356241234221415e+00
7.156207366984992824e+00
7.244028405422853645e+00
7.316413974950560117e+00
7.119093851132686446e+00
7.567694369973190227e+00
7.544034090909090828e+00
7.153535353535353636e+00
7.188461538461538680e+00
7.558863328822733152e+00
7.263518138261464863e+00
7.418291862811028814e+00
7.170747849106551719e+00
7.262953367875647714e+00
7.384256170780520101e+00
7.344151453684922615e+00
7.157619359058207564e+00
7.519436997319035143e+00
7.302261823166552368e+00
7.231377719182597197e+00
7.130798969072165150e+00
7.578769438810006420e+00
7.076356329537842882e+00
7.383214053350683592e+00
7.082031250000000000e+00
7.363106796116504427e+00
7.436351259360108656e+00
7.209472981987992135e+00
7.260078023407022130e+00
7.221932114882506859e+00
7.528416779431664096e+00
7.372846312887663345e+00
7.569646569646569567e+00
7.324417009602194994e+00
7.536468984321745168e+00
7.244609164420484859e+00
7.037106918238993813e+00
7.271979759645794239e+00
7.099426386233269604e+00
7.065136476426799206e+00
7.207570977917980848e+00
7.314173742651861154e+00
7.451851851851851727e+00
7.044718081659105735e+00
7.137461300309597689e+00
7.246496815286624482e+00
7.516756032171581836e+00
6.861762840837032584e+00
7.594351732991014181e+00
7.229364005412719507e+00
7.170063694267516219e+00
7.426326129666011688e+00
7.249503639973527314e+00
7.593243243243243512e+00
7.510161177295024970e+00
7.189403973509933543e+00
7.358257477243173028e+00
7.653018736988202342e+00
7.301652892561983244e+00
7.539607312119160021e+00
7.158488063660477074e+00
7.356403622250970109e+00
7.308862433862433505e+00
7.284872298624754272e+00
7.433887043189368882e+00
7.385550303848750886e+00
7.344896597731820798e+00
7.102695763799743212e+00
7.125077784691972838e+00
7.159247648902820949e+00
7.341305753070458628e+00
7.294466403162055634e+00
7.341254125412540965e+00
7.381587725150099644e+00
7.342685370741483197e+00
7.496607869742198282e+00
7.315967523680649620e+00
7.216005204944697660e+00
6.860280658938377130e+00
7.402882205513784619e+00
7.065806451612902883e+00
7.420814479638009331e+00
7.537560303239145831e+00
7.201602136181575631e+00
7.288486416558861869e+00
7.300722258699934741e+00
7.425318151373073938e+00
7.103515625000000000e+00
7.142052565707134093e+00
7.210559796437658875e+00
7.287103046014258290e+00
7.101532567049808620e+00
6.873120865904991383e+00
7.141737032569360544e+00
7.339780786589297001e+00
7.483434753211629875e+00
7.216987392169873949e+00
7.447820343461030390e+00
7.171035386631716690e+00
7.003692307692308106e+00
7.352681388012618058e+00
7.307439104674127606e+00
7.578518014955812454e+00
7.089650626235991737e+00
7.222989949748743754e+00
7.274661508704062030e+00
7.776928422515635653e+00
7.272094641614474497e+00
7.048611111111110716e+00
7.391666666666666607e+00
7.353413654618473849e+00
7.809759547383309908e+00
7.154745529573590446e+00
7.243793761935073405e+00
7.247256294383473296e+00
7.491649966599866595e+00
7.275100401606425571e+00
7.347112860892388575e+00
7.455832771409305337e+00
7.250332889480691989e+00
7.424784625579854414e+00
7.437500000000000000e+00
6.992322456813819365e+00
6.868639053254438132e+00
7.143288996372430866e+00
7.304627249357326768e+00
7.342140026420079124e+00
7.098329048843187827e+00
7.228481012658227733e+00
7.220720720720720465e+00
7.199358974358974095e+00
7.046933667083854935e+00
7.238185255198487766e+00
6.957658779576587627e+00
7.504841833440929477e+00
7.370978781656400081e+00
7.284385382059801017e+00
7.063734862970044937e+00
7.335902376364804134e+00
7.360294117647058876e+00
7.323549032688458915e+00
7.241606319947333503e+00
7.413493653974615683e+00
7.300539083557951336e+00
7.304318936877076673e+00
7.408080808080808488e+00
7.171165240289663956e+00
7.542838018741632844e+00
7.496850944716585197e+00
6.980595084087968694e+00
7.398847631241997291e+00
7.151475409836066000e+00
6.950708564386937738e+00
6.845427728613569407e+00
7.387460815047021789e+00
7.166119500984898139e+00
7.305139882888743941e+00
7.018471337579617497e+00
7.242251739405439537e+00
7.773651016117729462e+00
7.870426829268292401e+00
7.157342657342657510e+00
6.919681177191907118e+00
7.381887270424319247e+00
6.917617237008871989e+00
7.196417541692402331e+00
7.392221489782465405e+00
7.030907920154539248e+00
7.373957665169981190e+00
7.575276243093922446e+00
7.392659279778393433e+00
7.256121773659828023e+00
7.153649167733674652e+00
7.355194805194805063e+00
7.349999999999999645e+00
7.390113560454241615e+00
7.113488975356679234e+00
7.441253263707571897e+00
7.083984375000000000e+00
7.147243107769423176e+00
7.316504854368932165e+00
7.382510013351135214e+00
7.291307232913072589e+00
7.289921465968586034e+00
7.282537606278613573e+00
7.181290322580645480e+00
7.514647137150466172e+00
7.217682518419289650e+00
7.329627207325049021e+00
7.188519243313764129e+00
7.300844704353476544e+00
7.052196053469128145e+00
7.249368686868686851e+00
7.527665317139001111e+00
7.362825788751714562e+00
7.569358178053830599e+00
7.107999999999999652e+00
7.181645569620252800e+00
7.282933160285528729e+00
7.553888130968622328e+00
6.985620915032679790e+00
7.240450845335002938e+00
7.250162443144898994e+00
7.275636838667537631e+00
7.047073791348600125e+00
7.260291323622546145e+00
7.228070175438596756e+00
7.379788639365918002e+00
7.310413885180240712e+00
7.519348268839103788e+00
7.272113436866981750e+00
7.238621586475942671e+00
7.342537804076265218e+00
7.238345370978332305e+00
7.484238765928906467e+00
7.268062120189061837e+00
7.053333333333333677e+00
7.427367055771725290e+00
7.162606978275181113e+00
7.282018111254851434e+00
7.527891156462585442e+00
7.116865869853917559e+00
7.507284768211920145e+00
7.341546885694729241e+00
7.268389662027833431e+00
7.270750988142292925e+00
7.266798418972332030e+00
7.335102853351028962e+00
7.047649710238248488e+00
7.423905943827564080e+00
7.277815239379635592e+00
7.218134034165571755e+00
7.081358103779628266e+00
7.395409836065574005e+00
7.184789859906604015e+00
7.047133757961783651e+00
7.390451275343361992e+00
7.697641172265904608e+00
7.231468531468531857e+00
7.565157750342935472e+00
6.957067371202113826e+00
7.226784586228680141e+00
7.128719275549806333e+00
7.261038961038961403e+00
7.562758620689654876e+00
7.650909090909091326e+00
7.269607843137254832e+00
7.281812125249833123e+00
7.427891156462584910e+00
7.704741379310345195e+00
7.178720445062586997e+00
7.179520414776409787e+00
7.070197830248883264e+00
7.019326683291770230e+00
7.022924411400247813e+00
7.511936339522546469e+00
7.026542800265428212e+00
7.493050959629384167e+00
7.267123287671233278e+00
7.347884486232370449e+00
7.471724137931034626e+00
6.958032786885246068e+00
7.465268676277850624e+00
7.665223665223665606e+00
7.124827586206896157e+00
7.376079734219269213e+00
7.138574283810792842e+00
7.584362139917695700e+00
7.403708987161198074e+00
7.221467391304347672e+00
7.124918247220405121e+00
7.305095962938451315e+00
7.296747967479674912e+00
7.110526315789473806e+00
7.079132099553286928e+00
7.532388663967611642e+00
7.518279569892473368e+00
7.319222761970853419e+00
7.163912756113681723e+00
6.947302383939773840e+00
7.202147820593808980e+00
6.970196575776791192e+00
7.369240752757949764e+00
7.097883597883598128e+00
7.336633663366336933e+00
7.326072157930565432e+00
7.381245722108144669e+00
7.236646382691007240e+00
7.552486187845303789e+00
7.779095626389918472e+00
7.121593291404612280e+00
7.310979618671926694e+00
6.992912371134020866e+00
7.292337411461686791e+00
