1.000000000000000000e+00
3.461538461538461675e+00
3.111702127659574657e+00
3.695937090432503069e+00
3.901531728665208032e+00
3.833428408442669522e+00
3.850535815002820161e+00
3.789444444444444393e+00
3.625523012552301250e+00
3.719443011861784498e+00
3.821195652173912993e+00
3.813370473537604610e+00
3.789939192924267619e+00
3.810945273631840990e+00
3.662406815761448442e+00
3.794817556848228524e+00
3.809890109890109677e+00
3.677110993096122993e+00
3.699484536082474406e+00
3.784729586426299086e+00
3.790558871405317554e+00
3.821428571428571619e+00
3.850252383623107288e+00
3.623604465709728828e+00
3.765747006767308669e+00
3.656496580746975145e+00
3.700726141078838349e+00
3.826298701298701310e+00
3.823562255723059522e+00
3.766867800329127824e+00
3.741573033707865203e+00
3.848633879781420575e+00
3.842665173572228365e+00
3.808203991130820310e+00
3.789645776566757274e+00
3.843956043956044066e+00
3.627306273062730568e+00
3.781752203214100660e+00
3.793084819016747655e+00
3.791982665222101812e+00
3.506513026052104021e+00
3.702189781021897996e+00
3.760790431617264673e+00
3.748812664907651637e+00
3.703896103896104020e+00
3.801896733403582918e+00
3.847457627118644030e+00
3.828838745184369952e+00
3.821075740944017696e+00
3.777356446370530918e+00
3.809885931558935290e+00
3.650419287211740027e+00
3.757356737222508958e+00
3.698429319371727697e+00
3.721499219156689353e+00
3.843868179362506687e+00
3.781369863013698485e+00
3.750268528464017148e+00
3.693674856246732752e+00
3.833243967828418253e+00
3.848044692737430328e+00
3.652289669861554788e+00
3.844598190526876014e+00
3.644527098831030987e+00
3.655207280080889909e+00
3.763418447107868658e+00
3.845604395604395709e+00
3.714131023280996313e+00
3.722772277227722970e+00
3.831991411701556771e+00
3.714285714285714413e+00
3.739604989604989438e+00
3.713544369486247998e+00
3.685933503836317016e+00
3.766944734098018888e+00
3.714360587002096370e+00
3.584707646176911400e+00
3.912354804646251516e+00
3.819875776397515743e+00
3.875000000000000000e+00
3.848484848484848619e+00
3.788061336254107125e+00
3.678889470927186878e+00
3.785076195480819639e+00
3.705602536997885998e+00
3.840494092373791801e+00
3.770662287903667309e+00
3.874931129476583802e+00
3.833894500561167096e+00
3.794956140350877138e+00
3.802173913043478404e+00
3.797716150081566155e+00
3.706193753308629102e+00
3.862217438105489897e+00
3.744553376906317954e+00
3.812062466343564715e+00
3.795206971677560048e+00
3.846831955922865198e+00
3.760762942779291684e+00
3.767665952890792092e+00
3.905215928210880705e+00
3.689522764673614841e+00
3.723560209424083833e+00
3.877134986225895474e+00
3.742634797109505307e+00
3.961866818440523463e+00
3.730419977298524259e+00
3.826301369863013502e+00
3.726281352235550681e+00
3.734116390816871522e+00
3.801310043668122418e+00
3.791735537190082717e+00
3.835365853658536661e+00
3.727371864776444887e+00
3.650103519668737029e+00
3.660396542958820554e+00
3.703416149068322838e+00
3.627823408624229806e+00
3.788976377952756103e+00
3.863813229571984476e+00
3.866591294516676047e+00
3.739035087719298378e+00
3.890728476821192050e+00
3.662520281233098807e+00
3.752867570385818752e+00
3.829706202393906356e+00
3.705376344086021678e+00
3.729473684210526496e+00
3.729973474801060895e+00
3.824551873981531624e+00
3.690118152524167527e+00
3.674226804123711165e+00
3.826574172892209358e+00
3.807395143487858569e+00
3.783533260632497175e+00
3.674711437565582273e+00
3.774633123689727476e+00
3.870950027457440878e+00
3.700761697497279457e+00
3.527833001988071704e+00
3.766129032258064502e+00
3.790810810810810949e+00
3.676564156945917095e+00
3.668202764976958630e+00
3.638621388748099150e+00
3.909041689225771332e+00
3.734113712374581784e+00
3.748531767218366451e+00
3.671907756813417301e+00
3.708506224066390189e+00
3.716308337703198905e+00
3.750132345156167446e+00
3.818627450980392357e+00
3.740196078431372584e+00
3.847290640394088523e+00
3.797658862876254204e+00
3.697860962566844822e+00
3.798391420911528371e+00
3.695069667738478003e+00
3.879319802523313321e+00
3.795492957746478879e+00
3.797237569060773588e+00
3.813850415512465286e+00
3.788747931605074282e+00
3.782227098189796965e+00
3.823038397328881288e+00
3.875000000000000000e+00
3.780597856739988938e+00
3.680965147453083119e+00
3.660964230171073197e+00
3.676699532952776295e+00
3.639564992232004137e+00
3.685521536066424630e+00
3.768857758620689502e+00
3.779867256637168271e+00
3.822770611329220358e+00
3.709890109890110033e+00
3.989099254159495178e+00
3.721518987341772000e+00
3.891633913531723721e+00
3.706935123042505609e+00
3.689782953943885779e+00
3.726304579339723144e+00
3.789732386673948739e+00
3.697232772653282762e+00
3.847168774051676898e+00
3.813462635482030905e+00
3.861811926605504652e+00
3.826735513482501627e+00
3.641968631692806824e+00
3.702194357366771271e+00
3.735909822866344765e+00
3.768219178082191867e+00
3.722161572052401723e+00
3.650449497620306794e+00
3.797746781115880044e+00
3.736468015308911816e+00
3.783651226158037950e+00
3.714131607335490859e+00
3.853914002205071743e+00
3.819988642816581681e+00
3.624533333333333385e+00
3.734137388568432137e+00
3.787164015359298030e+00
3.776053215077605163e+00
3.798888888888888982e+00
3.790736607142857206e+00
3.812464907355418209e+00
3.734219269102990069e+00
3.797475301866081399e+00
3.795100222717149308e+00
3.752605595172791908e+00
3.806380638063806554e+00
3.763375620518477849e+00
3.726042230644288189e+00
3.769772481040086554e+00
3.815290178571428381e+00
3.757222222222222019e+00
3.804323725055432259e+00
3.659816116819902820e+00
3.791576673866090541e+00
3.765921787709497259e+00
3.792737430167597790e+00
3.710757409440175625e+00
3.848804891606448120e+00
3.823664560597357820e+00
3.844215349369988655e+00
3.807077625570776114e+00
3.607486631016042722e+00
3.614837398373983657e+00
3.626919140225179028e+00
3.687434554973822110e+00
3.797245179063360787e+00
3.653573376977632403e+00
3.747980613893376223e+00
3.749445676274944628e+00
3.735440931780365847e+00
3.715702479338843123e+00
3.714129244249726014e+00
3.687229437229437412e+00
3.768808347062053699e+00
3.810657596371882061e+00
3.700555555555555376e+00
3.697460831982712026e+00
3.943331425300514947e+00
3.874551971326164690e+00
3.842258440046565582e+00
3.842378752886836057e+00
3.761177136389360687e+00
3.738292011019283656e+00
3.658092175777063026e+00
3.876605248464545017e+00
3.704121964991530014e+00
3.813229571984436017e+00
3.810206422018348693e+00
3.797823596792668788e+00
3.721880246222719624e+00
3.808510638297872397e+00
3.576819407008086316e+00
3.817250673854447385e+00
3.820630372492836546e+00
3.870122306348281693e+00
3.667599328483492016e+00
3.784388646288209479e+00
3.839316239316239443e+00
3.740259740259740173e+00
3.728673637864611923e+00
3.824256035934868070e+00
3.693967902600995945e+00
3.682302771855010537e+00
3.853318460680423829e+00
3.846736596736596958e+00
3.823597455176402704e+00
3.813714285714285612e+00
3.646866485013624093e+00
3.718534253850239057e+00
3.816823464305478808e+00
3.664122137404580037e+00
3.795675675675675542e+00
3.844052361980649035e+00
3.696398891966758971e+00
3.718045112781954931e+00
3.661717921527041231e+00
3.739245884227296646e+00
3.714593430263866569e+00
3.810202962150301520e+00
3.702791461412151097e+00
3.742749731471536112e+00
3.801098901098900917e+00
3.705177111716621230e+00
3.771428571428571352e+00
3.940906483075157674e+00
3.815865662999420760e+00
3.793986636971046877e+00
3.665415549597855094e+00
3.796800000000000175e+00
3.780461031833150187e+00
3.623689727463312416e+00
3.660606060606060641e+00
4.019640852974186274e+00
3.858323494687131205e+00
3.689225771521385866e+00
3.948304613674263663e+00
3.758836944127708080e+00
3.882418812989921530e+00
3.747632311977715958e+00
3.625390218522372532e+00
3.691836734693877631e+00
3.712715855572998436e+00
3.707829742511823401e+00
3.718043135192004023e+00
3.764957264957264904e+00
3.735262593783494012e+00
3.625322997416020598e+00
3.613965087281795441e+00
3.609623015873015817e+00
3.736303123399897785e+00
3.888336097291321014e+00
3.685215493726131886e+00
3.754886423666138562e+00
3.718916046758767191e+00
3.859956236323851098e+00
3.655711206896551602e+00
3.851132686084142609e+00
3.760579064587973086e+00
3.799234135667396206e+00
3.913242009132420041e+00
3.652412280701754277e+00
3.607991906929691517e+00
3.720785935884177942e+00
3.699363732767762425e+00
3.858469945355191388e+00
3.639441160666308406e+00
3.944596818431157281e+00
3.916863207547169878e+00
3.715316315205327236e+00
3.740328563857975741e+00
3.743329775880469779e+00
3.652106084243369910e+00
3.746089676746611197e+00
3.738575982996811931e+00
3.767504008551576522e+00
3.803162486368593331e+00
3.684689507494646854e+00
3.838831800973499409e+00
3.726874657909140520e+00
3.638585543421736901e+00
3.854691689008042932e+00
3.572551073860660065e+00
3.675662168915542427e+00
3.751966439433665368e+00
3.667362924281984515e+00
3.859064012910166763e+00
3.809655937846836871e+00
3.816293056314925991e+00
3.809939923539049644e+00
3.669661733615221966e+00
3.645748987854251055e+00
3.745884773662551570e+00
3.794542536115570019e+00
3.859988931931377820e+00
3.744657534246575548e+00
3.678683385579937237e+00
3.736869474778991229e+00
3.790860215053763582e+00
3.909142212189616217e+00
3.844215349369988655e+00
3.773355444997235963e+00
3.759049162614802597e+00
3.841121495327102675e+00
3.833520809898762760e+00
3.813823857302118370e+00
3.733477789815817793e+00
3.699789695057833949e+00
3.835224203133441367e+00
3.871678914641039970e+00
3.713501646542261447e+00
3.687074829931972886e+00
3.805898123324396920e+00
3.577464788732394485e+00
3.781347150259067202e+00
3.797029702970296849e+00
3.789036544850498345e+00
3.693304535637149222e+00
3.664751958224543138e+00
3.883835616438356286e+00
3.764606741573033766e+00
3.580912863070539576e+00
3.854872881355932090e+00
3.626666666666666483e+00
3.734778121775025994e+00
3.827133479212253775e+00
3.807799442896935727e+00
3.782440640530093656e+00
3.927635327635327744e+00
3.588967009194159008e+00
3.833685322069693591e+00
3.765164162493043865e+00
3.787280701754386136e+00
3.723369565217391486e+00
3.783080260303687492e+00
3.748221127531472519e+00
3.661034846884899885e+00
3.693270735524256665e+00
3.735418875927889903e+00
3.838105726872246493e+00
3.748618784530386883e+00
3.827986725663716783e+00
3.736348593491450654e+00
3.742980561555075525e+00
3.819390581717451383e+00
3.591078066914497935e+00
3.734025974025974026e+00
3.616675406397483084e+00
3.689476412649041137e+00
3.695698353690918925e+00
3.730789897904352337e+00
3.707567567567567668e+00
3.717041800643086980e+00
3.737242128121606832e+00
3.759758108851017244e+00
3.788622420524260903e+00
3.731599335915882776e+00
3.814732142857142794e+00
3.759009009009008917e+00
3.770728992765720822e+00
3.679193899782135180e+00
3.714593430263866569e+00
3.868063420158550425e+00
3.920815836832633572e+00
3.677124928693667805e+00
3.621251972645975759e+00
3.701052631578947150e+00
3.720042987641053234e+00
3.858021240916713168e+00
3.823191733639494938e+00
3.742061281337047518e+00
3.663991439272338280e+00
3.858014420410427192e+00
3.707344632768361681e+00
3.688444924406047321e+00
3.672737011247991568e+00
3.931844215349369787e+00
3.647895335608646317e+00
3.690412426352437159e+00
3.785634743875278208e+00
3.777080957810718509e+00
3.603165938864628881e+00
3.864017907106882976e+00
3.699084668192219816e+00
3.750138811771238423e+00
3.674986134220743050e+00
3.674849972722312952e+00
3.674863387978142271e+00
3.650081124932395671e+00
3.671891891891891913e+00
3.685729847494553457e+00
3.741953385127636089e+00
3.866164542294322271e+00
3.789964994165694101e+00
3.850694444444444642e+00
3.788106235565819713e+00
3.767665347654042041e+00
3.623913043478260931e+00
3.803738317757009213e+00
3.751563388288800649e+00
3.775706214689265483e+00
3.687222222222222179e+00
3.714052287581699474e+00
3.781705948372615200e+00
3.858226371061843629e+00
3.728686635944700623e+00
3.715231788079470299e+00
3.719692814042786733e+00
3.742590559824368945e+00
3.738056013179571480e+00
3.696739130434782528e+00
3.848772321428571619e+00
3.889870435806831672e+00
3.721049629207073384e+00
3.773104593248478356e+00
3.666484118291347016e+00
3.785990071704357529e+00
3.708775852431525966e+00
3.793854748603351812e+00
3.767918088737201465e+00
3.762816901408450487e+00
3.753517163759144459e+00
3.813356164383561620e+00
3.854471069549970874e+00
3.677966101694915224e+00
3.703583061889250683e+00
3.661438615467820235e+00
3.716703056768559055e+00
3.743303571428571619e+00
3.817610062893081579e+00
3.568219178082191689e+00
3.806010928961748530e+00
3.760368663594470195e+00
3.767561393489434529e+00
3.714285714285714413e+00
3.870855148342059238e+00
3.781527531083481275e+00
3.863797169811320931e+00
3.722576900754497764e+00
3.719620958751393314e+00
3.682899833978970694e+00
3.855180309101316372e+00
3.800356506238859122e+00
3.664027149321266830e+00
3.744120940649496188e+00
3.697963800904977560e+00
3.746742209631728215e+00
3.686966420034149206e+00
3.631753031973539159e+00
3.793918918918918859e+00
3.622683885457608000e+00
3.672460619228679946e+00
3.660305343511450538e+00
3.805885681946802546e+00
3.738301559792027717e+00
3.947178871548619572e+00
3.908239700374531722e+00
3.601370645345516763e+00
3.717627856365614658e+00
3.707563025210084184e+00
3.944708680142687385e+00
3.841425937307928695e+00
3.682130584192439660e+00
3.804187889077532692e+00
3.737234652897303722e+00
3.730078563411896919e+00
3.647671232876712466e+00
3.944927536231884080e+00
3.859509202453987875e+00
3.726535341830822912e+00
3.747326955543050175e+00
3.728144388042865298e+00
3.797707736389684730e+00
3.819030939871570496e+00
3.769454123112659705e+00
3.663697104677060334e+00
3.680608365019011341e+00
3.767376681614349909e+00
3.634146341463414753e+00
3.728320526893523557e+00
3.766439909297051969e+00
3.741566609491137729e+00
3.759565962307252818e+00
3.707814269535673724e+00
3.791215059897318884e+00
3.635550586920067051e+00
3.665586169638033631e+00
3.815402038505096183e+00
3.691867124856815785e+00
3.772829763246899670e+00
3.679393599101628443e+00
3.692982456140351033e+00
3.795608108108107892e+00
3.698699830412662592e+00
3.669218151995626176e+00
3.831441543700340624e+00
3.621923937360179035e+00
3.803551609322974425e+00
3.744680851063829863e+00
3.684916201117318657e+00
3.700887902330743717e+00
3.686318131256951958e+00
3.858299595141700511e+00
3.791273584905660243e+00
3.866272189349112320e+00
3.710556844547563848e+00
3.708797327394209198e+00
3.773829667230682361e+00
3.695505617977528079e+00
3.720066518847006787e+00
3.697288323187603698e+00
3.752796420581655301e+00
3.789867587795048731e+00
3.767186597342576437e+00
3.744013683010262383e+00
3.863901869158878455e+00
3.649372862029646392e+00
3.791829882484611058e+00
3.729931192660550288e+00
3.822440717177559399e+00
3.703575547866205131e+00
3.761634506242905740e+00
3.789871944121070868e+00
3.794480328831473681e+00
3.747679814385150632e+00
3.758147512864494111e+00
3.752429959977129581e+00
3.776110790536641559e+00
3.724157624214734508e+00
3.704634282523729727e+00
3.625068119891007967e+00
3.611170212765957288e+00
3.682384823848238398e+00
3.588967009194159008e+00
3.902578796561604779e+00
3.903905765654060556e+00
3.854166666666666519e+00
3.644533485975958609e+00
3.699231613611416059e+00
3.847635726795096467e+00
3.831927710843373358e+00
3.819701492537313392e+00
3.835427887492519616e+00
3.616780045351474016e+00
3.899480069324090081e+00
3.881840796019900619e+00
3.696217494089834688e+00
3.847279110590988704e+00
3.815917375455649907e+00
3.704545454545454586e+00
3.789320951828206496e+00
3.718786464410734904e+00
3.842636579572446642e+00
3.652453271028037296e+00
3.856807511737089023e+00
3.788156288156288021e+00
3.909485430874147571e+00
3.965093729799612277e+00
3.799748901443816607e+00
3.666860127684271831e+00
3.823667252489748147e+00
3.678990610328638500e+00
3.752873563218390718e+00
3.752486834406085325e+00
3.814201183431952469e+00
3.685797101449275193e+00
3.705617977528089746e+00
3.824009324009324029e+00
3.751915144372421906e+00
3.771063335270191885e+00
3.785420340975896636e+00
3.742574257425742790e+00
3.723367697594501813e+00
3.714934696195343555e+00
3.757298225529479119e+00
3.820799059929494756e+00
3.856711003627569578e+00
3.853658536585365724e+00
3.779104477611940460e+00
3.889891696750902739e+00
3.793975903614458023e+00
3.777842907385697391e+00
3.860119047619047450e+00
3.574095022624434570e+00
3.723311546840958552e+00
3.720136518771330891e+00
3.780403458213256407e+00
3.705238917674150922e+00
3.716316088686753893e+00
3.788551401869158841e+00
3.713617767387492830e+00
3.824085005903187895e+00
3.799879445449065862e+00
3.627147766323024047e+00
3.779806046776953643e+00
3.772700296735905123e+00
3.742941176470588438e+00
3.717681159420289649e+00
3.734883720930232354e+00
3.714699074074073959e+00
3.695080091533180955e+00
3.629382303839733037e+00
3.961332540154669957e+00
3.744300677757239626e+00
3.789970501474926312e+00
3.759501187648456089e+00
3.776393831553973790e+00
3.660889659156556952e+00
3.654403567447045642e+00
3.725324309080654039e+00
3.862499999999999822e+00
3.848373235113566437e+00
3.952830188679245182e+00
3.698124621899576692e+00
3.792222867092280847e+00
3.643224699828473412e+00
3.883761682242990787e+00
3.762077294685990392e+00
3.735739231664726212e+00
3.747836122331217545e+00
3.605233853006681422e+00
3.648648648648648685e+00
3.824712643678160884e+00
3.754572271386430682e+00
3.806811509101585500e+00
3.676032110091743021e+00
3.738860688099266749e+00
3.710870802504268706e+00
3.691447736165455407e+00
3.886616014026885058e+00
3.673481308411215007e+00
3.723809523809523903e+00
3.583742498636115492e+00
3.743956043956043978e+00
3.631431767337807592e+00
3.727323316638842421e+00
3.886848341232227444e+00
3.717237308146398966e+00
3.749716231555050960e+00
3.797570850202429238e+00
3.785002929115407255e+00
3.830388692579505427e+00
3.773872290568248467e+00
3.791763341067285520e+00
3.807355516637477955e+00
3.977873386601106453e+00
3.644157369348209219e+00
3.730578512396694357e+00
3.826989619377162644e+00
3.914648910411622218e+00
3.730973451327433743e+00
3.852753623188405641e+00
3.620437956204379581e+00
3.701460248783126072e+00
3.753785754346606662e+00
3.657996679579413435e+00
3.742307692307692335e+00
3.856812933025404178e+00
3.582502768549280070e+00
3.615225271879855207e+00
3.680127523910733167e+00
3.735310269082921408e+00
3.774410774410774216e+00
3.835158501440922407e+00
3.851764705882352757e+00
3.728726442033123867e+00
3.712795167490389847e+00
3.610582010582010781e+00
3.803804347826087007e+00
3.763708309779536521e+00
3.669934640522875657e+00
3.846153846153846256e+00
3.775171624713958618e+00
3.854940034266133519e+00
3.664079822616407967e+00
3.726931330472103010e+00
3.732640787315472775e+00
3.736523652365236536e+00
3.786472889882615878e+00
3.698948533480907574e+00
3.909350057012542567e+00
3.764025448235974736e+00
3.765755716675962095e+00
3.679802955665024466e+00
3.639810426540284194e+00
3.803814713896457977e+00
3.822376009227220095e+00
3.578031538879825835e+00
3.950589556428972582e+00
3.810520023909145237e+00
3.772831050228310446e+00
3.592332613390928575e+00
3.726012793176972426e+00
3.753182069728832282e+00
3.884083044982698851e+00
3.786419036564132146e+00
3.741071428571428381e+00
3.750968456004427409e+00
3.977581120943952886e+00
3.905198776758409984e+00
3.794169096209912606e+00
3.634688346883468757e+00
3.690639873083024991e+00
3.910380034032898688e+00
3.915111378687537780e+00
3.774287376381617154e+00
3.771476698483997581e+00
3.686059275521404999e+00
3.712823275862068950e+00
3.615140285865537262e+00
3.715425531914893664e+00
3.866781017724413960e+00
3.804906542056074592e+00
3.727887323943662068e+00
3.960818713450292350e+00
3.859830097087378675e+00
3.752013808975834142e+00
3.847963281698221660e+00
3.702718006795016947e+00
3.634615384615384581e+00
3.638845144356955164e+00
3.834165280088741135e+00
3.685393258426966412e+00
3.773783185840708043e+00
3.763873159682899150e+00
3.717233686558839789e+00
3.895315211104684927e+00
3.754970760233918181e+00
3.939089296274393970e+00
3.903444034440344268e+00
3.690051753881541163e+00
3.719538968166849813e+00
3.976991150442477974e+00
3.587933978372225496e+00
3.810250817884405450e+00
3.845258871436882053e+00
3.798154555940023158e+00
3.789413773477518621e+00
3.784824462061155081e+00
3.830285714285714072e+00
3.726150392817059398e+00
3.825744800449690786e+00
3.735541830432341559e+00
3.741350906095552098e+00
3.742857142857142883e+00
3.838400900900901025e+00
3.676258992805755188e+00
3.821389195148842344e+00
3.583019881783986893e+00
3.786928799149840597e+00
3.941690962099125173e+00
3.801405975395430570e+00
3.825766174801362052e+00
3.806360022714367020e+00
3.816997167138810099e+00
3.794134235758601204e+00
3.826749435665914412e+00
3.752242152466367830e+00
3.690232056125202220e+00
3.743119266055046079e+00
3.771601541001651015e+00
3.800894854586129856e+00
3.737076153418565916e+00
3.847972972972972805e+00
3.642070484581497958e+00
3.859038142620232037e+00
3.754415954415954548e+00
3.871721778791334057e+00
3.734277620396600383e+00
3.776490066225165698e+00
3.622661678246926975e+00
3.774331550802139112e+00
3.744622173193601800e+00
3.742341356673960728e+00
3.850956130483689677e+00
3.737787759685569977e+00
3.710199676200755636e+00
3.701388888888888840e+00
3.801639344262294884e+00
3.779642058165547880e+00
3.837853107344632697e+00
3.776962168266515985e+00
3.662540365984929824e+00
3.763101604278074941e+00
3.651298357180710052e+00
3.641470888661900052e+00
3.836723768736616691e+00
3.707131192161132294e+00
3.634020618556700999e+00
3.699588477366255290e+00
3.757978723404255206e+00
3.807881773399014680e+00
3.786381109280615220e+00
3.778322440087146017e+00
3.727370112479914344e+00
3.806050783360345857e+00
3.772578890097932458e+00
3.816448801742919450e+00
3.771537622682660906e+00
3.772138228941684712e+00
3.853296703296703374e+00
3.762035010940918855e+00
3.735949098621420994e+00
3.785371062466631020e+00
3.772996234534696125e+00
3.773240193444384882e+00
3.814975583288117367e+00
3.821271929824561209e+00
3.572605561277033992e+00
3.782077393075356397e+00
3.716173361522198793e+00
3.838432635534084980e+00
3.895238095238095166e+00
3.658993576017130600e+00
3.769430051813471572e+00
3.793361884368308345e+00
3.860974274767378311e+00
3.756216216216216264e+00
3.774841437632135310e+00
3.822329575952764458e+00
3.733790195044807803e+00
3.749742002063983559e+00
3.817221341785525635e+00
3.809625668449197811e+00
3.820608649225841091e+00
3.798618490967056172e+00
3.830058417419012429e+00
3.825550187869028562e+00
3.745139253809774083e+00
3.822818086225026502e+00
3.678314491264131458e+00
3.736236236236236241e+00
3.851464435146443321e+00
3.656410256410256299e+00
3.842616249361267222e+00
3.868463611859838114e+00
3.875543478260869534e+00
3.733964248159831634e+00
3.770918367346938638e+00
3.742945100051308316e+00
3.619794218520333118e+00
3.817499999999999893e+00
3.725128205128205305e+00
3.860609189468249713e+00
3.808970976253298169e+00
3.710166919575113909e+00
3.672523182040019485e+00
3.696263949539058569e+00
3.711330049261083897e+00
3.766096579476861272e+00
3.705764411027568705e+00
3.769269269269269085e+00
3.731854838709677491e+00
3.702622464126669843e+00
3.837303598580841246e+00
3.756172839506172867e+00
3.635391346621293263e+00
3.727054300816914800e+00
3.769230769230769162e+00
3.900156821745948577e+00
3.788894709271870109e+00
3.710238568588469121e+00
3.774241670810542182e+00
3.756797583081571190e+00
3.786827551533433756e+00
3.726410384423365141e+00
3.693540553666828430e+00
3.686868686868686851e+00
3.811227024341778513e+00
3.711576846307385047e+00
3.734933855952964343e+00
3.869387755102041027e+00
3.835859905906952250e+00
3.718168092601912278e+00
3.829317269076305319e+00
3.689397710303633726e+00
3.787370498273310293e+00
3.687283523008411557e+00
3.573900841908325354e+00
3.802403846153846079e+00
3.767702496179317517e+00
3.923319327731092265e+00
3.791974656810982225e+00
3.834194214876033069e+00
3.883561643835616639e+00
3.807008368200836657e+00
3.829809179989685397e+00
3.857963446475195735e+00
3.775217613927291271e+00
3.762331838565022402e+00
3.834343434343434165e+00
3.704624564893088223e+00
3.800787014264633612e+00
3.737444057682744791e+00
3.838257386079118483e+00
3.807142857142856940e+00
3.697536945812808007e+00
3.877192982456140413e+00
3.881250000000000089e+00
3.757345491388044412e+00
3.776354679802955694e+00
3.890862944162436499e+00
3.935911016949152685e+00
3.738821138211382067e+00
3.845391476709613343e+00
3.768384192096048135e+00
3.729782082324455406e+00
3.760135135135135087e+00
3.742526518804242919e+00
3.737296260786193702e+00
3.731485905398948866e+00
3.738335738335738512e+00
3.853876739562624110e+00
3.710772257747171565e+00
3.788657295201163233e+00
3.787339268051434171e+00
3.662362505978001170e+00
3.788342092689918950e+00
3.706963249516440850e+00
3.762133589620374696e+00
3.778973105134474153e+00
3.820308611249377595e+00
3.765609514370663824e+00
3.741028128031037792e+00
3.756756756756756577e+00
3.901763224181360012e+00
3.758951084215834459e+00
3.754973313925278777e+00
3.735876388218251964e+00
3.758937198067632934e+00
3.809970384995064130e+00
3.776126795443288664e+00
3.888496468213925361e+00
3.772681451612903025e+00
3.736561743341404451e+00
3.777402221149203321e+00
3.751212415130940947e+00
3.688983855650522337e+00
3.739439962031324338e+00
3.871208354052710021e+00
3.710694923607688711e+00
3.645251396648044651e+00
3.746597841389019301e+00
3.608033240997229996e+00
3.803370786516854007e+00
3.697563306258958349e+00
3.825144508670520249e+00
3.778704612365063831e+00
3.701804368471035112e+00
3.618724559023066334e+00
3.663087248322147715e+00
3.599465954606141604e+00
3.725383920505871860e+00
3.655760368663594662e+00
3.869980879541108809e+00
3.732586458840720933e+00
3.811329812770043013e+00
3.744609487302347883e+00
3.690454124189063823e+00
3.767549976754997587e+00
3.779369627507163543e+00
3.742072882158069103e+00
3.743166823751177930e+00
3.684701492537313605e+00
3.791234684260131882e+00
3.820048899755501104e+00
3.639774859287054465e+00
3.777571825764596714e+00
3.881885856079404284e+00
3.722656250000000000e+00
3.680536292186777469e+00
3.719038817005545283e+00
3.708198239925891482e+00
3.680772769089236451e+00
3.742551210428305186e+00
3.619221967963386799e+00
3.617152961980548032e+00
3.712992304210049888e+00
3.594839293798098634e+00
3.741214057507987079e+00
3.760516252390057268e+00
3.730567477348593286e+00
3.735866983372921446e+00
3.767064439140811238e+00
3.679360601786553886e+00
3.867149758454106134e+00
3.774975272007913052e+00
3.774505070014485764e+00
3.850172498767865825e+00
3.694242864054184672e+00
3.721885207652823269e+00
3.703962703962703884e+00
3.566367713004484408e+00
3.723278985507246563e+00
3.820175438596491446e+00
3.790963257199602587e+00
3.765196078431372495e+00
3.709151892668902661e+00
3.661087866108786670e+00
3.770862800565770723e+00
3.682614874467077026e+00
3.774147727272727071e+00
3.804973183812774273e+00
3.778752436647173418e+00
3.784779447406689368e+00
3.675777568331762613e+00
3.801227573182247355e+00
3.778317938745746396e+00
3.803406326034063145e+00
3.794821690278456394e+00
3.843750000000000000e+00
3.791893227879386874e+00
3.676609848484848619e+00
3.706481481481481488e+00
3.701069270106926989e+00
3.698929734760353583e+00
3.709526044110746046e+00
3.781504551988500218e+00
3.838629592850049566e+00
3.837185929648241345e+00
3.901171676006113032e+00
3.902641118591403391e+00
3.708680725846003057e+00
3.897159647404505378e+00
3.697028738431563433e+00
3.896451142440447324e+00
3.768130241736556307e+00
3.758801141769743115e+00
3.787529976019184730e+00
3.802133850630455836e+00
3.640056022408963532e+00
3.841359773371104680e+00
3.701292484442316955e+00
3.693511274735388650e+00
3.834690943938667829e+00
3.773372491434165532e+00
3.665111940298507509e+00
3.800375763269140617e+00
3.774552491533623488e+00
3.767097082735533231e+00
3.703616721465476935e+00
3.884968583856935886e+00
3.570895522388059629e+00
3.758574007220216728e+00
3.701631701631701521e+00
3.745573159366262672e+00
3.795996186844613707e+00
3.660333642261353049e+00
3.787724965389939857e+00
3.660853602569986265e+00
3.716674197921373768e+00
3.668478260869565410e+00
3.796657381615598847e+00
3.680465116279069804e+00
3.784122562674094858e+00
3.725352112676056482e+00
3.678506375227686753e+00
3.728682170542635621e+00
3.811614730878186919e+00
3.770153550863723613e+00
3.762583095916429254e+00
3.743988684582744142e+00
3.717360786148806717e+00
3.925438596491228171e+00
3.706997084548104837e+00
3.681278538812785328e+00
3.746530989824236713e+00
3.793878527020564384e+00
3.852088452088452186e+00
3.891851106639839131e+00
3.677713736791546673e+00
3.820113314447592057e+00
3.814341846758349863e+00
3.755577109602327823e+00
3.774054571565342187e+00
3.796215429403202446e+00
3.770204479065238701e+00
3.652112676056337826e+00
3.788063909774435967e+00
3.755190729116368864e+00
3.887016848364717614e+00
3.877998979070954366e+00
3.850353892821031465e+00
3.868951612903225978e+00
3.784903798717316192e+00
3.652700186219739464e+00
3.716826265389876927e+00
3.862547892720306297e+00
3.872754491017964096e+00
3.669985775248933102e+00
3.820596458527492967e+00
3.761036468330134497e+00
3.808703969392635003e+00
3.756808408982322156e+00
3.768540387340576281e+00
3.814176245210727956e+00
3.734693877551020336e+00
3.864316755190729147e+00
3.641146077970878192e+00
3.765082266910420472e+00
3.762959472196041322e+00
3.823135755258125990e+00
3.790697674418604723e+00
3.893879565646594099e+00
3.694230769230769429e+00
3.704431247144814865e+00
3.664240218380345748e+00
3.770408163265305923e+00
3.761927480916030575e+00
3.781609195402298784e+00
3.735714285714285765e+00
3.740932642487046600e+00
3.619069343065693278e+00
3.667262170611880201e+00
3.893698893698893659e+00
3.762493814943097536e+00
3.709981167608286334e+00
3.703052728954671746e+00
3.654636820465966274e+00
3.862167300380228152e+00
3.780048661800486709e+00
3.898870888561610126e+00
3.757295719844357951e+00
3.811490978157644705e+00
3.774916547448736281e+00
3.766698024459078198e+00
3.752577319587628857e+00
3.732433690088413414e+00
3.756517690875232685e+00
3.809659090909090828e+00
3.707009345794392452e+00
3.764651592062759455e+00
3.790642722117202101e+00
3.766682442025556021e+00
3.694508537148131211e+00
3.713051386994088432e+00
3.703737465815861274e+00
3.775670675300647705e+00
3.716557530402245124e+00
3.750931098696461685e+00
3.680939226519337026e+00
3.851729038370440339e+00
3.762736535662299708e+00
3.629223744292237264e+00
3.674688057040998324e+00
3.706873008648156720e+00
3.772620721987810732e+00
4.038834951456310662e+00
3.810407006697578591e+00
3.930896344516775276e+00
3.734904270986745267e+00
3.830938697318007513e+00
3.853754940711462407e+00
3.718944844124700388e+00
3.743925233644859851e+00
3.787142857142856922e+00
3.760651029200574591e+00
3.804044294655753333e+00
3.710476190476190261e+00
3.683095347766006444e+00
3.772300469483568008e+00
3.691404415218412449e+00
3.731696014828544961e+00
3.749176470588235333e+00
3.764200477326968830e+00
3.859244727807749076e+00
3.782930439072520912e+00
3.745567800670819292e+00
3.892185954500494649e+00
3.772954091816367317e+00
3.733971291866028608e+00
3.635364177737058888e+00
3.686850429281518515e+00
3.618682310469313990e+00
3.719274376417233352e+00
3.632680928538916554e+00
3.749655489205328429e+00
3.824324324324324120e+00
3.872382851445662855e+00
3.800297324083250938e+00
3.773012048192771140e+00
3.648686030428768934e+00
3.673854447439353077e+00
3.828679602460955955e+00
3.746000969461948493e+00
3.748812915479581953e+00
3.701079305490380111e+00
3.667578659370724914e+00
3.802146523565095748e+00
3.664482919981282283e+00
3.770088248954946764e+00
3.724562233790818855e+00
3.617727272727272680e+00
3.697705802968960676e+00
3.899951432734336976e+00
3.683091787439613629e+00
3.862200956937798857e+00
3.696153846153846345e+00
3.622121896162528110e+00
3.730383211678832023e+00
3.663434903047091407e+00
3.715073529411764497e+00
3.835180722891566418e+00
3.804251112209589891e+00
3.832015810276679701e+00
3.707951807228915708e+00
3.824806949806949685e+00
3.773418342324668995e+00
3.713130352045670879e+00
3.870496592015579385e+00
3.814221331997996955e+00
3.780176643768400346e+00
3.801564027370479160e+00
3.760890609874152801e+00
3.841589014222658083e+00
3.843469591226321036e+00
3.845691382765531241e+00
3.742424242424242209e+00
3.719679093912222623e+00
3.696885169688516992e+00
3.712558139534883672e+00
3.759110269758636935e+00
3.728523967726625532e+00
3.728813559322033733e+00
3.791245791245791086e+00
3.817911924789707978e+00
3.699564586357038998e+00
3.864082433758587065e+00
3.742273180458624005e+00
3.841687344913151225e+00
3.721125370187561732e+00
3.765360425737784400e+00
3.607327383748238692e+00
3.689750692520775477e+00
3.755512943432406381e+00
3.842892768079800625e+00
3.734289955467590350e+00
3.767735665694849523e+00
3.707129094412331405e+00
3.687618147448015193e+00
3.708549834671705181e+00
3.730143540669856428e+00
3.698473282442748200e+00
3.877045116509667988e+00
3.586768935762224331e+00
3.865807067812798259e+00
3.656781720952844150e+00
3.756028368794326333e+00
3.848635235732009718e+00
3.724865129965669652e+00
3.744741873804971366e+00
3.679129200189304338e+00
3.647140221402214166e+00
3.827107279693486408e+00
3.787954206072673191e+00
3.760997067448680564e+00
3.665879017013232488e+00
3.665281625115420105e+00
3.727871939736346452e+00
3.655237200563644873e+00
3.817570811329812575e+00
3.762753838533927642e+00
3.885526979324256391e+00
3.689536031589338627e+00
3.738117870722433622e+00
3.763388510223953265e+00
4.015756302521008791e+00
3.917075831969448974e+00
3.825611660593440710e+00
3.702862783810464187e+00
3.708492366412213581e+00
3.739151398264223936e+00
3.707352234502642840e+00
3.755092143549951356e+00
3.621212121212121104e+00
3.765291607396870521e+00
3.833583208395801911e+00
3.711472181191531217e+00
3.736892736892736711e+00
3.833581718827620666e+00
3.713441654357459321e+00
3.621155638397017817e+00
3.846820809248554962e+00
3.740888666999500956e+00
3.740668928744546928e+00
3.779735682819383324e+00
3.691268692715870881e+00
3.655638397017707319e+00
3.607387140902872602e+00
3.682590721175930337e+00
3.754419493549928433e+00
3.781620553359683612e+00
3.693728731161886270e+00
3.877733598409542903e+00
3.728592889334001015e+00
3.775231594344222508e+00
3.750244857982370394e+00
3.953237410071942293e+00
3.677093844601412531e+00
3.810705596107056170e+00
3.866293848500254260e+00
3.677609015188632924e+00
3.809569840502658344e+00
3.765925925925925899e+00
3.768780487804877843e+00
3.844698855151816641e+00
3.844083291010665260e+00
3.761312779711586174e+00
3.768968871595330672e+00
3.701863354037266962e+00
3.730023640661938700e+00
3.686882933709449972e+00
3.773656680932001795e+00
3.736157920077034067e+00
3.703686200378071725e+00
3.881314369789112373e+00
3.824303797468354471e+00
3.736739659367396715e+00
3.697256385998108019e+00
3.781861575178997459e+00
3.792985874330248475e+00
3.843486874690440924e+00
3.710475266731328770e+00
3.695388914764788257e+00
3.723733583489681198e+00
3.754645069080514652e+00
3.680320150659133649e+00
3.694237918215613536e+00
3.681415929203539772e+00
3.832123850991775438e+00
3.723091976516633927e+00
3.703213610586011395e+00
3.673202614379084796e+00
3.623453962437013232e+00
3.897273612463485915e+00
3.729281767955801019e+00
3.860708936595107499e+00
3.787909319899244398e+00
3.691197691197691366e+00
3.669456066945606665e+00
3.707282913165266258e+00
3.779425837320574022e+00
3.750241080038572594e+00
3.722937529804482448e+00
3.729691211401425122e+00
3.803118908382066454e+00
3.815659068384539054e+00
3.774495322501230987e+00
3.853598014888337531e+00
3.704136253041362625e+00
3.809821858449687237e+00
3.924769703172978463e+00
3.750758341759353076e+00
3.832675222112536861e+00
3.739044805514524672e+00
3.706806282722513224e+00
3.807953443258971671e+00
3.673537871524448661e+00
3.632373113854595381e+00
3.687845303867403501e+00
3.765267175572518887e+00
3.747704204929917626e+00
3.823874755381604817e+00
3.803075396825396748e+00
3.698991838694190903e+00
3.836487142163997888e+00
3.790709290709290524e+00
3.650190114068441183e+00
3.836538461538461675e+00
3.878433367243133478e+00
3.715342871238282996e+00
3.871316306483300718e+00
3.691931540342298312e+00
3.756872037914691820e+00
3.697916666666666519e+00
3.704205607476635631e+00
3.667903525046382285e+00
3.813575525812619382e+00
3.782095425479586659e+00
3.817151306062099625e+00
3.768286696121747603e+00
3.734615384615384670e+00
3.944779116465863655e+00
3.702297702297702386e+00
3.801442307692307843e+00
3.910705225773718929e+00
3.790355329949238516e+00
3.721121314644755707e+00
3.632776230269266549e+00
3.838509316770186253e+00
3.715820312500000000e+00
3.639814814814814614e+00
3.716542750929368033e+00
3.965116279069767380e+00
3.696329813976872991e+00
3.814492753623188293e+00
3.732779677576941957e+00
3.895947973986993329e+00
3.716358179089544578e+00
3.749038461538461320e+00
3.807767944936086391e+00
3.829391041771514903e+00
3.654404646660212919e+00
3.646515920627595886e+00
3.751546882436934904e+00
3.742187500000000000e+00
3.604488078541374652e+00
3.692982456140351033e+00
3.707363420427553624e+00
3.839074803149606474e+00
3.800907258064516014e+00
3.587901701323251480e+00
3.803037494067394331e+00
3.681531749878817372e+00
3.745697896749522027e+00
3.767237163814181056e+00
3.848819688598694277e+00
3.705998033431661565e+00
3.850320039389463211e+00
3.683513248282630048e+00
3.838141809290953610e+00
3.711056511056511020e+00
3.729523809523809685e+00
3.840808279940857606e+00
3.706947162426614373e+00
3.782755298651252485e+00
3.767464582315583677e+00
3.767056530214424992e+00
3.827706057596822031e+00
3.820564516129032473e+00
3.758399209486166015e+00
3.730212355212355391e+00
3.624245239201114632e+00
3.779915532613796536e+00
3.772927905836194196e+00
3.631826741996233565e+00
3.747067104645706248e+00
3.688602765855984789e+00
3.756575801052127961e+00
3.733042635658914588e+00
3.750726040658276972e+00
3.674119885823025733e+00
3.703721149317004357e+00
3.662124060150375726e+00
4.002029426686960711e+00
3.830499468650371941e+00
3.689857912787849248e+00
3.663236669784845745e+00
3.736891828058573672e+00
3.713330148112756746e+00
3.676401318888365299e+00
3.797974927675988432e+00
3.670498084291187624e+00
3.689478584729981581e+00
3.694183864915572268e+00
3.791023166023165913e+00
3.921174652241112835e+00
3.834986945169712946e+00
3.792024230186774147e+00
3.675374939525883011e+00
3.747971360381861405e+00
3.750611246943765131e+00
3.588728458313926506e+00
3.672429481346678681e+00
3.744075829383886056e+00
3.872627372627372555e+00
3.818965517241379448e+00
3.815868263473054078e+00
3.756253065228052801e+00
3.842835894893406046e+00
3.844906234161175718e+00
3.830293819655521848e+00
3.886676875957121080e+00
3.779567186713638449e+00
3.703846153846154010e+00
3.837334639882410414e+00
3.703285924472780710e+00
3.820575329107752438e+00
3.780671006509764620e+00
3.844208396560444996e+00
3.802838317283324887e+00
3.705165692007797329e+00
3.711301044634378155e+00
3.821709233791748428e+00
3.560527555346208128e+00
3.852815901561760459e+00
3.695866141732283339e+00
3.757300143609382470e+00
3.707492795389049078e+00
3.666666666666666519e+00
3.659654043945768986e+00
3.794401544401544424e+00
3.756930693069306937e+00
3.734664070107108103e+00
3.731695568400770657e+00
3.942102590147282815e+00
3.858947368421052460e+00
3.805879371515458853e+00
3.705165692007797329e+00
3.678387248007501054e+00
3.744174988112220603e+00
3.897732997481108352e+00
3.831443298969072320e+00
3.739624505928853537e+00
3.733493975903614537e+00
3.806689621249385258e+00
3.600569259962049351e+00
3.684113865932047815e+00
3.754554170661553059e+00
3.659980897803247313e+00
3.854146341463414505e+00
3.734927752864972472e+00
3.741670690487687079e+00
3.773483365949119595e+00
3.764995083579154578e+00
3.878172588832487389e+00
3.610490529383195923e+00
3.750822755054066704e+00
3.688249400479616469e+00
3.943967693084300841e+00
3.802904564315352509e+00
3.776674937965260437e+00
3.824587706146926447e+00
3.731358024691358022e+00
3.745656370656370804e+00
3.722488038277512068e+00
3.685255198487712658e+00
3.750238777459407924e+00
3.764850270004909127e+00
3.743488943488943566e+00
3.768660405338605912e+00
3.640828117477130643e+00
3.647743136342485037e+00
3.802229762481822650e+00
3.670892247684056642e+00
3.685876239962210477e+00
3.767779390420900043e+00
3.854462474645030223e+00
3.783341849770056164e+00
3.781062124248497192e+00
3.680447470817120426e+00
3.653395784543325586e+00
3.780299372283920878e+00
3.899380804953560542e+00
3.719574036511156034e+00
3.778267254038178979e+00
3.720078163165608132e+00
3.909044972208186142e+00
3.799794132784354073e+00
3.796296296296296280e+00
3.683033543996110826e+00
3.700712589073634096e+00
3.814796668299853089e+00
3.690058479532163815e+00
3.689508506616256955e+00
3.758919961427193979e+00
3.724003887269193402e+00
3.765905779504613804e+00
3.750854909623839717e+00
3.779361179361179435e+00
3.770223325062034725e+00
3.794616151545363802e+00
3.725567620927936918e+00
3.871471774193548487e+00
3.827211588204862736e+00
3.775427995971802453e+00
3.663299663299663500e+00
3.744053282588011289e+00
3.809950248756218905e+00
3.657792836398838343e+00
3.722248464808691537e+00
3.799608035276825113e+00
3.683980582524271963e+00
3.887562189054726502e+00
3.821188630490956140e+00
3.760239760239760365e+00
3.719902912621359192e+00
3.763362487852283778e+00
3.757324218750000000e+00
3.876319758672699844e+00
3.641601562500000000e+00
3.724154135338345828e+00
3.896865520728008292e+00
3.683499999999999996e+00
3.624883504193848971e+00
3.979889391654097608e+00
3.760585467851542241e+00
3.623512613041409036e+00
3.952167414050822281e+00
3.812696747114375562e+00
3.749625935162094859e+00
3.763779527559055094e+00
3.949844881075491365e+00
3.808577405857740406e+00
3.678032148075986552e+00
3.720609233698239038e+00
3.739699466795928462e+00
3.793290577207696135e+00
3.683446272991287351e+00
3.850370370370370221e+00
3.673238048299654945e+00
3.810757946210268976e+00
3.815322171486554836e+00
3.815267175572519154e+00
3.692497532082922085e+00
3.708472953566299690e+00
3.727008712487899444e+00
3.650166587339362056e+00
3.780405405405405261e+00
3.744691358024691219e+00
3.708676684440135762e+00
3.751212415130940947e+00
3.715051144666341898e+00
3.810208126858275701e+00
3.626208897485493132e+00
3.927435387673956058e+00
3.758602978941961936e+00
3.774654832347140054e+00
3.779207920792079012e+00
3.728515625000000000e+00
3.778048780487804681e+00
3.877675840978593413e+00
3.858854166666666696e+00
3.760485093481556351e+00
3.757620452310717951e+00
3.825825825825825977e+00
3.738698460009935332e+00
3.660502607871028768e+00
3.733207190160832578e+00
3.852385685884691657e+00
3.834101382488479093e+00
3.646915978630403288e+00
3.691404415218412449e+00
3.717765042979942702e+00
3.834908005967180511e+00
3.665686274509803777e+00
3.724582338902147960e+00
3.764705882352941124e+00
3.862645717181956595e+00
3.729051680883090913e+00
3.768780487804877843e+00
3.683781190019193907e+00
3.555203619909502066e+00
3.831683168316831534e+00
3.857289002557544588e+00
3.729716276754604376e+00
3.775450560155869439e+00
3.659980897803247313e+00
3.856447688564476728e+00
3.803427419354838523e+00
3.743639921722113684e+00
3.711291090995712416e+00
3.678037383177569897e+00
3.705581395348837237e+00
3.788111217641418893e+00
3.784977908689248771e+00
3.770925110132158586e+00
3.796560196560196498e+00
3.708615682478218822e+00
3.632018561484918973e+00
3.721731037691949684e+00
3.858485898070262099e+00
3.601532567049808620e+00
3.706261510128913361e+00
3.736967957914873129e+00
3.800098231827111928e+00
3.773425880019831258e+00
3.815920398009950087e+00
3.720609936055090827e+00
3.814432989690721865e+00
3.650961538461538591e+00
3.785510009532888631e+00
3.706679574056147342e+00
3.757707129094412402e+00
3.767056530214424992e+00
3.800492610837438612e+00
3.905592611595690045e+00
3.810796915167095289e+00
3.811965811965811746e+00
3.774033696729435228e+00
3.748176956733106469e+00
3.656176608736496192e+00
3.727951469902006654e+00
3.759961593855016826e+00
3.755662650602409780e+00
3.679378531073446368e+00
3.819097888675623942e+00
3.699033816425120857e+00
3.853812530354541188e+00
3.823204419889502770e+00
3.735251097025841016e+00
3.783068783068783247e+00
3.636960600375234609e+00
3.931051344743276221e+00
3.667820069204152045e+00
3.703720930232558217e+00
3.666043904717421587e+00
3.754734848484848619e+00
3.817867719644620017e+00
3.804914744232698265e+00
3.649257307139434747e+00
3.794468288030519609e+00
3.827913956978489463e+00
3.733628754308222497e+00
3.702046644455021518e+00
3.848007870142646336e+00
3.657281553398058271e+00
3.718369259606372879e+00
3.749518304431599169e+00
3.820487319741422194e+00
3.779005524861878573e+00
3.905176832393644215e+00
3.669495756365451999e+00
3.771786230139624330e+00
3.646692233940556083e+00
3.873647984267453381e+00
3.750252780586451173e+00
3.732586458840720933e+00
3.790354330708661568e+00
3.652215799614643377e+00
3.709677419354838523e+00
3.787536800785083368e+00
3.805234021137393174e+00
3.727317798710956698e+00
3.795252225519287759e+00
3.708456243854473922e+00
3.668568711364716961e+00
3.763513513513513598e+00
3.764908822079842121e+00
3.693050193050193108e+00
3.761467889908256979e+00
3.814407203601800855e+00
3.728571428571428648e+00
3.808165272995573059e+00
3.738916256157635676e+00
3.958056265984654765e+00
3.679538615847542715e+00
3.669920966992096911e+00
3.763333333333333197e+00
3.709599614085866026e+00
3.712380952380952337e+00
3.748315688161694137e+00
3.751707317073170511e+00
3.722786647314949349e+00
3.794319294809010756e+00
3.698250728862973791e+00
3.778260869565217561e+00
3.840703517587939597e+00
3.778894472361808976e+00
3.832248372558838323e+00
3.733958538993090048e+00
3.718330134357005878e+00
3.701138519924098702e+00
3.794487427466151086e+00
3.717054263565891414e+00
3.757183908045977017e+00
3.819430814524042983e+00
3.757858546168958647e+00
3.808239333006375738e+00
3.810019841269841390e+00
3.669212410501193400e+00
3.648215919487648673e+00
3.675799086757991052e+00
3.863395863395863383e+00
3.667942583732057393e+00
3.780476412891172533e+00
3.709357277882797899e+00
3.737605238540692376e+00
3.726117647058823312e+00
3.743747050495516593e+00
3.802803286611889710e+00
3.826129666011787833e+00
3.627885068299576243e+00
3.762939001848428777e+00
3.611467889908257067e+00
3.643334819438252214e+00
3.688299817184643725e+00
3.737927801218940527e+00
3.856793743890518211e+00
3.779477059694129171e+00
3.751919385796544937e+00
3.892011834319526464e+00
3.714912280701754277e+00
3.822179732313575329e+00
3.741024413595021691e+00
3.770754716981131960e+00
3.878490935815776641e+00
3.971590909090909172e+00
3.698522167487684698e+00
3.817794604827259963e+00
3.719523809523809454e+00
3.769520225776105349e+00
3.895485770363101174e+00
3.772771792360431142e+00
3.774940898345153784e+00
3.783103939250118675e+00
3.735086895255988804e+00
3.828584995251661738e+00
3.753228120516499455e+00
3.885230024213075062e+00
3.649693540782649848e+00
3.642983230361870994e+00
3.715121512151215111e+00
3.693710118505013629e+00
3.646663681146439906e+00
3.889622641509434153e+00
3.715794527124339997e+00
3.713501144164759626e+00
3.825329566854990482e+00
3.860907759882869605e+00
3.754318618042226330e+00
3.629162916291629237e+00
3.804367606915377564e+00
3.669741697416974091e+00
3.647581003106968645e+00
3.730925507900677118e+00
3.715268225584594131e+00
3.671467146714671337e+00
3.682426404995539748e+00
3.644562334217506638e+00
3.720712694877505555e+00
3.738952164009111456e+00
3.725983531564501572e+00
3.829027712541098971e+00
3.800863723608445266e+00
3.735238987816307255e+00
3.826025459688826125e+00
3.883732291157791838e+00
3.763487475915221481e+00
3.753023255813953352e+00
3.805072804133395881e+00
3.701340730466943896e+00
3.798620689655172633e+00
3.714023831347387894e+00
3.686666666666666536e+00
3.781546811397557661e+00
3.719019518837948457e+00
3.813528336380255901e+00
3.724358974358974450e+00
3.710280373831775780e+00
3.727110317105850612e+00
3.638269986893840180e+00
3.845425867507886508e+00
3.790511977454203763e+00
3.735334242837653473e+00
3.824874256973022302e+00
3.867486985328916216e+00
3.900818488204140788e+00
3.742523364485981219e+00
3.701769911504424915e+00
3.672735153879497005e+00
3.708315193730953307e+00
3.776638430673205704e+00
3.709058456046407937e+00
3.709170305676855683e+00
3.747030356357237135e+00
3.819791193826600040e+00
3.612592916484477445e+00
3.633568757789779724e+00
3.856889676561807700e+00
3.775022956841138644e+00
3.650130548302871869e+00
3.842222222222222427e+00
3.814179796107506792e+00
3.753270184934596188e+00
3.659905049633146223e+00
3.753430531732418363e+00
3.651352511807642642e+00
3.631491483174075441e+00
3.708508845829823208e+00
3.621997471554993631e+00
3.732879625691195358e+00
3.679620034542314233e+00
3.881773399014778470e+00
3.743941472336533849e+00
3.833182640144665587e+00
3.664307828394515631e+00
3.722555746140651767e+00
3.833705856057219474e+00
3.790909090909091006e+00
3.834999999999999964e+00
3.820559889857733094e+00
3.776624548736462028e+00
3.743487858719646955e+00
3.738427947598253365e+00
3.764138535729943058e+00
3.750330250990753012e+00
3.649828767123287854e+00
3.729855810008481765e+00
3.769298245614034926e+00
3.691170073945193586e+00
3.678117048346055906e+00
3.772195755738414924e+00
3.668389319552110450e+00
3.822454308093994779e+00
3.824728260869565410e+00
3.687800612155662350e+00
4.014685635612666559e+00
3.662562699498403962e+00
3.625771922601893849e+00
3.695380774032459570e+00
3.718112244897959329e+00
3.678102498941126619e+00
3.659991656236962765e+00
3.790787774429616785e+00
3.823291366906474753e+00
3.748777234326367225e+00
3.841000446627958809e+00
3.772441651705565668e+00
3.739624290083005675e+00
3.791005291005291156e+00
3.697735191637630869e+00
3.788050588748364422e+00
3.747895436420026538e+00
3.746268656716417844e+00
3.607429295061207242e+00
3.692147901952638200e+00
3.812610229276895968e+00
3.695498676081200529e+00
3.708512467755804121e+00
3.738488271068635793e+00
3.907804655408489314e+00
3.769972451790633450e+00
3.878015475648611599e+00
3.868752919196637219e+00
3.721201255042581924e+00
3.863290004482295092e+00
3.776919582008178011e+00
3.811379928315412169e+00
3.756370138578453144e+00
3.759381898454746018e+00
3.842129003157420009e+00
3.691117984975695876e+00
3.822339489885663966e+00
