1.000000000000000000e+00
3.000000000000000000e+00
5.357142857142856762e+00
4.719101123595505598e+00
4.671916010498687655e+00
4.729907773386034187e+00
4.638743455497381873e+00
4.579814189189189477e+00
4.878210806023028923e+00
4.876595744680851219e+00
4.724942791762013705e+00
4.598360655737704583e+00
4.664543524416135512e+00
4.865557553956834091e+00
4.878301886792453246e+00
4.793296089385474801e+00
4.911007025761124467e+00
4.638461538461538858e+00
4.619250425894378509e+00
4.820717131474103745e+00
4.673971377459749554e+00
4.793410507569011436e+00
4.769160583941605580e+00
4.868335651367639905e+00
4.684618895481515111e+00
4.763392857142856762e+00
4.896164639850327127e+00
4.680645161290322598e+00
4.761990138951142981e+00
4.628925254312250992e+00
4.668109043704023797e+00
4.614193548387096833e+00
4.738656195462477960e+00
4.692069118298626051e+00
4.717948717948718063e+00
4.739188586714221607e+00
4.677106307895897430e+00
4.787527839643652250e+00
4.639999999999999680e+00
4.660892161108704634e+00
4.886602652034750527e+00
4.820768136557609829e+00
4.765386395187412916e+00
4.741347905282331077e+00
4.758761948111060569e+00
4.689499774673276278e+00
4.797009515178976002e+00
4.842796809009854542e+00
4.797937177684013399e+00
4.608385370205174247e+00
4.938616582684379530e+00
4.820525059665871304e+00
4.869422263973696374e+00
4.722758620689655018e+00
4.689823008849557162e+00
4.601987899740708876e+00
4.732259468872442199e+00
4.723290120697362759e+00
4.861799816345270919e+00
4.719634703196346592e+00
4.732475598935225847e+00
4.782022471910112316e+00
4.770135746606334770e+00
4.868943239501614784e+00
4.778548312528895003e+00
4.849516797054763018e+00
4.625111308993766990e+00
4.736636245110821264e+00
4.582940420060008790e+00
4.651936026936026813e+00
4.754226267880364176e+00
4.678431372549019862e+00
4.798059964726631321e+00
4.782589084348217945e+00
4.862100456621004874e+00
4.750226244343891402e+00
4.661465106198526165e+00
4.714655172413793061e+00
4.917689859026830312e+00
4.701770313209260088e+00
4.733100741386829569e+00
4.820948970456580440e+00
4.679611650485436591e+00
4.713730569948186400e+00
4.579147319544111028e+00
4.738448495125052951e+00
4.812472160356347395e+00
4.736631016042780473e+00
4.761568973115910097e+00
4.710595446584938450e+00
4.705272255834053396e+00
4.674657534246575707e+00
4.688195038494439970e+00
4.560985797827902921e+00
4.785134557881247197e+00
4.704405286343612325e+00
4.751308900523560474e+00
4.764054891544931003e+00
4.721953365596128549e+00
4.870736086175942781e+00
4.894516728624535240e+00
4.828886844526218525e+00
4.764758497316637254e+00
4.676610462602680762e+00
4.758531317494600010e+00
4.717903930131003953e+00
4.701421800947866991e+00
4.850177304964539360e+00
4.801899592944368855e+00
4.701885138097325445e+00
4.600587988240235404e+00
4.677270824612808298e+00
4.843102688408991163e+00
4.758172861621137173e+00
4.649591046061128274e+00
4.650461022632019770e+00
4.898891352549888722e+00
4.806776556776556575e+00
4.708626760563380031e+00
4.673679690854443791e+00
4.776184267709691511e+00
4.735915492957746054e+00
4.624627183638687633e+00
4.753958065896448204e+00
4.801068090787716791e+00
4.714788732394366022e+00
4.691910499139415158e+00
4.574174676138738072e+00
4.860051993067591170e+00
4.798727850976828968e+00
4.698636163660360410e+00
4.987704918032786594e+00
4.694861300591178122e+00
4.694183062446535715e+00
4.558517284464806529e+00
4.754105263157894612e+00
4.836452762923351578e+00
4.499367888748420086e+00
4.803436714165967736e+00
4.744360902255639445e+00
4.734293193717277859e+00
4.617210682492581597e+00
4.718868720979315867e+00
4.688278231000428953e+00
4.692735042735042938e+00
4.784160139251523169e+00
4.757067137809187329e+00
4.631938514090521153e+00
4.648829431438127102e+00
4.779887785930082345e+00
4.648228176318063731e+00
4.757536606373816035e+00
4.739702015775635324e+00
4.827248441674087509e+00
4.820780399274046779e+00
4.715429079590929717e+00
4.685073339085418453e+00
4.785495849716033590e+00
4.744444444444444464e+00
4.736563876651982419e+00
4.782821539830885982e+00
4.808664259927797779e+00
4.792025373810602673e+00
4.610653962754438950e+00
4.684478371501271887e+00
4.604739737621667217e+00
4.743381725021349027e+00
4.846465556055830959e+00
4.883688600556070014e+00
4.858267716535433323e+00
4.759945750452079238e+00
4.841939829366861403e+00
4.778729157278053030e+00
4.770120053357047141e+00
4.694456569183762973e+00
4.650106157112526617e+00
4.819529206625980500e+00
4.690685413005271975e+00
4.821177504393673097e+00
4.586816027574321275e+00
4.631079967023907784e+00
4.706355932203389436e+00
4.715513536742586886e+00
4.813544415127528175e+00
4.698162729658792891e+00
4.563251762754044094e+00
4.691735537190083072e+00
4.856954804738920828e+00
4.672338568935427539e+00
4.700338123415046532e+00
4.752470992694456164e+00
4.722149978326831032e+00
4.841895482728078015e+00
4.779729729729729648e+00
4.533980582524272052e+00
4.826086956521739246e+00
4.826146164321380105e+00
4.683002207505518655e+00
4.787532923617208169e+00
4.753461366681554168e+00
4.626614987080102992e+00
4.733476394849785329e+00
4.565511411665258201e+00
4.832829373650107563e+00
4.731564748201439130e+00
4.880163413527008665e+00
4.847047884704788423e+00
4.768076398362892654e+00
4.729406554472984858e+00
4.711975524475524146e+00
4.728346456692912980e+00
4.807932263814616469e+00
4.685537372843874060e+00
4.875784753363229029e+00
4.614159292035398430e+00
4.862814292015880113e+00
4.743752839618355033e+00
4.826479891549932510e+00
4.644631765749777763e+00
4.990366972477064067e+00
4.626933575978162239e+00
4.768160069595476003e+00
4.735294117647058876e+00
4.776239392585975629e+00
4.706560283687942992e+00
4.714098646879092414e+00
4.649827288428324934e+00
4.766986062717769812e+00
4.678947368421052744e+00
4.763365468886941123e+00
4.605524384980578034e+00
4.770923209663503251e+00
4.751226036558181320e+00
4.690996503496503323e+00
4.746620148277365558e+00
4.855334538878842920e+00
4.661946902654867664e+00
4.829730921923246711e+00
4.841647597254004509e+00
4.705384957721406636e+00
4.747704416265850824e+00
4.652417962003454477e+00
4.896074933095450277e+00
4.796236805874253939e+00
4.663604549431321189e+00
4.714716006884681399e+00
4.780562884784520961e+00
4.693082311733800083e+00
4.717616580310880714e+00
4.644349680170575922e+00
4.618629908103592641e+00
4.758237056054770875e+00
4.587132509586706597e+00
4.692307692307692513e+00
4.664809258465495212e+00
4.802816901408450967e+00
4.732262382864792727e+00
4.758956214064573587e+00
4.621002592912705431e+00
4.690638297872339990e+00
4.628095644748078996e+00
4.728915662650602592e+00
4.612499999999999822e+00
4.883689839572192604e+00
4.649414941494149467e+00
4.788172992056487054e+00
4.787727272727273053e+00
4.642448260678115446e+00
4.926177536231883813e+00
4.606726457399103580e+00
4.763967085318319583e+00
4.729249889036839960e+00
4.672616456247278727e+00
4.682053494391716697e+00
4.447174447174447209e+00
4.661638809620872514e+00
4.714779602420051674e+00
4.740008783487044575e+00
4.713157894736841769e+00
4.812194036493101734e+00
4.710784313725490335e+00
4.798577145397954880e+00
4.695246557085739347e+00
4.849438202247190688e+00
4.850371747211895901e+00
4.840148698884758183e+00
4.860465116279069520e+00
4.731363636363636438e+00
4.725550660792951163e+00
4.647186147186147309e+00
4.746515679442508961e+00
4.828947368421052211e+00
4.751476601544752043e+00
4.746875000000000178e+00
4.748441674087266584e+00
4.800900900900900936e+00
4.744824482448244396e+00
4.619315721091381555e+00
4.679624092268261037e+00
4.742844561867018527e+00
4.867370353373106973e+00
4.732600732600732663e+00
4.900784494693124493e+00
4.715402298850574603e+00
4.865965233302835813e+00
4.700960219478737656e+00
4.773441004934948495e+00
4.739347234814143661e+00
4.723690103000447671e+00
4.752814047726249491e+00
4.758261656858306488e+00
4.604661389621811374e+00
4.759700176366843394e+00
4.585676625659051098e+00
4.733041575492340947e+00
4.800274851122308561e+00
4.655094679891794485e+00
4.793150067598016761e+00
4.870466321243523744e+00
4.636446469248291180e+00
4.667685589519650513e+00
4.755605381165919354e+00
4.766483516483516425e+00
4.811688311688311792e+00
4.762257169287696712e+00
4.801934592353753750e+00
4.588888888888888573e+00
4.680086580086579851e+00
4.656401231852178135e+00
4.787865168539325644e+00
4.696557971014493127e+00
4.821917808219177815e+00
4.711996336996336687e+00
4.711469534050179320e+00
4.701832811801519796e+00
4.767241379310345195e+00
4.848711943793911239e+00
4.622787108488425112e+00
4.712014134275618105e+00
4.707733812949640217e+00
4.774603174603174516e+00
4.977000479156684420e+00
4.640371229698375899e+00
4.739399293286219006e+00
4.765347885402455574e+00
4.768526989935955918e+00
4.795213989875747984e+00
4.756533700137551612e+00
4.767930561900411313e+00
4.745115856428895995e+00
4.762704174228675313e+00
4.605658709106984716e+00
4.659592897358163732e+00
4.666083916083915817e+00
4.702333773667987771e+00
4.799092970521542156e+00
4.775933609958506132e+00
4.690121786197564369e+00
4.642450765864333029e+00
4.566922421142369792e+00
4.776852257781674993e+00
5.042049299178347432e+00
4.677830188679245715e+00
4.958275382475660464e+00
4.712156497438286351e+00
4.670474516695957590e+00
4.720950704225352013e+00
4.801720235400633641e+00
4.716350496838301432e+00
4.750446428571428292e+00
4.684140382052421003e+00
4.719150818222026089e+00
4.784260515603799391e+00
4.640888888888889063e+00
4.845388788426762794e+00
4.802238805970149294e+00
4.762408088235294379e+00
4.737556561085972895e+00
4.785390199637023834e+00
4.804137931034483167e+00
4.677752808988763888e+00
4.546575925138238716e+00
4.945364979847738596e+00
4.710893854748603005e+00
4.785874943769680812e+00
4.704371338440739514e+00
4.690434012400354291e+00
4.706796979120390745e+00
4.690973766118275101e+00
4.617160278745644497e+00
4.730617608409986907e+00
4.785228817399184820e+00
4.742067089755212628e+00
4.696579298089737620e+00
4.702548330404217936e+00
4.607758620689654805e+00
4.825221238938053325e+00
4.740892531876138349e+00
4.701379617267467559e+00
4.557930739632321426e+00
4.672897196261682318e+00
4.825461088618983041e+00
4.639248994188645447e+00
4.702349869451697195e+00
4.729646017699114857e+00
4.891433806688043617e+00
4.641991924629879307e+00
4.734924078091106381e+00
4.763684913217623773e+00
4.797121007647323410e+00
4.651541850220263896e+00
4.731085170773886794e+00
4.726195699868362965e+00
4.794997766860205068e+00
4.799818429414434817e+00
4.833333333333333037e+00
4.889767441860465524e+00
4.735307517084282658e+00
4.872785097682871047e+00
4.920094562647753911e+00
4.742647058823528994e+00
4.750666666666666593e+00
4.726749335695305199e+00
4.626079447322970495e+00
4.731266149870800852e+00
4.680543382997370827e+00
4.883521444695259284e+00
4.727438468550592354e+00
4.788366890380313379e+00
4.775372124492557546e+00
4.834774692762858095e+00
4.694816800714924021e+00
4.858038513210926723e+00
4.793245093564582504e+00
4.721631205673759268e+00
4.777728678745028823e+00
4.677037686240140602e+00
4.859180035650624063e+00
4.561739130434782297e+00
4.726351351351351759e+00
4.785809312638581225e+00
4.707855251544572184e+00
4.724511930585682862e+00
4.711496746203904351e+00
4.583788324233514899e+00
4.839671564390665814e+00
4.606350587211831105e+00
4.743393009377664171e+00
4.740871095468543572e+00
4.783303730017761879e+00
4.672210065645514554e+00
4.575909661229610847e+00
4.719578947368421318e+00
4.573708525829483840e+00
4.799658265698419690e+00
4.715673289183222927e+00
4.705831533477321749e+00
4.651933701657458897e+00
4.625730994152046804e+00
4.743502343417127953e+00
4.701686121919585126e+00
4.847787610619469056e+00
4.704997788589119878e+00
4.795185995623632458e+00
4.767184035476718762e+00
4.609215017064846265e+00
4.515127067365873437e+00
4.646534252128090792e+00
4.858828671328671689e+00
4.707133362871068094e+00
4.860115095174855959e+00
4.582256675279930747e+00
4.592653061224489797e+00
4.696728187919463338e+00
4.755102040816326259e+00
4.652604390873870344e+00
4.825438596491228083e+00
4.783175888439046730e+00
4.535080304311073895e+00
4.648193760262725682e+00
4.654706627268890173e+00
4.696299447043811526e+00
4.800612155662439484e+00
4.662745098039215996e+00
4.688964635705155537e+00
4.750325662179765374e+00
4.778222222222222371e+00
4.665067597034452618e+00
4.650827322868052782e+00
4.612970711297070814e+00
4.737244897959183909e+00
4.663239074550128649e+00
4.670190274841437450e+00
4.680407989800254853e+00
4.638701517706576460e+00
4.734919286321155774e+00
4.712742980561555051e+00
4.738394793926246962e+00
4.866726296958854725e+00
4.653626373626373436e+00
4.699660152931181223e+00
4.611111111111110716e+00
4.668616798997074824e+00
4.633992427429532768e+00
4.737627986348122988e+00
4.703975799481417752e+00
4.681159420289855433e+00
4.672304439746300275e+00
4.676916596461667908e+00
4.696132596685083094e+00
4.792757417102967210e+00
4.709210526315789735e+00
4.695074946466809784e+00
4.757693974859124708e+00
4.744624835454146705e+00
4.797082228116710922e+00
4.819034852546916881e+00
4.789379741186969852e+00
4.770180855756506411e+00
4.695972282373321427e+00
4.686757215619694605e+00
4.624530663329161406e+00
4.812046134130713249e+00
4.736080666374396841e+00
4.755748373101952531e+00
4.795954265611257483e+00
4.862208258527827454e+00
4.703214442976662468e+00
4.724345212537569338e+00
4.584030100334448576e+00
4.691316992106356665e+00
4.900400177856825579e+00
4.740341419586702187e+00
4.653026427962489109e+00
4.646540880503144955e+00
4.798788403288619442e+00
4.661135371179039311e+00
4.669076988515524995e+00
4.698072805139186237e+00
4.572982015892931962e+00
4.715546218487395080e+00
4.607338675664276906e+00
4.803341902313624345e+00
4.718804920913884260e+00
4.627650551314673066e+00
4.653027139874739149e+00
4.885123239436619969e+00
4.706405693950177493e+00
4.665108372290692529e+00
4.764528626775721420e+00
4.648799313893653640e+00
4.561525840853158265e+00
4.921875000000000000e+00
4.925457102672292642e+00
4.697321428571428648e+00
4.724005134788190396e+00
4.682127659574468304e+00
4.602825093477357576e+00
4.826906598114824476e+00
4.557154953429296995e+00
4.747093023255813726e+00
4.709691252144081908e+00
4.802340702210663004e+00
4.776315789473684070e+00
4.556296914095079309e+00
4.702791461412150653e+00
4.838203227213258018e+00
4.758696609423161306e+00
4.746539792387543422e+00
4.700342465753424293e+00
4.673003802281368912e+00
4.742553191489361275e+00
4.834431269213878224e+00
4.826008968609865057e+00
4.675335934113567404e+00
4.617842323651451863e+00
4.893959148196436182e+00
4.764070238631247456e+00
4.699524427150886474e+00
4.653259949195597045e+00
4.964747880410531167e+00
4.755565651976374042e+00
4.861469933184855208e+00
4.703427065026361653e+00
4.687844133841592154e+00
4.681799075241698027e+00
4.959001782531194280e+00
4.863888888888888928e+00
4.771046770601336640e+00
4.684549356223175920e+00
4.739574468085105963e+00
4.710368466152528022e+00
4.816397732228521633e+00
4.717343818261249488e+00
4.643338954468802626e+00
4.841056734517106719e+00
4.580231065468549190e+00
4.724051688203418031e+00
4.628848587094053002e+00
4.691565253881662123e+00
4.801915542011319538e+00
4.798756108396267983e+00
4.817736185383243885e+00
4.798128342245989053e+00
4.746924428822495656e+00
4.756097560975609539e+00
4.774758983347940244e+00
4.723598435462842637e+00
4.785402097902097474e+00
4.829159212880143492e+00
4.783191774698256182e+00
4.646173688736027430e+00
4.832463011314186652e+00
4.737427681352914810e+00
4.667672413793103381e+00
4.714591356439879810e+00
4.699225473321859248e+00
4.684549356223175920e+00
4.702191663085518059e+00
4.606826801517066805e+00
4.735082522217520129e+00
4.920778632865549618e+00
4.834946980175195641e+00
4.621808740804846494e+00
4.916556873078612000e+00
4.771739130434782261e+00
4.661518661518661233e+00
4.585426101276245170e+00
4.803829787234042747e+00
4.664789952360329117e+00
4.653765250315523794e+00
4.667650780261492827e+00
4.609094701710471753e+00
4.743731406714831955e+00
4.745510293473500063e+00
4.795918367346938993e+00
4.627221499783268577e+00
4.721702127659574089e+00
4.647460520699957520e+00
4.585791441628582987e+00
4.583640081799591037e+00
4.636853002070393082e+00
4.738237810094097391e+00
4.699479618386816604e+00
4.759267335368512875e+00
4.644301075268817414e+00
4.828172699520279387e+00
4.872652313330279483e+00
4.787465940054495661e+00
4.744699646643109503e+00
4.780906291245050177e+00
4.718340611353712077e+00
4.675502351432236026e+00
4.625784847216408480e+00
4.962666666666666337e+00
4.732362312243968638e+00
4.484985602632661106e+00
4.786694386694386516e+00
4.656574394463667943e+00
4.715017064846416694e+00
4.657703798548869401e+00
4.833187772925763959e+00
4.884456671251719229e+00
4.803992740471869638e+00
4.582908163265305923e+00
4.740989103101425073e+00
4.805616498464238440e+00
4.755624172915747572e+00
4.877578475336322938e+00
4.696230598669623113e+00
4.801223241590213853e+00
4.733069481090589115e+00
4.832815964523281771e+00
4.921723019916628417e+00
4.625829279080052814e+00
4.727659574468084713e+00
4.865384615384614975e+00
4.860829493087557296e+00
4.727842435094001594e+00
4.668672110012892063e+00
4.627368421052631575e+00
4.649328859060402941e+00
4.703924914675767788e+00
4.769230769230769162e+00
4.752540874944763516e+00
4.839694656488549462e+00
4.661226290251433646e+00
4.852575488454706765e+00
4.656471631205674200e+00
4.733131487889273181e+00
4.703363914373088761e+00
4.659948542024014095e+00
4.889633601429848042e+00
4.609443954104148311e+00
4.674693705111955921e+00
4.664955070603337361e+00
4.786339754816111736e+00
4.697397441552713104e+00
4.670826161790016862e+00
4.694456381607219342e+00
4.813492063492063266e+00
4.685022026431718167e+00
4.710594315245478114e+00
4.860974519445686148e+00
4.891364902506963652e+00
4.736889692585894984e+00
4.620263942103022714e+00
4.746045318512184252e+00
4.876971608832807448e+00
4.763751127141569341e+00
4.715283842794759650e+00
4.811671087533156310e+00
4.855646630236794437e+00
4.814240073026015310e+00
4.770197486535009190e+00
4.774911032028470004e+00
4.642578970142795747e+00
4.727856225930680445e+00
4.772987241531016167e+00
4.832057631697433742e+00
4.717788675880517424e+00
4.827601607860652067e+00
4.764546684709066504e+00
4.776936776491540471e+00
4.667538126361655770e+00
4.636209813874788921e+00
4.689757756056098792e+00
4.696175333046840983e+00
4.831495368328186935e+00
4.664623467600700124e+00
4.860842844600527179e+00
4.654402102496715266e+00
4.802938634399308349e+00
4.808777429467084197e+00
4.749778172138420906e+00
4.782090868989854471e+00
4.633863343360550502e+00
4.714527742481998906e+00
4.749891257068290962e+00
4.779743476337903196e+00
4.748452696728558742e+00
4.802310084406930635e+00
4.795240233497979787e+00
4.525716694772343729e+00
4.589256865912762606e+00
4.743220338983050510e+00
4.823293172690762631e+00
4.695671378091872405e+00
4.545416666666667105e+00
4.806479113384484414e+00
4.673119225692916601e+00
4.959637188208616543e+00
4.638451148131472301e+00
4.733476394849785329e+00
4.745175438596491269e+00
4.667963683527886154e+00
4.844356261022928045e+00
4.825968109339407341e+00
4.846223839854412851e+00
4.709090909090908994e+00
4.651785714285714413e+00
4.781951640759930733e+00
4.679548415110724946e+00
4.724152724152724581e+00
4.620616814533164529e+00
4.737288135593220595e+00
4.663815226689478344e+00
4.623799582463465896e+00
4.759914712153517691e+00
4.549685534591194624e+00
4.770588235294117574e+00
4.807726465364121182e+00
4.692810457516340072e+00
4.654154365246731651e+00
4.809027777777777679e+00
4.748226950354609954e+00
4.708893709327548471e+00
4.749563699825479546e+00
4.773993808049535659e+00
4.787433155080213609e+00
4.829959514170040435e+00
4.735385988398036261e+00
4.608769689229458955e+00
4.696828752642706384e+00
4.635781383432963310e+00
4.649471458773784427e+00
4.681779298545765577e+00
4.811395759717314924e+00
4.570198105081826334e+00
4.648918469217970362e+00
4.670767925328807912e+00
4.809899255365746917e+00
4.713339222614840729e+00
4.717136659436008905e+00
4.662360034453057800e+00
4.662830349531116525e+00
4.702273702273702227e+00
4.709956709956710341e+00
4.738939991239597305e+00
4.799731783638802263e+00
4.778127812781278294e+00
4.680035257822829031e+00
4.959249084249083950e+00
4.825471698113207530e+00
4.717868338557993368e+00
4.766578249336870243e+00
4.875858909757214477e+00
4.756041951664387035e+00
4.623050259965338249e+00
4.796069868995632923e+00
4.685512367491166508e+00
4.638152266894781661e+00
4.855117412494461604e+00
4.596483516483516496e+00
4.694432639184020317e+00
4.684415584415584810e+00
4.652789699570815785e+00
4.775590551181102761e+00
4.590850237375916798e+00
4.738329764453961701e+00
4.788675880517164529e+00
4.614347826086956594e+00
4.646711635750421898e+00
4.752281616688396326e+00
4.789072995969547719e+00
4.811166591012256077e+00
4.777828054298642435e+00
4.598009519688446289e+00
4.868073878627968476e+00
4.790293040293040150e+00
4.585924006908462580e+00
4.896870868223887285e+00
4.558129370629370847e+00
4.776214833759590661e+00
4.616838487972508176e+00
4.732736572890025251e+00
4.599068585944115384e+00
4.762067492524562518e+00
4.553956834532374209e+00
4.589576547231270176e+00
4.750956226094347201e+00
4.821764442454097299e+00
4.763994626063591475e+00
4.698779424585875830e+00
4.734809027777777679e+00
4.798230088495575529e+00
4.944521497919556197e+00
4.596094096759875569e+00
4.656772575250836432e+00
4.677721088435373709e+00
4.696413321947053632e+00
4.683490162532078394e+00
4.609827803443931060e+00
4.598597359735973278e+00
4.756045820958846093e+00
4.719895287958115304e+00
4.724317295188556365e+00
4.795244385733156811e+00
4.679212253829321710e+00
4.732698961937716220e+00
4.766079295154185047e+00
4.719999999999999751e+00
4.757482394366197020e+00
4.719106047326905973e+00
4.729529616724738261e+00
4.839142091152814906e+00
4.787358916478555493e+00
4.860444041685545891e+00
4.828296703296703463e+00
4.855052583447645453e+00
4.758122743682310585e+00
4.713910761154855855e+00
4.755926251097453594e+00
4.642702468601125787e+00
4.742325983571119785e+00
4.711412330564058060e+00
4.782474680757375474e+00
4.890660592255125394e+00
4.754759746146872246e+00
4.660760587726880289e+00
4.676307954062100869e+00
4.822701275846898561e+00
4.668421052631578583e+00
4.759532062391681251e+00
4.600085360648741073e+00
4.637153496069507774e+00
4.607128056361375457e+00
4.841262975778546362e+00
4.744879786286731793e+00
4.775285839929639842e+00
4.799555555555555131e+00
4.741311042674879239e+00
4.729401561144839228e+00
4.943515589697243584e+00
4.734629294755877460e+00
4.755004351610096158e+00
4.775394045534151033e+00
4.538300544160736472e+00
4.741093620546810605e+00
4.810679611650485299e+00
4.894449499545040716e+00
4.671812968681075873e+00
4.784203711696158656e+00
4.873877917414721317e+00
4.819746376811593791e+00
4.594617684750106790e+00
4.560177705977382701e+00
4.755434782608695343e+00
4.767075306479860330e+00
4.633219470538001872e+00
4.736529486635554065e+00
4.625740897544454278e+00
4.935483870967741993e+00
4.742052679382379843e+00
4.746398952422523188e+00
4.673752711496746315e+00
4.647732089868588545e+00
4.694705380017079044e+00
4.785276073619631809e+00
4.799999999999999822e+00
4.684510750329091699e+00
4.840939299955693720e+00
4.753584229390680704e+00
4.876978742650384113e+00
4.436340640809443236e+00
4.775484936029715577e+00
4.719120879120879408e+00
4.810451727192205595e+00
4.588082901554404458e+00
4.657499999999999751e+00
4.596579057154777104e+00
4.625415282392026484e+00
4.812337098175499150e+00
4.732444444444444009e+00
4.806752554420257617e+00
4.843110504774897684e+00
4.808200455580865729e+00
4.716939407341883772e+00
4.715464813205907824e+00
4.770989010989010737e+00
4.806538289296909738e+00
4.819990954319312237e+00
4.742627345844503850e+00
4.766681396376491797e+00
4.732655766681395981e+00
4.762030905077263121e+00
4.784444444444444500e+00
4.603870967741935161e+00
4.808620689655172420e+00
4.578654093441920203e+00
4.754022015241321064e+00
4.768109540636042532e+00
4.867720090293453872e+00
4.863782788771284338e+00
4.593220338983051043e+00
4.923348017621145267e+00
4.594701986754967216e+00
4.676445934618608469e+00
4.700686106346483761e+00
4.811894273127752975e+00
4.532312925170067786e+00
4.641130684145841734e+00
4.743359040274206961e+00
4.677475140510160223e+00
4.753139887397141550e+00
4.645797598627787295e+00
4.714285714285714413e+00
4.677597955706985111e+00
4.741963137591084454e+00
4.612305099030762356e+00
4.838140335772707523e+00
4.980992118683356118e+00
4.700089928057553657e+00
4.799653078924544403e+00
4.735783027121609479e+00
4.753478260869565375e+00
4.794169611307420809e+00
4.701616426387068337e+00
4.730138169257339875e+00
4.683757001292546462e+00
4.559104106180008387e+00
4.751784964300713732e+00
4.818988464951197592e+00
4.839656729900632115e+00
4.673397717295873832e+00
4.757118205349438966e+00
4.826357969723953367e+00
4.803763440860215006e+00
4.585355470412941337e+00
4.730511316010058920e+00
4.552039966694421125e+00
4.835890878090366662e+00
4.696876374835019519e+00
4.688964635705155537e+00
4.694373401534527090e+00
4.581086686022397103e+00
4.596021112464474534e+00
4.616986525112290352e+00
4.635390946502057297e+00
4.671232876712328341e+00
4.721658206429779625e+00
4.684589331075359908e+00
4.885138097325734563e+00
4.745011086474501205e+00
4.812335958005249381e+00
4.802485574789169931e+00
4.689744699264387862e+00
4.608316008316008627e+00
4.606209150326797008e+00
4.794067796610169907e+00
4.737826086956522076e+00
4.763055675442382508e+00
4.884529647793134366e+00
4.773071778867588044e+00
4.804728546409807066e+00
4.709412780656303532e+00
4.755241762943945183e+00
4.614771296684851087e+00
4.778337531486146261e+00
4.825667980727113004e+00
4.732492387994780003e+00
4.727815699658703075e+00
4.903752759381898585e+00
4.879726651480638111e+00
4.725318121983326236e+00
4.881497797356828094e+00
4.678010471204188114e+00
4.689075630252101057e+00
4.918358340688437913e+00
4.736513597860009028e+00
4.785156250000000000e+00
4.768894713848842670e+00
4.741767764298093546e+00
4.795829713292788732e+00
4.871760500446827180e+00
4.575138356747552315e+00
4.812368531762726498e+00
4.652173913043478493e+00
4.945223488168273285e+00
4.696956329951477827e+00
4.672507300792657858e+00
4.678065054211843155e+00
4.631709331131296459e+00
4.743621915516520460e+00
4.760841562902533575e+00
4.670063694267516219e+00
4.879895561357701972e+00
4.694699956197984747e+00
4.732824427480916363e+00
4.620574760516451107e+00
4.822307039864291767e+00
4.773882559158632688e+00
4.886917960088691615e+00
4.700873362445414649e+00
4.542496949979666354e+00
4.582539682539682246e+00
4.721352019785655330e+00
4.853839441535776622e+00
4.813363028953228984e+00
4.740982181660148065e+00
4.685545224006762766e+00
4.644453642384106296e+00
4.712739383846794361e+00
4.742772108843537282e+00
4.515274949083503131e+00
4.861134278565470979e+00
4.760228772547294263e+00
4.731592465753424293e+00
4.766222604211431069e+00
4.867731913004882394e+00
4.686599738105631019e+00
4.862385321100917146e+00
4.721758241758241326e+00
4.801212646167171805e+00
4.842175066312996989e+00
4.797171895713654877e+00
4.703608247422680577e+00
4.664713269150271735e+00
4.765578635014836806e+00
4.852720035382573904e+00
4.889340560072267472e+00
4.710595446584938450e+00
4.597033374536464656e+00
4.693667763157894690e+00
4.826424870466321515e+00
4.548846960167715281e+00
4.712530712530712762e+00
4.725415070242656057e+00
4.782571182053493963e+00
4.711092003439381060e+00
4.903040987219038804e+00
4.766756032171581836e+00
4.913762287756926028e+00
4.671491228070175694e+00
4.784556313993173937e+00
4.732497839239412585e+00
4.655462184873949916e+00
4.831118731247321385e+00
4.684210526315789380e+00
4.922839506172839386e+00
4.655263157894736992e+00
4.747881355932203284e+00
4.634566862910008744e+00
4.668181818181817988e+00
4.848249027237353737e+00
4.599405267629566474e+00
4.722567287784679380e+00
4.855463648236830743e+00
4.690116529995684402e+00
4.563687828548322223e+00
4.789017341040462838e+00
4.805036908380373006e+00
4.871579876434245726e+00
4.810894596988485539e+00
4.663976210705182979e+00
4.684688402806438390e+00
4.645704891080970178e+00
4.654471544715446996e+00
4.715463917525773319e+00
4.852233676975944654e+00
4.694112627986347874e+00
4.804311073541843058e+00
4.690033783783784216e+00
4.615103532277710308e+00
4.624051138633639368e+00
4.565457413249211172e+00
4.798941798941799064e+00
4.697440201426773321e+00
4.758118234804329383e+00
4.725826705734617050e+00
4.784842105263157563e+00
4.715065044062106914e+00
4.615789473684210442e+00
4.726793676530198773e+00
4.883461868037703546e+00
4.857834507042253946e+00
4.700760777683854919e+00
4.614147909967845962e+00
4.737651821862348456e+00
4.813630626840555315e+00
4.746419545071608681e+00
4.672117743254292854e+00
4.719706242350061309e+00
4.863983050847457967e+00
4.815903197925670121e+00
4.711707931179185849e+00
4.704312114989733118e+00
4.742986798679868166e+00
4.607287449392712730e+00
4.669190912714229036e+00
4.793604651162790553e+00
4.752642706131077865e+00
4.766680654637012182e+00
4.567622123536535739e+00
4.833401555464592825e+00
4.743002544529262288e+00
4.718118035493190199e+00
4.857745884339383480e+00
4.634439834024896676e+00
4.795817958179581453e+00
4.758125791473195143e+00
4.846908315565031877e+00
4.783204798628963417e+00
4.685761726857617049e+00
4.702205882352941124e+00
4.710526315789473450e+00
4.750519750519750950e+00
4.791719476130122501e+00
4.877763328998699244e+00
4.620125786163521653e+00
4.732004880032533833e+00
4.704667492771582360e+00
4.664904432696218350e+00
4.871999999999999886e+00
4.716411564625849984e+00
4.797903563941299687e+00
4.703610411418975623e+00
4.646272285251215273e+00
4.769009453349774219e+00
4.750840336134453779e+00
4.674064940402795187e+00
4.721927317272355928e+00
4.737081438610996287e+00
4.653376729048006588e+00
4.744889615699100283e+00
4.660663119115841191e+00
4.574990106846062332e+00
4.819188191881918826e+00
4.870953630796150513e+00
4.742574257425742346e+00
4.841025641025640702e+00
4.770154373927958602e+00
4.923480542195015630e+00
4.750981247274313368e+00
4.763713080168776592e+00
4.642061855670102766e+00
4.796019900497512367e+00
4.700545989080218590e+00
4.654597233523189992e+00
4.717666258669930279e+00
4.760516451478550515e+00
4.667351129363449758e+00
4.791907514450866934e+00
4.600977198697068005e+00
4.653238546603475356e+00
4.734983766233765934e+00
4.672231270358306432e+00
4.610584518167456736e+00
4.582332429290972620e+00
4.750100120144172600e+00
4.648681541582150523e+00
4.730101010101010139e+00
4.760182876142976305e+00
4.725384295803904955e+00
4.581767293082767090e+00
4.798455912230800813e+00
4.745798319327731107e+00
4.748021657642649274e+00
4.527722377343438076e+00
4.684127609294997718e+00
4.735608552631578760e+00
4.667487684729064057e+00
4.665052461662630989e+00
4.747433264887063409e+00
4.893874029335633757e+00
4.948741007194244368e+00
4.670956670956670997e+00
4.657915993537964816e+00
4.814475873544092899e+00
4.717786227291930423e+00
4.646747967479674557e+00
4.653429602888087047e+00
4.717551020408163431e+00
4.662167689161553774e+00
4.831244778613199564e+00
4.739406779661017310e+00
4.746977907461442214e+00
4.757017176372015044e+00
4.671193415637859836e+00
4.625250501002003745e+00
4.716423948220064943e+00
4.836432797971259134e+00
4.620289855072464036e+00
4.658692185007974551e+00
4.746012269938650441e+00
4.768907563025210017e+00
4.795589482612383492e+00
4.557450263905805876e+00
4.621579358874120302e+00
4.717575757575757756e+00
4.511600471883602026e+00
4.713443396226415061e+00
4.850274145929986958e+00
4.847684984855041179e+00
4.696398659966499523e+00
4.857382550335570315e+00
4.848183391003460407e+00
4.731727925644275246e+00
4.762339278307756274e+00
4.902229845626072446e+00
4.726342710997442076e+00
4.886760323541932571e+00
4.744335185976913394e+00
4.777405857740586015e+00
4.655469070053256608e+00
4.701251513928139225e+00
4.779843040066088733e+00
4.726215205650187379e+00
4.728318947801068539e+00
4.777916147779161626e+00
4.788856304985337431e+00
4.573204973926995542e+00
4.616518030244280979e+00
4.870263591433278805e+00
4.671672924488944112e+00
4.674409291149379087e+00
4.772244897959184051e+00
4.640194489465153893e+00
4.703599999999999781e+00
4.640575079872204078e+00
4.612244897959183909e+00
4.769168684422921523e+00
4.682806729585555772e+00
4.819842258198422158e+00
4.759041211101766145e+00
4.812683746325073564e+00
4.614006514657980063e+00
4.801055623223710711e+00
4.684666117065127366e+00
4.797119341563785611e+00
4.645306122448979558e+00
4.598905394839718497e+00
4.720828355236957208e+00
4.659531502423263305e+00
4.719482619240096710e+00
4.786898839137645467e+00
4.816533108393082685e+00
4.682080924855491766e+00
4.853039134054954573e+00
4.710636515912898226e+00
4.675544794188861708e+00
4.730410069021518282e+00
4.718275154004106575e+00
4.871881606765327888e+00
4.725813265737220270e+00
4.878429717180244651e+00
4.653128885205139120e+00
4.835937500000000000e+00
4.720735785953177555e+00
4.753706754530477419e+00
4.757990867579908745e+00
4.594290309609971423e+00
4.945674885081487560e+00
4.669927690344533922e+00
4.649059623849539413e+00
4.706000805477245308e+00
4.838777219430485665e+00
4.759188846641317916e+00
4.729114971050455196e+00
4.696202531645569778e+00
4.696711327649207846e+00
4.704213938411669460e+00
4.760690789473684070e+00
4.707616707616707252e+00
4.595266272189348911e+00
4.710059171597633210e+00
4.749389747762408298e+00
4.890434049726085419e+00
4.699958385351643564e+00
4.742845626763402045e+00
4.622918318794607018e+00
4.567754318618042042e+00
4.785146942017473926e+00
4.801504387797743689e+00
4.767248545303408136e+00
4.688058489033306131e+00
4.836348684210526550e+00
4.747188671386922465e+00
4.652938824470211898e+00
4.704671417260491317e+00
4.717452640064490055e+00
4.708702659145850511e+00
4.563159953070003994e+00
4.599617590822179913e+00
4.602474864655839326e+00
4.668371361132965802e+00
4.761691744611630916e+00
4.881104033970276035e+00
4.844060475161986901e+00
4.883982683982684314e+00
4.779059829059828957e+00
4.830515638207946161e+00
4.983721953365596313e+00
4.756266205704408279e+00
4.704081632653061007e+00
4.714979757085020040e+00
4.763114754098360493e+00
4.743515850144092383e+00
4.939393939393939448e+00
4.870882740447957993e+00
4.712070410729253922e+00
4.646964856230032304e+00
4.654940711462450587e+00
4.774481917919544571e+00
4.856234096692111812e+00
4.642886597938144178e+00
4.770731707317072967e+00
4.615883306320907487e+00
4.671156893819333966e+00
4.767498976668030686e+00
4.836301950805767191e+00
4.615605749486652698e+00
4.646014206787687506e+00
4.777051857901184029e+00
4.643846780766096138e+00
4.714113389626055195e+00
4.879171947613012428e+00
4.775353016688061558e+00
4.784272497897393173e+00
4.948148148148147740e+00
4.722652885443583415e+00
4.740817168799009274e+00
4.748542880932555832e+00
4.673502871205906573e+00
4.771792763157894690e+00
4.768231349538977426e+00
4.723880597014925797e+00
4.725627313862608148e+00
4.546138613861385736e+00
4.668625146886016708e+00
4.580645161290322953e+00
4.745113681691264240e+00
4.767509324492333000e+00
4.872881355932203284e+00
4.702296450939456918e+00
4.805028854080791056e+00
4.699053108275010437e+00
4.678799999999999848e+00
4.824886691388545756e+00
4.635322976287817198e+00
4.629032258064516014e+00
4.763115415657788176e+00
4.803100125680771271e+00
4.695957095709570872e+00
4.877200335289186839e+00
4.706252622744440117e+00
4.608971814211988871e+00
4.682696097753251685e+00
4.686471296668004882e+00
4.650079617834395052e+00
4.742272179847450531e+00
4.723828920570264600e+00
4.793755135579293558e+00
4.799245599329421630e+00
4.670468431771894302e+00
4.743156199677939000e+00
4.639711769415532316e+00
4.743785084202085223e+00
4.721700040866367409e+00
4.637565078093712323e+00
4.733654231849177663e+00
4.764633140972795111e+00
4.876543209876543550e+00
4.708016877637130726e+00
4.832287745713090388e+00
4.762447257383966459e+00
4.829391891891892108e+00
4.669005365249690342e+00
4.679615538646375583e+00
4.697627663852030899e+00
4.733333333333333393e+00
4.620136381869233588e+00
4.656793048973144167e+00
4.776465798045602895e+00
4.806302521008403161e+00
4.687397034596375356e+00
4.794323323735088849e+00
4.868207103123662449e+00
4.720538720538720590e+00
4.829084830756372959e+00
4.672314049586776541e+00
4.653338664534186542e+00
4.800986842105262831e+00
4.792580101180438312e+00
4.825551782682512503e+00
4.523828594313175522e+00
4.803835397522972173e+00
4.579435483870967438e+00
4.712534598655595097e+00
4.807628524046434926e+00
4.704225352112676006e+00
4.755127153404429485e+00
4.713344316309719950e+00
4.850125944584382509e+00
4.706498951781970419e+00
4.649959903769045333e+00
4.782360146998774653e+00
4.826253186066270295e+00
4.826049700085690120e+00
4.804097311139564397e+00
4.636624334289225935e+00
4.752731687575880493e+00
4.786281890422417362e+00
4.874892519346517794e+00
4.834782608695651795e+00
4.715607909129154507e+00
4.677537708927843596e+00
4.553057199211045791e+00
4.701112877583465632e+00
4.687474500203998140e+00
4.712704918032787127e+00
4.679623567921439964e+00
4.650646203554119396e+00
4.737014314928424952e+00
4.711101939744119171e+00
4.780366056572379563e+00
4.592877377579926979e+00
4.845932621199671608e+00
4.755527210884353373e+00
4.760233918128655262e+00
4.798308668076109562e+00
4.592653061224489797e+00
4.793398533007334983e+00
4.737594617325483703e+00
4.840271877655054844e+00
4.917253521126760951e+00
4.773160173160173159e+00
4.845563139931740260e+00
4.775458031529612235e+00
4.647611269906084530e+00
4.806345282241450079e+00
4.734453781512605097e+00
4.767529215358931260e+00
4.749790444258172428e+00
4.871367521367520936e+00
4.797501077121930635e+00
4.830196749358425912e+00
4.595972050965885458e+00
4.778455284552845406e+00
4.835113199487398816e+00
4.715731758751581459e+00
4.715993404781533727e+00
4.742015761094981130e+00
4.726819126819126637e+00
4.599514563106795961e+00
4.592125984251968163e+00
4.732605177993527867e+00
4.626530612244898144e+00
4.796280991735537569e+00
4.833044982698962322e+00
4.727815699658703075e+00
4.722083333333332966e+00
4.614163614163613758e+00
4.807438016528925218e+00
4.650145772594751925e+00
4.736777367773677305e+00
4.760184796304073984e+00
4.663910706903679149e+00
4.805752396832013495e+00
4.740254237288135997e+00
4.717373233582709879e+00
4.744079767345242615e+00
4.764755480607082205e+00
4.883094306823120512e+00
4.746210480727587999e+00
4.684538653366583816e+00
4.671025745811197005e+00
4.788638262322472805e+00
4.706228956228955873e+00
4.750938673341677188e+00
4.604983660130718803e+00
4.582708251085668927e+00
4.747659747659747964e+00
4.784105397365065571e+00
4.744689889549702499e+00
4.595510204081632466e+00
4.625248904818797691e+00
4.724477244772447904e+00
4.811618966253737639e+00
4.715933361811191382e+00
4.770173215040134806e+00
4.751700680272108457e+00
4.851948051948052232e+00
4.850265017667844347e+00
4.745131977498918019e+00
4.602796052631578760e+00
4.665182186234817507e+00
4.688118811881188286e+00
4.628853267570899988e+00
4.879125589369910365e+00
4.748463564530290171e+00
4.637234485630987280e+00
4.893041237113401998e+00
4.750875656742556963e+00
4.687657430730478580e+00
4.663088356729975459e+00
4.686468646864686782e+00
4.697335553705245914e+00
4.687760199833472363e+00
4.775942397289283825e+00
4.670459334176148225e+00
4.953049583150504809e+00
4.802168021680216725e+00
4.667234042553191742e+00
4.883398352839185108e+00
4.708661417322834275e+00
4.808684436801375917e+00
4.629801604052342867e+00
4.818681318681318437e+00
4.759791122715404832e+00
4.691719745222929561e+00
4.763883001271725703e+00
4.713435374149660184e+00
4.858257477243173028e+00
4.694132873166522835e+00
4.834049871023215594e+00
4.727154612386314625e+00
4.642293311175737180e+00
4.761287625418059832e+00
4.709855564995751642e+00
4.670141784820684094e+00
4.847210300429184215e+00
4.695295640914975976e+00
4.866666666666666252e+00
4.737532808398950301e+00
4.849607672188317231e+00
4.582139848357202894e+00
4.803258145363408893e+00
4.670778392173542848e+00
4.753367003367003463e+00
4.608749999999999680e+00
4.650101832993890127e+00
4.720533111203665477e+00
4.807161345987920775e+00
4.668806161745828298e+00
4.890339425587467481e+00
4.716038562664329525e+00
4.744037478705281252e+00
4.470161290322580250e+00
4.790971939812932234e+00
4.732096635030198506e+00
4.637923817496860224e+00
4.687474162877221850e+00
4.757653061224489832e+00
4.693912303107705242e+00
4.891323400525854126e+00
4.750553832521045905e+00
4.859973579920739972e+00
4.956281638288080771e+00
4.633611232996928564e+00
4.790165324289953119e+00
4.761966927763272572e+00
4.711357813834329278e+00
4.659432387312186563e+00
4.572701498582421920e+00
4.727722772277227925e+00
4.705534431770173498e+00
4.700251889168765906e+00
4.698951781970650110e+00
4.760084925690021507e+00
4.823503713411970040e+00
4.720467330160103892e+00
4.555283557731538480e+00
4.738916256157635232e+00
4.560643564356436030e+00
4.991739130434782901e+00
4.886099488609948693e+00
4.653812824956672145e+00
4.748207507380851844e+00
4.701619778346120881e+00
4.687263556116015195e+00
4.725854070012652564e+00
4.794838709677419430e+00
4.655114116652578460e+00
4.793918918918919303e+00
4.796078431372548856e+00
4.721768999570631564e+00
4.823758099352051687e+00
4.751087902523933870e+00
4.726378794356562274e+00
4.743249035576511119e+00
4.686782830429239155e+00
4.724883425180161467e+00
4.798870547350130522e+00
4.591656131479139979e+00
4.744689712619742039e+00
4.573620904189133363e+00
4.783172875680200775e+00
4.595717884130982256e+00
4.892657793044224768e+00
4.730123674911660636e+00
4.702886247877758663e+00
4.608695652173913082e+00
4.772231543624161354e+00
4.753235547886109025e+00
4.700466694951209057e+00
4.686250000000000249e+00
4.620957838722882016e+00
4.599277978339349815e+00
4.955288048151333058e+00
4.720950704225352013e+00
4.791755206119846733e+00
4.681722245673279659e+00
4.789873417721518756e+00
4.722624627183638957e+00
4.719614417435037623e+00
4.745048461862620748e+00
4.755102040816326259e+00
4.661930631007104253e+00
4.743119266055045635e+00
4.721145745577085329e+00
4.690099833610648972e+00
4.810396250532594564e+00
4.737704918032786594e+00
4.658627858627858664e+00
4.864471996579735169e+00
4.762674825174824988e+00
4.698607007176023309e+00
4.632419156774457925e+00
4.833052276559865135e+00
4.814229249011857448e+00
4.588455149501661445e+00
4.687828548321876454e+00
4.795685279187817507e+00
4.718856655290102786e+00
4.701673640167363999e+00
4.665838509316770022e+00
4.773109243697478909e+00
4.628392484342380264e+00
4.599516518936341392e+00
4.666396432914471148e+00
4.910311958405546129e+00
4.649244060475162144e+00
4.814720812182740950e+00
4.774207555362570687e+00
4.798442906574394762e+00
4.806773773339123146e+00
4.697189097103918520e+00
4.678823041856610132e+00
4.566037735849056922e+00
4.719319562575941873e+00
4.716137123745819615e+00
4.747585048299034050e+00
4.656431535269709876e+00
4.803616484440706103e+00
4.714103110353643267e+00
4.651546391752577669e+00
4.792452830188679513e+00
4.797495682210707990e+00
4.820401046207497764e+00
4.697306541256947021e+00
4.568937550689375904e+00
4.586302454473475620e+00
4.923109782144382329e+00
4.677363399826539592e+00
4.793757908055672701e+00
4.596934548467274340e+00
4.807644370585791194e+00
4.741438356164383805e+00
4.723529411764705976e+00
4.670943708609271106e+00
4.793537557700378038e+00
4.833840800347977584e+00
4.593736951983298233e+00
4.815185648727576151e+00
4.751183814033577590e+00
4.818103448275862455e+00
4.874558303886925792e+00
4.633008061094611385e+00
4.546065638592328817e+00
4.786885245901639330e+00
4.516707416462917735e+00
4.837027914614121293e+00
4.618548048678136730e+00
4.708690330477356412e+00
4.930718954248366259e+00
4.558463486703250744e+00
4.800082270670506190e+00
4.804083405734144385e+00
4.802608695652174298e+00
4.671749258788648440e+00
4.647034764826176279e+00
4.752186588921282429e+00
4.733389758781210155e+00
4.874674761491760933e+00
4.718126626192541195e+00
4.749049429657794974e+00
4.832467532467532578e+00
4.638630600169062035e+00
4.699671322925225603e+00
4.771079258010118451e+00
4.919205298013245020e+00
4.568892645815722631e+00
4.759918200408997713e+00
4.670146137787056340e+00
4.682377049180328044e+00
4.766652702136573438e+00
4.804385210662080574e+00
4.749786142001711120e+00
4.815371404036066671e+00
4.660369437447522856e+00
4.729707457766790135e+00
4.728905597326649612e+00
4.577858880778588713e+00
4.788501026694045315e+00
4.726387124099957759e+00
4.687630154102457425e+00
4.851282051282050922e+00
4.805931094635848666e+00
4.847598253275108959e+00
4.768128528006947420e+00
4.761008978195810037e+00
4.860130718954247975e+00
4.686426116838488198e+00
4.799237611181702334e+00
4.746998284734133655e+00
4.733079526226734224e+00
4.738175675675675436e+00
4.681250000000000355e+00
4.731137974155898540e+00
4.754222972972972805e+00
4.814335060449050019e+00
4.713919726729291604e+00
4.815083084789092638e+00
4.735986307231493164e+00
4.589701675521046020e+00
4.756468172484599854e+00
4.769230769230769162e+00
4.698312236286919408e+00
4.696428571428571175e+00
4.711546477699041446e+00
4.792589437819421150e+00
4.797126686983021138e+00
4.638243984803714248e+00
4.777917716204870047e+00
4.617154811715480811e+00
4.695848746403616936e+00
4.670544245949314721e+00
4.907792207792208039e+00
4.702961672473867871e+00
4.767540152155536504e+00
4.898058252427184733e+00
4.645411460577337337e+00
4.839011925042589368e+00
4.833777777777777729e+00
4.626706484641638362e+00
4.732971165900543120e+00
4.600665557404326478e+00
4.686647374948325506e+00
4.805867126833477165e+00
4.738750546089995908e+00
4.771168041684759054e+00
4.695184866723989714e+00
4.482410028305701566e+00
4.807883817427385686e+00
4.790008841732979583e+00
4.853386809269162327e+00
4.706140350877192624e+00
4.780804150453955792e+00
4.615155385270328203e+00
4.761440677966101376e+00
4.828596802841918390e+00
4.851835070231082625e+00
4.819375282933454407e+00
4.527871621621621934e+00
4.791107382550335636e+00
4.730549450549450974e+00
4.740191804707933443e+00
4.654802744425386329e+00
4.723404255319149314e+00
4.734551784160139221e+00
4.827923521565139708e+00
4.626464208242950349e+00
4.674526315789473863e+00
4.807726075504828778e+00
4.766606822262118293e+00
4.833183047790802433e+00
4.689135254988913815e+00
4.611933982225983719e+00
4.828608809419973724e+00
4.783808231569425473e+00
4.827976459936622611e+00
4.590534085974815603e+00
4.742004264392323698e+00
4.705139372822299215e+00
4.805739514348785768e+00
4.807033363390441849e+00
4.691260430390864933e+00
4.885472370766488659e+00
4.530647235319331223e+00
4.722176079734219378e+00
4.677973379132675191e+00
4.832746478873239049e+00
4.768572714993246642e+00
4.665359477124183307e+00
4.821947994711326402e+00
4.808529945553538631e+00
4.730066815144765791e+00
4.614065180102915775e+00
4.647578947368421254e+00
4.647283531409168056e+00
4.623783326280152650e+00
4.807540552389302668e+00
4.632063074901445532e+00
4.870106761565835995e+00
4.702849389416553727e+00
4.663785652549697680e+00
4.740627724498692075e+00
4.747228381374722694e+00
4.727514399645547094e+00
4.639549978364344796e+00
4.778314310798946529e+00
4.831198536139067023e+00
4.660276415514934989e+00
4.802922940655447448e+00
4.820430600091617279e+00
4.810178817056396383e+00
4.686222222222221845e+00
4.720157411456056273e+00
4.736865538735529846e+00
4.835079726651480669e+00
4.708125283704039710e+00
4.849340009103322302e+00
4.711810305517555975e+00
4.879484820607175699e+00
4.811648661343353339e+00
4.815363257751041459e+00
4.675651392632524939e+00
4.708333333333333037e+00
4.783273381294963933e+00
4.806896551724137545e+00
4.835190343546889480e+00
4.605146406388642255e+00
4.626322471434616723e+00
4.720173535791756692e+00
4.834542157751586799e+00
4.706708975521305405e+00
4.782921348314606469e+00
4.789305301645338631e+00
4.757617098681218515e+00
4.643738977072310092e+00
4.624195624195624355e+00
4.877762742444745392e+00
4.736623616236162349e+00
4.813466787989081119e+00
4.728389444949954168e+00
4.673595754091110166e+00
4.729323308270676485e+00
4.770031688546853665e+00
4.880450070323488099e+00
4.779501645510108254e+00
4.618327402135231630e+00
4.776298268974700001e+00
4.552735229759299784e+00
4.684890228153250291e+00
4.744833782569632064e+00
4.583774250440916909e+00
4.735475352112676006e+00
4.695182350292660622e+00
4.768602540834845804e+00
4.731540565177757784e+00
4.702156334231806234e+00
4.718385650224215411e+00
4.782371649250340973e+00
4.812500000000000000e+00
5.027845627747923984e+00
4.788011695906432941e+00
4.755299539170507295e+00
4.954154727793696367e+00
4.538637402834933887e+00
4.578191039729500922e+00
4.740576496674057339e+00
4.677727272727272734e+00
4.848907484890748520e+00
4.851566265060241356e+00
4.827900287631830878e+00
4.822243346007604181e+00
4.782322519981193842e+00
4.721658986175115480e+00
4.684305744007236427e+00
4.653125000000000178e+00
4.929981203007518964e+00
4.739483747609942732e+00
4.696997270245677925e+00
4.817971283001389438e+00
4.802550779404818115e+00
4.637813211845102757e+00
4.690836298932384629e+00
4.651474530831099408e+00
4.712093862815884826e+00
4.830532212885153776e+00
4.809229305423405876e+00
4.839140811455846958e+00
4.709481550677253381e+00
4.804448563484708501e+00
4.822412155745489315e+00
4.737014506317267504e+00
4.811770200840729039e+00
4.665439484583525420e+00
4.750226654578422192e+00
4.707895937927887076e+00
4.720254314259763717e+00
4.754241173773498197e+00
4.831138287864534142e+00
4.742495309568480089e+00
4.743305632502308633e+00
4.801957129543336755e+00
4.704691812327506995e+00
4.889148737137511525e+00
4.669771774569166034e+00
4.823745973308789736e+00
4.685210941121928485e+00
4.726984126984127066e+00
4.835904628330995436e+00
4.836049856184084561e+00
4.576140985088115620e+00
4.780564263322884422e+00
4.862922417896239580e+00
4.756398104265402438e+00
4.813964386129334194e+00
4.673563218390804685e+00
4.720647773279352144e+00
4.675517551755175916e+00
4.664441477525589796e+00
4.762919310970081810e+00
4.727775218793182965e+00
4.651761517615176089e+00
4.685342895562527588e+00
4.608888888888889035e+00
4.830895795246800795e+00
4.737411764705882433e+00
4.673497267759563201e+00
4.703619909502262608e+00
4.584404076207355239e+00
4.895246885094600486e+00
4.792088760250844182e+00
4.633879781420764843e+00
4.838694852941176627e+00
4.731764705882352651e+00
4.700596056854653426e+00
