1.000000000000000000e+00
1.000000000000000000e+01
5.714285714285714413e+00
6.588235294117646745e+00
6.349206349206348854e+00
6.188266199649737231e+00
6.766853932584269593e+00
6.342583732057415880e+00
6.607677902621722943e+00
6.536231884057970731e+00
6.210191082802547946e+00
6.290861159929701074e+00
6.379963898916967580e+00
6.413063477460901218e+00
6.393351800554016862e+00
6.355963302752293487e+00
6.988966900702106244e+00
6.422492401215805558e+00
6.877367896311066708e+00
6.524242424242424399e+00
6.367289719626167965e+00
6.600569259962049351e+00
6.300469483568075013e+00
6.455463728191000783e+00
6.200723327305605714e+00
6.144827586206896619e+00
6.335387323943661997e+00
6.169761273209549479e+00
6.557182067703568151e+00
6.129999999999999893e+00
6.038590604026845554e+00
6.585740072202166395e+00
6.064428312159710011e+00
6.455842997323817833e+00
6.656862745098039547e+00
6.487229862475442310e+00
6.358543417366946393e+00
6.109540636042402717e+00
6.377777777777778212e+00
6.294871794871794712e+00
6.058976582827407142e+00
6.462765957446808152e+00
6.558005752636625552e+00
6.022301516503122620e+00
6.393728222996515775e+00
6.355698529411764497e+00
6.336380255941499229e+00
6.491129785247432338e+00
6.115107913669064921e+00
6.286212914485165726e+00
6.455801104972375803e+00
6.330861909175162339e+00
6.400369003690037140e+00
6.410997204100651992e+00
6.400560224089636208e+00
6.410496719775069963e+00
6.728529121421519932e+00
6.267822736030828956e+00
6.482790697674418290e+00
6.247689463955637734e+00
6.552754435107376096e+00
6.596059113300492882e+00
6.079597438243366625e+00
6.434163701067615371e+00
6.593810444874274701e+00
6.370936902485659914e+00
6.398886827458255766e+00
6.337016574585635276e+00
6.339726027397260211e+00
6.512676056338028374e+00
6.498076923076922640e+00
6.654901960784314063e+00
6.490196078431372584e+00
6.412098298676748520e+00
6.457115928369463020e+00
6.620991253644314511e+00
6.767584097859327130e+00
6.212643678160919336e+00
6.375790424570912052e+00
6.507082152974504652e+00
6.690782953419226686e+00
6.583583583583583199e+00
6.197771587743732269e+00
6.563484708063021422e+00
6.374285714285714555e+00
6.334249084249083950e+00
6.484171322160149131e+00
6.645507812500000000e+00
6.790174002047082880e+00
6.701137538779731173e+00
6.571428571428571175e+00
6.214417744916820752e+00
6.598513011152416396e+00
6.273239436619718390e+00
6.030120481927711218e+00
6.307426597582037608e+00
6.391941391941392325e+00
6.294602012808782732e+00
6.415977961432506760e+00
6.627659574468085069e+00
6.623634558093346669e+00
6.687374749498998128e+00
6.396116504854369111e+00
6.270663033605813119e+00
6.366997294860234469e+00
6.785156250000000000e+00
6.396078431372549389e+00
6.304545454545454675e+00
6.328223624887285403e+00
6.208000000000000185e+00
6.662288930581613755e+00
6.465886939571150016e+00
6.354147250698974680e+00
6.336996336996336687e+00
6.335460346399270470e+00
6.637058261700095940e+00
6.577227722772277296e+00
6.368220742150333180e+00
6.384118190212372923e+00
6.475609756097560954e+00
6.761431411530814728e+00
6.479601990049751237e+00
6.705418719211822420e+00
6.967126193001060841e+00
6.177215189873417778e+00
6.505903723887374923e+00
6.141187050359712352e+00
6.287944492627927318e+00
6.349462365591397983e+00
6.054310344827586121e+00
6.512797881729920135e+00
6.362372567191844297e+00
6.378059836808703587e+00
6.479629629629629406e+00
6.689621726479146879e+00
6.751509054325955717e+00
6.586719524281466676e+00
6.496175908221797357e+00
6.558206106870229313e+00
6.412098298676748520e+00
6.445581395348837006e+00
6.488196411709159506e+00
6.445283018867924874e+00
6.241628959276018129e+00
6.687558465855939716e+00
6.573110893032384716e+00
6.612997090203685424e+00
6.307692307692307487e+00
6.644981412639404894e+00
6.549132947976878505e+00
6.369344413665743332e+00
6.465201465201465325e+00
6.361721611721611325e+00
6.166231505657092882e+00
6.663926940639269603e+00
6.504331087584215965e+00
6.574548907882241444e+00
6.397196261682243090e+00
6.257777777777778105e+00
6.442359249329758342e+00
6.469990766389658532e+00
6.138718173836698710e+00
6.402789886660854357e+00
6.366184448462929524e+00
6.537822878228782386e+00
6.463985032740879433e+00
6.435944700460829893e+00
6.415370539798718852e+00
6.112847222222222321e+00
6.569395017793594249e+00
6.305147058823528994e+00
6.614814814814814703e+00
6.506679389312977513e+00
6.452093023255813797e+00
6.543336439888164158e+00
6.515037593984962072e+00
6.343978102189780977e+00
6.403776978417266008e+00
6.252883762200532658e+00
6.267764298093587705e+00
6.323992994746059360e+00
6.503178928247048241e+00
6.734042553191489588e+00
6.667330677290836505e+00
6.215992647058823373e+00
6.592391304347826164e+00
6.196025293586269633e+00
6.321769297484822303e+00
6.335403726708074501e+00
6.607043558850787868e+00
6.327793167128347385e+00
6.418834080717489066e+00
6.144222415291051398e+00
6.060082304526749120e+00
6.161557580778790566e+00
6.365535248041775063e+00
6.550509731232622812e+00
6.485849056603773199e+00
5.969905417024935268e+00
6.569565217391303946e+00
6.746312684365781465e+00
6.354007633587785975e+00
6.480257116620752988e+00
6.815944881889763884e+00
6.217719132893496869e+00
6.321959755030620798e+00
6.253954305799648949e+00
6.627649769585253203e+00
6.816080402010050499e+00
6.516352824578790504e+00
6.524262607040913764e+00
6.538022813688212587e+00
6.558964525407477986e+00
6.650438169425511248e+00
6.699900299102692358e+00
6.553588987217305650e+00
6.539272030651341439e+00
6.078691423519010151e+00
6.623434704830053477e+00
6.215919487648672970e+00
6.434163701067615371e+00
6.319129646418857327e+00
6.228947368421052566e+00
6.433422698838248799e+00
6.360401459854014838e+00
6.447897623400365319e+00
6.639656816015252261e+00
6.477011494252873369e+00
6.424467099165894091e+00
6.525629077353214846e+00
6.166219839142090819e+00
6.267581475128644719e+00
6.783962264150943611e+00
6.452682926829268695e+00
6.512676056338028374e+00
6.182226211849192410e+00
6.425155004428697580e+00
6.517241379310345195e+00
6.352073732718894306e+00
6.371402877697841305e+00
6.700854700854701029e+00
6.648756218905472970e+00
6.150960658737419706e+00
6.350262697022767355e+00
6.560747663551401487e+00
6.588349514563106801e+00
6.490421455938697015e+00
6.251361161524500609e+00
6.581267217630854205e+00
6.433962264150943078e+00
6.659635666347075933e+00
6.490803484995160133e+00
6.608445297504798255e+00
6.474088291746641133e+00
6.322344322344322087e+00
6.369467028003612974e+00
6.577174929840972517e+00
6.676153091265947026e+00
6.782608695652173836e+00
6.801030927835051365e+00
6.575000000000000178e+00
6.633528265107212718e+00
6.501440922190202087e+00
6.593898951382269225e+00
6.530710172744721653e+00
6.115281501340482428e+00
6.235042735042735096e+00
6.561983471074380070e+00
6.448863636363636687e+00
6.312271062271062050e+00
6.267618198037466115e+00
6.463081130355514681e+00
6.161001788908765597e+00
6.391688770999115476e+00
6.528089887640449618e+00
6.263786764705882248e+00
6.553719008264462964e+00
6.459867799811142675e+00
6.509328358208954945e+00
6.541941564561733813e+00
6.348107109879962628e+00
6.795585412667946024e+00
6.228598306679209884e+00
6.521699819168173207e+00
6.479284369114877151e+00
6.347985347985347637e+00
6.505968778696051835e+00
6.347426470588235503e+00
6.142980935875216986e+00
6.912346842601319707e+00
6.180094786729857681e+00
6.450132391879964899e+00
6.237076648841354931e+00
6.348857644991213078e+00
6.532228360957642366e+00
6.384259259259259522e+00
6.823529411764705621e+00
6.623246492985972012e+00
6.107014388489208301e+00
6.402789886660854357e+00
6.788349514563106979e+00
6.555445544554455495e+00
6.657281553398058271e+00
6.571428571428571175e+00
6.464218455743879765e+00
6.326958105646630415e+00
6.547553093259464774e+00
6.242948134667879678e+00
6.171232876712328341e+00
6.267411865864144893e+00
6.486437613019891302e+00
6.280036133694670397e+00
6.276373147340889247e+00
6.482014388489208301e+00
6.551077788191189910e+00
6.467228464419475742e+00
6.131694468832309397e+00
6.312500000000000000e+00
6.590616375344986011e+00
6.177317731773177556e+00
6.226190476190476275e+00
6.099832214765100957e+00
6.414150129421915203e+00
6.677053824362606527e+00
6.570873786407767092e+00
6.752941176470588225e+00
6.413231064237775669e+00
6.111591695501729760e+00
6.347043701799486293e+00
6.746452223273415427e+00
6.701103309929789198e+00
6.441148325358851956e+00
6.660968660968660693e+00
6.343925233644859496e+00
6.432822362488728629e+00
6.235398230088495808e+00
6.486222222222222555e+00
6.359673024523161189e+00
6.386607142857142705e+00
6.469573115349682269e+00
6.397085610200364592e+00
6.330666666666666664e+00
6.535390199637023834e+00
6.618957345971564266e+00
6.125000000000000000e+00
6.528433945756780155e+00
6.297929792979298114e+00
6.272806255430061206e+00
6.316753926701570876e+00
6.379218472468916268e+00
6.710775047258978887e+00
6.295051353874883127e+00
6.495920217588395218e+00
6.478544776119402826e+00
6.628462273161413343e+00
6.595145631067961034e+00
6.444339622641509280e+00
6.617061611374407626e+00
6.036315323294950907e+00
6.401541095890411093e+00
6.446069469835466137e+00
6.191189427312774995e+00
6.272882805816937690e+00
6.395759717314487780e+00
6.385031559963931791e+00
6.384684684684684974e+00
6.372637263726372403e+00
6.599254426840634125e+00
6.386129334582943073e+00
6.718242597898758106e+00
6.445086705202312416e+00
6.592627599243856551e+00
6.557803468208092568e+00
6.605593056894889514e+00
6.384398496240601517e+00
6.579045837231056737e+00
6.175136116152450505e+00
6.430592396109637399e+00
6.797665369649805278e+00
6.556772908366533592e+00
6.325000000000000178e+00
6.537396121883656264e+00
6.376635514018691886e+00
6.702780441035474546e+00
6.396135265700483075e+00
6.372585096596136367e+00
6.289617486338797470e+00
6.678741658722592511e+00
6.333973128598848312e+00
6.337272727272726947e+00
6.471296296296296546e+00
6.428169014084507360e+00
6.473289597000936979e+00
6.742857142857142883e+00
6.155285313376987588e+00
6.365875109938434306e+00
6.432904411764705621e+00
6.513207547169811207e+00
6.524856596558317179e+00
6.408703878902554329e+00
6.245931283905967746e+00
6.723646723646723444e+00
6.578736208625877602e+00
6.946113989637305863e+00
6.347305389221556737e+00
6.590737240075614345e+00
6.359315589353611742e+00
6.343351548269581031e+00
6.400917431192660878e+00
6.232223222322232026e+00
6.626281453867660431e+00
6.587598425196850016e+00
6.535540408958130598e+00
6.766000000000000014e+00
6.679959100204499123e+00
6.291825095057034467e+00
6.301075268817204034e+00
6.461397058823528994e+00
6.588461538461538147e+00
6.706175298804780915e+00
6.533135509396636564e+00
6.622439024390243567e+00
6.528320312500000000e+00
6.096947935368042693e+00
6.341739130434782545e+00
6.536380597014925797e+00
6.460588793922127593e+00
6.523719165085388738e+00
6.749007936507936734e+00
6.422851562500000000e+00
6.454205607476635187e+00
6.841475573280159317e+00
6.387351778656126911e+00
6.168149466192170749e+00
6.511839708561019791e+00
6.575169738118331608e+00
6.497104247104247499e+00
6.456439393939393590e+00
6.359259259259259167e+00
6.376029277218663971e+00
6.430826369545032506e+00
6.542775665399239493e+00
6.706759443339960214e+00
6.555776892430278835e+00
6.219467401285583286e+00
6.176368375325803406e+00
6.248908296943231022e+00
6.150828247602441401e+00
6.368327402135231630e+00
6.354720439963336354e+00
6.382568807339449535e+00
6.473239436619718568e+00
6.605442176870748305e+00
6.623505976095617420e+00
6.783231083844580844e+00
6.367487684729064235e+00
6.223731884057970731e+00
6.326714801444043523e+00
6.811078140454995378e+00
6.449494949494949836e+00
6.386944181646168062e+00
6.462630085146641612e+00
6.208294930875576156e+00
6.386715195632392650e+00
6.539122137404580037e+00
6.527804878048780068e+00
6.505355404089581128e+00
6.414913957934990307e+00
6.770687936191425393e+00
6.285994123408422674e+00
6.522148916116870865e+00
6.590909090909090828e+00
6.068077276908923956e+00
6.391459074733096379e+00
6.123766816143497493e+00
6.500458295142071741e+00
6.390430622009569461e+00
6.192518248175182372e+00
6.987025948103792850e+00
6.307692307692307487e+00
6.462114125350795213e+00
6.431428571428571495e+00
6.576811594202898625e+00
6.203168685927306747e+00
6.451967063129003144e+00
6.660766961651917839e+00
6.464636542239685646e+00
6.239631336405530249e+00
6.586239396795475542e+00
6.249763481551561028e+00
6.514018691588785437e+00
6.402298850574712930e+00
6.431132075471698073e+00
6.285185185185184764e+00
6.490636704119849831e+00
6.398474737845567084e+00
5.850042844901456540e+00
6.135914332784184744e+00
6.412454873646209030e+00
6.538535645472062008e+00
6.167130919220055851e+00
6.553588070829450274e+00
6.332372718539865275e+00
6.575961538461538858e+00
6.448039215686274694e+00
6.232276119402984982e+00
6.121346324180691134e+00
6.776708373435996080e+00
6.761146496815286788e+00
6.104707012487992301e+00
6.488415199258573018e+00
6.444117647058823728e+00
6.403288201160541426e+00
6.355238095238095575e+00
6.345249294449670785e+00
6.628683693516699726e+00
6.592024539877300526e+00
6.469999999999999751e+00
6.422330097087378675e+00
6.423336547733847546e+00
6.926118626430801228e+00
6.620430107526881436e+00
6.544715447154471732e+00
6.715020576131687235e+00
6.350947158524427039e+00
6.617966436327739288e+00
6.306262230919765344e+00
6.841414141414141170e+00
6.372069317023445478e+00
6.446685878962536087e+00
6.479882237487733398e+00
6.607862903225806051e+00
6.234269119070668275e+00
6.400375939849624274e+00
6.401536983669548597e+00
6.466472303206996841e+00
6.192090395480225773e+00
6.478424015009380810e+00
6.246936852026390596e+00
6.665694849368319019e+00
6.541200406917599075e+00
6.705521472392637961e+00
6.226653696498054558e+00
6.524574669187145126e+00
6.426197458455522593e+00
6.693079237713139840e+00
6.548879837067209664e+00
6.596385542168675009e+00
6.129334582942830068e+00
6.555865921787709105e+00
6.500494559841740738e+00
6.362416107382550479e+00
6.492337164750957790e+00
6.384688995215310747e+00
6.405278039585296845e+00
6.759999999999999787e+00
6.396603396603396163e+00
6.297674418604651159e+00
6.180918091809180837e+00
6.224598930481283432e+00
6.479439252336448796e+00
6.465500485908648898e+00
6.383365200764818503e+00
6.413434247871333760e+00
6.217511520737327047e+00
6.373626373626373187e+00
6.348684210526315930e+00
6.473384030418251278e+00
6.667330677290836505e+00
6.400590551181102761e+00
6.704771371769383315e+00
6.356015779092702545e+00
6.487130600571973105e+00
6.393269230769230482e+00
6.963917525773196004e+00
6.534736842105263399e+00
6.200562324273664494e+00
6.717035611164581255e+00
6.380952380952381375e+00
6.225688073394495703e+00
6.555240793201132732e+00
6.486193293885601285e+00
6.315340909090909172e+00
6.860581745235706741e+00
6.281592039800995231e+00
6.345940959409594129e+00
6.300925925925925597e+00
6.641819941916747183e+00
6.164772727272727515e+00
6.555037313432835688e+00
6.554563492063492092e+00
6.762589928057553657e+00
6.720168954593453314e+00
6.452716297786720290e+00
6.219626168224299256e+00
6.547776726584674023e+00
6.375968992248061795e+00
6.932028836251287629e+00
6.536016949152542388e+00
5.997250229147571332e+00
6.213787085514834274e+00
6.829025844930417755e+00
6.266064257028112650e+00
6.219378427787933816e+00
6.358665430954587805e+00
6.278089887640449618e+00
6.308550185873605720e+00
6.627085377821393841e+00
6.472306143001007150e+00
6.838541666666666963e+00
6.440537745604963504e+00
6.419980601357904604e+00
6.781855249745158076e+00
6.405295315682280943e+00
6.391013384321223789e+00
6.367521367521367104e+00
6.265363128491619804e+00
6.467360454115421042e+00
6.120737327188940036e+00
6.381039197812214958e+00
6.349716446124763713e+00
6.316479400749063444e+00
6.448766603415560184e+00
6.627236580516898456e+00
6.175688509021842520e+00
6.465613382899627837e+00
6.448643410852713309e+00
6.591089108910891170e+00
6.792315680166147729e+00
6.267522211253702125e+00
6.408201304753029071e+00
6.204062788550323226e+00
6.195555555555555927e+00
6.188110026619343174e+00
6.255834829443447376e+00
6.322907083716651222e+00
6.413533834586465865e+00
6.640949554896142359e+00
6.463147410358565992e+00
6.299435028248587365e+00
6.500000000000000000e+00
6.259570494864612478e+00
6.355901189387008543e+00
6.239269406392693895e+00
6.593364928909952738e+00
6.488188976377952777e+00
6.432015429122468930e+00
6.632411067193675791e+00
6.584848484848484951e+00
6.840458811261730609e+00
6.290258449304174881e+00
6.395348837209302140e+00
6.481375358166189038e+00
6.608094768015794429e+00
6.453385672227674341e+00
6.209065679925994452e+00
6.582469368520263764e+00
6.395732298739088328e+00
6.309701492537313605e+00
6.383612662942272031e+00
6.359095193213948782e+00
6.644051130776794878e+00
6.643962848297213952e+00
6.131178707224334445e+00
6.795719844357976491e+00
6.715351812366737505e+00
6.324404761904761862e+00
6.375939849624059796e+00
6.343072573044297613e+00
6.248847926267281139e+00
6.104795737122557853e+00
6.506925207756232510e+00
6.237960339943342980e+00
6.514231499051233776e+00
6.895178197064989689e+00
6.758733624454148270e+00
6.531540847983453801e+00
6.494047619047618625e+00
6.632426988922457411e+00
6.529411764705882248e+00
6.558912386706948539e+00
6.229066410009624910e+00
6.192552225249772668e+00
6.334870848708487046e+00
6.394661582459485238e+00
6.620517928286852261e+00
6.280821917808219190e+00
6.652941176470588580e+00
6.604963805584281644e+00
6.420159680638722222e+00
6.528078817733990569e+00
6.464143426294820749e+00
6.287356321839080664e+00
6.669970267591675217e+00
6.356068204613841921e+00
6.585728444003964732e+00
6.414171656686626477e+00
6.366795366795367173e+00
6.580867850098619520e+00
6.470292044310171242e+00
6.371707317073171062e+00
6.267992424242423866e+00
5.929203539823008740e+00
6.241228070175438347e+00
6.293569431500466216e+00
6.295947219604147271e+00
6.257518796992481036e+00
6.430210325047800879e+00
6.221062618595825100e+00
6.615083251714005463e+00
6.496417604912998911e+00
6.101886792452829944e+00
6.160538116591927960e+00
6.549662487945997924e+00
6.506109979633401430e+00
6.357779980178394297e+00
6.224952741020794100e+00
6.600195503421310228e+00
6.321036889332003916e+00
6.411992263056093044e+00
6.319498069498069803e+00
6.572556762092793825e+00
6.051984877126654006e+00
6.334244080145719380e+00
6.289896128423040800e+00
6.362249761677788662e+00
6.055096418732782482e+00
6.496713615023474553e+00
6.378458498023715784e+00
6.411879259980525880e+00
6.159924741298212325e+00
6.463946869070208656e+00
6.522613065326632764e+00
6.704166666666666607e+00
6.532846715328466836e+00
6.634020618556701443e+00
6.265609514370663824e+00
6.002688172043010972e+00
6.583804143126177344e+00
6.057984790874524350e+00
6.533962264150943611e+00
6.668399168399168353e+00
6.407142857142857473e+00
6.414872798434442025e+00
6.207582938388625848e+00
6.333644859813084338e+00
6.721493440968718147e+00
6.433846153846153548e+00
6.426470588235294379e+00
6.170252572497661347e+00
6.906532663316583331e+00
6.426178010471204516e+00
6.316746411483253887e+00
6.356060606060606410e+00
6.351763584366063142e+00
6.344433872502378335e+00
6.374521072796935250e+00
6.504911591355599043e+00
6.547667342799188717e+00
6.503048780487804770e+00
6.400000000000000355e+00
6.394504416094210164e+00
6.369501466275659496e+00
6.502482621648460359e+00
6.485309017223911177e+00
6.738719832109128838e+00
6.460167714884695656e+00
6.520325203252032686e+00
6.551652892561983244e+00
6.262686567164179152e+00
6.406796116504854588e+00
6.500000000000000000e+00
6.286417322834645383e+00
6.466209598432908656e+00
6.337917485265226247e+00
6.393617021276595480e+00
6.259789875835720885e+00
6.622287968441814776e+00
6.067942583732057749e+00
6.131975199291407996e+00
6.326247689463955659e+00
6.377521613832852765e+00
6.528712871287128294e+00
6.663561076604555211e+00
6.380952380952381375e+00
6.343629343629343609e+00
6.564051638530288280e+00
6.337636544190665688e+00
6.271863117870722704e+00
6.303116147308782224e+00
6.862318840579709978e+00
6.596320346320346140e+00
6.514344262295082011e+00
6.522889114954221412e+00
6.578461538461538360e+00
6.131147540983606703e+00
6.641951219512194804e+00
6.680084745762711940e+00
6.125608568646542906e+00
6.605389797882579295e+00
6.437815975733063745e+00
6.136832239925023025e+00
6.471199244570349229e+00
6.731606217616580068e+00
6.635683760683760646e+00
6.473251028806584095e+00
6.629896907216495272e+00
6.091173617846751043e+00
6.288868445262189688e+00
6.374038461538461320e+00
6.242829827915869600e+00
6.490253411306042608e+00
6.603715170278637636e+00
6.440206185567010522e+00
6.404191616766467199e+00
5.976058931860037227e+00
6.259892086330935079e+00
6.483430799220273322e+00
6.339566929133858331e+00
6.339113680154143005e+00
6.151543498596819148e+00
6.544927536231884169e+00
6.701366982124079996e+00
6.578503688092729007e+00
6.559339525283797379e+00
6.755037115588547358e+00
6.245967741935483986e+00
6.465700483091787021e+00
6.483450351053159366e+00
6.289473684210526550e+00
6.031789282470481517e+00
6.499530516431924809e+00
6.288649706457925426e+00
6.459591041869522599e+00
6.230991337824831611e+00
6.642011834319526464e+00
7.001109877913429536e+00
6.368477103301384723e+00
6.213610586011341752e+00
6.444444444444444642e+00
6.480558325024925459e+00
6.251930501930502260e+00
6.348155156102175845e+00
6.526159921026653876e+00
6.554647599591420182e+00
6.239491691104594118e+00
6.482658959537571874e+00
6.315789473684210620e+00
6.739041794087665238e+00
6.345250255362614666e+00
6.340384615384615508e+00
6.498522167487684520e+00
6.257560975609756326e+00
6.581764122893954294e+00
6.099999999999999645e+00
6.584630350194552229e+00
6.776699029126213247e+00
6.458510638297872752e+00
6.534836065573770725e+00
6.278884462151394175e+00
6.093518518518518334e+00
6.388523047977422209e+00
6.224254090471607270e+00
6.523529411764705799e+00
6.227450980392156943e+00
6.835913312693498334e+00
6.521081081081081088e+00
6.439223697650663603e+00
6.148752399232245480e+00
6.270599250936329305e+00
6.407804878048780850e+00
6.247322297955209436e+00
6.518371400198609500e+00
6.428717948717948438e+00
6.128131021194604955e+00
6.453049370764762926e+00
6.134689922480619728e+00
6.467054263565891858e+00
6.559128630705393981e+00
6.559411146161934880e+00
6.584388185654008296e+00
6.316700610997963317e+00
6.505561172901921374e+00
6.483904465212876111e+00
6.589041095890411093e+00
6.796909492273730535e+00
6.203933747412007982e+00
6.524281466798810492e+00
6.761853448275862100e+00
6.591503267973855884e+00
6.218781218781218811e+00
6.496070726915520233e+00
6.505652620760534077e+00
6.703389830508474923e+00
6.568836712913554088e+00
6.137695312500000000e+00
6.466794995187680861e+00
6.645768025078369945e+00
6.442247658688866174e+00
6.312007874015748143e+00
6.658859470468431851e+00
6.412616339193381698e+00
6.241747572815533829e+00
6.312022900763358813e+00
6.430678466076695798e+00
6.572159672466734825e+00
6.437371663244353392e+00
6.388611388611388442e+00
6.860934182590233910e+00
6.482238966630785804e+00
6.655172413793103203e+00
6.225548902195608747e+00
6.365109628217349602e+00
6.569569569569569722e+00
6.692226890756302282e+00
6.378048780487804770e+00
6.528245787908820930e+00
6.418905472636815546e+00
6.400195694716242834e+00
6.108938547486033599e+00
6.341911764705882248e+00
6.761467889908256979e+00
6.554852320675105481e+00
6.697916666666666963e+00
6.380081300813007950e+00
6.430379746835442667e+00
6.819979188345473453e+00
6.204431017119838465e+00
6.077060931899641361e+00
6.388786764705882248e+00
6.284490960989534081e+00
6.477338476374156606e+00
6.551758793969849393e+00
6.219323671497584805e+00
6.502415458937197634e+00
6.377358490566037652e+00
6.535323383084577387e+00
6.508080808080808133e+00
6.237222757955641406e+00
6.166361974405850432e+00
6.254345837145470988e+00
6.185897435897436125e+00
6.357875116495805834e+00
6.205056179775280789e+00
6.268946395563770757e+00
6.402091254752852123e+00
6.672727272727272840e+00
6.365095285857572449e+00
6.647704590818363179e+00
6.392392392392392431e+00
6.335238095238095113e+00
6.647117296222663896e+00
6.331343283582089754e+00
6.281015037593984829e+00
6.323666978484564716e+00
6.713572854291417258e+00
6.764957264957264904e+00
6.434871794871795281e+00
6.975738396624472593e+00
6.257965056526207270e+00
6.631835937500000000e+00
6.726890756302521091e+00
6.113372093023255793e+00
6.375000000000000000e+00
6.454810495626822409e+00
6.482690405539070611e+00
6.520999999999999908e+00
6.742471443406023113e+00
6.562434417628541183e+00
6.478304742684157347e+00
6.380254154447702497e+00
6.236346516007532870e+00
6.632093933463796276e+00
6.691903259726603714e+00
6.495356037151703177e+00
6.531658291457286047e+00
6.431568431568431166e+00
6.586102719033232411e+00
6.382382382382382424e+00
6.419103313840156311e+00
6.153701968134957845e+00
6.201451905626134575e+00
6.316573556797020927e+00
6.522123893805309436e+00
6.533536585365853355e+00
6.377490039840637337e+00
6.147801683816650709e+00
6.289400921658986121e+00
6.352716873212583160e+00
6.565606361829026127e+00
6.658307210031347623e+00
6.593913955928646153e+00
6.334661354581673010e+00
6.160747663551402020e+00
6.287174721189590976e+00
6.325071496663489334e+00
6.370298939247830639e+00
6.619675456389452428e+00
6.122807017543859587e+00
6.365853658536585691e+00
6.277724204435872757e+00
6.350961538461538325e+00
6.391389432485323319e+00
6.433102081268582850e+00
6.636176772867420581e+00
6.396516393442622572e+00
6.166349809885931954e+00
6.316135084427767055e+00
6.698574338085539814e+00
6.497903563941299865e+00
6.541453428863868602e+00
6.325049701789264844e+00
6.445641527913809732e+00
6.330058939096267601e+00
6.325626204238920636e+00
6.436826640548481748e+00
6.445554445554445344e+00
6.607361963190183651e+00
6.491752577319587658e+00
6.310957551826258616e+00
6.515422885572139222e+00
6.718849840255590955e+00
6.436708860759493334e+00
6.593167701863354324e+00
6.116027531956735430e+00
6.408612440191387982e+00
6.580678314491263947e+00
6.611876988335100513e+00
6.709189189189189051e+00
6.570815450643777034e+00
6.512474012474012142e+00
6.242094861660079097e+00
6.289122137404580037e+00
6.527999999999999581e+00
6.436923076923076970e+00
6.543298969072164795e+00
6.210526315789473450e+00
6.759999999999999787e+00
6.438894792773645293e+00
6.168278529980657510e+00
6.424999999999999822e+00
6.096866096866096818e+00
6.232044198895027698e+00
6.101289134438305339e+00
6.420152091254752946e+00
6.584016393442622572e+00
6.534374999999999822e+00
6.533678756476684057e+00
6.902732240437158495e+00
6.273396424815983252e+00
6.434313725490196312e+00
6.194174757281553312e+00
6.520157325467059728e+00
6.435845213849287205e+00
6.386454183266931928e+00
6.494989979959919779e+00
6.409227683049147473e+00
6.582317073170731447e+00
6.467280163599181897e+00
6.299999999999999822e+00
6.598598598598598208e+00
6.443415637860081979e+00
6.404809619238476692e+00
6.514112903225806051e+00
6.218413320274240874e+00
6.291271347248576618e+00
6.310511089681773989e+00
6.094480823199251773e+00
6.427073403241181815e+00
6.426559356136820611e+00
6.355289421157684693e+00
6.672199170124481604e+00
6.615635179153094292e+00
6.425130890052355603e+00
6.350100603621730677e+00
6.595876288659793474e+00
6.502634351949420299e+00
6.430927835051546637e+00
6.509278350515463885e+00
6.540000000000000036e+00
6.347648261758691568e+00
6.535714285714285587e+00
6.633652822151224981e+00
6.623913043478260931e+00
6.543897216274089601e+00
6.366906474820144268e+00
6.343313373253493204e+00
6.220372184133203142e+00
6.741433021806853887e+00
6.178166838311019760e+00
6.248565965583173565e+00
6.574186991869918728e+00
6.465825446898001871e+00
6.214285714285714413e+00
6.802919708029197210e+00
6.420711974110032472e+00
6.394923857868020534e+00
6.719616204690831651e+00
6.162217659137576575e+00
6.453201970443349644e+00
6.375510204081632715e+00
6.389676113360323484e+00
6.367943548387096975e+00
6.188845401174168259e+00
6.388834476003917295e+00
6.282435129740519208e+00
6.007511737089202164e+00
6.412045889101338325e+00
6.443076923076922924e+00
6.363636363636363313e+00
6.453156822810590221e+00
6.666311300639659265e+00
6.762806236080177946e+00
6.208074534161490909e+00
6.528999999999999915e+00
6.524159663865546577e+00
6.491136600625651454e+00
6.295065458207452558e+00
6.421471172962226248e+00
6.412537917087967720e+00
6.473469387755102389e+00
6.426666666666666750e+00
6.437308868501529169e+00
6.246778989098117130e+00
6.217432950191571273e+00
6.220322886989553268e+00
6.559118236472945895e+00
6.356192425793244283e+00
6.704592901878914546e+00
6.113340020060180180e+00
6.221495327102803508e+00
6.452027695351137737e+00
6.555093555093555402e+00
6.699677072120559629e+00
6.504823151125401992e+00
6.276659959758551288e+00
6.258687258687258392e+00
6.572149344096871459e+00
6.202797202797202480e+00
6.344294003868472309e+00
6.157238734419942183e+00
6.613999999999999879e+00
6.573717948717948900e+00
6.043902439024390283e+00
6.170018281535648796e+00
6.231856738925541705e+00
6.538308457711442756e+00
5.839402427637721438e+00
6.560975609756097171e+00
6.090196078431372229e+00
6.618343195266271906e+00
6.158000000000000362e+00
6.227358490566037297e+00
6.276923076923076827e+00
6.484969939879759337e+00
6.611814345991561481e+00
6.594623655913978588e+00
6.477392218717139549e+00
6.371690427698574410e+00
6.571428571428571175e+00
6.256880733944954365e+00
6.546653144016227444e+00
6.470588235294117752e+00
6.485416666666666607e+00
6.348314606741572774e+00
6.360441767068272689e+00
6.266798418972332030e+00
6.307767944936086835e+00
6.217898832684825017e+00
6.488000000000000433e+00
6.612593383137673086e+00
6.391395592864637543e+00
6.191929133858267598e+00
6.448310139165009502e+00
6.621938232161874716e+00
6.647639956092206148e+00
6.211065573770492065e+00
6.287922705314009875e+00
6.569089048106448558e+00
6.622986036519870723e+00
6.666304347826087273e+00
6.378914405010438493e+00
6.398797595190380605e+00
6.218750000000000000e+00
6.522908366533864744e+00
6.185148514851484869e+00
6.459803921568627594e+00
6.512371134020618513e+00
6.366125760649087084e+00
6.263157894736842479e+00
6.610942249240121527e+00
6.613247863247862846e+00
6.430656934306568928e+00
6.204901960784313886e+00
6.208770257387988600e+00
6.505494505494505475e+00
6.247236180904522485e+00
6.702898550724637694e+00
6.401063829787234205e+00
6.324623115577889365e+00
6.633714880332986397e+00
6.476495726495726579e+00
6.426943005181347424e+00
6.635593220338982690e+00
6.192268565615463238e+00
6.074557315936626622e+00
6.152777777777777679e+00
6.473320158102766619e+00
6.434020618556701265e+00
6.503642039542143927e+00
6.872505543237250158e+00
6.576062639821029343e+00
6.537154989384288406e+00
6.551322751322751436e+00
6.448383733055266021e+00
6.580712788259957868e+00
6.592473118279570166e+00
6.486744432661717852e+00
6.589171974522293418e+00
6.265641025641025763e+00
6.358061325420376164e+00
6.722457627118644474e+00
6.401280683030949881e+00
6.079303675048356226e+00
6.277725118483412636e+00
6.474268415741675220e+00
6.568855932203390147e+00
6.444561774023231493e+00
6.284701114488348672e+00
6.374497991967871258e+00
6.393660531697341831e+00
6.347250509164969579e+00
6.250996015936254757e+00
6.522006141248720468e+00
6.523554603854389455e+00
6.655737704918032627e+00
6.159958720330237725e+00
6.336604514229636997e+00
6.202569169960474582e+00
6.451256281407035331e+00
6.486855941114615831e+00
6.738748627881449238e+00
6.511013215859031256e+00
6.674646354733406284e+00
6.488043478260869357e+00
6.380705394190871793e+00
6.514583333333333393e+00
6.377083333333333215e+00
6.414959016393442681e+00
6.565126050420167836e+00
6.711771177117712206e+00
6.696287964004499216e+00
6.333686440677966267e+00
5.998095238095237924e+00
6.219101123595505598e+00
6.659043659043659247e+00
6.447793326157158056e+00
6.343589743589743257e+00
6.205128205128205288e+00
6.517206477732793601e+00
6.661237785016286495e+00
6.832009080590238703e+00
6.504434589800443867e+00
6.384455958549223098e+00
6.436923076923076970e+00
6.221000000000000085e+00
6.172579098753595339e+00
6.745586708203530790e+00
6.477124183006536029e+00
6.642094017094017033e+00
6.481283422459893195e+00
6.601272534464475150e+00
6.377220480668756686e+00
6.163742690058479745e+00
6.373904576436221880e+00
6.513374485596707508e+00
6.000968054211035962e+00
6.691468253968253954e+00
6.393234672304439314e+00
6.370110330992979186e+00
6.358208955223880743e+00
6.556806550665301714e+00
6.652406417112299408e+00
6.402094240837696404e+00
6.038825757575757791e+00
6.441904761904761578e+00
6.863636363636363313e+00
6.264984227129337668e+00
6.320388349514563409e+00
6.391089108910890992e+00
6.892857142857143238e+00
6.298076923076923350e+00
6.398414271555996180e+00
6.051282051282051100e+00
6.281860465116278824e+00
6.664959016393442681e+00
6.251776649746193293e+00
6.215370018975332478e+00
6.419668938656280410e+00
6.383233532934132093e+00
6.397029702970296938e+00
6.995661605206073830e+00
6.489548954895489885e+00
6.605399792315679974e+00
6.316481294236602650e+00
6.442800788954635038e+00
6.038642789820923618e+00
6.206016408386508587e+00
6.509842519685039797e+00
6.268849206349206504e+00
6.364341085271317588e+00
6.434825870646766255e+00
6.487309644670050446e+00
6.458715596330275588e+00
6.437689969604862839e+00
6.626168224299065379e+00
6.149950347567030740e+00
6.446050096339114077e+00
6.378621378621378568e+00
6.195380173243503208e+00
6.363374880153403801e+00
6.497987927565392674e+00
6.270833333333333037e+00
6.350435624394966005e+00
6.303294573643411169e+00
6.672764227642276502e+00
6.163184079601990106e+00
6.409742120343839389e+00
6.183908045977011270e+00
6.336792452830188438e+00
6.551345962113659382e+00
6.309217046580773314e+00
6.570158102766798791e+00
6.352295409181636821e+00
6.527254707631318098e+00
6.250731707317073393e+00
6.583251231527093239e+00
5.942937324602431737e+00
6.097329888027562816e+00
6.291970802919707673e+00
6.606896551724138256e+00
6.253176930596285210e+00
6.432098765432098908e+00
6.402723735408560657e+00
6.507858546168958647e+00
6.101313320825515696e+00
6.336678832116787952e+00
6.372137404580152875e+00
6.211753731343283569e+00
6.563758389261744597e+00
6.433234421364985245e+00
6.386319845857418187e+00
6.331439393939393590e+00
6.320524835988753587e+00
6.548638132295719672e+00
6.493000000000000327e+00
6.317261330761812843e+00
6.305322128851540420e+00
6.382436260623229884e+00
6.774519716885743392e+00
6.621052631578947079e+00
6.131054131054130885e+00
6.406422018348624015e+00
6.220670391061452698e+00
6.291208791208791062e+00
6.051647373107747363e+00
6.239399293286219006e+00
6.495734597156397783e+00
6.382153249272550788e+00
6.377735490009515118e+00
6.882956878850102989e+00
6.405572755417956898e+00
6.443159922928709094e+00
6.781409601634321049e+00
6.504115226337448874e+00
6.496558505408063233e+00
6.500978473581213279e+00
6.680080482897384542e+00
6.663580246913579863e+00
6.187855787476280511e+00
6.280607685433422738e+00
6.529745042492917761e+00
5.983827493261455466e+00
6.406332453825857698e+00
6.601941747572815267e+00
6.080956761729530591e+00
6.238715277777777679e+00
6.570224719101123156e+00
6.511197663096397470e+00
6.673590504451038186e+00
6.628166160081053526e+00
6.608608608608608215e+00
6.414893617021276917e+00
6.289256198347107585e+00
6.497678737233054669e+00
6.475644699140401528e+00
6.252534562211981672e+00
6.205830388692579191e+00
6.523545706371191244e+00
6.575490196078431104e+00
6.293950850661625296e+00
6.523408239700374089e+00
6.687562189054726325e+00
6.404878048780488164e+00
6.514719848053181828e+00
6.100361663652803301e+00
6.664206642066420549e+00
6.751020408163265429e+00
6.303468208092485980e+00
6.746383799421407979e+00
6.448959365708622826e+00
6.292705447830101662e+00
6.665711556829035267e+00
6.495575221238937935e+00
6.488974113135187238e+00
6.774353876739562352e+00
6.302415458937198345e+00
6.765217391304347849e+00
6.431391905231984119e+00
6.346580406654343420e+00
6.502334267040149385e+00
6.393967954759660621e+00
6.470422535211267423e+00
6.517241379310345195e+00
6.394886363636363313e+00
6.185185185185185119e+00
6.625352112676056393e+00
6.764344262295082011e+00
6.501507537688442362e+00
6.592954990215264210e+00
6.214821763602251359e+00
6.414990859232175602e+00
6.487595419847328237e+00
6.307403936269915690e+00
6.320547945205479579e+00
6.290528233151183812e+00
6.594696969696969724e+00
5.966666666666666785e+00
6.522241992882562123e+00
5.977738201246660665e+00
6.151387720773759504e+00
6.911650485436893199e+00
6.367839195979899891e+00
6.523674242424242209e+00
6.413562559694365284e+00
6.462700661000944535e+00
6.401315789473684070e+00
6.448501872659176293e+00
6.281767955801105252e+00
6.641098484848484418e+00
6.270655270655270286e+00
6.606603773584905248e+00
6.522549019607843057e+00
6.447318007662834916e+00
6.271217712177121761e+00
6.476367006487488531e+00
6.452631578947368496e+00
6.338664158043274099e+00
6.540152963671127750e+00
6.066727605118829914e+00
6.506836827711941496e+00
6.198884758364312297e+00
6.503731343283582156e+00
6.613320079522862827e+00
6.541082164328657633e+00
6.556218905472636749e+00
6.700610997963339699e+00
6.352071005917159674e+00
6.266114180478821183e+00
6.658959537572254561e+00
6.580384226491405641e+00
6.428432327166504479e+00
6.351452671040299869e+00
6.271062271062270987e+00
6.444753946146703605e+00
6.278917910447761486e+00
6.346507352941176627e+00
6.357009345794392807e+00
6.612463485881207248e+00
6.425615763546797865e+00
6.271202236719478407e+00
6.492438563327032064e+00
6.332694151486097489e+00
6.448144624167459149e+00
6.609731876861966171e+00
6.595141700404858476e+00
6.159133709981167826e+00
6.350226244343891047e+00
6.364145658263304917e+00
6.088550983899820856e+00
6.178974804517810782e+00
6.043066322136089852e+00
6.423835125448028371e+00
6.500481231953801675e+00
6.411538461538461853e+00
6.426944971537001727e+00
6.365004703668861730e+00
6.395891690009337438e+00
6.538904899135446591e+00
6.474708171206225771e+00
6.637709772951629006e+00
6.320154291224686638e+00
6.115929203539822723e+00
6.647113594040968465e+00
6.649442755825734963e+00
6.782024793388429451e+00
6.416583416583416799e+00
6.073214285714286120e+00
6.515808491418247250e+00
6.172635445362717910e+00
6.451407811080835941e+00
5.862931034482758541e+00
6.347752332485156579e+00
6.392592592592592382e+00
6.484934086629001726e+00
6.653921568627451322e+00
6.373191899710703545e+00
6.312043795620438047e+00
6.656844106463878141e+00
6.204864359214218972e+00
6.480365296803652697e+00
6.538610038610038977e+00
6.163302752293578379e+00
6.381249999999999645e+00
6.484052532833020521e+00
6.399065420560747341e+00
6.161634103019538067e+00
6.038590604026845554e+00
6.225806451612903025e+00
6.518790100824931599e+00
6.086253369272236924e+00
6.218321917808219190e+00
6.517399267399267337e+00
6.569767441860465240e+00
6.259776536312848805e+00
6.556797020484171235e+00
6.556640625000000000e+00
6.750503018108651609e+00
6.457962413452027484e+00
6.200362647325476040e+00
6.373991031390134232e+00
6.498591549295774428e+00
6.344569288389513062e+00
6.607414448669201690e+00
6.392925430210325111e+00
6.623563218390804863e+00
6.760891590678824947e+00
6.166666666666666963e+00
6.649628252788104099e+00
6.477539062500000000e+00
6.664383561643835385e+00
6.220037453183520526e+00
6.182450043440486098e+00
6.564857405703771853e+00
6.291744840525328009e+00
6.688697318007663206e+00
6.386186770428015969e+00
6.366574330563250506e+00
6.733268671193016530e+00
6.083948339483394641e+00
6.567204301075268980e+00
6.374060150375940204e+00
6.178287731685790263e+00
6.599271402550090926e+00
6.769154228855721378e+00
6.414728682170542484e+00
6.339350180505415544e+00
6.641721234798877660e+00
6.414218009478672933e+00
6.223508459483526600e+00
6.319578577699736854e+00
6.382749326145552793e+00
6.248888888888888715e+00
6.405357142857142527e+00
6.135087719298245368e+00
6.375328083989501238e+00
6.328506787330316463e+00
6.610694183864915807e+00
6.603515625000000000e+00
6.397920604914934195e+00
6.706896551724137900e+00
6.494644595910418872e+00
6.480642115203021802e+00
6.303113553113552925e+00
6.533702677746998866e+00
6.294280442804428333e+00
6.482536764705882248e+00
6.366852886405959033e+00
6.666987487969200821e+00
6.751780264496439088e+00
6.363193768257059624e+00
6.278584392014519011e+00
6.608120868744098431e+00
6.407907425265188195e+00
6.315837937384898737e+00
6.196619217081850373e+00
6.419150858175248331e+00
6.094138543516874229e+00
6.256920415224913157e+00
6.375790424570912052e+00
6.794896957801766391e+00
6.653728294177732039e+00
6.761710794297352223e+00
6.552657973921765411e+00
6.721556886227545213e+00
6.419038272816486312e+00
6.528517110266159662e+00
6.311506080449017730e+00
6.391582799634035084e+00
6.319890009165902711e+00
6.358249772105742714e+00
6.517370892018779394e+00
6.501912045889101321e+00
6.408450704225352013e+00
6.358386801099908503e+00
6.222320637732506654e+00
6.453811659192824735e+00
6.420370370370370061e+00
6.311876699909338306e+00
6.424545454545454781e+00
6.326344576116682106e+00
6.302678571428571352e+00
6.114754098360656087e+00
6.426690079016680990e+00
6.768707482993197466e+00
6.454191033138401146e+00
6.478544776119402826e+00
6.289473684210526550e+00
6.487738419618528596e+00
6.220323741007193874e+00
6.325438596491228083e+00
6.369272237196765829e+00
6.519372693726936951e+00
6.567901234567901092e+00
6.357407407407407618e+00
6.728571428571428648e+00
6.460271317829457516e+00
6.309090909090909527e+00
6.534007352941176627e+00
6.483901515151515582e+00
6.338248847926267082e+00
6.661931818181818343e+00
6.416107382550335636e+00
6.399264029438822554e+00
6.377959927140254948e+00
6.218887908208296622e+00
6.693234476367006636e+00
6.728184553660982559e+00
6.572978303747534667e+00
6.530201342281879207e+00
6.847457627118644474e+00
6.381183317167797853e+00
6.227513227513227889e+00
6.159728122344945156e+00
6.417322834645669438e+00
6.476540938362465916e+00
6.833661417322834275e+00
6.339130434782608958e+00
6.234567901234568055e+00
6.183074265975820438e+00
6.414893617021276917e+00
6.583962264150943433e+00
6.356676003734826885e+00
6.323503127792672096e+00
6.303808680248007335e+00
6.554128440366972619e+00
6.405783582089552119e+00
6.295964125560538527e+00
6.352262644188109597e+00
6.525735294117646745e+00
6.479362101313320466e+00
6.506542056074766656e+00
6.701839303000967973e+00
6.637623762376237302e+00
6.391509433962264453e+00
6.466421343146274481e+00
6.209865470852017566e+00
6.371478873239436957e+00
6.416742493175614293e+00
6.388331814038286538e+00
6.479816513761467611e+00
6.293744333635539867e+00
6.262237762237762517e+00
6.400000000000000355e+00
6.713326941514861090e+00
6.377502383222116045e+00
6.286863270777479862e+00
6.672914714151827908e+00
6.286113699906803021e+00
6.360248447204968514e+00
6.515235457063711877e+00
6.605916030534350725e+00
6.197822141560798137e+00
6.349912739965096087e+00
6.601301115241636097e+00
6.253676470588235503e+00
6.345438441098316673e+00
6.388235294117647456e+00
6.478664192949906919e+00
6.561068702290076438e+00
6.843216080402010348e+00
6.200570342205323549e+00
6.758458646616541721e+00
6.372227579556413168e+00
6.777777777777777679e+00
6.648839556004036311e+00
6.758551307847082690e+00
6.290199809705042888e+00
6.302573203194321572e+00
6.515596330275229775e+00
6.218608852755194150e+00
6.463742166517457477e+00
6.504217432052483261e+00
6.239782016348773830e+00
6.354867256637168005e+00
6.599625818521983156e+00
6.124773960216998603e+00
6.655423883318140277e+00
6.144940747493163435e+00
6.152742616033755496e+00
6.853383458646616688e+00
6.442477876106194934e+00
6.655534351145037775e+00
6.305970149253731449e+00
6.351111111111110930e+00
6.326494201605709300e+00
6.386200716845878311e+00
6.365523465703970984e+00
6.319892473118279952e+00
6.456442831215970735e+00
6.390423572744015068e+00
6.482886216466234863e+00
6.368324125230202526e+00
6.471837488457986787e+00
6.408542246982358748e+00
6.301716350496838537e+00
6.618691588785046598e+00
6.635375494071146463e+00
6.500974658869395739e+00
6.115902964959568422e+00
6.540126239855726276e+00
6.461465271170314217e+00
6.277472527472527375e+00
6.583410997204100390e+00
6.397350993377483697e+00
6.421441774491682075e+00
6.260830324909747446e+00
6.528925619834710758e+00
6.304629629629629584e+00
6.402361489554950325e+00
6.376373626373626813e+00
6.319494584837545226e+00
6.391147244805781114e+00
6.353581142339074894e+00
6.574091332712022506e+00
6.537944284341978829e+00
6.517142857142856904e+00
6.474431818181818343e+00
6.414794007490637107e+00
6.525375939849624274e+00
6.397183098591549211e+00
6.540337711069418525e+00
6.527884615384615508e+00
6.513435700575815446e+00
6.842527582748244797e+00
6.211832061068702338e+00
6.551282051282051100e+00
6.413370998116761257e+00
6.363470319634703110e+00
6.411710887465690512e+00
6.727185398655139537e+00
6.254920337394564100e+00
6.640407784986098072e+00
6.334272300469483419e+00
6.496786042240588088e+00
6.367647058823528994e+00
6.750713606089438379e+00
6.388358778625954137e+00
6.183246073298429124e+00
6.119765494137353379e+00
6.622421524663677062e+00
6.717092337917485168e+00
6.598820058997049820e+00
6.255941499085922786e+00
6.241349480968858110e+00
6.555253623188406209e+00
6.725853658536585122e+00
6.388783269961977318e+00
6.355475763016158020e+00
6.608007448789571470e+00
6.105451295799821487e+00
6.315969257045260576e+00
6.303350970017636890e+00
6.442637759710930112e+00
6.535079513564078901e+00
6.617449664429530642e+00
6.287962962962962976e+00
6.500907441016334332e+00
6.453781512605042181e+00
6.499534016775395884e+00
6.501411100658513575e+00
6.557874762808348912e+00
6.565009560229445817e+00
6.469368520263902411e+00
6.568998109640832084e+00
6.614271938283510011e+00
6.644941634241245509e+00
6.171040723981900733e+00
6.385751520417028537e+00
6.626394052044609850e+00
6.326286764705882248e+00
6.531221719457013464e+00
5.904721753794266448e+00
6.162162162162162282e+00
6.145695364238410896e+00
6.160995850622406955e+00
6.600713012477718244e+00
6.468779123951537535e+00
6.228546409807355744e+00
6.369377162629757727e+00
6.348631950573698113e+00
6.128510638297872681e+00
6.455094991364421553e+00
6.624883068288119681e+00
6.305022831050227872e+00
6.431355181576616786e+00
6.454132606721162624e+00
6.643389199255120836e+00
6.492018779342722645e+00
6.379963898916967580e+00
6.517679057116954056e+00
6.528319405756731975e+00
6.600943396226415238e+00
6.515065913370998274e+00
6.609227871939736154e+00
6.398148148148147918e+00
6.460144927536231485e+00
6.340540540540540171e+00
6.648523985239852330e+00
6.237965485921889375e+00
6.614687216681777393e+00
5.853016142735769201e+00
6.454018227009113318e+00
6.443533697632058299e+00
6.716460513796384646e+00
6.475190839694656475e+00
6.506469500924214167e+00
6.063148788927335886e+00
6.498699045967042842e+00
6.443317972350230072e+00
6.471454880294658984e+00
6.686367969494757091e+00
6.463601532567049723e+00
6.623106060606060552e+00
6.427762039660056992e+00
6.142482517482517501e+00
6.387012987012987253e+00
6.429219600725953221e+00
6.763409961685823646e+00
6.254189944134077805e+00
6.190110826939471345e+00
6.329870129870130313e+00
6.483666061705989136e+00
6.489814814814814703e+00
6.378649635036496512e+00
6.320035460992907694e+00
6.310858143607705806e+00
6.312335958005249381e+00
6.433541480820696101e+00
6.410117434507678347e+00
6.479927007299270514e+00
6.298654708520179391e+00
6.238095238095238138e+00
6.541292639138240439e+00
6.614652711703139509e+00
6.475070555032925945e+00
6.388331814038286538e+00
6.338983050847457612e+00
6.827324478178367961e+00
6.232991612301956863e+00
6.452863436123347896e+00
6.387681159420290022e+00
6.597222222222222321e+00
6.475070555032925945e+00
6.335437330928765043e+00
6.550964187327823929e+00
6.929648241206030512e+00
6.761410788381742698e+00
6.774390243902439046e+00
6.876160990712074650e+00
6.615307150050352192e+00
6.298521256931608470e+00
6.554029304029303837e+00
6.569933396764986000e+00
6.539411206077872407e+00
6.246835443037975111e+00
6.504496402877697925e+00
6.683702989392478422e+00
6.374175306314797673e+00
6.374211000901713220e+00
6.132582322357019500e+00
6.663033605812897164e+00
6.378429517502365087e+00
6.341155234657040118e+00
6.488970588235294379e+00
6.424976700838770149e+00
6.462825278810409024e+00
6.408880666049953767e+00
6.277227722772277474e+00
6.564857405703771853e+00
6.638215324927255523e+00
6.088050314465409230e+00
6.438748913987836886e+00
6.112860892388451539e+00
6.230246389124893369e+00
6.505424954792043302e+00
6.678328474246841395e+00
6.415708812260536575e+00
6.620037807183364542e+00
6.239230064161319866e+00
6.299825174825175012e+00
6.767045454545454142e+00
6.647761194029850884e+00
6.373708920187793225e+00
6.394187102633969388e+00
6.324932493249324494e+00
6.728909952606635159e+00
6.689000000000000057e+00
6.474592521572387405e+00
6.160635481023830629e+00
6.574887892376681364e+00
6.268493150684931514e+00
6.190311418685120692e+00
6.425663716814159265e+00
6.634123222748815607e+00
6.111510791366906226e+00
6.391529818496110238e+00
6.596279069767441605e+00
6.086069210292812670e+00
6.405872193436960238e+00
6.325852782764811444e+00
6.392086330935251581e+00
6.407103825136611697e+00
6.374773139745916417e+00
6.673913043478260754e+00
6.429115128449096161e+00
6.148245614035087847e+00
6.607913669064748419e+00
6.410496719775069963e+00
6.244464127546501153e+00
6.340929009640666081e+00
6.559852670349908266e+00
6.380908248378127645e+00
6.360611510791366996e+00
6.539242843951985407e+00
6.633204633204632827e+00
6.405687203791469386e+00
6.181255526083112350e+00
6.406554472984942628e+00
6.527153558052434690e+00
6.349767441860465489e+00
6.417200365965233466e+00
6.430954587581093840e+00
5.969905417024935268e+00
6.271043771043770754e+00
6.610438024231127585e+00
6.253703703703703987e+00
6.460216998191682158e+00
6.146406388642413177e+00
6.379702537182851962e+00
6.405651777575204875e+00
6.426605504587156403e+00
6.488868274582560325e+00
6.156028368794325800e+00
6.634877384196185446e+00
6.281076066790352463e+00
5.919502074688796966e+00
6.445957446808511015e+00
6.149293286219081445e+00
6.670631290027447591e+00
6.423923444976076702e+00
6.544172932330827308e+00
6.601932367149758285e+00
6.429650613786590974e+00
6.217777777777778070e+00
6.394341290893015284e+00
6.601686972820993482e+00
6.234862385321100930e+00
6.470852017937219536e+00
6.203571428571428292e+00
6.244827586206896264e+00
6.719069767441860463e+00
6.365969581749049588e+00
6.207894736842105132e+00
6.420494699646643433e+00
6.793236714975845025e+00
6.910323253388947151e+00
6.253128007699711333e+00
6.390374331550802367e+00
6.331830477908025223e+00
