1.666666666666666574e-01
3.275096082200165126e-01
4.758981120138111032e-01
5.955565764753286695e-01
6.850166097407701660e-01
7.565922517090998278e-01
8.098068672323279760e-01
8.444759040336883293e-01
8.832963969863688591e-01
8.955337261110468683e-01
9.181689562144174088e-01
9.300745541692374552e-01
9.318606424664870325e-01
9.362250084418676233e-01
9.407419721996606032e-01
9.508212459785035930e-01
9.508716164314775510e-01
9.628410652991127305e-01
9.637852908418449438e-01
9.664964230971544445e-01
9.634123090427362257e-01
9.717816207308083154e-01
9.715703450712107614e-01
9.753653022065499334e-01
9.702520550871098770e-01
9.773147789098859395e-01
9.711065299821971530e-01
9.620304954257230534e-01
9.604220884175946882e-01
9.606761896970752446e-01
9.660536378498844057e-01
9.640655003091503916e-01
9.673607783270996574e-01
9.662030443638498500e-01
9.616046857543283366e-01
9.565109142888157390e-01
9.595753041322286903e-01
9.654368750349423545e-01
9.533685959272233390e-01
9.525536356688691919e-01
9.645367981166608207e-01
9.640228849534233646e-01
9.652275935070383506e-01
9.620771757019473958e-01
9.709776924750017635e-01
9.727077673097184185e-01
9.710973691094227922e-01
9.628783018387729875e-01
9.528843122399965893e-01
9.601516990998051337e-01
9.705684000696755964e-01
9.608990981389814445e-01
9.666889944796789313e-01
9.595176507158239554e-01
9.553313587394738349e-01
9.520665773240546415e-01
9.563153068039580429e-01
9.575932472674177909e-01
9.560167685439768803e-01
9.524455682720813776e-01
9.577628857347544322e-01
9.481430566079011024e-01
9.461290297159495877e-01
9.487058448664725807e-01
9.497786789801312413e-01
9.562699480497501847e-01
9.620941259017309344e-01
9.589059724337539725e-01
9.592272303962634528e-01
9.601429775697266633e-01
9.613363062972066775e-01
9.586157974167541784e-01
9.697955507035315170e-01
9.643726832477302890e-01
9.515290967255238819e-01
9.570853198092517111e-01
9.564532505772534998e-01
9.573235351399155268e-01
9.533401921102593324e-01
9.511704380151131399e-01
9.609760247494673058e-01
9.650086985775038206e-01
9.644141952165187215e-01
9.623630433469049228e-01
9.616105214226555731e-01
9.606298183848043237e-01
9.683226214294574641e-01
9.629549867023724508e-01
9.710980295317931388e-01
9.742875658954410767e-01
9.650234849688850147e-01
9.708974959151318584e-01
9.712194426102970235e-01
9.674261164482190756e-01
9.666362675524452497e-01
9.769752518239527284e-01
9.722933588888224010e-01
9.741210710045008492e-01
9.743808963381850319e-01
9.724970012315520274e-01
9.717197272938201680e-01
9.700679482667299292e-01
9.819583042536424999e-01
9.841465859179474585e-01
9.836831675815063125e-01
9.775832295347347545e-01
9.710998176391660852e-01
9.746662283294222906e-01
9.642039155284678476e-01
9.619158183106240045e-01
9.599961774662510994e-01
9.576006970054218304e-01
9.569441415706089193e-01
9.555807224614387696e-01
9.631973141797292026e-01
9.539609317342041539e-01
9.533438319020920426e-01
9.564671365661885361e-01
9.561779223408398698e-01
9.515961446686026504e-01
9.579080056604626359e-01
9.705471163671549606e-01
9.777697532933314895e-01
9.754349936970254653e-01
9.768096448322972636e-01
9.736348658025240077e-01
9.680964673179602853e-01
9.642109915040172341e-01
9.668367741306528318e-01
9.718523200886483027e-01
9.722247210954496621e-01
9.635823012077178173e-01
9.571468523742500123e-01
9.564908523395475592e-01
9.627075175661574669e-01
9.728322420871403642e-01
9.747285834502994462e-01
9.823546413895033469e-01
9.912783547622451286e-01
9.993256263676264517e-01
9.970903143208333930e-01
9.950030752118711463e-01
9.855259567424865530e-01
9.826795337773002181e-01
9.796109583030080392e-01
9.670143800394277456e-01
9.614064912530251306e-01
9.691603523046400381e-01
9.666504411873002578e-01
9.703022096749247538e-01
9.741006367612443650e-01
9.722602763166582340e-01
9.727478766518031783e-01
9.720386777937738421e-01
9.624583487069570120e-01
9.627142627827507404e-01
9.627904179213826463e-01
9.538532333808952268e-01
9.580121654738940062e-01
9.636268615712624275e-01
9.741968866764055823e-01
9.721942152612503829e-01
9.730033934065952517e-01
9.718554619449496501e-01
9.716017440677963135e-01
9.720225841961406266e-01
9.772933135312189545e-01
9.701801147050791441e-01
9.765259085653222870e-01
9.762421940031273948e-01
9.721351865655984970e-01
9.724238107906471029e-01
9.725033062634680370e-01
9.757989573149150608e-01
9.777955225297164654e-01
9.645146345129387289e-01
9.613041973809599572e-01
9.733191907070573023e-01
9.789610906369952126e-01
9.759232673603598363e-01
9.720556395789464732e-01
9.727576793004198974e-01
9.665943424134642026e-01
9.637989343111463825e-01
9.638492172607054931e-01
9.678078449190946619e-01
9.727873273223854866e-01
9.709179119096124078e-01
9.666357428149836561e-01
9.570568839938543571e-01
9.560872555417999630e-01
9.564832802955982594e-01
9.638225577955905621e-01
9.605423031909647857e-01
9.594470500086467180e-01
9.650406657462758941e-01
9.604874249083550364e-01
9.504348439210852373e-01
9.425942244777261170e-01
9.557268589077445586e-01
9.521329619951320877e-01
9.572948985003869593e-01
9.598265778684919036e-01
9.669196862262386949e-01
9.718571569702364465e-01
9.580039661613239943e-01
9.593631167850085184e-01
9.663796540417737280e-01
9.643507115015380604e-01
9.636956114293565578e-01
9.591248667887042334e-01
9.458549884912540451e-01
9.426347919005633180e-01
9.450806097124894167e-01
9.473984264485081352e-01
9.480811645708584479e-01
9.504407619935072438e-01
9.591173759034480328e-01
9.516177862466908000e-01
9.542589294575631875e-01
9.594589564421033279e-01
9.622561863860217279e-01
9.599971216063423185e-01
9.678665666523148525e-01
9.621106837368080811e-01
9.669304020985693970e-01
9.636980311138118038e-01
9.712711076577574820e-01
9.763185686496745896e-01
9.693688718236116442e-01
9.731609582633811151e-01
9.826833488484242318e-01
9.805163712703637291e-01
9.655736280261136839e-01
9.592546624900663010e-01
9.615119601754716916e-01
9.644948644159581086e-01
9.535930968077549474e-01
9.510727507514021850e-01
9.545228508074049545e-01
9.484275027014451576e-01
9.467582505318531405e-01
9.443287888804772212e-01
9.378347625485534689e-01
9.516432403935390916e-01
9.585775718948468249e-01
9.572260186690908501e-01
9.573313852310478822e-01
9.606070227979307541e-01
9.609261952538852292e-01
9.611628060849842781e-01
9.567187192044213084e-01
9.612438263810381134e-01
9.683664966372246274e-01
9.666487505086929222e-01
9.643723876721821409e-01
9.716706361210529774e-01
9.686872045469960835e-01
9.709426804716477788e-01
9.682563202105261002e-01
9.730507555095393446e-01
9.673835180070110562e-01
9.634345634002661196e-01
9.742377106850452773e-01
9.717063155127415586e-01
9.720225051871165256e-01
9.728219335524030953e-01
9.769836278408678965e-01
9.723080561725681026e-01
9.610763284087685543e-01
9.594403132996053296e-01
9.633098388759102626e-01
9.605706223703263102e-01
9.634039845986971384e-01
9.641194548357414629e-01
9.641279338377725106e-01
9.622696822775487213e-01
9.585182835761296705e-01
9.547353315071605007e-01
9.594969402422484084e-01
9.568538772869530362e-01
9.514987917615738144e-01
9.534271379994796458e-01
9.629576004619573304e-01
9.605745062637809362e-01
9.663019239445211905e-01
9.709329274248629238e-01
9.692060994584136280e-01
9.597166093196096703e-01
9.732528308402906836e-01
9.697325394694223943e-01
9.675303963069793456e-01
9.605057362123879949e-01
9.603935606118676471e-01
9.523234314960502545e-01
9.600006389896973413e-01
9.610679889216788840e-01
9.633771621697341248e-01
9.589849840161301930e-01
9.633530616807647329e-01
9.670777429470902575e-01
9.654244455928707724e-01
9.677272506098093530e-01
9.716863495855974087e-01
9.757720962178342283e-01
9.766065928203022661e-01
9.712505541301941214e-01
9.841894437768022863e-01
9.788267165173485385e-01
9.771978905910834179e-01
9.748996499722853981e-01
9.722736794497027768e-01
9.684508680174073181e-01
9.629409472973308182e-01
9.594348876292595474e-01
9.622436516115813188e-01
9.605256752650348506e-01
9.631604176501742387e-01
9.609119311990582668e-01
9.630586204399077532e-01
9.715815852064546565e-01
9.571119080380806610e-01
9.578457414312642193e-01
9.636300793570120593e-01
9.594327909412557753e-01
9.557999314240374078e-01
9.570497938852963182e-01
9.561245193285694555e-01
9.585533639667755956e-01
9.592201759479858092e-01
9.645246625592227563e-01
9.648602590085455510e-01
9.598339731442032674e-01
9.639907052419671718e-01
9.610918603840814534e-01
9.662942420567762758e-01
9.724095158710381881e-01
9.787030133814463850e-01
9.733724031453612202e-01
9.763878235504431791e-01
9.704446073843422393e-01
9.647038480056610021e-01
9.712107955845098450e-01
9.642173458386792406e-01
9.716807278443949647e-01
9.534409507651134819e-01
9.668732734991174471e-01
9.650253922027893783e-01
9.617426325739905080e-01
9.631333123519223438e-01
9.722774003306955404e-01
9.716427440290437145e-01
9.762765539143438698e-01
9.796178330273048740e-01
9.854201880866889640e-01
9.835157431873152722e-01
9.775510727147453949e-01
9.684093030550747772e-01
9.613581619776889742e-01
9.646427216057690268e-01
9.793049683845922448e-01
9.806943933648640810e-01
9.879846910693066420e-01
9.806159891965330333e-01
9.799758307863053464e-01
9.696144598949464344e-01
9.682652060842779074e-01
9.655916403880256960e-01
9.689777096781866383e-01
9.686013263354231739e-01
9.670696880448034216e-01
9.609686984393571718e-01
9.526764550884723182e-01
9.463680021190938874e-01
9.538599348420445656e-01
9.539099638412885662e-01
9.626675494654969301e-01
9.621469351305786954e-01
9.681708844101774014e-01
9.613732178026217490e-01
9.648450720105841150e-01
9.681166710657457264e-01
9.652769369043504577e-01
9.614484253485909848e-01
9.600318867277666257e-01
9.620978763964939118e-01
9.594736488503226024e-01
9.608814955292805937e-01
9.571506623958790927e-01
9.593833913562905824e-01
9.572203410758575171e-01
9.530426745651457976e-01
9.607061321027919876e-01
9.668863746889495570e-01
9.744882988919352229e-01
9.731600066238705882e-01
9.755958289779134152e-01
9.738831844718101038e-01
9.671177683955148874e-01
9.693345369682986323e-01
9.694600240882115250e-01
9.572130054517705711e-01
9.660155090029505232e-01
9.737169810236894207e-01
9.716313038277281100e-01
9.657216621438404758e-01
9.603867094027539464e-01
9.537935424360758363e-01
9.601080280757449126e-01
9.638995027427621487e-01
9.640642566944993552e-01
9.635522395880740110e-01
9.663264576723806787e-01
9.694301265071837426e-01
9.726197908769348421e-01
9.572766914557838680e-01
9.572451153577218319e-01
9.654314030792685575e-01
9.597623757900521912e-01
9.636767394342601323e-01
9.592725988666301884e-01
9.629754026694324898e-01
9.609491499710786089e-01
9.672928734799046691e-01
9.643313961844788285e-01
9.659062089725871658e-01
9.716657086432537449e-01
9.759619418603311392e-01
9.740777099368220782e-01
9.753209813260883543e-01
9.820438374851100383e-01
9.698627612813107701e-01
9.590370415012748895e-01
9.581270884715741287e-01
9.521027361234055686e-01
9.608059509973837509e-01
9.638319850602714567e-01
9.623278126353010942e-01
9.616287727557303322e-01
9.625998951207080934e-01
9.692268515679999252e-01
9.668681405964443254e-01
9.592899414718625284e-01
9.581915912560923232e-01
9.576851248646282011e-01
9.534628854461383307e-01
9.612297446667734668e-01
9.586936541395134626e-01
9.621321982070888401e-01
9.650501118429741787e-01
9.546156800275010790e-01
9.617801678537941656e-01
9.660027901796635064e-01
9.669889652025768223e-01
9.646741264336444743e-01
9.693647487746295255e-01
9.704937178147656773e-01
9.783265225628203776e-01
9.820570175369585098e-01
9.784594983562806547e-01
9.760881529491521880e-01
9.673565944452908738e-01
9.716607855137011640e-01
9.693534372555061562e-01
9.675965760353965051e-01
9.617167492540166229e-01
9.554609211435688421e-01
9.516785126569738962e-01
9.595963979295436541e-01
9.676119053274020443e-01
9.718659946340468814e-01
9.686384632602699218e-01
9.670194537489881226e-01
9.626684206226320262e-01
9.612751201238214360e-01
9.609358314072220519e-01
9.623563985930302378e-01
9.698730645011049978e-01
9.728307534844886639e-01
9.620127247396389469e-01
9.591753586843163593e-01
9.614815539318007920e-01
9.590629801534265031e-01
9.680606670893330268e-01
9.693567201319144289e-01
9.654362497425355016e-01
9.639004003374767038e-01
9.630781518265493224e-01
9.513959548829595825e-01
9.519261837848453922e-01
9.543446032722321393e-01
9.508551690494195796e-01
9.551846791378276746e-01
9.615775201678579132e-01
9.706213479956856682e-01
9.697051377635315106e-01
9.600083165926734940e-01
9.674738383146209708e-01
9.622008608068537416e-01
9.602629569619877126e-01
9.660335022273462968e-01
9.655167374827634541e-01
9.677906807319516247e-01
9.616433164150843815e-01
9.588065922479785952e-01
9.549106072856203831e-01
9.484469240997712713e-01
9.529425507570189469e-01
9.527261864136064018e-01
9.510931821780624906e-01
9.584544293424133166e-01
9.620911643204034247e-01
9.760463824214040685e-01
9.636387230249525704e-01
9.594670624711144624e-01
9.690195482313637143e-01
9.609376227989934183e-01
9.610989046367554023e-01
9.643645658678877686e-01
9.631039952511435409e-01
9.623541751240205500e-01
9.547689433520166746e-01
9.501702238971383441e-01
9.508289713582165348e-01
9.623172496550466137e-01
9.663563008276019328e-01
9.695522740082039848e-01
9.673337139813663610e-01
9.700863246127757744e-01
9.724484229448114858e-01
9.705803382183032513e-01
9.666789634791740360e-01
9.699131892346202211e-01
9.751228187497469335e-01
9.759758906076956286e-01
9.679724489122467634e-01
9.686128468344104014e-01
9.743608879953515878e-01
9.709999592181881578e-01
9.624341139350255370e-01
9.680336715253431423e-01
9.650923297882871843e-01
9.741871818103552405e-01
9.670895485520630830e-01
9.779573561267870252e-01
9.691331037768402545e-01
9.792137097537997326e-01
9.819385536523497215e-01
9.810513713811109815e-01
9.833607770804139170e-01
9.841019987359633792e-01
9.847079852586927418e-01
9.955871978289306812e-01
9.854570580196982954e-01
9.913795161161266245e-01
9.941869321729192022e-01
9.969498303807425854e-01
9.930920767976852970e-01
9.891618010083835788e-01
9.793512108261495097e-01
9.740765717374707533e-01
9.736419882460732866e-01
9.719747941937713076e-01
9.719922423604542283e-01
9.715345364148134655e-01
9.725870331936384838e-01
9.802145064163841903e-01
9.805546916195051477e-01
9.860995275163236817e-01
9.794392977136171519e-01
9.666011378885682737e-01
9.660396686179264503e-01
9.751678652800825908e-01
9.787762963655730619e-01
9.822993230638106255e-01
9.816602722738410058e-01
9.707116139220115514e-01
9.619917784396959659e-01
9.639234690996328903e-01
9.619063432856652662e-01
9.646495138428322624e-01
9.670206129460606759e-01
9.650432071741801288e-01
9.648515786303055730e-01
9.680388272094956337e-01
9.750590590363282795e-01
9.774136948518324930e-01
9.690322564407534145e-01
9.651095320828775304e-01
9.788267471792772012e-01
9.764986679244986867e-01
9.732607875283275645e-01
9.582507978679968286e-01
9.605240371844033787e-01
9.610561201548768473e-01
9.630043407459228932e-01
9.677926198440262029e-01
9.627163116455653702e-01
9.609574954668368418e-01
9.684808636206518884e-01
9.661356040258131106e-01
9.559096091007245333e-01
9.554576646278006846e-01
9.537206043828359014e-01
9.515583175868953525e-01
9.543273080838254874e-01
9.521070465812254691e-01
9.590959777708176759e-01
9.606874350870024948e-01
9.525469478239205756e-01
9.533691145815755830e-01
9.579533739154637573e-01
9.512178246970973694e-01
9.499391630652691543e-01
9.472722948640560636e-01
9.596382385097538270e-01
9.561601375975798955e-01
9.582147680564859771e-01
9.667974630763793709e-01
9.614518284057297359e-01
9.610395029533577160e-01
9.579248995451941084e-01
9.546351437076607827e-01
9.573150513746248036e-01
9.527983074615352654e-01
9.574190711940100407e-01
9.609750900141560415e-01
9.605507326569098225e-01
9.587431088388164158e-01
9.651091530397390983e-01
9.642979043469968037e-01
9.577653376834946997e-01
9.544947384764609355e-01
9.559955549042932210e-01
9.677468293121046505e-01
9.720297761063999564e-01
9.722220691583421948e-01
9.734281187948555791e-01
9.701978035261651367e-01
9.644085987065560417e-01
9.621883432760184318e-01
9.557480228774791753e-01
9.636974882113296115e-01
9.637501074294582137e-01
9.621451236442298827e-01
9.627462852690015227e-01
9.692219507886059571e-01
9.643110167365285257e-01
9.671731105269705253e-01
9.619915215989454094e-01
9.582738764354011840e-01
9.558945736288000372e-01
9.526245603985229460e-01
9.570190807402434441e-01
9.575453236153794734e-01
9.569600620080123132e-01
9.562264094442243234e-01
9.614686781288417361e-01
9.578174998327539935e-01
9.571942916698699122e-01
9.594852409398355597e-01
9.663233411821232632e-01
9.740883318759028242e-01
9.764427999781623013e-01
9.646152850561774406e-01
9.686807679715814245e-01
9.561184334596608547e-01
9.550701806363579571e-01
9.573002479990937452e-01
9.605178913301359866e-01
9.622135134078370067e-01
9.603015941473935779e-01
9.686160438852418064e-01
9.641930839940039411e-01
9.567540277449060326e-01
9.585407398738656770e-01
9.538118382640329296e-01
9.523897536879997183e-01
9.563886577013649415e-01
9.566451765380460381e-01
9.602115741834625906e-01
9.607688669291976069e-01
9.620875310457626117e-01
9.617286390577249877e-01
9.623887799318180392e-01
9.663055983762447454e-01
9.722132899048210319e-01
9.710200546388937370e-01
9.731110156712573511e-01
9.667983335193270911e-01
9.674872761631376772e-01
9.652308046788045104e-01
9.648618220642657395e-01
9.701440317127553170e-01
9.759875396759386534e-01
9.773518321099030626e-01
9.707001399121503171e-01
9.713919493936797878e-01
9.707093972300041562e-01
9.679538289912622551e-01
9.669327176423865300e-01
9.696325159931592497e-01
9.711668024970219193e-01
9.728780493013298170e-01
9.754618249890038006e-01
9.706086725349178934e-01
9.578254927147560327e-01
9.577760822503493809e-01
9.589096995959357494e-01
9.468873838919532604e-01
9.563963124990665365e-01
9.529495563155222504e-01
9.526735843407534432e-01
9.621408272675431306e-01
9.570581744064267093e-01
9.579731132389851522e-01
9.503560227887365430e-01
9.490551425570099564e-01
9.492242424295518344e-01
9.600808587535613059e-01
9.635412139786697638e-01
9.644241415320928823e-01
9.592072120782099143e-01
9.619801397200700155e-01
9.581581050918256404e-01
9.625183759156941132e-01
9.607800369475635316e-01
9.557181613835183942e-01
9.538027523017083009e-01
9.591135392703366014e-01
9.643954418069067280e-01
9.634047305415411877e-01
9.683550328498672366e-01
9.698194305770935220e-01
9.650739510628456586e-01
9.612659136435481866e-01
9.571610084351507286e-01
9.622567241024542195e-01
9.564899521687620920e-01
9.553458980614639717e-01
9.535318702798406543e-01
9.447270652255360668e-01
9.476976076270382521e-01
9.587576345268631339e-01
9.561040592412570760e-01
9.588098614292933641e-01
9.603577527839015637e-01
9.650520613565737316e-01
9.649814268730086964e-01
9.610683989069745969e-01
9.555573612958833118e-01
9.594131459712271770e-01
9.583497709626279670e-01
9.583779177243371139e-01
9.552729275251700125e-01
9.619153783902101296e-01
9.671127013966146491e-01
9.718976029316441778e-01
9.756987609063330069e-01
9.783965045778798553e-01
9.712333009052049881e-01
9.838325257241016253e-01
9.798317066194524028e-01
9.747814589765031457e-01
9.707269963193743134e-01
9.701397898710357737e-01
9.717689281012907854e-01
9.723377386222765706e-01
9.621417995636175613e-01
9.617961110135030411e-01
9.667398465793214379e-01
9.681194904013898928e-01
9.691081293079628622e-01
9.667937192229327792e-01
9.632501433670808133e-01
9.644517955685349975e-01
9.629256032952270283e-01
9.662834465026328701e-01
9.604333249891660040e-01
9.720860439566483269e-01
9.734209813074512496e-01
9.685467160398656405e-01
9.702968317843285728e-01
9.691841667152929496e-01
9.649042357022471483e-01
9.657004476602762955e-01
9.628046316418567008e-01
9.637014286664663532e-01
9.655684009582258254e-01
9.647214243080517448e-01
9.677782102782012119e-01
9.676476293632828574e-01
9.565906867583969797e-01
9.620069642171034108e-01
9.619448027661736678e-01
9.630579160189421950e-01
9.736723835879986799e-01
9.725572122503850503e-01
9.649388324988040777e-01
9.688772169347739105e-01
9.678911659534060741e-01
9.653583739440344536e-01
9.651616346722460271e-01
9.646126516044809529e-01
9.696865892001004239e-01
9.657545009855770246e-01
9.646832892490655453e-01
9.705860137238597751e-01
9.732456806230450619e-01
9.725243235316174406e-01
9.652692689178730134e-01
9.658176503627946552e-01
9.596379676162073435e-01
9.670225961913181401e-01
9.754311260781732829e-01
9.679941864014570685e-01
9.646943370604018630e-01
9.612612825260778981e-01
9.596849602015469216e-01
9.634259717325514005e-01
9.577353011515493675e-01
9.547367933813969421e-01
9.579989697954488514e-01
9.662856016075823673e-01
9.572314189344229840e-01
9.633042780481611000e-01
9.646762151133709828e-01
9.591320313222471139e-01
9.634083284120725788e-01
9.637917479155037048e-01
9.678504321865626370e-01
9.683413700474808872e-01
9.729739767195088040e-01
9.736510224132771674e-01
9.744855431064949336e-01
9.709427781162771609e-01
9.740004616082266198e-01
9.754566564813473839e-01
9.790489815738442347e-01
9.714851038681039386e-01
9.737327833472917415e-01
9.701977978603253394e-01
9.568860099060543245e-01
9.534862819332255990e-01
9.529850818547297431e-01
9.538865377853444905e-01
9.470895735160882456e-01
9.506809269890348357e-01
9.624997847810047302e-01
9.650819962277404906e-01
9.642922636138772097e-01
9.638420839434029830e-01
9.586645007703969990e-01
9.531060088652557605e-01
9.542062930826262779e-01
9.529339449259730532e-01
9.510154094983681583e-01
9.562845496671040779e-01
9.552789942993692440e-01
9.549779280782932922e-01
9.536156680672145391e-01
9.607018463749740222e-01
9.532759988774804905e-01
9.556582726998812394e-01
9.512805155491237397e-01
9.511269791550651664e-01
9.539438889851451497e-01
9.530670536690384331e-01
9.618512108442699438e-01
9.697087380767944742e-01
9.660694991721568980e-01
9.604090209770910214e-01
9.656370422161798528e-01
9.604316512130016692e-01
9.560959156946085002e-01
9.522355379142621867e-01
9.427022516017568021e-01
9.542930182677377138e-01
9.574669548046220724e-01
9.603680467417206046e-01
9.626712325842671225e-01
9.593510402209729504e-01
9.574036085966609599e-01
9.560385327864531213e-01
9.593915673151561796e-01
9.658428423542049224e-01
9.701075814790444118e-01
9.744788953852694391e-01
9.681124016905648944e-01
9.750864065688316096e-01
9.747250977725795407e-01
9.665918380475880811e-01
9.686047493290101951e-01
9.762296230914889739e-01
9.813300155964593818e-01
9.745389817666869625e-01
9.830438511600660956e-01
9.800250099888698774e-01
9.727056727924680013e-01
9.698949513549682822e-01
9.666388803233120219e-01
9.661050266638928630e-01
9.595463089292363135e-01
9.622567375741487572e-01
9.589851709023380355e-01
9.553187753705505436e-01
9.528467662305807329e-01
9.530828445612408162e-01
9.617292471527613129e-01
9.590369714041916405e-01
9.604051722978245165e-01
9.585891765885198312e-01
9.616225350587448428e-01
9.590064214064958348e-01
9.601117962203978839e-01
9.630742325499753731e-01
9.652665550280404849e-01
9.665609436538500354e-01
9.674505751455353408e-01
9.546649451200729386e-01
9.586922655789377190e-01
9.621954152373899394e-01
9.612172243228270796e-01
9.624498124919439457e-01
9.605892529999636720e-01
9.689952719675686277e-01
9.773676184475825757e-01
9.740878110068726947e-01
9.690822573803810069e-01
9.760389041490744599e-01
9.726998924055635376e-01
9.711111071077462853e-01
9.674364947726401542e-01
9.682242846155109106e-01
9.743798584414642416e-01
9.734417076476932218e-01
9.713900439297507017e-01
9.654394804403640951e-01
9.663411023855589255e-01
9.705036752810169975e-01
9.636239342760913873e-01
9.666608822761053599e-01
9.740994657040383808e-01
9.667336570058310263e-01
9.602425811128297850e-01
9.469327211754596796e-01
9.449676006427539798e-01
9.570915271731429419e-01
9.598945070444980798e-01
9.550465808453740824e-01
9.525717646896846302e-01
9.486806089646916407e-01
9.609587910162937785e-01
9.606568068199781152e-01
9.564399376127128427e-01
9.578403403533473082e-01
9.617991477367707764e-01
9.679867368629908597e-01
9.617463910854137099e-01
9.552207945465686079e-01
9.575054808624605673e-01
9.531861700077894906e-01
9.621453491978825268e-01
9.619608457776358534e-01
9.514756382581648353e-01
9.558680956299251408e-01
9.577787452107530131e-01
9.594327475193816790e-01
9.586597888783744414e-01
9.595842010330646321e-01
9.641003440762901944e-01
9.659671679907786412e-01
9.642359988698835371e-01
9.699010325365288177e-01
9.636848932996503470e-01
9.584950788402730737e-01
9.569149985641195455e-01
9.528513956925280803e-01
9.523985361945770389e-01
9.444057312564787532e-01
9.455690554387000679e-01
9.518288042657658821e-01
9.520824650971558833e-01
9.643580885199555253e-01
9.628103978676767483e-01
9.618985815197770295e-01
9.671007639562813063e-01
9.656427963226449362e-01
9.532909790949586348e-01
9.492724551685887135e-01
9.552668123228077457e-01
9.563260425382512642e-01
9.549679479404283855e-01
9.519904011443331981e-01
9.550819629054320137e-01
9.544816159193834082e-01
9.542842409196443665e-01
9.571966950230991200e-01
9.540602657310606194e-01
9.603577978444176599e-01
9.690302231479643869e-01
9.728575954482090449e-01
9.682783646358943397e-01
9.696926007030736150e-01
9.679339523556897973e-01
9.711978077129048703e-01
9.725447788309762309e-01
9.715832848967995705e-01
9.676634755676366551e-01
9.668789143677255504e-01
9.680505563729142615e-01
9.667531474374591038e-01
9.789710222016761998e-01
9.695240936589130110e-01
9.699539192165809176e-01
9.796417481193476773e-01
9.790185048295403369e-01
9.819054967652927068e-01
9.816840751362834183e-01
9.762045952103708402e-01
9.767285307425062069e-01
9.694063240983508134e-01
9.760996182321568515e-01
9.758507402073350878e-01
9.772131170403968170e-01
9.699778872537537788e-01
9.707815609917512800e-01
9.703575382905956781e-01
9.648955867239725759e-01
9.537744958149686481e-01
9.495037258695840920e-01
9.468146117717598509e-01
9.536571969498610635e-01
9.651256175022745465e-01
9.645301586961493312e-01
9.657101585626145512e-01
9.633466898237090792e-01
9.615238377248483959e-01
9.613299746968562154e-01
9.629298673791768515e-01
9.700992245584578733e-01
9.651374444570847144e-01
9.714733482591366709e-01
9.730472527094173874e-01
9.739920318305853586e-01
9.703607621839955844e-01
9.711103733727112219e-01
9.734316887542143748e-01
9.682081900832748556e-01
9.628166054604356816e-01
9.650087488848415607e-01
9.656732100529077378e-01
9.638224732396658556e-01
9.659968470512280136e-01
9.688714868738756980e-01
9.751103401075473798e-01
9.731234348059795147e-01
9.674639571356622447e-01
9.674059777500975121e-01
9.683411441773976946e-01
9.653025997858166729e-01
9.713968549874756331e-01
9.682967557534056802e-01
9.712026059074603257e-01
9.746349334242673246e-01
9.694293172783312595e-01
9.649236131482245016e-01
9.727575237521345342e-01
9.724804758177721942e-01
9.563058415504364085e-01
9.597331549824313912e-01
9.720735397359639984e-01
9.609239884723392855e-01
9.603509156515106504e-01
9.585774112456436624e-01
9.602013555052180127e-01
9.617474071524788615e-01
9.620828661868050524e-01
9.648013689868748521e-01
9.583466952424215535e-01
9.542016053857883540e-01
9.508092128688035993e-01
9.454103839901866202e-01
9.490715226669652615e-01
9.518316004723913482e-01
9.636571863328231569e-01
9.610828455156403827e-01
9.642381341973919051e-01
9.610885012925118875e-01
9.580459260514438968e-01
9.538126411519006753e-01
9.585365168864021790e-01
9.629406052272950767e-01
9.661262243598076616e-01
9.797543235623806801e-01
9.713437427565815296e-01
9.696264013390867298e-01
9.663173886904404819e-01
9.648616478023530618e-01
9.623146205947181731e-01
9.716185718014751505e-01
9.672176443575407623e-01
9.703677334112100761e-01
9.627152435725315760e-01
9.569363305013375287e-01
9.573071517978968270e-01
9.658424637222936537e-01
9.682715370253528464e-01
9.605503936321444503e-01
9.583768843693670769e-01
9.621922552522342853e-01
9.615959781822992491e-01
9.604275401834700965e-01
9.652290091769989422e-01
9.746193728145339241e-01
9.712306279951399279e-01
9.720905115215645598e-01
9.670110867364050122e-01
9.694088203171666862e-01
9.703049016733503729e-01
9.684129703584924975e-01
9.667108993935128458e-01
9.653997327820725838e-01
9.649281810959583483e-01
9.741502053173908271e-01
9.767026116607713249e-01
9.678472483448478103e-01
9.664462128018911358e-01
9.660622718893933092e-01
9.556530233005060548e-01
9.590080025774477823e-01
9.638506799888568732e-01
9.600984033822643759e-01
9.612191105671575864e-01
9.658147594076519349e-01
9.624829148861917538e-01
9.595003548179825703e-01
9.603250033808077291e-01
9.552565144467910496e-01
9.538389928110441174e-01
9.637748632797232817e-01
9.653924337865764649e-01
9.665886900357950617e-01
9.621535909120021435e-01
9.717740536090813119e-01
9.716055590676628828e-01
9.713794676316410692e-01
9.674568423741352063e-01
9.619655521176944113e-01
9.640616375159736240e-01
9.722949672776334262e-01
9.777773820686443962e-01
9.705530140267758510e-01
9.692770411450954970e-01
9.646914636958290323e-01
9.693343274467813853e-01
9.667385557778076510e-01
9.704864439121908548e-01
9.705777815065724790e-01
9.716624156981059635e-01
9.784384408139664702e-01
9.852570679954893995e-01
9.765063492801937528e-01
9.795021554337721703e-01
9.632136889038411809e-01
9.627065657415661004e-01
9.728238298680238483e-01
9.723032303177547853e-01
9.675274411089314075e-01
9.694712001025456161e-01
9.607151123987880403e-01
9.541214705293030729e-01
9.547195945199220546e-01
9.548046224827554385e-01
9.571759988071192327e-01
9.646040856995123924e-01
9.657064874611616112e-01
9.695112561465817347e-01
9.701554254396972388e-01
9.737933439131757352e-01
9.745356586123289366e-01
9.643597960551293369e-01
9.621119796172227234e-01
9.646997934932647345e-01
9.698487920958859254e-01
9.697458350525737236e-01
9.681097757684078431e-01
9.650237488329934665e-01
9.638256530451105863e-01
9.659858251763541181e-01
9.617977193411888504e-01
9.600207831189352392e-01
9.607471497395752014e-01
9.599478112371608862e-01
9.568639398982581312e-01
9.578137308245767700e-01
9.517673476970615054e-01
9.541436584755613737e-01
9.545647975661984974e-01
9.574368175579731632e-01
9.551252691765581559e-01
9.533829842519020437e-01
9.554607407072586156e-01
9.500657407795445319e-01
9.510630577582730449e-01
9.431623039309920964e-01
9.438708642017343831e-01
9.466083252260378833e-01
9.473753436246344917e-01
9.486018623087701940e-01
9.531393637355261017e-01
9.606622556430005622e-01
9.633174906904602430e-01
9.574942244989189666e-01
9.572370048346821036e-01
9.609364288814787880e-01
9.580783325750196200e-01
9.620733466038307036e-01
9.604828476211719757e-01
9.644991536144417177e-01
9.724384057184352059e-01
9.657833141184447578e-01
9.666519201506524883e-01
9.635389317243399088e-01
9.619134658027362894e-01
9.674511877758953382e-01
9.662792438481228041e-01
9.676024489604138079e-01
9.638124319409914209e-01
9.644214373774602223e-01
9.690726956035767836e-01
9.649858334662245740e-01
9.627462803398612046e-01
9.575889034542970357e-01
9.547473546202618344e-01
9.560129434782859148e-01
9.583240077376011801e-01
9.569800326464923401e-01
9.631037316952476557e-01
9.534409134996665314e-01
9.617024977158497023e-01
9.659088624131720868e-01
9.681766437783532187e-01
9.689840121504340598e-01
9.719078389197460810e-01
9.684968209873476841e-01
9.649868157721699369e-01
9.674710273194023769e-01
9.710270831959607607e-01
9.644322369823745689e-01
9.645508929617718774e-01
9.676272899675830708e-01
9.571606010393264308e-01
9.583597765937570401e-01
9.611434218567724841e-01
9.653228747379417607e-01
9.602912325018765349e-01
9.602712003176213651e-01
9.601225057252307238e-01
9.736505735327448674e-01
9.731841109384790078e-01
9.768880414206327911e-01
9.775133407022587040e-01
9.752724426654588719e-01
9.720459259894992377e-01
9.627598377400717888e-01
9.670510525809995483e-01
9.747849234562492304e-01
9.684460367144328563e-01
9.763343603625636025e-01
9.676949293626213588e-01
9.593324645707322906e-01
9.659360023575574994e-01
9.716271776585752029e-01
9.743495914065071206e-01
9.816062334618954610e-01
9.683046335554987838e-01
9.607116798125375778e-01
9.623530337716933447e-01
9.597825849050800606e-01
9.649197854145555864e-01
9.616713032275837625e-01
9.648853825816103846e-01
9.681299655460376963e-01
9.680431215505452824e-01
9.624480464056841544e-01
9.642938220366541469e-01
9.541224409685705732e-01
9.535527764346692914e-01
9.619203030735284932e-01
9.645910194613579458e-01
9.609834555978553627e-01
9.635743538888392745e-01
9.658973461636678470e-01
9.593641868882355483e-01
9.640440527293725470e-01
9.605173437575412754e-01
9.571466502840931811e-01
9.503584565997625910e-01
9.457484547418805176e-01
9.504972310928723189e-01
9.551646798682427164e-01
9.542478800448527254e-01
9.519125349487351784e-01
9.664237553233478994e-01
9.652385747250848969e-01
9.585547108206818878e-01
9.623071203426282194e-01
9.616506096402873682e-01
9.620851668254096767e-01
9.599575645375238997e-01
9.665482284932385149e-01
9.758812171658194368e-01
9.707985033654974449e-01
9.724462094096623099e-01
9.600893872531091056e-01
9.747776126788013640e-01
9.617630049862232466e-01
9.545987381124868554e-01
9.542807002798732174e-01
9.551234961871073459e-01
9.609909159007220536e-01
9.574058108619231122e-01
9.548694399701429525e-01
9.562453541181957783e-01
9.602906315517799607e-01
9.526622061159454313e-01
9.564297250502297176e-01
9.545825374330124680e-01
9.488893298903363638e-01
9.425490068554192025e-01
9.455781334911699254e-01
9.577454118285781970e-01
9.671798883501590005e-01
9.728099524082536309e-01
9.772792731387592857e-01
9.798703967384356783e-01
9.663367789295211896e-01
9.673760370140956910e-01
9.629290908726221287e-01
9.603017396671363892e-01
9.645113574133982182e-01
9.645795336449386470e-01
9.572053315110515825e-01
9.648664426279487394e-01
9.669107577782979357e-01
9.647927400292634070e-01
9.633699170074878637e-01
9.585499509390984496e-01
9.636805165998750811e-01
9.632774753846925497e-01
9.693097145943253556e-01
9.735631758913599887e-01
9.753473878556503385e-01
9.735486526414554032e-01
9.790565839225087164e-01
9.753571136422889420e-01
9.729683719999431268e-01
9.692454295157506561e-01
9.744817006914845425e-01
9.708687700681085664e-01
9.684496925157460856e-01
9.626028399074665343e-01
9.665715368573631894e-01
9.446986333817553039e-01
9.531148269087305058e-01
9.635018744949374048e-01
9.617349592984396622e-01
9.676231760383809943e-01
9.653455853637623596e-01
9.663972915666386720e-01
9.669943829902964971e-01
9.718219252797766217e-01
9.760691989905635468e-01
9.839457141362599746e-01
9.832003947818797052e-01
9.835394356442265229e-01
9.792128283535371791e-01
9.844232534664311141e-01
9.765602415038296957e-01
9.754177837870109391e-01
9.706043945310541821e-01
9.669403074737489279e-01
9.751794373347626443e-01
9.694298789827650031e-01
9.736858653834858934e-01
9.715938132953678696e-01
9.724295699020200079e-01
9.779677073429295930e-01
9.677100830890253969e-01
9.726181797531047168e-01
9.615108768320296262e-01
9.552514288829802025e-01
9.602735275497351619e-01
9.550652147449054663e-01
9.661806056776137686e-01
9.614539157968386984e-01
9.597811889491314474e-01
9.564405104192630347e-01
9.538439148771526988e-01
9.510113177710710630e-01
9.577982007289738142e-01
9.537222535065587037e-01
9.517325670282886785e-01
9.584133492110108454e-01
9.637594725979905519e-01
9.684786965134770664e-01
9.672591277416563438e-01
9.731354256768874889e-01
9.732278997754220118e-01
9.740401341976530070e-01
9.675754631079878099e-01
9.611459145560869999e-01
9.718810845728830250e-01
9.694832238940584990e-01
9.698050017368402553e-01
9.730733213079925115e-01
9.748633747555421891e-01
9.730846914585039586e-01
9.693728171871887067e-01
9.699352280138768823e-01
9.628656408487841212e-01
9.640337547180292121e-01
9.580924477771006753e-01
9.617028997897443254e-01
9.609557829115759064e-01
9.634865540612915780e-01
9.568769607194879123e-01
9.454107437679959425e-01
9.510102392656981651e-01
9.517695834734337668e-01
9.474425824886523184e-01
9.479654626722172628e-01
9.534988087197651119e-01
9.548846398889591081e-01
9.562188043115515956e-01
9.656156761133123378e-01
9.589508570645572938e-01
9.617915433362241862e-01
9.507215870525500545e-01
9.692226468213261947e-01
9.726217879171190628e-01
9.622622987090188040e-01
9.539577248371987617e-01
9.554843075125788454e-01
9.571048897103637820e-01
9.662331859976089898e-01
9.643192195999991112e-01
9.683829537266096521e-01
9.654487072882167453e-01
9.661158166693488702e-01
9.683091027879682233e-01
9.589762293332511067e-01
9.558146378629828188e-01
9.569964761829632405e-01
9.504665655124849843e-01
9.457743432073179024e-01
9.443095730453010539e-01
9.588362018250430330e-01
9.705315085518332330e-01
9.654502974085249489e-01
9.603635868163519218e-01
9.562194085894617501e-01
9.563104943869389363e-01
9.545161554532766157e-01
9.501425542334220875e-01
9.445638632924278077e-01
9.452451900762284254e-01
9.449744624008481475e-01
9.449472401975623770e-01
9.474084755860284757e-01
9.540913979837626346e-01
9.617161750108673690e-01
9.612369988504964047e-01
9.634430715447964699e-01
9.559116139315713134e-01
9.592329828219320342e-01
9.655440406368371864e-01
9.653873786578007765e-01
9.634156504132170840e-01
9.597845980988483072e-01
9.616888191237454864e-01
9.554813349248680865e-01
9.599937957007880218e-01
9.630768891265766296e-01
9.533004592585643255e-01
9.601159098781895107e-01
9.507664432134739219e-01
9.558178226400116939e-01
9.647715885014598314e-01
9.619163273439508277e-01
9.544165442725619508e-01
9.700101041294445503e-01
9.780811801285270723e-01
9.812691965770374836e-01
9.838079602610639851e-01
9.818425155317875852e-01
9.745773360364896609e-01
9.667838683604699224e-01
9.637707690710246577e-01
9.620132857649749125e-01
9.582296122836693186e-01
9.600993085980672470e-01
9.544020248529997419e-01
9.587367280990186647e-01
9.592081727317632867e-01
9.518750750410025496e-01
9.450608896186228902e-01
9.555402464825810682e-01
9.507786230013149931e-01
9.501672537325628332e-01
9.593177747201027117e-01
9.560108131452156321e-01
9.590213194368522043e-01
9.590589155067530402e-01
9.536900515606149265e-01
9.483014811189022231e-01
9.502429594095295196e-01
9.557004130518266249e-01
9.539240850975109209e-01
9.579760707312650059e-01
9.555690256503526214e-01
9.564425588284506397e-01
9.606194124344530350e-01
9.642017269057545636e-01
9.600239793469729221e-01
9.628102085540080068e-01
9.724700935075145658e-01
9.746976972699693542e-01
9.721745932930023759e-01
9.773287789026967598e-01
9.748025370142825441e-01
9.781949727755019364e-01
9.723302606754588018e-01
9.807603451135397110e-01
9.722195917105688201e-01
9.590283647989786830e-01
9.578355814356916964e-01
9.526931783815697496e-01
9.584729128299602774e-01
9.695711125114645501e-01
9.663126575020694053e-01
9.693659330153194809e-01
9.631180064411789532e-01
9.596588526479099546e-01
9.661153912271115418e-01
9.733226492856080769e-01
9.730252678668570576e-01
9.635303023298129599e-01
9.669853707308602164e-01
9.603422161650577715e-01
9.620352166215053735e-01
9.634601488864100727e-01
9.598679123305653427e-01
9.527676630820309800e-01
9.589227211257602690e-01
9.632294009857433892e-01
9.657297157992066339e-01
9.711046087852193143e-01
9.646322661324676639e-01
9.650267255350044593e-01
9.590235588359595775e-01
9.648891777280109716e-01
9.658258044880670967e-01
9.696085861286157792e-01
9.642462993287639339e-01
9.678365244854740812e-01
9.704102609570814941e-01
9.752201590425336741e-01
9.769466909533699450e-01
9.778011438192842908e-01
9.737217490012948229e-01
9.737757313553944138e-01
9.632798282826460223e-01
9.600116613951404920e-01
9.608663297500198430e-01
9.557675209251522697e-01
9.538663163727773009e-01
9.570125256115545875e-01
9.650388074851282694e-01
9.678349068418476975e-01
9.748040927371348641e-01
9.733084484848267826e-01
9.677214078326735747e-01
9.669133669010855359e-01
9.625279221172551303e-01
9.705872331172038514e-01
9.813984233149579683e-01
9.776637147797823113e-01
9.783187179911559950e-01
9.805347994038534631e-01
9.764015910747674276e-01
9.812022234546460275e-01
9.796255197873673382e-01
9.924831216248274357e-01
9.900633857953097250e-01
9.785842353494986767e-01
9.765935249610099289e-01
9.813001459672896498e-01
9.760552071478937330e-01
9.726498862672813273e-01
9.628212975120067352e-01
9.595693661465918289e-01
9.601064906008373034e-01
9.654269325669296853e-01
9.512235783324872740e-01
9.467205885297064194e-01
9.450790668802218075e-01
9.525856314010727743e-01
9.592783171496966910e-01
9.540730029129707024e-01
9.540112960039545120e-01
9.627603184828550376e-01
9.575561268369789936e-01
9.616160546055464442e-01
9.498796036401165876e-01
9.631570839389643757e-01
9.596094027035237950e-01
9.535512335060026823e-01
9.609172588724443909e-01
9.587842791401232079e-01
9.626560511241283313e-01
9.626404135057758937e-01
9.555878778739301804e-01
9.509059041082164043e-01
9.489395410872201175e-01
9.456042997454203736e-01
9.550410910570246159e-01
9.561477474692962053e-01
9.535705945652358517e-01
9.559275516304489573e-01
9.604148783841269799e-01
9.653968517144699835e-01
9.618887602492522948e-01
9.609393454528695200e-01
9.660951065745406741e-01
9.656950821759472392e-01
9.642143018797640908e-01
9.616501984074328213e-01
9.632413496122707031e-01
9.602805860073244659e-01
9.534996496167427171e-01
9.563917635092337166e-01
9.644538821657558936e-01
9.633059827738610359e-01
9.655771731517460710e-01
9.705930502469872767e-01
9.688044817273433473e-01
9.696253585304831502e-01
9.595436572291391464e-01
9.546152393366663658e-01
9.623484135733074707e-01
9.646582496289789477e-01
9.560794490235531295e-01
9.598228861696103120e-01
9.609159974572490936e-01
9.646930914007127988e-01
9.539358365297319065e-01
9.536398285652519791e-01
9.564516488316204823e-01
9.595456689135154482e-01
9.631755912664061725e-01
9.605326585839580877e-01
9.554026000420288156e-01
9.670914636342945458e-01
9.682367123313191382e-01
9.612338893909880833e-01
9.669961860819166199e-01
9.696796999305775655e-01
9.686365891340230627e-01
9.670171671259260027e-01
9.592236309379332804e-01
9.651192023298957867e-01
9.692993332878593327e-01
9.636972534873027296e-01
9.701870071881475432e-01
9.627930301173910355e-01
9.598374064115569038e-01
9.588800532893549944e-01
9.645940839687970891e-01
9.643765404321239521e-01
9.656603682041812187e-01
9.554282025044580351e-01
9.519409440949144763e-01
9.546814343447231899e-01
9.551161885752394998e-01
9.606795580247560196e-01
9.605039520898357441e-01
9.550986328422288452e-01
9.466264366370643613e-01
9.545009650452772609e-01
9.541508814560331064e-01
9.441712171496714490e-01
9.495526965329044167e-01
9.633966096737792695e-01
9.657551709146767749e-01
9.629678903631863074e-01
9.570144931871397143e-01
9.616693277234138471e-01
9.569428306775595861e-01
9.556968223454443967e-01
9.685810396915174314e-01
9.721622710964197278e-01
9.665823197800512689e-01
9.660262046652489110e-01
9.568730462241550327e-01
9.484331227363127503e-01
9.563154423078351618e-01
9.704591191814442297e-01
9.691017102433909791e-01
9.700684041657083867e-01
9.689824956964255831e-01
9.662512383294291629e-01
9.649125789020329691e-01
9.728634792869188530e-01
9.710645165176087223e-01
9.676753285852952580e-01
9.668170290773601128e-01
9.739854101325785551e-01
9.679073524308068333e-01
9.595190755918251435e-01
9.641034704601566530e-01
9.743069865458899859e-01
9.700362472619086240e-01
9.677330199714506698e-01
9.651825156977433817e-01
9.680746389884981040e-01
9.685543754839954778e-01
9.699104883292645196e-01
9.724055860569231768e-01
9.581186310959968200e-01
9.671962346169810099e-01
9.696581377362981646e-01
9.686288619871604721e-01
9.599721701649690520e-01
9.540970469890340810e-01
9.553080542522667251e-01
9.598066750001447156e-01
9.639177676173961151e-01
9.676872440857723356e-01
9.655112957471003732e-01
9.724221559070513887e-01
9.771847597238835226e-01
9.685083310366897624e-01
9.719092750046122164e-01
9.709642537293042830e-01
9.585588592929726870e-01
9.665513366055308309e-01
9.674605294456036786e-01
9.649499945246808874e-01
9.678747916412331342e-01
9.658556632750167070e-01
9.628800617078717705e-01
9.575706216015872352e-01
9.673013237887683191e-01
9.705065289833549880e-01
9.698612675735213129e-01
9.734297357848730181e-01
9.712297385252093296e-01
9.794611508882945516e-01
9.730792589481835897e-01
9.687704062806057337e-01
9.641442046704880031e-01
9.607886924587679678e-01
9.645930042367780732e-01
9.709485610577661685e-01
9.604471463086124983e-01
9.681857725330167419e-01
9.799658238145735334e-01
9.778288040059024411e-01
9.879472927497574553e-01
9.812677352939943587e-01
9.783202152925538631e-01
9.735110700088022151e-01
9.821630768079441243e-01
9.826251737497337935e-01
9.815688852397154163e-01
9.813119844006217285e-01
9.920452394250144357e-01
9.909795435429334942e-01
9.893478693330379770e-01
9.874233794869888836e-01
9.933286227901023668e-01
9.913856843006279007e-01
9.827656073548123317e-01
9.769000466172518271e-01
9.679610655862233015e-01
9.702995545386760012e-01
9.662862620150723947e-01
9.742158119968520325e-01
9.776234677381203664e-01
9.722901441694550284e-01
9.740417868042994254e-01
9.684619975370167833e-01
9.726526476050497694e-01
9.799876815049644030e-01
9.758456791256643337e-01
9.776075127904199080e-01
9.712767525820547032e-01
9.712845813182051646e-01
9.692901817454215863e-01
9.614900933238139658e-01
9.657307157276946441e-01
9.578957485520109838e-01
9.575190272368008237e-01
9.598157517629172242e-01
9.596522395817064233e-01
9.609577901106225450e-01
9.575307995961912511e-01
9.626162750517324174e-01
9.650368660139146959e-01
9.694555127827961805e-01
9.702062472446379982e-01
9.598345370806408150e-01
9.622634559655119935e-01
9.576147361780431577e-01
9.587979480648521902e-01
9.699135042587443412e-01
9.706611872229358173e-01
9.786003694757547944e-01
9.686987484136078130e-01
9.590922421938223863e-01
9.561135163026962536e-01
9.563259466012645760e-01
9.590141027246312788e-01
9.598269467319481274e-01
9.555851200602719642e-01
9.551083564855235020e-01
9.545960987896400241e-01
9.662631384865073558e-01
9.738551304204662307e-01
9.735256997429164727e-01
9.698142092517201274e-01
9.570540953571833320e-01
9.531443458094753796e-01
9.542511071679191659e-01
9.567271386869103944e-01
9.581505468998533503e-01
9.679232872590651793e-01
9.729286040173096284e-01
9.642029575363321170e-01
9.577791994104337681e-01
9.641083284886052818e-01
9.729677423421785321e-01
9.813703921295526822e-01
9.757268586913532271e-01
9.760797116936889006e-01
9.642941914998244268e-01
9.615497394176890644e-01
9.638624454693006660e-01
9.608055242162627518e-01
9.628391119170774948e-01
9.578098211142083152e-01
9.586201283520994210e-01
9.631071024749533471e-01
9.552172051964380461e-01
9.624198709845482869e-01
9.646919426174651591e-01
9.666557041293312169e-01
9.706388578839171277e-01
9.693725588743230537e-01
9.628066367859638985e-01
9.654355392316977813e-01
9.568214812552227055e-01
9.509814041899226078e-01
9.531240385833280593e-01
9.537765850005187618e-01
9.561445447283796195e-01
9.525075729992922291e-01
9.655189581563625723e-01
9.650655547106387067e-01
9.630503123130025322e-01
9.659250126379814727e-01
9.629337233148850261e-01
9.589816660887919841e-01
9.614469890909737027e-01
9.592371611765411199e-01
9.507424409183137248e-01
9.421854786998233866e-01
9.425139898120964421e-01
9.496281926148986141e-01
9.602670784327103082e-01
9.629896767050485362e-01
9.646364623398014926e-01
9.767806623598587201e-01
9.777896440027300518e-01
9.832698423365112683e-01
9.785666159017996080e-01
9.681255107677195770e-01
9.708369441955964074e-01
9.740150390092019439e-01
9.795054274681331830e-01
9.799357148591352207e-01
9.716817328051350344e-01
9.724045054782857189e-01
9.682146312127468679e-01
9.740609592161589836e-01
9.739797467496976724e-01
9.680079867245502401e-01
9.658139421542527581e-01
9.728718135665843647e-01
9.734943156950436327e-01
9.704512068049320206e-01
9.689725573064704722e-01
9.647756719955692395e-01
9.606937795280207082e-01
9.594825281297639785e-01
9.604392370845004079e-01
9.554195634306135165e-01
9.647225917161897923e-01
9.687258866445257466e-01
9.663596242604869380e-01
9.634329276068231973e-01
9.641192000015510466e-01
9.663937458599672903e-01
9.649074453194712575e-01
9.638877522449907920e-01
9.634436101688609311e-01
9.627850692465930171e-01
9.600376198597245780e-01
9.600877729079441147e-01
9.573004523323462855e-01
9.605992909508060951e-01
9.606991144655349091e-01
9.642721776686370427e-01
9.636620881241833025e-01
9.650226987234261644e-01
9.689780185539824675e-01
9.728262698079820359e-01
9.676932350141183026e-01
9.748301505210713591e-01
9.710700066552029330e-01
9.723586768669831848e-01
9.734581865466952477e-01
9.720824881333707257e-01
9.804267303833872349e-01
9.702502552625045240e-01
9.702545542653888688e-01
9.614998949585806809e-01
9.572906797378666344e-01
9.622879872878871144e-01
9.616153788796456547e-01
9.563698578029896646e-01
9.489672640843025420e-01
9.525856534270916720e-01
9.610578112886253299e-01
9.615913093378857246e-01
9.592276475879606412e-01
9.622735544673015617e-01
9.546466716027460775e-01
9.642255847217120479e-01
9.674776020573729873e-01
9.755491191264691331e-01
9.641264412385214255e-01
9.604833837071669045e-01
9.611763518630704883e-01
9.568468187359820964e-01
9.678310022458125328e-01
9.670929482279144729e-01
9.738319714989187581e-01
9.690192268944541887e-01
9.717602153103483964e-01
9.619977275828787144e-01
9.636105106859440550e-01
9.693749930068512599e-01
9.704848074333183305e-01
9.774724624349402369e-01
9.841597010206225571e-01
9.769959092284145052e-01
9.762544972082618511e-01
9.736043610487788991e-01
9.723295626631746069e-01
9.722135767323241140e-01
9.698916613092790628e-01
9.686737067591804085e-01
9.734861132342703671e-01
9.730563926093863669e-01
9.706539903476699704e-01
9.759993336899782657e-01
9.816225068445846302e-01
9.732221522181789819e-01
9.783796367195803922e-01
9.712594959589436749e-01
9.703321443068301244e-01
9.614601397229496360e-01
9.756666912732097074e-01
9.736457137547875895e-01
9.769604462583849624e-01
9.743116931067803410e-01
9.662553089273755447e-01
9.618163958214426268e-01
9.627502903149415259e-01
9.638796205063637768e-01
9.695639133986427849e-01
9.693944182894339567e-01
9.635832132409470896e-01
9.635192667159747648e-01
9.681404756247949939e-01
9.657260902376231249e-01
9.616933590908589569e-01
