1.666666666666666574e-01
3.846153846153846367e-01
6.255012028869286755e-01
7.836852689793866178e-01
8.742374063099180859e-01
9.653730703259004731e-01
1.019086357947434296e+00
1.067397792739640527e+00
1.085625783612360840e+00
1.103910955248913695e+00
1.125385649869472315e+00
1.131352492287708955e+00
1.150563473649320434e+00
1.137948290241868277e+00
1.146248021987174237e+00
1.163960900977475621e+00
1.147936562073669897e+00
1.157606405394016047e+00
1.181275933609958528e+00
1.133995247793618377e+00
1.176983656533152622e+00
1.148370497427101178e+00
1.163660993988654635e+00
1.177905059446324731e+00
1.196152125279642098e+00
1.216038522085378215e+00
1.196656198041751384e+00
1.200438716753496005e+00
1.204399042886066695e+00
1.195407556490714507e+00
1.154129405576012735e+00
1.151078530502190667e+00
1.154282329045362321e+00
1.151291825497670507e+00
1.166097060833902965e+00
1.166839736933194871e+00
1.169214732453092376e+00
1.211916351180818419e+00
1.199833163407173942e+00
1.204081632653061229e+00
1.196328074545622400e+00
1.204245500692201265e+00
1.172211703182760800e+00
1.171123929382974937e+00
1.174856246732880249e+00
1.189205900538821581e+00
1.184177777777777774e+00
1.185553287780637177e+00
1.163176644365279344e+00
1.178738115816767573e+00
1.178838210739080683e+00
1.169244135534317941e+00
1.154409261150834087e+00
1.145101972584420036e+00
1.143046029253780738e+00
1.145040059469728311e+00
1.136721311475409779e+00
1.141678915564265928e+00
1.165278934221481988e+00
1.183238391161747005e+00
1.167777104784978759e+00
1.155963302752293531e+00
1.159727479182437460e+00
1.151563416883225832e+00
1.167440290319858187e+00
1.155751611808618851e+00
1.157527920060458460e+00
1.131343038078789442e+00
1.119821897113779219e+00
1.129846494698528270e+00
1.132188978904307364e+00
1.147410358565737143e+00
1.136871280671720941e+00
1.156362741882584366e+00
1.151328903654485147e+00
1.129147690305790430e+00
1.124861000794281196e+00
1.157753357753357859e+00
1.143247948271574277e+00
1.160683193765027710e+00
1.138813461696700502e+00
1.147670718772946019e+00
1.173476222371065081e+00
1.161962878210017758e+00
1.171205565453465658e+00
1.176208050811089256e+00
1.169715014887281912e+00
1.143686261504021306e+00
1.150707335023305244e+00
1.161559428429834062e+00
1.146431805086838507e+00
1.142694989460029120e+00
1.158984471284200124e+00
1.136701823236039521e+00
1.149178461037904775e+00
1.171821016263588033e+00
1.168886978942844879e+00
1.177662785683484259e+00
1.184291087203708459e+00
1.147154055896387082e+00
1.147325850115549661e+00
1.136644951140065141e+00
1.136080808080808024e+00
1.167220192627034248e+00
1.163428086550700069e+00
1.177152175778903187e+00
1.183295671823396455e+00
1.174162679425837297e+00
1.173754872239064495e+00
1.155964867400017138e+00
1.161578681059200591e+00
1.152612128338652786e+00
1.162535828696678486e+00
1.166695205479452158e+00
1.173547267996530863e+00
1.160898603521554273e+00
1.152179476243282430e+00
1.139665271966527227e+00
1.140339263549855264e+00
1.164889114609785059e+00
1.147844643619291505e+00
1.133549136786188516e+00
1.138978030116020834e+00
1.128947368421052699e+00
1.157630941441817773e+00
1.140713261950931701e+00
1.172254533014026601e+00
1.153360981510281658e+00
1.139349087545202144e+00
1.148110999665663767e+00
1.145009257700723815e+00
1.155843057669541762e+00
1.148914431673052405e+00
1.142869219714261586e+00
1.126449155349453557e+00
1.147979085401278132e+00
1.114527665871906548e+00
1.138906961613532776e+00
1.149389734158167586e+00
1.128553667633650948e+00
1.131369685167153527e+00
1.148855277295644184e+00
1.156485639244259955e+00
1.154108131119625291e+00
1.162657306737436835e+00
1.171143847487001732e+00
1.162342733188720167e+00
1.153455983493810288e+00
1.171332296526697681e+00
1.177632739460222178e+00
1.163159740487462734e+00
1.143745209912288230e+00
1.144495604855588100e+00
1.177611812172718597e+00
1.165878851540616212e+00
1.184266103484688415e+00
1.192819866834623044e+00
1.197579177284310070e+00
1.187900099179515001e+00
1.186890816417776939e+00
1.177968349394394876e+00
1.186837455830388688e+00
1.209445958219800277e+00
1.204012146866660471e+00
1.179994627026058840e+00
1.184937532993137532e+00
1.173916849015317343e+00
1.151133288227334184e+00
1.147315129886297580e+00
1.144467297408473971e+00
1.152277979531198371e+00
1.161174305787888938e+00
1.189145019783244495e+00
1.158745247148289081e+00
1.146408380445626873e+00
1.175437114621167289e+00
1.168117941201827659e+00
1.179567370341412458e+00
1.188004613610149862e+00
1.181262187555397913e+00
1.175287608676560902e+00
1.156965731014293119e+00
1.163364231652351366e+00
1.170456503014642546e+00
1.158736987008517572e+00
1.210765124555160055e+00
1.183847549909256003e+00
1.189561176155152333e+00
1.197117998912452519e+00
1.190851449275362350e+00
1.178922006068177764e+00
1.173478337133836202e+00
1.188241544182751852e+00
1.173622853074663963e+00
1.166101694915254283e+00
1.168218658389377440e+00
1.148680649526387043e+00
1.165336469797530139e+00
1.158618348468132053e+00
1.172767704413274048e+00
1.163006974941875438e+00
1.156600884654644501e+00
1.180309447661854971e+00
1.173451482716266092e+00
1.186449626044874694e+00
1.153057708871662257e+00
1.154654780926751334e+00
1.148197596795727637e+00
1.143389353423296617e+00
1.121356479612434454e+00
1.144287444489301642e+00
1.150795634424727210e+00
1.166779488915214102e+00
1.152738972144610852e+00
1.166978246091094462e+00
1.147922998986828702e+00
1.182650355034647882e+00
1.199982040229885083e+00
1.165064809099726650e+00
1.151315233020383966e+00
1.152945113788487186e+00
1.180180180180180116e+00
1.149249914763041280e+00
1.173080183081878225e+00
1.178134490238611720e+00
1.193816254416961042e+00
1.182817625676035211e+00
1.187560652845169873e+00
1.177900166098435175e+00
1.176004872107186294e+00
1.161025641025640986e+00
1.138948586543230279e+00
1.142095914742451201e+00
1.164875144699851095e+00
1.185449849332759431e+00
1.182612494539100112e+00
1.207481784254487378e+00
1.172985364133309893e+00
1.165091528309919022e+00
1.173861115850537429e+00
1.180173160173160207e+00
1.141553283191075741e+00
1.140642845488660573e+00
1.148684210526315752e+00
1.148796680497925271e+00
1.132412204951064982e+00
1.152454139811601497e+00
1.159999999999999920e+00
1.136121292902365854e+00
1.130434782608695565e+00
1.157456030674335334e+00
1.166337822767435917e+00
1.150598290598290552e+00
1.155812176275791803e+00
1.162448700410396718e+00
1.165305596148886735e+00
1.195890896209705900e+00
1.166311489966258108e+00
1.184547848990342489e+00
1.204316677246757950e+00
1.192311187857856947e+00
1.178494815874150836e+00
1.162310986801853074e+00
1.138106118304138104e+00
1.154922496857980763e+00
1.147001771105675916e+00
1.154253530598520427e+00
1.166924133196017843e+00
1.150090415913200825e+00
1.155240212002051736e+00
1.141368795527697877e+00
1.176918418548317247e+00
1.158235037134119683e+00
1.156692710569245275e+00
1.137634045427678764e+00
1.153800675675675569e+00
1.166464786295206890e+00
1.151386848699559318e+00
1.154373340186755748e+00
1.169806384092098472e+00
1.155497382198952927e+00
1.156373645277825490e+00
1.156815440289505448e+00
1.154647160068846823e+00
1.156517232443638354e+00
1.159065339679792306e+00
1.143027922466057555e+00
1.150365087451180157e+00
1.143535799117746832e+00
1.179883609832363511e+00
1.143566080445760136e+00
1.145535940535518105e+00
1.136310419802642580e+00
1.171068427370948406e+00
1.158005433353781477e+00
1.164827526283777948e+00
1.167702951221648133e+00
1.185373240691252494e+00
1.188646684831971001e+00
1.197393778104065332e+00
1.187396656255741423e+00
1.176444002530959043e+00
1.173246591212904422e+00
1.172027723476097405e+00
1.168888496512757058e+00
1.193009255099290122e+00
1.187637161667885799e+00
1.169483905772343180e+00
1.187949640287769837e+00
1.182123411978221350e+00
1.204899161985449885e+00
1.182710837845278418e+00
1.169818084057711260e+00
1.179045920641997425e+00
1.166414926699244736e+00
1.139755534661082148e+00
1.163875598086124397e+00
1.153906047235920163e+00
1.166940008631851544e+00
1.166360695865023223e+00
1.169874329905967070e+00
1.159721618094823770e+00
1.173658451319699259e+00
1.154285220098590248e+00
1.150294860994102830e+00
1.153025210084033692e+00
1.121030606383851547e+00
1.121110311175105956e+00
1.143147290600373678e+00
1.135577947079544625e+00
1.151510150189800408e+00
1.172140237140663732e+00
1.169747461598542149e+00
1.151064375480892465e+00
1.158958315718271681e+00
1.173139714727616356e+00
1.166291551246537495e+00
1.163338760819264683e+00
1.165550403572041871e+00
1.154855195911413945e+00
1.177498493586984551e+00
1.163963021105878237e+00
1.144711171430994989e+00
1.166411042944785370e+00
1.164788488210818374e+00
1.156977243452125270e+00
1.148072850487081853e+00
1.158992622742304857e+00
1.144532568342895740e+00
1.156454591237199958e+00
1.163324515743664245e+00
1.153160040774719564e+00
1.153155421282309412e+00
1.155194203386974428e+00
1.175611850579648010e+00
1.181834137779727900e+00
1.181882644921113279e+00
1.196945193171608190e+00
1.225921077239573664e+00
1.192088814255061191e+00
1.195709242328233834e+00
1.173486672015690457e+00
1.179819567311903405e+00
1.159760748959778098e+00
1.166994273993675835e+00
1.147848101265822818e+00
1.148587055606198781e+00
1.148469809760132243e+00
1.148025772344292150e+00
1.171532537869171442e+00
1.180472854640980840e+00
1.192817139301271201e+00
1.197020316027088027e+00
1.180653828929691063e+00
1.158008470913648447e+00
1.161090878292538431e+00
1.159924901860385660e+00
1.153072436818527668e+00
1.157765966422002801e+00
1.163319148936170278e+00
1.180400311931375068e+00
1.191829484902309000e+00
1.195521179962226732e+00
1.167297701857884951e+00
1.193392496265706093e+00
1.145786468247101508e+00
1.121670207550253373e+00
1.166307232913072367e+00
1.160752641979551525e+00
1.150968943048150894e+00
1.150892782295246830e+00
1.143380821461301267e+00
1.131576794043040568e+00
1.128265264860493389e+00
1.152614727854855969e+00
1.144093898276866694e+00
1.146958758609244011e+00
1.121953207793266571e+00
1.131879626649501036e+00
1.138918259455063087e+00
1.160833891493636916e+00
1.164950223137658725e+00
1.160529938059187804e+00
1.164919216225507093e+00
1.160307320441988921e+00
1.194321206743566899e+00
1.166191917393626598e+00
1.156559993099284034e+00
1.164731182795698983e+00
1.176676896098202585e+00
1.166153575512358209e+00
1.125630252100840334e+00
1.146452145214521545e+00
1.155374426897605611e+00
1.156372968349016261e+00
1.172840582236555296e+00
1.196251576860695609e+00
1.171268724057029420e+00
1.178255484784147100e+00
1.172267795713151539e+00
1.164853337975454872e+00
1.173988842398884236e+00
1.155059472504740503e+00
1.140737636211232253e+00
1.150200937709310089e+00
1.156077699550428273e+00
1.171769590036325859e+00
1.195358006989873711e+00
1.167862266857962794e+00
1.151624548736462028e+00
1.148533265702933459e+00
1.158261164883681360e+00
1.173428521678565151e+00
1.153470952007664918e+00
1.156403410558952682e+00
1.142419601837672216e+00
1.149110922946655400e+00
1.133154001344989892e+00
1.141862999916156696e+00
1.131994981179422766e+00
1.156960950764006846e+00
1.164946650341087908e+00
1.142163661581137246e+00
1.195801697186243961e+00
1.193653452447422270e+00
1.187534574958510003e+00
1.183821503994123558e+00
1.201567749160134424e+00
1.172752548656163185e+00
1.178864756342398179e+00
1.176470588235294157e+00
1.166454545454545411e+00
1.190759922999358400e+00
1.172017293717229292e+00
1.162431534524557719e+00
1.165208072870155487e+00
1.159847341794621567e+00
1.174279061436503735e+00
1.191992636907501124e+00
1.168912107047933358e+00
1.165113778892671537e+00
1.166217914198528049e+00
1.172108166772180438e+00
1.141855304039059105e+00
1.171966601527802521e+00
1.165854098952690432e+00
1.155379549701877728e+00
1.163850305228700366e+00
1.125118728952594793e+00
1.142784380305602809e+00
1.163012977902490253e+00
1.161511721187271640e+00
1.147926914968376622e+00
1.146265560165975028e+00
1.171081580568511749e+00
1.156252777530886178e+00
1.158323836240904736e+00
1.155862309977284674e+00
1.163437088996054358e+00
1.148709902370990132e+00
1.170287316047652348e+00
1.160152780245158999e+00
1.183949504057709712e+00
1.143060498220640486e+00
1.132584460896944867e+00
1.129562809431903903e+00
1.150861333788163021e+00
1.138919893534815930e+00
1.153628409675759192e+00
1.183282891223072841e+00
1.189860652731939750e+00
1.174425991469280284e+00
1.144847528916929535e+00
1.170827858081471717e+00
1.161321844185839947e+00
1.156293706293706203e+00
1.156168435705585473e+00
1.135315793984060351e+00
1.164099475088202329e+00
1.174006061686575064e+00
1.157843398066861651e+00
1.148401037165082128e+00
1.136613407726773106e+00
1.152398711646041685e+00
1.163012392755004676e+00
1.174667847652790087e+00
1.148678125817991447e+00
1.165118499869780333e+00
1.141921585523481220e+00
1.150826621449766884e+00
1.159352951299259971e+00
1.144541260891850376e+00
1.166911828329151080e+00
1.159811370186009993e+00
1.182387165021156594e+00
1.167918028442717082e+00
1.179202955925046092e+00
1.172136222910216796e+00
1.177150419056021136e+00
1.169404698816463473e+00
1.197707994946760612e+00
1.205373744886574894e+00
1.176700974587849613e+00
1.188316956639322131e+00
1.183384727008888193e+00
1.191705152585348149e+00
1.177322183256901411e+00
1.158778759513603429e+00
1.153793516380121398e+00
1.186866037075900771e+00
1.169666726073783636e+00
1.133350396723828979e+00
1.139550319422550473e+00
1.136632508539531683e+00
1.155489864864864824e+00
1.169014084507042250e+00
1.203867702873667067e+00
1.169859282796187117e+00
1.157788680567723771e+00
1.159604029176797502e+00
1.189102277802590368e+00
1.142994746059544653e+00
1.141687072532297620e+00
1.165348917153661068e+00
1.176951805086252856e+00
1.167616672604203876e+00
1.151004366812227175e+00
1.133401308522389295e+00
1.154752819469176739e+00
1.158081244598098580e+00
1.160333884010086081e+00
1.157834907310248296e+00
1.152402467634025651e+00
1.145727343278434063e+00
1.144214310167750881e+00
1.174975904670112925e+00
1.178992883524006885e+00
1.201124527606231007e+00
1.167791970802919632e+00
1.189653613095776441e+00
1.172657311000452784e+00
1.155868131868131865e+00
1.167118022189219895e+00
1.160560911481156809e+00
1.172301747606920186e+00
1.177817371937639246e+00
1.182746160794941215e+00
1.184821184821184925e+00
1.196683555964993095e+00
1.185657517789483473e+00
1.185772913816689478e+00
1.158208689458689378e+00
1.172244180939833180e+00
1.190909910722337539e+00
1.185726019895956940e+00
1.177206080777188024e+00
1.178913452071959078e+00
1.175885253249663753e+00
1.173671972813450148e+00
1.191263282172372984e+00
1.202555255059218453e+00
1.186867279650784868e+00
1.177192185370286248e+00
1.181085972850678623e+00
1.174359899026325316e+00
1.186988171064604192e+00
1.180663437814127859e+00
1.187699899479119026e+00
1.222358722358722449e+00
1.188755777756815402e+00
1.196913694326372291e+00
1.220011370096645731e+00
1.194808872109485609e+00
1.182318415260454891e+00
1.173341733417334165e+00
1.178103107598347465e+00
1.156601933138245997e+00
1.163356374135969817e+00
1.159413932268819059e+00
1.162813186813186794e+00
1.179732998835229862e+00
1.164815478323181663e+00
1.182808280828082870e+00
1.173009129530868666e+00
1.185195277020890003e+00
1.179356250569891573e+00
1.170407239819004630e+00
1.153288543140028377e+00
1.142079336271713874e+00
1.132750127399354545e+00
1.175512348922753469e+00
1.152373319084513348e+00
1.139826839826839855e+00
1.166229909154437472e+00
1.143007545183365448e+00
1.156451332056416481e+00
1.162030905077262588e+00
1.145031490552834041e+00
1.147193634869843493e+00
1.180965985179894595e+00
1.175091575091575136e+00
1.155450152138893793e+00
1.155655391120507414e+00
1.171081973062171100e+00
1.187420003656975753e+00
1.140926469280697075e+00
1.152055857253684978e+00
1.155310971348707305e+00
1.164941155649942495e+00
1.156800000000000050e+00
1.173241081858208190e+00
1.142476933995741684e+00
1.166372462488967310e+00
1.156205420827389529e+00
1.163084029134837438e+00
1.176571377040310118e+00
1.173166075811289844e+00
1.161428955143701369e+00
1.166651773746760767e+00
1.173607987766483784e+00
1.198581560283688008e+00
1.219593947519632238e+00
1.178967136150234740e+00
1.165186182144459348e+00
1.161565078520095717e+00
1.162023070097604194e+00
1.177285817134629209e+00
1.151674385464909189e+00
1.160976037918019843e+00
1.160382368560807231e+00
1.148748030117317409e+00
1.171863988724453742e+00
1.196617336152219879e+00
1.191187523487410749e+00
1.183004099888184779e+00
1.170644718792867023e+00
1.173452768729641660e+00
1.145770526689129376e+00
1.150291025975154202e+00
1.169345528816268631e+00
1.171492805755395716e+00
1.187271062271062272e+00
1.189993490188784531e+00
1.189131444496052126e+00
1.169147867385149420e+00
1.189887231720625715e+00
1.176070575261900286e+00
1.178402474526928589e+00
1.174848017421286528e+00
1.204218154789556738e+00
1.189647058823529502e+00
1.176302443522360575e+00
1.179848221632988858e+00
1.150112157918349087e+00
1.181022158684774892e+00
1.187206194119273750e+00
1.193385650224215278e+00
1.193160465990229291e+00
1.222477723483759604e+00
1.174063995495918222e+00
1.166488318173711347e+00
1.169061557566081211e+00
1.185552152765267486e+00
1.181478783463850046e+00
1.172367236723672379e+00
1.192506109150149429e+00
1.186201848293531036e+00
1.181743869209809228e+00
1.166726201107340488e+00
1.140020629190304335e+00
1.164465786314525797e+00
1.164546969564073331e+00
1.153959580189088285e+00
1.137445979154309006e+00
1.143896455460621020e+00
1.146544404822550600e+00
1.152719843364263141e+00
1.133316553402130999e+00
1.144841930116472506e+00
1.142340371834777546e+00
1.167709315279801263e+00
1.155474579212215858e+00
1.136124766909645700e+00
1.142259414225941461e+00
1.150880776104161285e+00
1.167652688359143820e+00
1.166535053084144957e+00
1.157702349869451641e+00
1.147861926841834190e+00
1.146318732525628992e+00
1.143349588027577024e+00
1.137022837139523235e+00
1.155454774502393533e+00
1.166552374421395477e+00
1.158743852989388312e+00
1.187714814488411097e+00
1.197997269003186149e+00
1.182006857967875746e+00
1.176861113569974249e+00
1.172268907563025264e+00
1.170181376377679383e+00
1.175917870193144310e+00
1.171841029654752564e+00
1.162522584530671921e+00
1.172191132156694016e+00
1.198407784166298118e+00
1.169229417450136088e+00
1.175426562633970606e+00
1.220523822293733796e+00
1.203495860165593401e+00
1.195794770419624342e+00
1.192729216786955426e+00
1.188709391088230038e+00
1.173081981587023259e+00
1.169259864179489350e+00
1.187946973661259342e+00
1.182434216316113673e+00
1.152695889942749741e+00
1.168062251543601437e+00
1.144965204997065555e+00
1.138670595939751173e+00
1.159472023908351357e+00
1.162052667116812987e+00
1.156759956032806347e+00
1.177542119216625327e+00
1.153329364741899843e+00
1.148505785399150936e+00
1.166384276516435170e+00
1.186243663695158101e+00
1.163468248429867513e+00
1.182930025334148594e+00
1.158599113583036466e+00
1.139238382821674112e+00
1.167485598102338207e+00
1.166767843205272825e+00
1.169554669901230248e+00
1.169616519174041303e+00
1.178612059158134162e+00
1.191002227171492178e+00
1.164229074889867821e+00
1.150676768536647687e+00
1.165470698786946757e+00
1.160481099656357484e+00
1.151373812754409753e+00
1.177238005321431746e+00
1.163279485843321082e+00
1.185824426143332833e+00
1.176716843324129291e+00
1.173421052631578920e+00
1.173051634960988965e+00
1.153133047210300521e+00
1.158580183861082746e+00
1.156354015532986335e+00
1.164489515297353117e+00
1.185234072509679715e+00
1.167460317460317532e+00
1.178211752342587015e+00
1.171842105263157796e+00
1.170455535232122646e+00
1.153425126143846846e+00
1.162810407661666323e+00
1.143001007049345485e+00
1.158658280922431949e+00
1.142281202754913405e+00
1.167993900372755078e+00
1.167840069534984870e+00
1.195636687444345592e+00
1.194932126696832686e+00
1.183358601623116124e+00
1.175096254812740604e+00
1.174118057981138774e+00
1.175568528361069953e+00
1.172413793103448176e+00
1.171121593291404528e+00
1.172275501307759482e+00
1.167652173913043434e+00
1.184066901408450612e+00
1.187088156723063115e+00
1.143115474037716295e+00
1.179491568946332336e+00
1.191937210132001379e+00
1.164741158832348633e+00
1.162484858972140600e+00
1.191794146255195086e+00
1.185345997286295860e+00
1.158641975308641880e+00
1.154479211315902365e+00
1.148213833291107155e+00
1.161092672964002981e+00
1.156619284123993729e+00
1.145557336933592074e+00
1.124138496882179261e+00
1.130498059508408870e+00
1.139376538146021245e+00
1.125519602249572149e+00
1.142915475704369133e+00
1.141450091044529103e+00
1.163165854478239059e+00
1.154899625723035061e+00
1.172139558748075849e+00
1.183138009445513283e+00
1.176429384467209571e+00
1.203725158185545041e+00
1.185181859003143323e+00
1.165076335877862634e+00
1.149403060366571472e+00
1.162073601075449547e+00
1.154273216689098325e+00
1.158495350803043111e+00
1.162486183147691587e+00
1.166680912898538258e+00
1.146226415094339535e+00
1.123505976095617420e+00
1.150142103126268855e+00
1.142550734202276930e+00
1.152209762532981463e+00
1.180657872194620595e+00
1.164661068305774316e+00
1.172801105927077980e+00
1.181969803370786609e+00
1.193747208575256735e+00
1.195846501128668082e+00
1.192744991878722294e+00
1.192715827338129531e+00
1.158466118017860369e+00
1.201673271686481748e+00
1.207662765179224662e+00
1.196902050113895166e+00
1.186508643735519453e+00
1.180151595275868104e+00
1.172464905397157642e+00
1.166005176876617755e+00
1.178835610477765306e+00
1.170460469157254657e+00
1.144254278728606300e+00
1.148236848624989648e+00
1.182547129574341049e+00
1.188331717634617091e+00
1.187280084447572159e+00
1.220528546946874737e+00
1.193163320672816052e+00
1.179216473257132858e+00
1.186749085843635809e+00
1.186470382053978367e+00
1.180697613427747150e+00
1.195214550591559233e+00
1.186524822695035564e+00
1.198048780487804832e+00
1.172939536504617575e+00
1.197715979426379640e+00
1.167115200972306699e+00
1.169072690217391353e+00
1.153530102297501303e+00
1.174875390724001045e+00
1.175573177038441663e+00
1.159513894790515920e+00
1.173584585349291221e+00
1.178676343528598514e+00
1.158379530916844313e+00
1.159976436926702048e+00
1.157965306293471830e+00
1.142939623886506162e+00
1.135004042037186744e+00
1.162677451304060749e+00
1.134912800263244481e+00
1.148657445077298611e+00
1.172301255230125516e+00
1.179016055636644689e+00
1.177384548985757506e+00
1.174263885312043953e+00
1.166922159768353007e+00
1.183467396885161671e+00
1.163549406439490896e+00
1.183134801611106290e+00
1.177661886136462499e+00
1.161262725639490068e+00
1.145864536528540478e+00
1.140697769425606634e+00
1.152147138517119584e+00
1.148516492623901764e+00
1.149681265005381148e+00
1.136122232208513827e+00
1.157114624505928946e+00
1.146436571807848637e+00
1.159833333333333272e+00
1.158678102926337106e+00
1.163757483767602574e+00
1.157762308143923446e+00
1.162420382165605170e+00
1.144364149846332834e+00
1.189611054247696975e+00
1.167915650052282928e+00
1.137574950033311216e+00
1.162366215879863995e+00
1.186171132238547976e+00
1.183089917297202254e+00
1.166709900562040714e+00
1.173172828890799657e+00
1.152884124553343437e+00
1.141581210717830031e+00
1.116413130504403606e+00
1.109685945273631846e+00
1.129654307439053040e+00
1.163976280678636233e+00
1.184641932700603917e+00
1.178546286518831421e+00
1.185774573588886938e+00
1.187782604840854628e+00
1.210554852701970052e+00
1.204274445055953047e+00
1.218469510502452113e+00
1.214984623986580914e+00
1.195237660797372481e+00
1.188202748527574570e+00
1.174526647966339432e+00
1.173307978217650538e+00
1.170427144333448188e+00
1.176841923209962060e+00
1.199662941280823070e+00
1.199153686864139701e+00
1.177252192399681041e+00
1.179348772418596480e+00
1.189148786493141152e+00
1.151512547267102171e+00
1.153846153846153744e+00
1.152801073465280046e+00
1.168393342391304435e+00
1.148876878905590315e+00
1.153441363180755186e+00
1.162721893491124314e+00
1.182267719267805939e+00
1.170426722630290239e+00
1.166981943250214870e+00
1.211125945705384899e+00
1.181941065152743997e+00
1.164918061215642009e+00
1.171130315735432470e+00
1.158588435374149572e+00
1.174693669162695686e+00
1.189689820882481541e+00
1.174345549738219807e+00
1.174302445745780243e+00
1.176664069938543999e+00
1.187801667397981653e+00
1.181289640591966172e+00
1.169225431520513503e+00
1.163700154030463896e+00
1.174159718043497058e+00
1.158879302981122406e+00
1.167970743323694549e+00
1.191254919108001742e+00
1.166753789858860468e+00
1.179070972198238643e+00
1.164023444233752702e+00
1.181212697863506689e+00
1.196279152572547577e+00
1.191715443493921667e+00
1.176951078753440516e+00
1.160609714088873590e+00
1.167220659677831840e+00
1.173479046553652871e+00
1.148452734209410853e+00
1.145109368551382678e+00
1.143954410307234992e+00
1.158638568322462037e+00
1.136525852767864553e+00
1.147165160230073866e+00
1.164067110698929319e+00
1.158888038765621076e+00
1.161331300813008172e+00
1.166425100179043328e+00
1.129824561403508731e+00
1.149110467521721191e+00
1.144423060831729622e+00
1.151781234320120362e+00
1.145763563295378429e+00
1.143248629795714955e+00
1.137038258575197913e+00
1.145057128663686141e+00
1.156555443208628242e+00
1.147088522383036047e+00
1.137285620052770341e+00
1.144598155467720701e+00
1.135856540781753576e+00
1.157630101399480527e+00
1.135098893731143255e+00
1.170756473176510326e+00
1.160471362966813968e+00
1.153088323481538557e+00
1.163844236224533590e+00
1.162293236338442837e+00
1.162883382429388268e+00
1.184607246760116306e+00
1.189555475243946558e+00
1.184929013469239178e+00
1.202093471673859160e+00
1.181176686217008776e+00
1.184762938834600154e+00
1.177612481857764903e+00
1.178696945120302875e+00
1.175810361856873376e+00
1.190221335268505154e+00
1.207347620372947405e+00
1.188852763585694472e+00
1.180128728129816063e+00
1.164081198475312551e+00
1.152413793103448381e+00
1.132119986518368648e+00
1.131297203087393122e+00
1.149756015480397187e+00
1.171264467844399970e+00
1.185898012411187974e+00
1.160046519949901489e+00
1.134213232773397362e+00
1.138614696701257145e+00
1.131857960282733000e+00
1.151357350179272654e+00
1.153758939473225276e+00
1.160877192982456174e+00
1.161153744376819175e+00
1.154524807826694532e+00
1.148385421175655896e+00
1.168011224131883630e+00
1.150017587055926827e+00
1.167441044972385322e+00
1.163444483859524592e+00
1.184767913474538137e+00
1.192339640055376071e+00
1.187731310140636598e+00
1.170383912248628810e+00
1.162353362586191485e+00
1.167144906743185162e+00
1.153525498891352585e+00
1.166651884700665276e+00
1.144890607152271311e+00
1.160423595308944567e+00
1.143839791031780573e+00
1.160146379715953691e+00
1.151934432008460352e+00
1.166033401078024223e+00
1.162915326902465241e+00
1.171516079632465512e+00
1.169502262443439022e+00
1.184702861335289903e+00
1.192643333020549923e+00
1.181818181818181879e+00
1.171265110270369947e+00
1.164052525989421882e+00
1.155019862766341721e+00
1.177047078219454201e+00
1.165169059749884273e+00
1.155597895118853247e+00
1.137355811889973367e+00
1.153035935563816672e+00
1.169351918899348197e+00
1.195158566335147388e+00
1.155268022181145993e+00
1.193590098827006507e+00
1.161998697310877349e+00
1.151632341037863050e+00
1.149764883328897147e+00
1.139887738993159205e+00
1.147686364035472861e+00
1.155610883869820471e+00
1.177646524307133014e+00
1.164834157962250316e+00
1.180187637969094983e+00
1.154208998548621246e+00
1.130129261733321844e+00
1.146219501681179365e+00
1.144466765656389162e+00
1.147754034016572167e+00
1.119484509686779816e+00
1.115490147168870072e+00
1.110222588623248186e+00
1.126249167221852199e+00
1.150207182320442056e+00
1.159349448986846776e+00
1.148736141906873565e+00
1.188462589993620755e+00
1.193176448350817598e+00
1.167131437070087374e+00
1.147050902235389191e+00
1.178281278209063032e+00
1.177049783748964851e+00
1.153219971056439919e+00
1.173685161756732320e+00
1.184545370112380480e+00
1.149776521025266840e+00
1.159781342414194727e+00
1.144943019943019946e+00
1.145772851236034118e+00
1.170312782498643900e+00
1.192340265361814255e+00
1.172180451127819545e+00
1.157789128055454198e+00
1.135803555712022517e+00
1.130873351150961215e+00
1.155017058874989067e+00
1.149875621890547261e+00
1.148346816742877197e+00
1.174025510659173932e+00
1.171655411571454586e+00
1.168347415281184798e+00
1.177503429355281295e+00
1.174403669724770616e+00
1.181641528638845084e+00
1.181142591732466274e+00
1.183595568382832086e+00
1.178387970486597602e+00
1.158858913598250107e+00
1.179799818016378454e+00
1.176915276113211117e+00
1.193106660456450863e+00
1.167959372114496741e+00
1.193378340885970612e+00
1.172221706433943078e+00
1.202020202020201989e+00
1.211161533262527845e+00
1.203054025321349085e+00
1.179089026915113969e+00
1.156969367409824256e+00
1.155498358036744388e+00
1.151721094439541071e+00
1.144097526749693117e+00
1.126080629975177549e+00
1.139310697833134212e+00
1.155238761588245566e+00
1.140809369810331209e+00
1.149463397609283621e+00
1.164429828459692562e+00
1.146354443853113247e+00
1.121217316759537175e+00
1.137032938973529639e+00
1.135223932215113196e+00
1.146526205815775690e+00
1.138375251949872879e+00
1.151395123668691234e+00
1.155203136136849551e+00
1.149612610205717367e+00
1.142743644067796716e+00
1.150131926121372050e+00
1.166860934277772710e+00
1.165030897855325431e+00
1.180590019299696758e+00
1.160274599542334029e+00
1.183693965123710390e+00
1.185905790355613387e+00
1.181464318813716385e+00
1.180250783699059669e+00
1.174196510560146844e+00
1.152048885693745417e+00
1.169762457581710935e+00
1.186456230501009346e+00
1.174264705882352988e+00
1.194375288151221737e+00
1.174760853568800556e+00
1.179180268407689525e+00
1.178153091800599350e+00
1.204007792930698484e+00
1.216569069789766644e+00
1.186671715259371540e+00
1.162930017246074144e+00
1.173742068102600733e+00
1.153399446082372881e+00
1.191952147906470971e+00
1.184596691279558911e+00
1.168940573207581712e+00
1.187236383642031878e+00
1.164786795048142976e+00
1.172650189428107614e+00
1.184386753508852363e+00
1.180440771349862361e+00
1.168135162140067296e+00
1.181909273091637846e+00
1.161800596583205225e+00
1.178997829232995675e+00
1.168909090909090898e+00
1.176995176995176973e+00
1.160964159971111354e+00
1.164976213984382003e+00
1.157164730253084750e+00
1.168048296990448653e+00
1.157543511588060348e+00
1.157509810916874882e+00
1.180719607486825362e+00
1.152869707135733002e+00
1.161961765231373844e+00
1.164831196966961580e+00
1.164042707202316285e+00
1.150879385769127738e+00
1.164564831261101219e+00
1.161483467381590806e+00
1.162215274676194676e+00
1.171801801801801712e+00
1.142831858407079570e+00
1.151357446439413623e+00
1.172549019607843190e+00
1.165295234650510992e+00
1.167145421903052149e+00
1.168940283675128811e+00
1.179251297932416342e+00
1.163938873315851330e+00
1.173873873873873874e+00
1.148443735035913793e+00
1.141295929782290663e+00
1.152362916415597738e+00
1.168180615574565762e+00
1.169838291789511375e+00
1.169048044293623967e+00
1.158345095271700709e+00
1.149104503564597479e+00
1.140916082720902391e+00
1.135914958238420702e+00
1.142893487109905015e+00
1.154071017109448816e+00
1.188436830835117863e+00
1.163455506765839198e+00
1.209526406690300870e+00
1.191213506202779548e+00
1.195959036811514054e+00
1.177593133674214698e+00
1.180350054132082382e+00
1.169995521719659592e+00
1.168592853992060032e+00
1.168371846886576026e+00
1.176475817923186451e+00
1.186553713049747660e+00
1.181678283696931286e+00
1.157028430595898216e+00
1.190712953919914829e+00
1.187165290006353846e+00
1.171623074166965317e+00
1.187915842474375205e+00
1.164480142793395734e+00
1.179507616011335358e+00
1.183068212456187762e+00
1.182594623752584839e+00
1.168056048244058287e+00
1.154404145077720267e+00
1.172578681968353242e+00
1.200595023440317322e+00
1.191635398554040437e+00
1.190635754392320278e+00
1.189335743334839490e+00
1.176029293560775235e+00
1.174334567248369376e+00
1.180001768190257261e+00
1.177966101694915224e+00
1.162997128187277074e+00
1.134374737549340706e+00
1.143871234007428850e+00
1.138346112622639961e+00
1.153147901399067310e+00
1.150683782196493032e+00
1.197730248799650843e+00
1.203066532810075806e+00
1.179644500586483735e+00
1.168478260869565188e+00
1.171723354026405595e+00
1.174569722514928083e+00
1.150586813945460918e+00
1.170639359779709121e+00
1.183289124668434944e+00
1.178244240860980119e+00
1.173646850044365531e+00
1.155602021258058887e+00
1.153714627682311811e+00
1.169889502762430977e+00
1.153852791440158843e+00
1.183950293165310308e+00
1.162934226767765811e+00
1.183152125872889648e+00
1.194459631857116788e+00
1.182247660579631043e+00
1.182826734012807801e+00
1.186373108634592777e+00
1.143181818181818077e+00
1.157120875363309986e+00
1.126729849869999134e+00
1.141298057048367065e+00
1.138661772067411926e+00
1.146518293711009884e+00
1.150673257201295430e+00
1.174716652136007067e+00
1.153993554568417457e+00
1.154373340186755748e+00
1.172182546594670027e+00
1.156960475690800960e+00
1.157862938028655364e+00
1.175147200984269169e+00
1.163453033787369639e+00
1.177396407611595253e+00
1.173776097912166971e+00
1.175764094290579820e+00
1.174353912419239032e+00
1.164269763287181680e+00
1.162011666961286993e+00
1.180372067942841774e+00
1.184145560939928732e+00
1.166862090736899171e+00
1.190709490110687607e+00
1.149536872105450636e+00
1.154900439617274399e+00
1.152286902286902226e+00
1.170868347338935633e+00
1.171777500445712272e+00
1.161218885640889376e+00
1.166445564694437165e+00
1.172755694506476098e+00
1.166060820994768932e+00
1.168782739944952409e+00
1.141173389209009903e+00
1.166389932709953614e+00
1.171778592506482974e+00
1.175065593051660251e+00
1.169255780346820872e+00
1.160609299839657993e+00
1.188550658791458492e+00
1.179510844485463839e+00
1.160043254933765811e+00
1.160834813499111995e+00
1.145438519171441127e+00
1.156442256987168182e+00
1.157646849728961147e+00
1.156972111553784766e+00
1.156189298958149481e+00
1.138825988503745057e+00
1.154785795305819818e+00
1.149758029036515694e+00
1.207729914214555889e+00
1.212085655617483049e+00
1.186725578714820761e+00
1.178707224334600845e+00
1.166406751674158304e+00
1.158070333633904436e+00
1.166561343324004740e+00
1.183621006243114282e+00
1.183407738095238138e+00
1.183012014529198019e+00
1.177325312355391063e+00
1.178040446948009912e+00
1.173243592107689581e+00
1.182346430547869476e+00
1.160080131123656821e+00
1.184857064572107044e+00
1.144508670520231197e+00
1.158673876429394456e+00
1.149097730927282512e+00
1.152326096588391691e+00
1.165450779068720077e+00
1.167520117044623218e+00
1.161060329067641783e+00
1.159960213400849982e+00
1.167228345022315317e+00
1.146492805755395583e+00
1.153348115299334786e+00
1.175318761384335220e+00
1.153839130831735504e+00
1.176040237768632757e+00
1.187359128474831049e+00
1.162453531598512946e+00
1.155458753062891475e+00
1.160804931109499671e+00
1.165702744882034292e+00
1.199509480237713532e+00
1.186445552147239235e+00
1.188707843880257631e+00
1.158118473338878074e+00
1.197259252353873427e+00
1.170440665225970012e+00
1.191604984540429069e+00
1.178237461037120903e+00
1.219243054883360822e+00
1.217013194722111225e+00
1.206804470378795457e+00
1.199727201870615767e+00
1.193940563489000350e+00
1.148682385575589437e+00
1.155051952705123508e+00
1.133262730562174525e+00
1.154465075154730291e+00
1.135111189864445924e+00
1.144049187527448330e+00
1.161209068010075507e+00
1.157703157703157792e+00
1.149211813734372090e+00
1.142575676159770737e+00
1.168587632638126594e+00
1.167475728155339842e+00
1.150045913682277376e+00
1.134136546184739025e+00
1.147567278559971538e+00
1.162332906061160909e+00
1.160496112550907011e+00
1.144768187648891322e+00
1.153992913600436099e+00
1.163030470404124106e+00
1.170147305612530220e+00
1.193004312410158141e+00
1.179067077872012259e+00
1.175961995249406256e+00
1.175700047460844777e+00
1.168947616800377620e+00
1.148438219847046859e+00
1.155612478272802113e+00
1.156822810590631301e+00
1.142713751254676557e+00
1.148366072236806312e+00
1.135403502437263068e+00
1.129588282575689995e+00
1.139097744360902276e+00
1.138220936539504624e+00
1.134552992069214117e+00
1.123037345870664394e+00
1.122434598784462167e+00
1.109219486642221142e+00
1.127910041289642340e+00
1.114411247803163363e+00
1.136407895901566878e+00
1.143859329446064166e+00
1.140373352855051259e+00
1.164627883088990679e+00
1.142362086728481829e+00
1.154735479097299233e+00
1.161077618688771684e+00
1.156064461407972921e+00
1.163020931548180315e+00
1.183863460046547633e+00
1.169883040935672414e+00
1.162128475551294393e+00
1.160893431762256345e+00
1.182464227408047686e+00
1.181747193753050373e+00
1.166199361887266805e+00
1.155589123867069468e+00
1.155783143850418027e+00
1.147768564241125500e+00
1.180435402604810280e+00
1.175469483568075013e+00
1.166779661016949188e+00
1.177152317880794774e+00
1.187407187407187426e+00
1.218236019736842035e+00
1.194924909373381583e+00
1.208221441850857225e+00
1.188890027672440342e+00
1.201100244498777503e+00
1.170184961801367107e+00
1.175359181263530894e+00
1.152098240185650768e+00
1.160148798168638029e+00
1.137197703961607242e+00
1.142632358385783142e+00
1.161539913191168116e+00
1.195009332940367486e+00
1.161067875086198464e+00
1.159537903379797674e+00
1.167756200730628802e+00
1.152336269628494891e+00
1.123062730627306216e+00
1.156988052236732401e+00
1.202395091053048315e+00
1.204098530324984484e+00
1.197116374871266764e+00
1.215704628185127367e+00
1.213887427669647634e+00
1.190794205281002771e+00
1.177933100349475737e+00
1.186435613982671056e+00
1.177744510978044001e+00
1.135760007643068725e+00
1.133154684901127363e+00
1.154938852304797647e+00
1.137940814975891168e+00
1.144907146876758652e+00
1.146235338630344325e+00
1.140033879164313868e+00
1.144568166931786202e+00
1.157570004746084402e+00
1.165165165165165106e+00
1.165560327996876255e+00
1.149458623356535147e+00
1.120717019886098509e+00
1.153485757121439192e+00
1.146198830409356662e+00
1.146587876477316081e+00
1.144203312392918281e+00
1.178226514486391485e+00
1.190056703118671511e+00
1.175341081354219330e+00
1.187770726302004531e+00
1.171179302045727955e+00
1.178139258083713559e+00
1.191564324541977138e+00
1.157243291414991493e+00
1.154751650875681879e+00
1.161596775741291721e+00
1.177732280393877451e+00
1.155885780885780978e+00
1.212587412587412539e+00
1.184980560671168304e+00
1.150097087378640692e+00
1.166331898613103712e+00
1.187024033231134368e+00
1.173464324699811545e+00
1.188739095955590797e+00
1.177619189215977746e+00
1.201923076923076872e+00
1.209541435327986747e+00
1.189625418739214346e+00
1.178260869565217472e+00
1.180363279332351523e+00
1.158561345837764600e+00
1.170202599388379117e+00
1.173576882188073878e+00
1.147235176548967450e+00
1.170824243573935330e+00
1.159616306954436515e+00
1.163224325874928189e+00
1.157593669558585114e+00
1.174202898550724683e+00
1.162682667182812324e+00
1.164100096246390770e+00
1.163105481968481181e+00
1.151439778054147212e+00
1.137232845894263322e+00
1.153226561768286862e+00
1.146396822394552650e+00
1.152305366591080960e+00
1.166762617539819580e+00
1.170474516695957812e+00
1.196337436205343829e+00
1.186044146068558680e+00
1.199288979177247416e+00
1.176958059626073805e+00
1.183300000000000018e+00
1.200611620795106971e+00
1.185967791568365959e+00
1.157347847600197932e+00
1.140638399237732248e+00
1.144422404836119789e+00
1.152190549072125592e+00
1.131996974281391788e+00
1.136393320272413465e+00
1.161853593015446551e+00
1.171756102381658282e+00
1.173634085213032474e+00
1.190699571690801539e+00
1.193936877076412051e+00
1.183610279698627199e+00
1.185246239439522009e+00
1.173664317090611808e+00
1.179150107000917158e+00
1.136377054019482413e+00
1.122565543071160965e+00
1.137924581266959834e+00
1.155179052753176672e+00
1.162380530101487786e+00
1.160973187686196617e+00
1.161932099376422833e+00
1.165936691220386123e+00
1.161000897218622319e+00
1.190021339294787150e+00
1.195338628762541822e+00
1.172577319587628786e+00
1.179820992676973157e+00
1.178170308352052276e+00
1.167071197411003292e+00
1.178065560501821096e+00
1.192538238941711404e+00
1.204077321221083796e+00
1.176968051785341363e+00
1.162518891687657430e+00
1.166451228000397800e+00
1.141423979740917583e+00
1.135047926354749936e+00
1.134449806036522013e+00
1.137780725859945052e+00
1.178216848520593718e+00
1.157037185125949552e+00
1.150068080140050464e+00
1.157397487094574906e+00
1.179812300319488916e+00
1.193215795442829075e+00
1.201069855254877305e+00
1.195757703672435612e+00
1.183764681426047183e+00
1.177391304347826129e+00
1.145975984916145718e+00
1.156341320864991307e+00
1.145800933125971977e+00
1.173968691542778275e+00
1.185539714867617000e+00
1.155992772535635371e+00
1.159269442262372385e+00
1.162845849802371490e+00
1.157755322279996113e+00
1.146133746249879071e+00
1.128436911487759042e+00
1.155942467827403508e+00
1.145623621896270761e+00
1.151567278287461749e+00
1.181020025648614080e+00
1.177935222672064741e+00
1.172721798474508192e+00
1.182174043962661791e+00
1.191580668233370721e+00
1.180623471882640496e+00
1.181845657868224819e+00
1.181046676096181081e+00
1.158419753086419757e+00
1.172688786058875721e+00
1.207586064728921826e+00
1.190833333333333410e+00
1.190765117235705439e+00
1.178168513060270373e+00
1.177014265621860512e+00
1.161057216392793467e+00
1.184268317029347095e+00
1.190539300642267317e+00
1.193333333333333357e+00
1.188393951777686919e+00
1.173624383864802390e+00
1.179415577939563198e+00
1.188333503003155878e+00
1.162297880887817714e+00
1.187770290656743333e+00
1.173444489629930976e+00
1.158755326528589924e+00
1.178906405907004684e+00
1.182615792695368206e+00
1.185003073140749930e+00
1.187519339865910295e+00
1.159476195310120694e+00
1.137420104590354475e+00
1.154327524790603743e+00
1.141852173075069921e+00
1.154572612508432128e+00
1.181836327345309412e+00
1.167342387999189102e+00
1.149300768170179232e+00
1.167669395403885924e+00
1.147203623473808554e+00
1.192477432296890738e+00
1.187642546133112154e+00
1.144629739924558187e+00
1.120026276276276267e+00
1.116748948619491699e+00
1.135152636447733565e+00
1.140922435836726923e+00
1.125011722779705625e+00
1.136764982152921322e+00
1.157741841773990421e+00
1.161633220743095496e+00
1.167402649538338055e+00
1.160858711932101883e+00
1.166799840191769855e+00
1.184441272430668768e+00
1.186975877420022751e+00
1.223958890911037267e+00
1.180731889469753604e+00
1.172227323742475180e+00
1.198598371637637827e+00
1.189978031174809159e+00
1.157762096774193505e+00
1.162267839687194604e+00
1.155768104626195614e+00
1.152462029602399074e+00
1.147485818671281521e+00
1.156454720616570286e+00
1.189830508474576165e+00
1.153869196205691505e+00
1.165224997570220689e+00
1.185159292919204965e+00
1.194031370951313953e+00
1.177514193025141820e+00
1.203839869281045694e+00
1.202482787398289066e+00
1.147082175466454856e+00
1.166810634417890347e+00
1.143782753692234477e+00
1.144402634054562551e+00
1.177009941125374048e+00
1.156564177647632974e+00
1.173226056611089474e+00
1.178342061061159907e+00
1.150257056940537481e+00
1.155021834061135344e+00
1.162835433298066823e+00
1.172777940745086456e+00
1.158541341653666068e+00
1.171381355108389144e+00
1.166846176441789895e+00
1.161763277988154153e+00
1.168713450292397704e+00
1.197109594540345157e+00
1.210804098106178284e+00
1.171941570298234980e+00
1.161309119160920611e+00
1.151001245568650022e+00
1.131775004656360606e+00
1.149084487405892752e+00
1.159028108623153974e+00
1.171486999707858523e+00
1.176324667592776319e+00
1.167685934109291779e+00
1.175977102250296058e+00
1.182614756546848556e+00
1.203503768588307210e+00
1.170148349984862168e+00
1.191016830992928988e+00
1.173921765295887765e+00
1.188612815612111406e+00
1.159590335089986990e+00
1.153890937318067245e+00
1.177931034482758710e+00
1.156719367588932901e+00
1.176145339652448607e+00
1.194257101982423963e+00
1.204051642699695668e+00
1.195047738957087491e+00
1.161108312342569171e+00
1.172722796651895605e+00
1.176312113350628685e+00
1.178231701211575055e+00
1.166963755199049269e+00
1.187964637331725859e+00
1.186475409836065475e+00
1.169955698751510287e+00
1.178135627125425078e+00
1.171454308877990291e+00
1.174642573471008644e+00
1.191424815451511687e+00
1.192949907235621554e+00
1.187853252492035772e+00
1.172819635851523934e+00
1.179247161919936282e+00
1.172003201921152593e+00
1.195321992709599046e+00
1.190265941061710686e+00
1.188198253097704660e+00
1.208094262295081878e+00
1.219840269020596946e+00
1.171091445427728583e+00
1.175466143277723363e+00
1.163130231652715674e+00
1.178706854642683544e+00
1.158278274387874118e+00
1.141710725075528732e+00
1.180644544324376044e+00
1.173716753361468301e+00
1.163668020893789956e+00
1.163119884448724051e+00
1.156463238827486695e+00
1.162766161519278807e+00
1.162110127069695853e+00
1.177238624183961857e+00
1.169150813885075468e+00
1.159104130308318714e+00
1.139193792581377762e+00
1.135372389576787988e+00
1.152599531615924988e+00
1.185163379452458088e+00
1.196232981881461876e+00
1.179948849104859310e+00
1.165835660151575581e+00
1.161865569272976684e+00
1.138297872340425565e+00
1.160260711204830875e+00
1.133768979434941482e+00
1.135947958895069387e+00
1.142491467576791875e+00
1.140590861593996364e+00
1.146441518794123260e+00
1.173673328738800814e+00
1.191328356682687328e+00
1.180494308276074156e+00
1.169244676576938424e+00
1.185539981849349500e+00
1.175060926076360701e+00
1.154566052605654702e+00
1.180865783751729570e+00
1.178343949044585948e+00
1.166298453504719834e+00
1.166699683042789149e+00
1.174239391513210551e+00
1.175756968117104506e+00
1.176837865055387677e+00
1.184989858012170494e+00
1.184084176116048548e+00
1.165464743589743613e+00
1.174021069369906689e+00
1.169584792396198170e+00
1.169330669330669314e+00
1.155430711610486938e+00
1.170856748496500011e+00
1.162382133995037314e+00
1.136970511958505403e+00
1.130613772455089761e+00
1.130026061057334275e+00
1.134489833986196627e+00
1.157839287424576202e+00
1.137917787168651662e+00
1.134116541353383356e+00
1.149881572714353428e+00
1.168237141735374962e+00
1.168855721393034841e+00
1.149067109504737783e+00
1.155190729116368997e+00
1.183549351944167549e+00
1.179649265905383437e+00
1.130011677695601291e+00
1.135336942318461828e+00
1.162980769230769207e+00
1.174042468743798473e+00
1.159474671669793677e+00
1.178177481864255194e+00
1.196300102774922935e+00
1.188117781708459164e+00
1.181367997523986357e+00
1.177582507407785917e+00
1.146302886516409547e+00
1.148405126722559455e+00
1.151025541795665630e+00
1.168370355808924677e+00
1.171181039633539145e+00
1.189310029468549912e+00
1.168172130315639823e+00
1.157216494845360932e+00
1.156958561376075112e+00
1.145176879953605287e+00
1.136216730038022815e+00
1.155154193486406022e+00
1.172962226640159145e+00
1.186869201753491643e+00
1.164679733279450291e+00
1.193059230612660393e+00
1.178681771369721965e+00
1.174239350912778868e+00
1.151936444885799382e+00
1.165564874198322665e+00
1.201101069907551722e+00
1.165557404326123203e+00
1.206582119274709042e+00
1.200885146804835824e+00
1.201544567199399394e+00
1.158743282348077663e+00
1.178557033454252334e+00
1.180521346469622257e+00
1.172296950405585791e+00
1.177241097011870741e+00
1.148058740696036972e+00
1.152280770743216776e+00
1.152439024390243816e+00
1.169373318720733357e+00
1.194401404813552281e+00
1.186802778362449962e+00
1.207645618145032573e+00
1.177011737337422037e+00
1.180840057935029996e+00
1.185112126245847275e+00
1.174383830050531152e+00
1.198311796581909228e+00
1.195007966011683465e+00
1.205432574056250594e+00
1.189899206519408059e+00
1.202245989304812746e+00
1.183925154156921122e+00
1.188956539995800865e+00
1.183441899558730803e+00
1.180192428362267343e+00
1.174287195438050713e+00
1.174159620540317528e+00
1.182857142857142829e+00
1.181246066708621756e+00
1.156496769562096238e+00
1.139327180708544107e+00
1.160972208387289539e+00
1.156303884775332191e+00
1.188062480604117122e+00
1.183128444256040801e+00
1.156749510157780714e+00
1.151964715316760257e+00
1.132644017725258578e+00
1.146906460756524249e+00
1.168798469130828854e+00
1.158794788273615595e+00
1.155165496489468424e+00
1.165338444466861745e+00
1.152919744965084536e+00
1.168591691995947368e+00
1.182262424620503127e+00
1.180817610062893097e+00
1.174843423799582398e+00
1.195251218995124098e+00
1.212838581810173899e+00
1.205869225619281337e+00
1.207440310938367567e+00
1.204859563085153740e+00
1.211756847027388062e+00
1.172653282691264343e+00
1.172449942341964535e+00
1.195571170020227836e+00
1.177765900587920855e+00
1.165224642968831548e+00
1.157109271184708188e+00
1.197119428090832605e+00
1.207528533801580428e+00
1.152388970743001506e+00
1.139840637450199257e+00
1.163629040378612478e+00
1.167580428261094427e+00
1.171425604817776023e+00
1.184038744998947124e+00
1.185663924794359669e+00
1.183821955916969815e+00
1.195917485689599324e+00
1.202287581699346353e+00
1.222594329091315046e+00
1.195449500554939037e+00
1.201621740083278489e+00
1.166808601234830656e+00
1.179798826487845842e+00
1.162773722627737261e+00
1.168110561056105556e+00
1.186174142480211025e+00
1.159438508275717483e+00
1.168380991565521443e+00
1.194131405485860054e+00
1.158913912860450424e+00
1.172050779234182993e+00
1.164438918246813781e+00
1.163254809176010651e+00
1.135378159656309283e+00
1.137829624546613072e+00
1.150223103619236520e+00
1.156602254428341414e+00
1.164256619144602878e+00
1.168577277379733825e+00
1.178637963154626433e+00
1.182479443390259233e+00
1.170402178466694698e+00
1.183675607711651256e+00
1.161839510017647736e+00
1.149297483068836501e+00
1.139037433155080103e+00
1.129671187432920387e+00
1.152530644523527048e+00
1.152342569269521499e+00
1.161359026369168435e+00
1.173660760542948989e+00
1.170815540047911663e+00
1.165302951838425694e+00
1.198392554991539738e+00
1.206779661016949223e+00
1.185432604245232113e+00
1.172366764582459142e+00
1.142119647737625199e+00
1.159919638372677086e+00
1.164142447810069481e+00
1.199300328633520651e+00
1.214025400331308679e+00
1.186586695747001041e+00
1.214536285902214408e+00
1.214061448755326289e+00
1.197696311883929665e+00
1.225756054011829077e+00
1.187527593818984650e+00
1.174522292993630534e+00
1.179173693086003283e+00
1.192397785349233352e+00
1.159305003140046031e+00
1.155182926829268375e+00
1.165692607402850411e+00
1.193295971238236275e+00
1.173599320882852348e+00
1.195413333333333439e+00
1.206253428414701068e+00
1.201143108375467117e+00
