1.000000000000000000e+00
3.083333333333333481e+00
3.441860465116278966e+00
3.366008462623413244e+00
3.607352941176470651e+00
3.508045977011494454e+00
3.439149560117301885e+00
3.567286245353159746e+00
3.505703422053231932e+00
3.600766283524904132e+00
3.486259541984732646e+00
3.504444444444444251e+00
3.429618768328445810e+00
3.635535307517084203e+00
3.465848042977743848e+00
3.491875923190546516e+00
3.503714710252600284e+00
3.424528301886792470e+00
3.458722182340272955e+00
3.584962406015037573e+00
3.579968944099378714e+00
3.481397114654517733e+00
3.492227979274611371e+00
3.517138599105812169e+00
3.411378555798687096e+00
3.611235955056179669e+00
3.556773688332028005e+00
3.576086956521739246e+00
3.485148514851485135e+00
3.572845156369183872e+00
3.523291925465838581e+00
3.515589353612167400e+00
3.508333333333333304e+00
3.429624170965364982e+00
3.464675892206846353e+00
3.451683748169839028e+00
3.555306427503736710e+00
3.461249059443190390e+00
3.529191616766467199e+00
3.487897125567322121e+00
3.548288973384030598e+00
3.350109409190372034e+00
3.494236311239192982e+00
3.500000000000000000e+00
3.654399999999999871e+00
3.471803018268467156e+00
3.510360706062931602e+00
3.627294493216280724e+00
3.453333333333333144e+00
3.459701492537313516e+00
3.479338842975206791e+00
3.527649769585253559e+00
3.479357798165137794e+00
3.605942142298670827e+00
3.554129911788292073e+00
3.635255889520714767e+00
3.539579967689822304e+00
3.366270430906389333e+00
3.409155937052932739e+00
3.461311717022844459e+00
3.492435703479576325e+00
3.586666666666666448e+00
3.374051593323216913e+00
3.612730061349693322e+00
3.414653156664068767e+00
3.285308729595457944e+00
3.581343283582089754e+00
3.590057049714751258e+00
3.485211830535571487e+00
3.548818897637795455e+00
3.490102929532858056e+00
3.493374902572096818e+00
3.530291109362706514e+00
3.326299924642049710e+00
3.430882352941176272e+00
3.525700934579439227e+00
3.418532818532818318e+00
3.497322111706197223e+00
3.521360759493670667e+00
3.396934865900383294e+00
3.512213740458015376e+00
3.480814408770556145e+00
3.458173445894090481e+00
3.512024825446082410e+00
3.437741686001546615e+00
3.565149136577708155e+00
3.578303425774877589e+00
3.516439454691258959e+00
3.505468749999999911e+00
3.526645768025078453e+00
3.432766615146831679e+00
3.498852333588370112e+00
3.591739475774424317e+00
3.480158730158730229e+00
3.552672955974842672e+00
3.426800929512006100e+00
3.517692307692307896e+00
3.406510219530658468e+00
3.571208622016936118e+00
3.605069501226492168e+00
3.599340478153338907e+00
3.481629392971246073e+00
3.556611243072050677e+00
3.572235673930589162e+00
3.555913113435237527e+00
3.545816733067729043e+00
3.483670295489891267e+00
3.529002320185614661e+00
3.374812593703148345e+00
3.434593023255814170e+00
3.551644988523336099e+00
3.467282525019245387e+00
3.425925925925926041e+00
3.383285302593659782e+00
3.575712143928035935e+00
3.503110419906687589e+00
3.710950080515297955e+00
3.513210568454763649e+00
3.667981072555205113e+00
3.518518518518518601e+00
3.438661710037174579e+00
3.544502617801047251e+00
3.602814698983580755e+00
3.644354838709677580e+00
3.488317757009345765e+00
3.368834882058613367e+00
3.614929785661492811e+00
3.515384615384615330e+00
3.490327380952380931e+00
3.541950113378684595e+00
3.496234939759036209e+00
3.515695067264573925e+00
3.596344249809596327e+00
3.467424242424242298e+00
3.497045790251107622e+00
3.438004402054291919e+00
3.399571122230164555e+00
3.522909090909090768e+00
3.403355215171407711e+00
3.512408759124087787e+00
3.503012048192771122e+00
3.419236417033773900e+00
3.452034883720930036e+00
3.594926979246733101e+00
3.472307692307692317e+00
3.422173274596182146e+00
3.466764061358655891e+00
3.642137877614252339e+00
3.498029944838455307e+00
3.617601246105918822e+00
3.581875993640699640e+00
3.380103934669636434e+00
3.610360360360360232e+00
3.419771863117870847e+00
3.576923076923077094e+00
3.539781591263650551e+00
3.513097072419106404e+00
3.480578827113480767e+00
3.454206999255398536e+00
3.482937685459940536e+00
3.560153256704980951e+00
3.551670551670551568e+00
3.568764568764568601e+00
3.522307692307692140e+00
3.561970746728252646e+00
3.668548387096774110e+00
3.412858249419055134e+00
3.514455151964418267e+00
3.678142514011208952e+00
3.395962732919254545e+00
3.610260336906585099e+00
3.550399999999999778e+00
3.605453087409783652e+00
3.589764419171405319e+00
3.393592677345537822e+00
3.641421947449768215e+00
3.488835725677831068e+00
3.592913385826771666e+00
3.597729115977291059e+00
3.494089834515366366e+00
3.741883116883117033e+00
3.513980263157894690e+00
3.454337899543379109e+00
3.555727554179566763e+00
3.498054474708171213e+00
3.526640926640926654e+00
3.531397174254317317e+00
3.415713196033562049e+00
3.605140186915887668e+00
3.605911330049261121e+00
3.609735973597359759e+00
3.380062305295949976e+00
3.472096530920060431e+00
3.510204081632652962e+00
3.689626556016597725e+00
3.650821089023336352e+00
3.595942519019442063e+00
3.500000000000000000e+00
3.597738287560581671e+00
3.466453674121405815e+00
3.310014727540500523e+00
3.504077094143810189e+00
3.431748466257668717e+00
3.602533650039588142e+00
3.446808510638297740e+00
3.428141459744168618e+00
3.646682653876898605e+00
3.458937198067632668e+00
3.491904394757131769e+00
3.574162679425837208e+00
3.666112956810631207e+00
3.695840554592721094e+00
3.622317596566523523e+00
3.551355792933442945e+00
3.602263540824575561e+00
3.400464756003098277e+00
3.468562874251496897e+00
3.500000000000000000e+00
3.415525114155251174e+00
3.601409553641346850e+00
3.411258795934323906e+00
3.546707503828483876e+00
3.482142857142857206e+00
3.415178571428571619e+00
3.546555639666919113e+00
3.404494382022472010e+00
3.560719640179910161e+00
3.393283582089552386e+00
3.563432835820895317e+00
3.606661379857256211e+00
3.494163424124513639e+00
3.431952662721893699e+00
3.517062314540059464e+00
3.548929663608562546e+00
3.439790575916230164e+00
3.552494415487714274e+00
3.558282208588956941e+00
3.563608326908249690e+00
3.546367851622874934e+00
3.599531615925058770e+00
3.615873015873015905e+00
3.520249221183800792e+00
3.459016393442623016e+00
3.405599425699928240e+00
3.657056145675265491e+00
3.569620253164556889e+00
3.551538461538461533e+00
3.576271186440677763e+00
3.326560232220609592e+00
3.448083623693379618e+00
3.453823953823953907e+00
3.515062454077884091e+00
3.428884026258205875e+00
3.501815541031227497e+00
3.471544715447154594e+00
3.464468864468864595e+00
3.437635183850035858e+00
3.496366279069767380e+00
3.518518518518518601e+00
3.558558558558558627e+00
3.454077883908890367e+00
3.523775216138328670e+00
3.607975921745673276e+00
3.503380916604057038e+00
3.428368794326241087e+00
3.459269662921348409e+00
3.497832369942196706e+00
3.553743513713861990e+00
3.544084400904295329e+00
3.528974739970282215e+00
3.376062322946175698e+00
3.521739130434782705e+00
3.451473759884974957e+00
3.597069597069597169e+00
3.541728763040238537e+00
3.472401433691756356e+00
3.514184397163120366e+00
3.497142857142857331e+00
3.553558590941768625e+00
3.470378301213418837e+00
3.493361285814116091e+00
3.591600289645184851e+00
3.547058823529411598e+00
3.691609977324262992e+00
3.426481346013167339e+00
3.574663835810332646e+00
3.455642299503193904e+00
3.537974683544304000e+00
3.351535836177474525e+00
3.495622895622895410e+00
3.566618911174785023e+00
3.518063583815028927e+00
3.493644067796610297e+00
3.608127721335268490e+00
3.471820809248554962e+00
3.431224209078404197e+00
3.558678847505270415e+00
3.591042584434654739e+00
3.624441132637854057e+00
3.538913362701908927e+00
3.574421965317919003e+00
3.473011363636363757e+00
3.624460431654676462e+00
3.467962562994960418e+00
3.537702607470049276e+00
3.518385003604902472e+00
3.550724637681159201e+00
3.495664739884392969e+00
3.598096632503660519e+00
3.414511494252873369e+00
3.629710144927536408e+00
3.605343511450381566e+00
3.413419913419913243e+00
3.516830294530154166e+00
3.481667864845435112e+00
3.680754716981132102e+00
3.488319517709118411e+00
3.498927805575410943e+00
3.384668508287292710e+00
3.407258064516129004e+00
3.458993797381116675e+00
3.531717747683535080e+00
3.456028368794326067e+00
3.551943462897526604e+00
3.446554149085794716e+00
3.548660084626233946e+00
3.555393586005830997e+00
3.652108433734939652e+00
3.555975794251134747e+00
3.493853940708604444e+00
3.707703927492447260e+00
3.495468277945619207e+00
3.527338129496402797e+00
3.588452997779422837e+00
3.512445095168374998e+00
3.592347314201618680e+00
3.553811659192825267e+00
3.628117913832199726e+00
3.449708454810495706e+00
3.476524176594253834e+00
3.571947674418604723e+00
3.585585585585585378e+00
3.543154761904761862e+00
3.613653413353338451e+00
3.487065779748706795e+00
3.455255681818181657e+00
3.516618497109826436e+00
3.566542750929368122e+00
3.585626911314984788e+00
3.533333333333333215e+00
3.549211119459053432e+00
3.548265460030165741e+00
3.353442157558552239e+00
3.529370134465676045e+00
3.438177874186551186e+00
3.547775346462436197e+00
3.574564723694170887e+00
3.781729991915925737e+00
3.528241845664279897e+00
3.488286969253294512e+00
3.507625272331154509e+00
3.499270072992700875e+00
3.485177151120752104e+00
3.502173913043478137e+00
3.449140401146131740e+00
3.432867132867132742e+00
3.533189033189032990e+00
3.484225972120322812e+00
3.508040935672514404e+00
3.677469135802469147e+00
3.337037037037037024e+00
3.368206521739130377e+00
3.548014440433212791e+00
3.441328413284132637e+00
3.601047904191616578e+00
3.481003039513677955e+00
3.504065040650406360e+00
3.370000000000000107e+00
3.638518518518518707e+00
3.624401913875598069e+00
3.569303054032889388e+00
3.513389441469012997e+00
3.535498489425981994e+00
3.383720930232557933e+00
3.551824817518248079e+00
3.623346303501945531e+00
3.432981927710843539e+00
3.648443432042520751e+00
3.437595129375951242e+00
3.481373265157048813e+00
3.499627143922445782e+00
3.602150537634408511e+00
3.660209846650524401e+00
3.580515297906602168e+00
3.394776119402985071e+00
3.562825278810409113e+00
3.530911901081916326e+00
3.596258768511301440e+00
3.515978176149649137e+00
3.477084898572501803e+00
3.566615620214395044e+00
3.578161822466614517e+00
3.425660377358490383e+00
3.422910662824207417e+00
3.527448071216617187e+00
3.606274509803921724e+00
3.515294117647058680e+00
3.504182509505703536e+00
3.568006182380216273e+00
3.494957331264546330e+00
3.501510574018126931e+00
3.426459719142645799e+00
3.640806826997672552e+00
3.448087431693989124e+00
3.497737556561085981e+00
3.449472096530920240e+00
3.545941807044410421e+00
3.658360128617363483e+00
3.498415213946117319e+00
3.472012102874432848e+00
3.477050413844996246e+00
3.596559812353401053e+00
3.533067729083665398e+00
3.540944881889763973e+00
3.536817102137767233e+00
3.529504327301337341e+00
3.564387917329093991e+00
3.534126984126984006e+00
3.386756960120391291e+00
3.493699036323202556e+00
3.595744680851063801e+00
3.705931495405179632e+00
3.705473501303214512e+00
3.486906710310965440e+00
3.514660493827160614e+00
3.575277337559429558e+00
3.587520259319286975e+00
3.543929712460063719e+00
3.504687500000000178e+00
3.712879409351927951e+00
3.486133768352365436e+00
3.518174787316318497e+00
3.560378847671665348e+00
3.610389610389610482e+00
3.510756972111553686e+00
3.630867143993635526e+00
3.484609313338594916e+00
3.422073079791200456e+00
3.543313069908814672e+00
3.452509652509652582e+00
3.514896867838044336e+00
3.618589743589743613e+00
3.556093623890233868e+00
3.636363636363636243e+00
3.451026856240126506e+00
3.558301158301158118e+00
3.625000000000000000e+00
3.422535211267605515e+00
3.559478127398311376e+00
3.551751592356688025e+00
3.537066246056782326e+00
3.589723320158102915e+00
3.596153846153846256e+00
3.637610976594027434e+00
3.671311475409836156e+00
3.507521773555027700e+00
3.502649507948524032e+00
3.551803530314658452e+00
3.471927162367223207e+00
3.450516986706056333e+00
3.547852298417482952e+00
3.457703927492447260e+00
3.567300380228136891e+00
3.513576415826221933e+00
3.386145910095799572e+00
3.403708987161198074e+00
3.606980273141123128e+00
3.543789808917197526e+00
3.511645962732919291e+00
3.451734539969834259e+00
3.495131086142321930e+00
3.425167535368577987e+00
3.651937984496123946e+00
3.587903225806451601e+00
3.465583913379737258e+00
3.499622641509434029e+00
3.489393939393939270e+00
3.417590539541758954e+00
3.353276353276353206e+00
3.610692771084337505e+00
3.464953271028037296e+00
3.463432835820895672e+00
3.501512859304084735e+00
3.443445692883895237e+00
3.487313432835820848e+00
3.511060259344012113e+00
3.650641025641025550e+00
3.354420731707317138e+00
3.570684523809523725e+00
3.668836452400325410e+00
3.526442307692307487e+00
3.621835443037974667e+00
3.651996740016299814e+00
3.639183673469387870e+00
3.525651144435674844e+00
3.589883268482490397e+00
3.513097072419106404e+00
3.502621722846441799e+00
3.438136826783114941e+00
3.322959889349931029e+00
3.392344497607655551e+00
3.552975326560232183e+00
3.538926681783824524e+00
3.568181818181818343e+00
3.619565217391304213e+00
3.468181818181818254e+00
3.677444187836797607e+00
3.580619539316918232e+00
3.532258064516129004e+00
3.530705079605761743e+00
3.581734458940905697e+00
3.651587301587301493e+00
3.424334600760456482e+00
3.502192982456140413e+00
3.478001491424310032e+00
3.452608376193975204e+00
3.386053199137311065e+00
3.648628048780487632e+00
3.539745627980922293e+00
3.411589895988112797e+00
3.579894973743436015e+00
3.603937007874015830e+00
3.488086087624903797e+00
3.504504504504504681e+00
3.417092768444119688e+00
3.712509712509712401e+00
3.389360061680801728e+00
3.544985250737463289e+00
3.545314900153609727e+00
3.438648052902277819e+00
3.618656716417910424e+00
3.495094339622641488e+00
3.370084269662921184e+00
3.467270194986072251e+00
3.533576642335766405e+00
3.606495468277945537e+00
3.569581749049429487e+00
3.517751479289940697e+00
3.685779816513761631e+00
3.501144164759725452e+00
3.586309523809523725e+00
3.432215743440233169e+00
3.515324305060584464e+00
3.529325513196480912e+00
3.587349397590361644e+00
3.568493150684931337e+00
3.503731343283582156e+00
3.389592123769339160e+00
3.434420541290770235e+00
3.434569629111266842e+00
3.568329718004338513e+00
3.573253193087903679e+00
3.537490720118782406e+00
3.488422575976845241e+00
3.481772694781986921e+00
3.465149359886201985e+00
3.501432664756447100e+00
3.507288629737609131e+00
3.461979913916786167e+00
3.416257883672039419e+00
3.367956551255940401e+00
3.444672131147541005e+00
3.509259259259259078e+00
3.627450980392156854e+00
3.420781134856300643e+00
3.525107604017216456e+00
3.534866468842730036e+00
3.486029411764705710e+00
3.494521548575602488e+00
3.470845481049562586e+00
3.502923976608187218e+00
3.409058231488137913e+00
3.554578754578754385e+00
3.573518090839106875e+00
3.457335329341317376e+00
3.631818181818181834e+00
3.405185185185185315e+00
3.498220640569395190e+00
3.589955022488755532e+00
3.497005988023952128e+00
3.582712369597615520e+00
3.525373134328358304e+00
3.624715693707353914e+00
3.367849384503982524e+00
3.485416666666666607e+00
3.371527777777777679e+00
3.487517337031900144e+00
3.453829634931997017e+00
3.587583148558758150e+00
3.582949308755760232e+00
3.578304048892284150e+00
3.418062636562272605e+00
3.549204052098408280e+00
3.515695067264573925e+00
3.503698224852071164e+00
3.646248085758039714e+00
3.601110229976209443e+00
3.636507936507936467e+00
3.601114649681528501e+00
3.594658287509819417e+00
3.559375000000000178e+00
3.604231974921630055e+00
3.414232209737827706e+00
3.520176082171680321e+00
3.459379615952732578e+00
3.538975501113585942e+00
3.565084226646248133e+00
3.503422053231939337e+00
3.569571865443425196e+00
3.622626582278480889e+00
3.535798583792289396e+00
3.514111365369946505e+00
3.413539367181751327e+00
3.537490720118782406e+00
3.548062015503875788e+00
3.506891271056661541e+00
3.488738738738738743e+00
3.522984174830444459e+00
3.568672839506172867e+00
3.644568690095846719e+00
3.500000000000000000e+00
3.559514783927217429e+00
3.550038197097020731e+00
3.701185770750988091e+00
3.577476038338658348e+00
3.451327433628318619e+00
3.420422535211267601e+00
3.598227474150664573e+00
3.403367496339678056e+00
3.575054387237128317e+00
3.734187349879904083e+00
3.485133020344287846e+00
3.534711964549483110e+00
3.417693981145757842e+00
3.550766983199415527e+00
3.489583333333333481e+00
3.429906542056074592e+00
3.590673575129533557e+00
3.621769772905246487e+00
3.533026113671275059e+00
3.345661450924608982e+00
3.647232472324723140e+00
3.481595092024539984e+00
3.572610985703536635e+00
3.534653465346534684e+00
3.547996976568405181e+00
3.611154144074360861e+00
3.417164179104477562e+00
3.608988764044943842e+00
3.471625766871165641e+00
3.399712437095614881e+00
3.580073800738007517e+00
3.547692307692307701e+00
3.742741935483870908e+00
3.487301587301587347e+00
3.412191582002902734e+00
3.381856540084388296e+00
3.675018982536066847e+00
3.549800796812748960e+00
3.531752104055088104e+00
3.612752721617418228e+00
3.485780169100691772e+00
3.530566037735848983e+00
3.398963730569948272e+00
3.435786435786435611e+00
3.533783783783783772e+00
3.458805744520030423e+00
3.454410674573758389e+00
3.514004542013625887e+00
3.686942416869424033e+00
3.517296862429605930e+00
3.396449704142011861e+00
3.624054462934946930e+00
3.568814638027048680e+00
3.529457364341085146e+00
3.593141075604052936e+00
3.651576394502829448e+00
3.705342237061769683e+00
3.505617977528090012e+00
3.692246203037569785e+00
3.659949622166246641e+00
3.527710843373494054e+00
3.723941368078175884e+00
3.394984326018808840e+00
3.687596899224806268e+00
3.530217566478646152e+00
3.557098765432098908e+00
3.679169992019153845e+00
3.507097791798107433e+00
3.461710037174721144e+00
3.398121387283237205e+00
3.651480637813211860e+00
3.564041368337310889e+00
3.313669064748201443e+00
3.623813002191380583e+00
3.499227202472952047e+00
3.402349486049926597e+00
3.392045454545454586e+00
3.560538116591928315e+00
3.517482517482517501e+00
3.620553359683794437e+00
3.518957345971564177e+00
3.485260770975056488e+00
3.609266409266409070e+00
3.427807486631015976e+00
3.489660265878877343e+00
3.563412759415833797e+00
3.345588235294117752e+00
3.653787878787878807e+00
3.715365239294710520e+00
3.427672955974842672e+00
3.623088685015290356e+00
3.620772946859903474e+00
3.550793650793650613e+00
3.403129657228018079e+00
3.544095665171898446e+00
3.597167584579071598e+00
3.585599999999999898e+00
3.479473276529821746e+00
3.575757575757575690e+00
3.502351097178683315e+00
3.554169914263444863e+00
3.507031249999999822e+00
3.573459715639810241e+00
3.454403741231488745e+00
3.497326203208556361e+00
3.577620173364854050e+00
3.571772253408179498e+00
3.366292134831460725e+00
3.611278195488721643e+00
3.486780715396578412e+00
3.419734904270986586e+00
3.494807121661720917e+00
3.604724409448818889e+00
3.698081734778982277e+00
3.470209339774557034e+00
3.566536964980544955e+00
3.536875495638382105e+00
3.496519721577726170e+00
3.547360248447204878e+00
3.538401253918495470e+00
3.571987480438184814e+00
3.497678018575851588e+00
3.419807834441980887e+00
3.518987341772152000e+00
3.385294117647058787e+00
3.460698689956331897e+00
3.595366795366795376e+00
3.657166123778501809e+00
3.473143759873617675e+00
3.440387481371087741e+00
3.454410674573758389e+00
3.389212827988338006e+00
3.441961067051189538e+00
3.544284632853898387e+00
3.558248631743549772e+00
3.541111981205951498e+00
3.502314814814814881e+00
3.478392721758908124e+00
3.510638297872340274e+00
3.626984126984126977e+00
3.484276729559748542e+00
3.472096530920060431e+00
3.438897168405365079e+00
3.373015873015873023e+00
3.653108211818879347e+00
3.516129032258064502e+00
3.490839694656488579e+00
3.459804658151765633e+00
3.409158050221565706e+00
3.530966767371601200e+00
3.427486712224753429e+00
3.672156862745098227e+00
3.549999999999999822e+00
3.568454763811048647e+00
3.577669902912621325e+00
3.693670886075949511e+00
3.464605370219690617e+00
3.484267075978511041e+00
3.299636363636363701e+00
3.446531791907514464e+00
3.409602400600149963e+00
3.503437738731856488e+00
3.500000000000000000e+00
3.644897959183673652e+00
3.413216560509554132e+00
3.553917765709852628e+00
3.500400320256205067e+00
3.441788743253662464e+00
3.700819672131147708e+00
3.516400336417157213e+00
3.595102040816326561e+00
3.617996604414261519e+00
3.479046836483155491e+00
3.595744680851063801e+00
3.454914703493094930e+00
3.593574297188755207e+00
3.407023144453312113e+00
3.218972895863052575e+00
3.533628972653362954e+00
3.605436573311367354e+00
3.564208782104390849e+00
3.702218430034129870e+00
3.603951890034364336e+00
3.523379819524200318e+00
3.539398862713241112e+00
3.379953379953379855e+00
3.430493273542600807e+00
3.498066511987625749e+00
3.659240924092409308e+00
3.473206924979389765e+00
3.478193146417445369e+00
3.444615384615384635e+00
3.553979511426319959e+00
3.495169082125603843e+00
3.488188976377952777e+00
3.534716679968076480e+00
3.435674822415153873e+00
3.451937984496124212e+00
3.682724252491694550e+00
3.435791217895609151e+00
3.544506816359262125e+00
3.584307178631051638e+00
3.517412935323382950e+00
3.506893755068937413e+00
3.495169082125603843e+00
3.377036462373933290e+00
3.624798711755233604e+00
3.411572942135289388e+00
3.410276073619631809e+00
3.588520614389652419e+00
3.345570630486831565e+00
3.506645817044566016e+00
3.685936151855047527e+00
3.452078032230704085e+00
3.695762711864406747e+00
3.604753521126760507e+00
3.438625204582651307e+00
3.471518987341772000e+00
3.438345266507557785e+00
3.561174551386623310e+00
3.541876046901172526e+00
3.582214765100671272e+00
3.394037066881546938e+00
3.597904915390814029e+00
3.674499564838990207e+00
3.542662116040955489e+00
3.497969130787977221e+00
3.604651162790697860e+00
3.562763268744734813e+00
3.567590260285474546e+00
3.588879528222409299e+00
3.695196506550218363e+00
3.456448911222780751e+00
3.532905296950240803e+00
3.547697368421052655e+00
3.404476418864907927e+00
3.381388253241800257e+00
3.479655712050078176e+00
3.547619047619047450e+00
3.407884151246983073e+00
3.649917627677100374e+00
3.562662057044079678e+00
3.456486042692939353e+00
3.682823129251700855e+00
3.410234899328858926e+00
3.499203821656050817e+00
3.475490196078431460e+00
3.557308970099667622e+00
3.505448449287510648e+00
3.488105004101722528e+00
3.481692432872253828e+00
3.516049382716049276e+00
3.495049504950495045e+00
3.569256756756756577e+00
3.552519214346712140e+00
3.464403973509933898e+00
3.478013029315961013e+00
3.388095238095238049e+00
3.478226444972288167e+00
3.566445182724252483e+00
3.523489932885905951e+00
3.306439100077579685e+00
3.583136327817178834e+00
3.512949039264828599e+00
3.429027113237639757e+00
3.679166666666666696e+00
3.727190605239385945e+00
3.375310687655344033e+00
3.518373729476153233e+00
3.439043824701195184e+00
3.552083333333333481e+00
3.444799999999999862e+00
3.528571428571428470e+00
3.499597099113618270e+00
3.582040816326530486e+00
3.431325301204819489e+00
3.516205533596838073e+00
3.359567901234568055e+00
3.481651376146789101e+00
3.459779179810725580e+00
3.591353996737357335e+00
3.502467105263157965e+00
3.569331158238172819e+00
3.473472668810289488e+00
3.594834543987086573e+00
3.524469820554649413e+00
3.781491002570694260e+00
3.445193929173693270e+00
3.690024732069249858e+00
3.411237785016286495e+00
3.615751789976133779e+00
3.490259740259740173e+00
3.480407523510971934e+00
3.390804597701149614e+00
3.455580865603644636e+00
3.572799999999999976e+00
3.517128874388254278e+00
3.513578274760383202e+00
3.441518202943454785e+00
3.557466770914777143e+00
3.582461786001609028e+00
3.475332811276429013e+00
3.516153846153846185e+00
3.643780290791599263e+00
3.756223175965665018e+00
3.474590163934426101e+00
3.580218068535825360e+00
3.658196721311475219e+00
3.393135725429017313e+00
3.474311243484735634e+00
3.505343511450381477e+00
3.591338582677165547e+00
3.639024390243902563e+00
3.477987421383647693e+00
3.516691957511381084e+00
3.618597320724980193e+00
3.538522012578616316e+00
3.571762870514820776e+00
3.486528098537336362e+00
3.575193798449612270e+00
3.432183908045976839e+00
3.529856386999244311e+00
3.476371951219512368e+00
3.631455399061032985e+00
3.581189710610932497e+00
3.412518853695324150e+00
3.688130333591931542e+00
3.528089887640449618e+00
3.434523809523809312e+00
3.524480712166172314e+00
3.566692367000770858e+00
3.484339190221543259e+00
3.429624170965364982e+00
3.575642965204235857e+00
3.564223798266351384e+00
3.564566929133858419e+00
3.411454408440090624e+00
3.660964230171073197e+00
3.504761904761904745e+00
3.384671532846715181e+00
3.611906556141672997e+00
3.525410476935105564e+00
3.381368267831149854e+00
3.310298102981029889e+00
3.398768809849521233e+00
3.492451473759885072e+00
3.536296296296296493e+00
3.521577380952380931e+00
3.433501078360891245e+00
3.556445739257101391e+00
3.553869499241274710e+00
3.622685185185185119e+00
3.521439509954058078e+00
3.591389728096676670e+00
3.546282245827010460e+00
3.532246108228317194e+00
3.597451274362818641e+00
3.529056603773585099e+00
3.523178807947019653e+00
3.620845921450150939e+00
3.419897585954644992e+00
3.686055182699477850e+00
3.585346843335931233e+00
3.453090909090909211e+00
3.526466380543633594e+00
3.534849596478356393e+00
3.533382245047688830e+00
3.485920577617328320e+00
3.609558823529411598e+00
3.450437317784256663e+00
3.503521126760563487e+00
3.363761153054221076e+00
3.473755964553510545e+00
3.517094017094017033e+00
3.588105726872246493e+00
3.667947732513451076e+00
3.485523385300667965e+00
3.464011180992312866e+00
3.465100207325500836e+00
3.517580872011251802e+00
3.584302325581395277e+00
3.530137981118373069e+00
3.437630662020906058e+00
3.658959537572254117e+00
3.438081603435934053e+00
3.618271954674221025e+00
3.471765546819156611e+00
3.521951219512195141e+00
3.514549325762952314e+00
3.579553635709143311e+00
3.589311859443630848e+00
3.338994565217391131e+00
3.525999999999999801e+00
3.506638714185883909e+00
3.588068181818181657e+00
3.446838082001389747e+00
3.472972972972972805e+00
3.535689535689535479e+00
3.453480358373535619e+00
3.463037634408602017e+00
3.409030544488711900e+00
3.514556533513879533e+00
3.341544607190412908e+00
3.558327714093054706e+00
3.635630498533724442e+00
3.579062957540263490e+00
3.438498957609450901e+00
3.527434842249657088e+00
3.428375599725839606e+00
3.464069845533915171e+00
3.504115226337448430e+00
3.421800947867298603e+00
3.573997233748271274e+00
3.628782287822878150e+00
3.565604151223128238e+00
3.702743902439024293e+00
3.604615384615384777e+00
3.428774928774928732e+00
3.604964539007092128e+00
3.599402092675635156e+00
3.518168604651162656e+00
3.380530973451327359e+00
3.504442925495557137e+00
3.523877405559515452e+00
3.431276297335203562e+00
3.453671928620452913e+00
3.582496413199426133e+00
3.734725444702242658e+00
3.479400749063670251e+00
3.551136363636363757e+00
3.488322717622080571e+00
3.415875169606513051e+00
3.564102564102564319e+00
3.593772628530050639e+00
3.641857037582903356e+00
3.433615819209039355e+00
3.613061797752808779e+00
3.435915492957746675e+00
3.486413043478260754e+00
3.542396636299929735e+00
3.503536067892503603e+00
3.438271604938271775e+00
3.454854039375424346e+00
3.553911205073995827e+00
3.484008528784648284e+00
3.516265912305516217e+00
3.484805653710247419e+00
3.631924198250728875e+00
3.654169854628921410e+00
3.495601173020527863e+00
3.697761194029850706e+00
3.386053199137311065e+00
3.547586206896551797e+00
3.645879732739421009e+00
3.468069666182873600e+00
3.518131101813110284e+00
3.505964912280701729e+00
3.615660919540229834e+00
3.446415897799858019e+00
3.491490810074880713e+00
3.430800542740841230e+00
3.467296021577882748e+00
3.548499651081646888e+00
3.460251046025104582e+00
3.580238262088297319e+00
3.429660429660429610e+00
3.537508602890571119e+00
3.597122302158273222e+00
3.626843657817109268e+00
3.718125960061443802e+00
3.521252796420581532e+00
3.570508231925554554e+00
3.475514549325763092e+00
3.436475409836065698e+00
3.532314107018763139e+00
3.530378842030021502e+00
3.571120689655172598e+00
3.388389771941948680e+00
3.509152542372881545e+00
3.578796561604584703e+00
3.502498215560314154e+00
3.408316291751874783e+00
3.523024054982817788e+00
3.553879310344827402e+00
3.651335311572700082e+00
3.482233502538071068e+00
3.544232130219391319e+00
3.482269503546099099e+00
3.492296918767507030e+00
3.496118560338743908e+00
3.532810271041369354e+00
3.694444444444444642e+00
3.593465045592705298e+00
3.502873563218390718e+00
3.367182246133153978e+00
3.506720430107526987e+00
3.500000000000000000e+00
3.439373297002724872e+00
3.436327077747989289e+00
3.490209318028359320e+00
3.476288659793814517e+00
3.491046831955922691e+00
3.355909694555113010e+00
3.472498343273691113e+00
3.565186751233262896e+00
3.548132183908045967e+00
3.541935483870967794e+00
3.542857142857142705e+00
3.478962131837306959e+00
3.525174825174825166e+00
3.553813257305773465e+00
3.470505617977527990e+00
3.565217391304347672e+00
3.524251069900142586e+00
3.439091534755677859e+00
3.590877192982456112e+00
3.530422333571940019e+00
3.407407407407407440e+00
3.495581237253568840e+00
3.636823104693140962e+00
3.561532792925571123e+00
3.571531791907514464e+00
3.382656572608396583e+00
3.551020408163265252e+00
3.565780014378145069e+00
3.550578034682080997e+00
3.408557625948930081e+00
3.501701837985023769e+00
3.488259668508287170e+00
3.457259158751695871e+00
3.510594668489405379e+00
3.618741058655221554e+00
3.487579843860894258e+00
3.500000000000000000e+00
3.596877217885024791e+00
3.410863509749303635e+00
3.494252873563218564e+00
3.396900269541779149e+00
3.536986301369863028e+00
3.551822730521801308e+00
3.586181818181818137e+00
3.644510828976848416e+00
3.459694989106753660e+00
3.504555010511562596e+00
3.555316091954022983e+00
3.529069767441860517e+00
3.460014154281670251e+00
3.591335740072202132e+00
3.422413793103448398e+00
3.531250000000000000e+00
3.450463292943692029e+00
3.578452639190166096e+00
3.514662756598240456e+00
3.577941176470588402e+00
3.418404025880661390e+00
3.527994330262225198e+00
3.623220973782771637e+00
3.467503692762186063e+00
3.422515635858234706e+00
3.556183745583038736e+00
3.415557112824106678e+00
3.538245614035087527e+00
3.569230769230769429e+00
3.506190823015295166e+00
3.410949410949410954e+00
3.491325468424705036e+00
3.452296819787985971e+00
3.375599725839616205e+00
3.486448922863099487e+00
3.362942401110339929e+00
3.538515901060070856e+00
3.360028348688873123e+00
3.531315974665728330e+00
3.550147492625368884e+00
3.674865488086087595e+00
3.698872785829307563e+00
3.547711404189294093e+00
3.508148148148148238e+00
3.527818448023426257e+00
3.538119911176905941e+00
3.525735294117647189e+00
3.562592047128129824e+00
3.638572513287775312e+00
3.559090909090909083e+00
3.490196078431372584e+00
3.540853217642805362e+00
3.460215053763441073e+00
3.571428571428571619e+00
3.364084507042253591e+00
3.555087719298245741e+00
3.585201793721973118e+00
3.464076246334310660e+00
3.614422369389256762e+00
3.618209640397857640e+00
3.427641099855282203e+00
3.402181322426721000e+00
3.646209386281588305e+00
3.652713178294573648e+00
3.486286137879911262e+00
3.422145328719722990e+00
3.593123209169054366e+00
3.702556158017041188e+00
3.509848484848484773e+00
3.527656477438136928e+00
3.528205128205128105e+00
3.520971302428256067e+00
3.599700149925037618e+00
3.540438397581254559e+00
3.621559633027522818e+00
3.465517241379310498e+00
3.460987831066571374e+00
3.480547550432276704e+00
3.504734158776401820e+00
3.544848035581912526e+00
3.465783664459161084e+00
3.560325684678016245e+00
3.386494252873563315e+00
3.572448251249107809e+00
3.505162241887905594e+00
3.519216823785351611e+00
3.528384279475982321e+00
3.565573770491803351e+00
3.556221889055472207e+00
3.668465690053970718e+00
3.473368342085521476e+00
3.443508771929824519e+00
3.597802197802197899e+00
3.613127413127413146e+00
3.679527559055117969e+00
3.695052716950526950e+00
3.627294493216280724e+00
3.515174506828528056e+00
3.663351185921958741e+00
3.520673813169984623e+00
3.578358208955223940e+00
3.563732928679817835e+00
3.517964071856287234e+00
3.408895265423242282e+00
3.544792425345957732e+00
3.424264705882352988e+00
3.620973782771535365e+00
3.427498121712997836e+00
3.577926920208799544e+00
3.484457922668688479e+00
3.610130468150422267e+00
3.469778117827084785e+00
3.497774480712166234e+00
3.533936651583710287e+00
3.560790273556230900e+00
3.464925373134328357e+00
3.561285500747384258e+00
3.552307692307692388e+00
3.556488549618320505e+00
3.480238627889634451e+00
3.476534296028880977e+00
3.530701754385964897e+00
3.429602888086642487e+00
3.539578794480755075e+00
3.504095309009680026e+00
3.561324303987960960e+00
3.472160356347438803e+00
3.553333333333333233e+00
3.430555555555555358e+00
3.573313782991202281e+00
3.524024024024023927e+00
3.611320754716980996e+00
3.498884758364312120e+00
3.452601568068424776e+00
3.448324022346368700e+00
3.548780487804878092e+00
3.557027225901398193e+00
3.602554470323065416e+00
3.500000000000000000e+00
3.482117310443490599e+00
3.618127786032689475e+00
3.482195845697329428e+00
3.644510828976848416e+00
3.582761250953470533e+00
3.648134044173648061e+00
3.627527216174183611e+00
3.424927113702624037e+00
3.419354838709677491e+00
3.515514809590973400e+00
3.393833216538192143e+00
3.620590352771778431e+00
3.609961685823754873e+00
3.458026509572901475e+00
3.395010395010395143e+00
3.484298674110258176e+00
3.362880886426592664e+00
3.531271960646521269e+00
3.631339894019681935e+00
3.494011976047904255e+00
3.554172767203513938e+00
3.592036063110443322e+00
3.466472303206997285e+00
3.627319970304379915e+00
3.571757482732156763e+00
3.621084797555385926e+00
3.495886312640239524e+00
3.579335793357933504e+00
3.538863976083706842e+00
3.609022556390977243e+00
3.529235382308845370e+00
3.480463096960926261e+00
3.491803278688524692e+00
3.512142857142857011e+00
3.488555078683833965e+00
3.471045197740112886e+00
3.358554873892297010e+00
3.523743977976600217e+00
3.507902298850574585e+00
3.536690647482014338e+00
3.618870728083209531e+00
3.547352721849366119e+00
3.726226993865030757e+00
3.459337349397590522e+00
3.462290502793296199e+00
3.656296296296296156e+00
3.426891991182953845e+00
3.469686411149825567e+00
3.429366736256088899e+00
3.608411892675852162e+00
3.390993566833452544e+00
3.593304843304843121e+00
3.539325842696629199e+00
3.591213700670141673e+00
3.455212922173274581e+00
3.500000000000000000e+00
3.481294964028776917e+00
3.663934426229508379e+00
3.381263616557734331e+00
3.529494382022472010e+00
3.407198306280875055e+00
3.335766423357664046e+00
3.554082344731332999e+00
3.619909502262443457e+00
3.511851851851851780e+00
3.550692924872355771e+00
3.401697312588401800e+00
3.693832599118942905e+00
3.582494190549961210e+00
3.621270084162203418e+00
3.545247148288973360e+00
3.447425670775924544e+00
3.599705665930831522e+00
3.528614457831325435e+00
3.476363636363636545e+00
3.583763837638376248e+00
3.553207547169811242e+00
3.521641791044776149e+00
3.475707034082668567e+00
3.448717948717948900e+00
3.487857142857142989e+00
3.603886397608370817e+00
3.586605080831408721e+00
3.527505651846269963e+00
3.502575423105224406e+00
3.356892932120363771e+00
3.473611111111110983e+00
3.552380952380952195e+00
3.509992598075499792e+00
3.344731332868108975e+00
3.493398193189714895e+00
3.462536023054755052e+00
3.537050623624358181e+00
3.556226415094339455e+00
3.430036630036629841e+00
3.596607669616519232e+00
3.654574132492113492e+00
3.494235203689469493e+00
3.591698113207546950e+00
3.500378501135503306e+00
3.501477104874445967e+00
3.515890613451589264e+00
3.494100294985250876e+00
3.503291880029260952e+00
3.516629711751662946e+00
3.569706103993971258e+00
3.586339217191097273e+00
3.593944099378882040e+00
3.633122028526149183e+00
3.534214618973561262e+00
3.619674670797831340e+00
3.652699435938759009e+00
3.635996771589991905e+00
3.548311076197957714e+00
3.552732871439568729e+00
3.498084291187739669e+00
3.395772594752186624e+00
3.431330472103004237e+00
3.621270084162203418e+00
3.462191358024691468e+00
3.545317220543806602e+00
3.580015612802498026e+00
3.359467455621301557e+00
3.415547703180211947e+00
3.627765064836002917e+00
3.574281150159744236e+00
3.396564600448095383e+00
3.608564988730277978e+00
3.509360374414976391e+00
3.522103658536585247e+00
3.409763313609467605e+00
3.436956521739130466e+00
3.673929961089493990e+00
3.542236524537409448e+00
3.687399030694668678e+00
3.634266886326194435e+00
3.581210191082802474e+00
3.532195500387897535e+00
3.640031645569620444e+00
3.378030303030302939e+00
3.496741491672700874e+00
3.358937544867193203e+00
3.510379384395132529e+00
3.562452687358061976e+00
3.506015037593984918e+00
3.506666666666666821e+00
3.449307075127644229e+00
3.548933038999264156e+00
3.529323308270676751e+00
3.543754674644727043e+00
3.462444771723122372e+00
3.606983655274888623e+00
3.462686567164178886e+00
3.561351947097722181e+00
3.521641791044776149e+00
3.599547511312217285e+00
3.530612244897959329e+00
3.459985580389329574e+00
3.610169491525423879e+00
3.644133644133644268e+00
3.522624434389140191e+00
3.464849354375896695e+00
3.774366845740598553e+00
3.466820987654320785e+00
3.517266187050359871e+00
3.411680911680911699e+00
3.598689002184996433e+00
3.607142857142857206e+00
3.474550898203592642e+00
3.495306859205776107e+00
3.593170007423904799e+00
3.603990790483499573e+00
3.524774774774774855e+00
3.561989606533036312e+00
3.394155381325730580e+00
3.606038820992091942e+00
3.522997032640949655e+00
3.465957446808510589e+00
3.677966101694915224e+00
3.472242783123612231e+00
3.432897453544391020e+00
3.651985559566786943e+00
3.435097897026830882e+00
3.471074380165289242e+00
3.474048442906574330e+00
3.457241379310344698e+00
3.464236588720770449e+00
3.392737054472091618e+00
3.519480519480519654e+00
3.451185495118549440e+00
3.396889790398918141e+00
3.474402730375426795e+00
3.588912886969042315e+00
3.600596125186289242e+00
3.443335709194582872e+00
3.439672801635991650e+00
3.497577854671280129e+00
3.599134823359769086e+00
3.527352297592997843e+00
3.488289567068842967e+00
3.528907922912205564e+00
3.443037974683544444e+00
3.485059068797776050e+00
3.403568977350720726e+00
3.560872624912033935e+00
3.490974729241877128e+00
3.580551523947750336e+00
3.547128129602356239e+00
3.280561122244488814e+00
3.502631578947368318e+00
3.648093841642228607e+00
3.453623188405797073e+00
3.398117014122393975e+00
3.396449704142011861e+00
3.447791164658634333e+00
3.624643874643874497e+00
3.600298284862043285e+00
3.485325697924122945e+00
3.442320819112627994e+00
3.566829951014695688e+00
3.409972299168975152e+00
3.500339904826648585e+00
3.540311173974540093e+00
3.518123667377398789e+00
3.496140350877193104e+00
3.593390804597701216e+00
3.470085470085470192e+00
3.584277620396600472e+00
3.592240117130307553e+00
3.491440798858773231e+00
3.665940450254175698e+00
3.521770682148040787e+00
3.598430813124108507e+00
3.545389048991354652e+00
3.560056858564321303e+00
3.474528960223307816e+00
3.599719101123595610e+00
3.404696132596685132e+00
3.620856353591160204e+00
3.533475783475783505e+00
3.581100141043723539e+00
3.454608454608454782e+00
3.564616447823082179e+00
3.460899653979238710e+00
3.533607681755829955e+00
3.615164520743920029e+00
3.529115744069015292e+00
3.628427128427128334e+00
3.541184971098265688e+00
3.504201680672268893e+00
3.529163738580463949e+00
3.578683834048641099e+00
3.512125534950071515e+00
3.467406380027739043e+00
3.570212765957446965e+00
3.622486969471332863e+00
3.359747545582047579e+00
3.406746031746031633e+00
3.575122292103424027e+00
3.537900874635568460e+00
3.582111436950146555e+00
3.444761225944404703e+00
3.656272661348803688e+00
3.543283582089552297e+00
3.518996415770609509e+00
3.704868913857677803e+00
3.535903250188964453e+00
3.510424155283968339e+00
3.502844950213371167e+00
3.424284717376134157e+00
3.545261669024045048e+00
3.649700598802395390e+00
3.562170308967596011e+00
3.557580174927113870e+00
3.558545454545454678e+00
3.626016260162601590e+00
3.502911208151382905e+00
3.568669527896995763e+00
3.607195301027900314e+00
3.630677587490692471e+00
3.542459736456808006e+00
3.436805555555555447e+00
3.515796703296703463e+00
3.615994236311239174e+00
3.371687587168758604e+00
3.389217619986850671e+00
3.513661202185792476e+00
3.651982378854625733e+00
3.517621145374449476e+00
3.519858156028368601e+00
3.700371747211895990e+00
3.469897209985315811e+00
3.487179487179487225e+00
3.513626834381551323e+00
3.448204419889502770e+00
3.511387163561076719e+00
3.530785562632696273e+00
3.460306406685236702e+00
3.523183391003460230e+00
3.527349228611500909e+00
3.380471380471380627e+00
3.462401055408971029e+00
3.649396735273243486e+00
3.510014306151645336e+00
3.478201634877384318e+00
3.390419947506561726e+00
3.501321003963012046e+00
3.435333333333333350e+00
3.614156835530881295e+00
3.541428571428571370e+00
3.574542897327707358e+00
3.415416098226466524e+00
3.526351351351351138e+00
3.626523297491039521e+00
3.459535538353272432e+00
3.558316080055210495e+00
3.505641748942172065e+00
3.479338842975206791e+00
3.424731182795698992e+00
3.475067385444743806e+00
3.659697188175919269e+00
3.538179148311306754e+00
3.501048218029350068e+00
3.497571131158917268e+00
3.472664359861591610e+00
3.350830564784053056e+00
3.378954163976759073e+00
3.605976372480889314e+00
3.481746599856835989e+00
3.591589451176051107e+00
3.378266850068775806e+00
3.516064257028112650e+00
3.536191145467322716e+00
3.423682409308692609e+00
3.394459102902374514e+00
3.509843856076035440e+00
3.390128465179174988e+00
3.534915254237287918e+00
3.446969696969696795e+00
3.498633879781420930e+00
3.552186177715091819e+00
3.529202279202279247e+00
3.535511363636363757e+00
3.597090909090908895e+00
3.447275300778485541e+00
3.404858299595141524e+00
3.446995273463875797e+00
3.598144182726623619e+00
3.592867756315007544e+00
3.516715116279069964e+00
3.389993145990404244e+00
3.495923913043478048e+00
3.454608454608454782e+00
3.495489243580846672e+00
3.499297752808988804e+00
3.535561877667140696e+00
3.658989598811292598e+00
3.560810810810810967e+00
3.706554878048780477e+00
3.604489164086687403e+00
3.466474405191059649e+00
3.635833940276766096e+00
3.498157700810611725e+00
3.575953923686105096e+00
3.405310971348707305e+00
3.547717842323651283e+00
3.526580459770114917e+00
3.424791086350974734e+00
3.587482219061166600e+00
3.575129533678756300e+00
3.482683982683982826e+00
3.301196808510638459e+00
3.539136302294196845e+00
3.531791907514450823e+00
3.352941176470588314e+00
3.442961974649766610e+00
3.429740791268758748e+00
3.531053733426378294e+00
3.477548111190306379e+00
3.431249999999999911e+00
3.462603878116343292e+00
3.452198185624563820e+00
3.489824561403508607e+00
3.634272997032641062e+00
3.529367469879518104e+00
3.387210119465917213e+00
3.556263269639065694e+00
3.567365269461078015e+00
3.636363636363636243e+00
3.512396694214876103e+00
3.487437185929648020e+00
3.451090781140042196e+00
3.428172942817294455e+00
3.450280112044818104e+00
3.477611940298507509e+00
3.484957020057306565e+00
3.551140544518027742e+00
3.442670537010159570e+00
3.379668049792531104e+00
3.328208556149732544e+00
3.360079575596817136e+00
3.457556935817805321e+00
3.482832618025751170e+00
3.522279035792549085e+00
3.322446143154968556e+00
3.430987821380243386e+00
3.425680390788555574e+00
3.588235294117647189e+00
3.594059405940594143e+00
3.596464258262874747e+00
3.344109195402298784e+00
3.430129516019086555e+00
3.574780058651026327e+00
3.351293103448275801e+00
3.514487632508834114e+00
3.581763376036172009e+00
3.433628318584070804e+00
3.667420814479637858e+00
3.369082840236686582e+00
3.460997891777934043e+00
3.627819548872180277e+00
3.511128165771296938e+00
3.546957175056348444e+00
3.509759759759759845e+00
3.637692307692307558e+00
3.538762725137039933e+00
3.380014587892049782e+00
3.488920657612580634e+00
3.560181680545041694e+00
3.533794162826420671e+00
3.532924961715160794e+00
3.529051987767584109e+00
3.541826554105909519e+00
3.552469135802469147e+00
3.372881355932203284e+00
3.359777313848295144e+00
3.516943042537851394e+00
3.551829268292682862e+00
3.533076923076923226e+00
3.432813659985152199e+00
3.467836257309941494e+00
3.610897927858787604e+00
3.602553870710295314e+00
3.373601789709172127e+00
3.391853932584269593e+00
3.744697564807541124e+00
3.624476110645431515e+00
3.496465043205027712e+00
3.386196769456681466e+00
3.390435403283369009e+00
3.541291291291291277e+00
3.568271507498026907e+00
3.492187500000000000e+00
3.469696969696969724e+00
3.698067632850241537e+00
3.645868465430016858e+00
3.486100079428117393e+00
3.554778554778554867e+00
3.459646425826287341e+00
3.464071856287425089e+00
3.545245398773006151e+00
3.417549167927382836e+00
3.495508982035928192e+00
3.533127889060092564e+00
3.621599999999999930e+00
3.405594405594405405e+00
3.533840304182509495e+00
3.444101773323053006e+00
3.617763679619349748e+00
3.547154471544715637e+00
3.514937106918238907e+00
3.552590266875981229e+00
3.553174603174602986e+00
3.463622291021671629e+00
3.642913697545526741e+00
3.498397435897435681e+00
3.448669201520912608e+00
3.503053435114503955e+00
3.431610942249240015e+00
3.632781717888101003e+00
3.546786004882017895e+00
3.450310559006211086e+00
3.488939740655987887e+00
3.588748019017432789e+00
3.556717618664521297e+00
3.664197530864197638e+00
3.534921939194741292e+00
3.444187836797536484e+00
3.476586102719033011e+00
3.658908507223114004e+00
3.685689948892674650e+00
3.516075845012366141e+00
3.809036658141517595e+00
3.444166666666666821e+00
3.444277108433734913e+00
3.595911949685534736e+00
3.460505529225908372e+00
3.578408195429472194e+00
3.586938775510204014e+00
3.600657354149547906e+00
3.517799352750809128e+00
3.464062499999999822e+00
3.416982562547384195e+00
3.663438256658595460e+00
3.412379421221864995e+00
3.468797564687975843e+00
3.490317583268784052e+00
3.536334913112164191e+00
3.635245901639344357e+00
3.449240607513988977e+00
3.548713951675759759e+00
3.542264752791068450e+00
3.466718872357086756e+00
3.382198952879581277e+00
3.462278106508875908e+00
3.455927051671732642e+00
3.511284046692606964e+00
3.659240924092409308e+00
3.544769874476987326e+00
3.550080775444265146e+00
3.618734593262119770e+00
3.438946528332003094e+00
3.650882825040128399e+00
3.459723352318958334e+00
3.433587786259542085e+00
3.512326656394452851e+00
3.459564541213063560e+00
3.589498806682577481e+00
3.561834561834561708e+00
3.395817195972114622e+00
3.555898226676946994e+00
3.512738853503184711e+00
3.505910165484633634e+00
3.630505709624796129e+00
3.553556827473426161e+00
3.491777603758809523e+00
3.595576619273301855e+00
3.454192546583850998e+00
3.556495003843197722e+00
3.550039401103231018e+00
3.554416403785488843e+00
3.592503987240829311e+00
3.578187650360866279e+00
3.542879622344610624e+00
3.539299610894941495e+00
3.269093504639543291e+00
3.420179682100898511e+00
3.578431372549019773e+00
3.513597513597513711e+00
3.619795758051846057e+00
3.567545963229416639e+00
3.569520816967792776e+00
3.528906249999999911e+00
3.590446358653093029e+00
3.665309446254071624e+00
3.603758169934640598e+00
3.539068666140489317e+00
3.593996840442338137e+00
3.564940239043824732e+00
3.485714285714285765e+00
3.609034267912772709e+00
3.607858861267041028e+00
3.354742345033607354e+00
3.772833723653395754e+00
3.522094926350245458e+00
3.525670498084291005e+00
3.450037565740045054e+00
3.379928315412186191e+00
3.473835125448028638e+00
3.617511520737327402e+00
3.547711404189294093e+00
3.541381928625664255e+00
3.659842519685039264e+00
3.448776758409786147e+00
3.549442379182156326e+00
3.696656050955414052e+00
3.373493975903614661e+00
3.429366736256088899e+00
3.628464419475655234e+00
3.372881355932203284e+00
3.417941585535465787e+00
3.533042846768336798e+00
3.385334291876347823e+00
3.612334801762114633e+00
3.629716981132075304e+00
3.567862714508580169e+00
3.532674772036473954e+00
3.585812356979404925e+00
3.508371385083713712e+00
3.564258555133079653e+00
3.464872944693572432e+00
3.591218773656320806e+00
3.541249036237470893e+00
3.437638376383763905e+00
3.599095704596834810e+00
3.453313253012048278e+00
3.474144209759650437e+00
3.453952139231327045e+00
3.493449781659388798e+00
3.531994047619047450e+00
3.394202898550724434e+00
3.525252525252525082e+00
3.479584261321455152e+00
3.604403948367501886e+00
3.440360090022505535e+00
3.628117913832199726e+00
3.622807017543859587e+00
3.577044025157232632e+00
3.512585812356979531e+00
3.426373626373626191e+00
3.400709219858156107e+00
3.426950354609929139e+00
3.526627218934911046e+00
3.557692307692307487e+00
3.408482142857142794e+00
3.555306427503736710e+00
3.684764991896272157e+00
3.585167074164629319e+00
3.379361544172234666e+00
3.575332348596750531e+00
3.565522620904836071e+00
3.480696442089326048e+00
3.446389496717724210e+00
3.545925925925926148e+00
3.644253322908522108e+00
3.556773688332028005e+00
3.580769230769230926e+00
3.464578672632363965e+00
3.572068707991038039e+00
3.459641255605381271e+00
3.719284603421461721e+00
3.532219570405727982e+00
3.485501858736059333e+00
3.664346481051817594e+00
3.523255813953488413e+00
3.475000000000000089e+00
3.539143279172821455e+00
3.457079970652971568e+00
3.545722713864306819e+00
3.603527607361963092e+00
3.549155145929339561e+00
3.382225433526011571e+00
3.523504273504273421e+00
3.502212389380531032e+00
3.591317365269460993e+00
3.504497751124437954e+00
3.477882523567802586e+00
3.486956521739130288e+00
3.674506828528072866e+00
3.381724392041267624e+00
3.626277372262773913e+00
3.530395136778115450e+00
3.449527959331880833e+00
3.560761346998535970e+00
3.390961262553802147e+00
3.579668348954578416e+00
3.516393442622950616e+00
3.444523979957050841e+00
3.468220338983051043e+00
3.517715112075198824e+00
3.498904309715120675e+00
3.356039325842696819e+00
3.474233983286908245e+00
3.577464788732394485e+00
3.495515695067264783e+00
3.500000000000000000e+00
3.585162755488266573e+00
3.509863429438543125e+00
3.428674351585014435e+00
3.468327402135231274e+00
3.441744102930664795e+00
3.392378263937896765e+00
3.546637744034707218e+00
3.423245614035087758e+00
3.499276410998553022e+00
3.673136645962733038e+00
3.580031695721077600e+00
3.435745937961595331e+00
3.683409436834094386e+00
3.494996150885296249e+00
3.429085673146148316e+00
3.533236994219653315e+00
3.710588235294117521e+00
3.559683794466403040e+00
3.515060240963855609e+00
3.411465892597968175e+00
3.561209439528023601e+00
3.421364985163204864e+00
3.432974910394265056e+00
3.660536398467432839e+00
3.438366718027734859e+00
3.417558886509636018e+00
3.554252199413489688e+00
3.562883435582822056e+00
3.466317365269460993e+00
3.559729526671675526e+00
