1.000000000000000000e+00
2.941176470588235503e+00
3.744493392070484372e+00
3.888317917094895382e+00
4.035081240768094268e+00
4.035769230769230553e+00
4.026446914526638388e+00
4.141171844278411562e+00
3.954054054054053857e+00
3.967455621301775093e+00
4.048484848484848797e+00
4.021121351766512753e+00
3.908416759362254300e+00
3.940087145969498827e+00
4.155059638322431859e+00
4.007442224833528854e+00
4.048000000000000043e+00
4.249797898140663222e+00
3.916177046611829304e+00
4.016272189349112232e+00
4.067666282199153827e+00
3.976018271792919556e+00
3.994394618834080646e+00
4.117601547388781036e+00
4.026510721247563040e+00
4.014437689969605039e+00
3.890682318415260355e+00
4.112279384153210593e+00
4.033878504672896881e+00
4.019435975609756184e+00
4.086973328179358766e+00
4.126140420468067838e+00
4.053501180173092244e+00
3.937335834896810383e+00
4.150249137600613203e+00
4.077258320126782465e+00
4.123082972866693119e+00
4.076560659599528513e+00
4.037221795855717943e+00
3.999624060150376081e+00
3.959823074087725825e+00
3.973636030757964122e+00
3.991140642303432795e+00
4.036370453693288063e+00
4.046352583586625862e+00
3.922764227642276502e+00
4.002191380569758650e+00
3.985528756957328333e+00
4.053759398496240784e+00
4.108097636574971290e+00
4.014965464313123178e+00
3.904779277635899160e+00
4.072142064372918924e+00
3.987135830495649014e+00
3.982209043736100629e+00
4.077360637087599216e+00
3.955111278762731164e+00
3.947002923976608013e+00
4.138485080336648636e+00
3.971109399075500868e+00
4.057283763277693467e+00
3.999618174875906984e+00
4.098493626882966367e+00
4.007739938080495001e+00
3.981188863807374023e+00
3.993253373313343513e+00
4.041444866920151924e+00
4.070930232558139572e+00
4.061089494163423907e+00
4.111767020857930000e+00
4.117717478052673741e+00
3.938526155021000452e+00
3.954094748439221263e+00
4.008988764044944197e+00
4.034377387318563990e+00
4.022205206738131977e+00
4.014095238095237939e+00
4.010630220197418438e+00
4.047108387590961698e+00
3.962906888720666210e+00
3.936350257542310604e+00
4.027351067815660990e+00
4.115158636897767508e+00
4.018735362997658100e+00
4.060524286815728523e+00
3.988518943742824341e+00
4.037248194602812923e+00
4.059141863161963570e+00
4.019260400616333051e+00
3.963157894736842213e+00
4.027505651846269963e+00
4.071179883945841738e+00
4.023588553750967023e+00
4.022935779816513957e+00
4.023344814389590240e+00
4.045086705202312061e+00
4.073408824677859918e+00
4.028415725963410132e+00
3.935362645621946598e+00
3.953556948028013274e+00
4.129980657640231811e+00
3.917529727656309912e+00
4.065759637188208764e+00
4.052631578947368141e+00
3.903068862275449025e+00
4.033122441384443313e+00
3.964164466239155082e+00
4.069988588817040842e+00
4.061940007791196017e+00
4.080015612802498026e+00
3.960456273764258572e+00
4.098510882016036305e+00
4.004243827160493652e+00
4.097259745272095799e+00
4.095895816890291918e+00
4.093528018942383717e+00
4.080125687352710528e+00
4.034042553191489411e+00
4.012947448591012822e+00
4.158823529411765030e+00
3.972847168347556135e+00
3.945200441338727604e+00
4.005563798219584193e+00
3.975710014947682946e+00
3.940808823529411864e+00
4.098596890405763915e+00
3.917075009423294230e+00
3.937364228819695722e+00
3.913593637020968963e+00
4.046840148698884754e+00
3.915147004093785021e+00
4.063829787234042534e+00
4.148264984227129304e+00
3.943108056510118420e+00
4.145634769348074400e+00
3.991499227202472966e+00
3.989602673598217741e+00
4.079347000759301345e+00
4.008775276611980409e+00
4.144961240310077955e+00
4.061224489795918657e+00
4.035482640213658989e+00
4.018490566037735690e+00
4.006362275449101951e+00
4.032694475760991715e+00
3.928123848138592056e+00
3.997076023391812782e+00
4.039097744360902631e+00
4.121799844840961846e+00
3.877094972067038903e+00
3.991332611050920853e+00
3.991064780342516549e+00
4.009719626168224416e+00
4.001874062968515666e+00
4.144074360960495973e+00
3.988416988416988218e+00
4.000372995151063371e+00
4.082887700534759468e+00
4.012260536398467359e+00
3.952151335311572922e+00
3.957937088514996482e+00
4.051070221554637918e+00
4.038255547054323102e+00
4.037404580152672118e+00
3.997734138972809603e+00
3.986562150055990905e+00
4.120384615384615756e+00
4.020954598370197530e+00
4.009046362608367886e+00
4.095585412667945846e+00
4.056699029126213496e+00
4.140337122696981176e+00
3.970802919708029233e+00
3.955262192885955042e+00
4.003699593044765415e+00
3.978430643361844599e+00
4.043184378520465749e+00
3.913589364844904050e+00
3.994525547445255675e+00
4.015748031496062964e+00
4.010165662650602592e+00
3.906925613777940676e+00
4.100074962518740485e+00
4.111111111111110716e+00
3.880179171332586829e+00
4.006195335276967917e+00
3.951726698848867514e+00
4.092599620493358792e+00
3.920180722891566383e+00
3.963530269876002876e+00
4.046003016591251722e+00
3.980310488451344053e+00
3.962152133580704838e+00
3.890058055152394889e+00
4.009541284403669970e+00
4.028147584632939981e+00
3.943177570093458151e+00
4.127871362940275901e+00
3.954737245876486451e+00
4.072157159047979036e+00
4.048337200309358508e+00
3.845676760306457442e+00
3.887215411558668787e+00
4.030837004405285917e+00
4.121979734996102707e+00
3.964271993853246467e+00
4.120862201693610061e+00
3.914068441064638915e+00
4.091115311909263141e+00
4.071119842829076241e+00
4.064377682403433667e+00
4.155378486055776754e+00
3.916634652324241461e+00
3.916575988393180996e+00
3.957813646368305349e+00
3.973968017850502132e+00
4.081860107609530885e+00
4.083003952569169925e+00
3.905646078059870963e+00
3.948755490483162323e+00
4.050834597875568655e+00
3.989276139410187660e+00
4.085813683803633189e+00
4.041111981205951054e+00
3.963131889015583553e+00
4.023422742727616352e+00
4.076175670423629604e+00
3.981930026912726017e+00
4.030095238095237953e+00
4.193742478941034690e+00
3.966007905138340117e+00
4.151313210505684026e+00
4.078257361839451534e+00
4.061143984220906944e+00
4.114604058893752914e+00
3.993737769080234923e+00
3.979174555092767740e+00
4.007598784194528641e+00
3.930529478032294577e+00
3.997378277153558201e+00
4.106416275430359697e+00
4.170204081632652660e+00
3.972727272727272663e+00
4.120077972709551339e+00
3.984344422700587085e+00
4.083850931677019069e+00
4.057312252964426769e+00
4.003874467260751580e+00
3.930904994367255156e+00
4.050113895216401083e+00
4.069182389937107125e+00
4.030113414157215246e+00
3.978585086042064844e+00
4.117968750000000178e+00
3.901419255849635448e+00
4.077566539923954458e+00
4.011354737666406045e+00
4.058961343225302443e+00
4.092467118373853907e+00
4.046881207787047963e+00
4.163570274636510860e+00
4.105004101722723675e+00
4.133768352365415844e+00
4.102365415986949593e+00
3.941267989109296099e+00
3.984865682936057585e+00
4.073247160203681716e+00
4.007094994087505135e+00
3.988416988416988218e+00
3.865921787709497348e+00
4.070315469403269049e+00
4.003930817610062753e+00
3.976217874952052256e+00
3.972211648267986117e+00
3.975990853658536661e+00
3.947368421052631415e+00
4.081909937888198669e+00
4.063549160671462879e+00
4.049128367670364881e+00
4.099560175929628514e+00
4.051138633639632225e+00
3.980597594101668690e+00
4.080140734949178949e+00
4.033240997229916580e+00
4.050647820965842527e+00
4.013265704252829025e+00
4.065387627251370262e+00
4.000000000000000000e+00
4.040341349883631139e+00
4.111642743221690210e+00
4.096604688763136437e+00
4.102016129032257652e+00
3.957960295834955122e+00
3.992789373814041642e+00
4.074247753028526375e+00
3.925470610833653673e+00
4.124318004676539751e+00
4.074493927125506509e+00
4.008244994110718551e+00
4.041941747572815657e+00
4.032459913961673692e+00
4.105158730158730229e+00
4.020973486347447334e+00
4.079009433962264453e+00
3.998827667057444302e+00
3.926581325301204739e+00
4.043395508184240761e+00
4.128307939053729392e+00
4.004368546465448375e+00
3.917293233082706827e+00
4.152826510721247644e+00
4.016813450760608362e+00
3.979670118910625387e+00
4.109933254809579495e+00
3.996052112120015654e+00
4.108609794628751644e+00
4.086429725363489140e+00
3.969531250000000178e+00
4.126727200947493124e+00
4.055219669488109524e+00
4.083366415244144676e+00
4.100160901045856399e+00
4.089407974224728015e+00
4.052966945440063640e+00
3.971373307543520248e+00
3.980600988969190013e+00
3.912392362411082125e+00
4.007538635506973534e+00
4.115293185419968580e+00
4.048380647740903449e+00
4.092423641412137769e+00
3.891428571428571459e+00
3.963904235727440106e+00
3.975094339622641471e+00
4.166864843440349020e+00
4.090167278661771100e+00
4.157230142566191056e+00
4.037007240547063169e+00
3.992647058823529438e+00
4.035562427522226159e+00
4.019462826002335731e+00
4.098101265822784889e+00
4.119578435346574530e+00
4.032206759443339728e+00
3.985412667946257148e+00
3.951789077212806145e+00
4.077426810477658314e+00
3.960602549246813542e+00
3.967354596622889140e+00
4.076032419915090799e+00
4.124248496993987878e+00
3.931327160493827133e+00
4.127413127413127825e+00
4.047353760445682624e+00
4.086186540731995720e+00
4.070043529877325206e+00
4.010840108401083626e+00
4.055941358024691468e+00
4.034937888198757427e+00
4.008829174664107597e+00
4.082458187475690004e+00
4.110490626246510182e+00
4.085623257666268771e+00
4.050980392156862564e+00
3.995782208588956941e+00
4.149803921568627096e+00
4.095697627663851925e+00
4.005439005439005662e+00
3.870743317466129430e+00
3.948717948717948900e+00
4.008961911874533435e+00
3.941088739746458014e+00
4.063869992441420997e+00
4.001151631477926962e+00
4.019435975609756184e+00
3.966754816773705894e+00
3.934195933456561711e+00
4.070668693009118932e+00
3.859322664681801296e+00
3.935855855855856067e+00
4.109788867562380155e+00
3.990268586998832134e+00
4.169364390051322644e+00
4.074566706972994723e+00
3.979961464354528022e+00
4.017870722433459996e+00
4.001912045889101321e+00
3.901968065354623150e+00
3.988897113249445070e+00
4.011787072243346408e+00
4.080155642023346019e+00
4.180307941653160775e+00
4.047313552526062175e+00
4.024286815728604694e+00
3.978005309063329609e+00
4.093750000000000000e+00
4.016367887763055755e+00
3.915393216548639366e+00
3.959573686144799876e+00
4.037807183364839680e+00
4.019201228878648280e+00
3.986337760910815931e+00
3.942314849274283439e+00
4.013488197826901249e+00
3.987130961392884032e+00
4.029646522234891393e+00
4.023006134969325132e+00
4.084627329192546341e+00
3.964791427477994734e+00
4.064430041936713423e+00
4.110759493670886222e+00
3.862900188323917128e+00
4.159481114078595887e+00
3.984289080911233238e+00
4.003780718336483524e+00
4.029468044393417436e+00
3.928276380022531100e+00
3.936490455212922068e+00
4.025273481705016643e+00
4.068776865963267042e+00
4.104025508170585645e+00
4.069239952248309145e+00
3.873075478783327252e+00
3.951477562933236154e+00
4.149941429129246018e+00
4.048399999999999999e+00
4.000000000000000000e+00
4.037350789372352367e+00
4.015461925009663702e+00
4.090375586854460010e+00
3.983708301008533681e+00
4.010289634146341875e+00
4.049205734211545504e+00
4.003481624758220114e+00
4.126232741617356758e+00
4.009478672985782310e+00
4.002679938744257093e+00
3.969673995451099113e+00
4.112972341254382158e+00
4.071143085531574890e+00
3.983346243222308125e+00
3.981453444360333105e+00
4.027140672782874908e+00
4.076231430805316691e+00
3.997669902912621254e+00
3.955212645841174268e+00
3.969730941704035843e+00
3.965917602996254843e+00
4.014031095942359073e+00
4.105697445972495530e+00
4.099398797595190658e+00
4.036643026004727908e+00
4.023615950445218914e+00
4.008458285274894450e+00
4.085413416536661124e+00
4.026243634939286942e+00
4.058343057176196034e+00
4.132587859424919685e+00
4.003930817610062753e+00
4.003048780487804770e+00
4.099531615925058325e+00
4.075883988875645514e+00
3.968786127167629907e+00
4.092492260061919573e+00
4.033057851239669311e+00
3.932652289065456053e+00
4.079219288174511959e+00
4.079825258141381639e+00
4.055949566587864652e+00
3.947408536585365724e+00
3.920500552079499545e+00
4.027402402402402437e+00
4.047619047619047450e+00
3.953682611996962581e+00
3.935997040325564189e+00
3.985096870342772046e+00
4.102723735408559946e+00
3.920871559633027470e+00
3.921360643745428032e+00
3.872425009035056043e+00
3.961650840029218301e+00
4.060466896287791450e+00
3.978085351787774115e+00
4.063461538461538680e+00
3.956405353728489338e+00
4.003769317753486767e+00
3.901188707280832002e+00
3.955963302752293576e+00
4.041444866920151924e+00
4.087264150943395791e+00
3.889435819765240332e+00
4.080498866213152276e+00
3.996507566938300560e+00
3.980325387816874727e+00
4.083880943177425671e+00
4.010116731517509692e+00
3.965660377358490418e+00
4.051829268292682862e+00
3.967594357605794819e+00
4.034561336878085491e+00
4.000000000000000000e+00
3.893239748799409039e+00
3.969208211143695042e+00
4.078220858895705625e+00
4.133280127693535810e+00
3.919861963190184095e+00
4.020134228187919767e+00
4.095126705653021837e+00
4.057480314960629997e+00
4.015396458814472602e+00
4.035222052067381604e+00
4.050231839258114697e+00
4.042166344294003899e+00
3.981333333333333169e+00
4.038812785388127935e+00
4.037808641975308532e+00
3.926856714178544649e+00
4.034831460674157100e+00
3.963423831070890024e+00
4.000748222970445411e+00
4.070276497695852314e+00
3.928006030908405499e+00
4.050656660412758292e+00
3.988952380952381027e+00
4.053394355453852071e+00
4.026943802925327276e+00
4.006092916984005825e+00
3.995469988674971606e+00
4.000000000000000000e+00
3.994722955145118881e+00
4.090979182729375552e+00
3.887096774193548487e+00
4.162844036697247674e+00
3.976479811838494527e+00
3.928888888888888875e+00
3.956185567010309434e+00
4.021108179419525364e+00
4.080388349514563195e+00
4.140687450039967743e+00
4.073141486810551548e+00
4.061320754716980730e+00
3.923950056753688909e+00
4.024691358024691468e+00
3.952093549603922895e+00
4.069386199008768301e+00
4.111463704879016134e+00
4.068145800316957050e+00
4.011218568665377404e+00
4.107463853067604198e+00
4.014849550605704920e+00
4.016832440703901774e+00
3.990117825921702721e+00
4.070905587668593562e+00
3.964395099540582112e+00
3.917525773195876138e+00
4.014914243102162494e+00
4.073973663826491176e+00
4.093996840442337692e+00
3.899016641452345056e+00
4.029839612085043044e+00
3.964746019711903102e+00
4.160281469898357898e+00
4.105348460291733836e+00
4.085623257666268771e+00
4.080728136129797790e+00
4.065431612140323558e+00
4.161770623742454767e+00
4.070939137444578471e+00
4.071400394477317164e+00
4.139413419043792786e+00
4.070196550340954289e+00
3.992644212156407413e+00
4.046646106399383491e+00
4.046484375000000355e+00
4.072634471927758071e+00
4.023419203747072181e+00
3.949716446124763802e+00
3.932841328413283932e+00
4.022172115745959786e+00
4.006510915358100000e+00
3.871039056742815010e+00
3.980600292825768882e+00
3.995454545454545592e+00
3.989385898407884934e+00
4.088794106242729320e+00
3.977193660610745862e+00
4.048621745788667958e+00
4.077677520596312277e+00
3.926615969581749077e+00
4.077828397873956234e+00
4.069236821400472159e+00
4.049960967993754934e+00
4.000767459708365337e+00
4.054230769230769305e+00
4.139673696776760892e+00
4.016160819865983278e+00
4.021455938697317656e+00
3.928838951310861471e+00
4.146115191341322337e+00
3.990551181102362399e+00
4.053036126056879240e+00
4.073725490196077992e+00
4.133600000000000385e+00
4.140879478827361737e+00
4.013396375098502666e+00
4.098750975800156127e+00
4.058428740623766018e+00
4.039253789350952140e+00
3.980952380952381020e+00
3.971139430284857497e+00
3.978643686774072652e+00
4.118927322191994200e+00
4.164294428629523814e+00
4.099150141643059797e+00
3.918949771689497652e+00
3.963562753036437236e+00
4.120356037151703177e+00
4.001563110590073968e+00
3.910880059413293530e+00
4.054572826496047888e+00
4.003080477474008525e+00
4.099494753206373687e+00
3.887462235649546738e+00
3.981256890848952512e+00
3.941088739746458014e+00
4.036281179138321740e+00
4.041440743609604702e+00
3.995021064726158588e+00
4.040933435348125435e+00
4.098508634222920222e+00
4.021492770613520840e+00
4.058527131782946107e+00
3.939589665653495221e+00
4.048142532221380208e+00
4.083627797408715843e+00
4.150563607085346440e+00
4.001970055161544693e+00
4.110417479516192074e+00
3.944615384615384635e+00
4.015783540022548337e+00
4.059891808346213438e+00
4.018955512572533806e+00
4.144094488188976300e+00
4.020472440944882209e+00
3.868333946303788018e+00
4.191261019547719791e+00
4.135954135954135857e+00
3.846961740435108634e+00
4.067577548005908206e+00
4.127625842251288368e+00
4.095161935225909211e+00
3.940412528647822654e+00
3.941933112826166763e+00
4.079528158295281592e+00
3.968174846625766694e+00
3.998121712997745991e+00
3.892699115044247815e+00
3.995578481945468052e+00
4.020920502092049986e+00
4.043110084680523464e+00
4.091300940438871159e+00
4.085906571654789765e+00
3.969650403380714732e+00
3.976092641016062856e+00
3.961968680089485328e+00
4.037471612414837097e+00
3.998471532288880415e+00
3.975554719819481164e+00
3.998120300751879519e+00
4.079891933616364597e+00
4.009678668215253872e+00
3.965413533834586612e+00
4.006756756756757021e+00
4.054168267383787772e+00
3.991197856869498573e+00
4.054406130268199071e+00
4.069504099960952637e+00
3.978169283799310563e+00
4.044241037376048453e+00
4.068332682545880097e+00
3.997679814385150632e+00
4.074418604651162568e+00
3.926532165968785737e+00
4.050661625708884550e+00
3.991544965411222279e+00
4.114230019493177792e+00
4.046658758402530864e+00
3.962666666666666782e+00
3.920265780730896932e+00
3.983290011139992703e+00
4.067000385059683865e+00
4.069657615112160620e+00
4.103694874851012919e+00
4.101362179487179738e+00
4.009404388714733258e+00
4.061311602638727258e+00
3.989575289575289396e+00
3.977710615791461901e+00
3.954698614751029684e+00
4.011693700490381431e+00
4.023836985774702057e+00
4.026244693168660405e+00
4.076142131979695549e+00
4.137875751503005795e+00
3.976199765899336658e+00
4.082434514637904854e+00
3.972681800692574150e+00
4.053639846743294584e+00
3.980030721966205665e+00
4.046395705521472763e+00
3.928814842862552226e+00
3.942477876106194490e+00
3.929966826391448453e+00
3.964710252600297302e+00
4.168703192747339692e+00
4.110294117647058876e+00
3.887661843107387494e+00
4.085952290798939401e+00
3.945810914681014747e+00
4.024630541871920819e+00
4.109664694280079189e+00
4.219966859983429686e+00
4.142081069786878622e+00
4.023135221380135462e+00
4.122905027932961097e+00
4.070649979814291441e+00
4.026845637583893023e+00
4.006619937694703815e+00
3.979190751445086605e+00
4.041197046249513924e+00
3.965170278637770718e+00
3.959454338764683445e+00
3.965504169825625258e+00
4.043679938152299869e+00
4.136565656565657001e+00
4.048948220064724879e+00
4.078579976067012502e+00
4.077880369329586863e+00
3.989787902592301538e+00
4.059467918622848615e+00
3.973868954758190242e+00
4.027777777777777679e+00
4.084423305588584796e+00
4.005914826498422343e+00
4.036618620958317472e+00
3.964161849710982732e+00
4.027286702536509999e+00
3.982253086419753174e+00
3.934815373021853802e+00
3.962518740629685343e+00
4.014143730886850392e+00
3.970160673297628229e+00
4.172098569157392411e+00
4.047368421052631504e+00
4.061562746645619448e+00
3.960587326120556195e+00
4.047710657945363444e+00
4.117741289547456773e+00
4.023866348448687624e+00
4.016285381930980947e+00
3.958031285768790486e+00
4.010285714285714675e+00
3.933081285444234521e+00
4.070990023023790982e+00
3.965557275541795601e+00
3.995444191343963336e+00
3.955336866010597863e+00
4.076447876447876872e+00
4.130784708249496617e+00
4.142565359477123899e+00
3.960815047021943425e+00
4.064033742331288224e+00
3.995354239256678319e+00
4.023362696284948470e+00
4.129057798891528464e+00
4.015013828526273976e+00
3.967680608365018902e+00
4.224979983987189769e+00
4.088696369636963368e+00
3.977838258164852370e+00
4.028374233128833914e+00
3.988479262672810943e+00
4.007654037504783773e+00
4.098780007870916897e+00
4.119384864427357407e+00
4.025896414342629903e+00
4.077014218009479052e+00
4.093135287033319969e+00
4.024235200635676968e+00
4.127804487179487225e+00
3.971169036334913027e+00
3.947507552870090475e+00
3.970499243570348114e+00
4.032805866460825506e+00
4.212853049529266869e+00
3.931419457735247036e+00
3.980776479457218464e+00
3.993869731800766321e+00
3.964517359786341011e+00
4.087109374999999822e+00
3.967149002737583086e+00
4.003828483920367276e+00
3.975047984644913601e+00
4.102634683444750685e+00
3.971327572663000627e+00
4.112028301886792470e+00
3.920031055900621286e+00
4.073817762399077225e+00
4.103101087394280810e+00
4.045673076923076650e+00
4.045148514851485189e+00
3.976653696498054558e+00
3.967163039327987750e+00
3.997315950920245609e+00
3.998840803709428293e+00
3.989591364687740782e+00
3.967112810707456916e+00
4.142573471008737407e+00
4.171607515657620446e+00
3.999193873438129820e+00
4.205368035786904990e+00
4.009787928221859588e+00
3.964506172839506348e+00
4.079639074146724553e+00
3.944206008583690970e+00
4.079749804534793078e+00
3.934010152284264095e+00
4.062329567588625068e+00
3.951915559030492631e+00
4.020092735703245879e+00
4.120467365028202877e+00
4.044534412955465896e+00
4.046937151949085099e+00
4.131194151096669209e+00
4.167294019238812375e+00
4.159511784511784604e+00
3.958865814696485685e+00
4.080626223091976534e+00
4.067149175713711706e+00
4.093951612903225623e+00
4.095103197086199742e+00
4.036770583533173529e+00
4.005477308294209671e+00
4.106730386300278646e+00
3.940047021943573480e+00
3.893056071295952325e+00
4.140960562280358914e+00
3.931782334384858135e+00
4.008768585589019828e+00
3.922082858228810309e+00
4.153603781016148133e+00
4.084940500615511283e+00
4.059131134352373493e+00
4.039028275587415173e+00
3.957620528771383928e+00
3.961142857142857299e+00
4.063846455150803116e+00
3.944964871194379441e+00
3.929083364768012121e+00
4.068818040435458805e+00
4.033506182688472386e+00
3.973899493572263353e+00
3.969685341519570088e+00
3.957170172084130133e+00
4.126838966202782899e+00
4.027901334411645884e+00
4.062524890481880036e+00
4.151540041067761422e+00
3.928742038216560317e+00
3.971820258948971727e+00
4.071146245059288127e+00
4.034191472244569532e+00
3.988555643251775695e+00
4.025620811982657088e+00
3.876964354158681569e+00
4.048169556840076844e+00
4.012759170653907859e+00
4.005921831819976298e+00
3.958722741433021941e+00
4.177353896103896069e+00
3.994271685761047408e+00
4.056438791732909444e+00
4.028056112224448704e+00
4.043617446978791108e+00
4.060581583198707989e+00
4.064882400648824223e+00
3.975784041286224646e+00
4.206726825266612124e+00
4.146643864899529852e+00
4.012658227848101333e+00
3.911470361816782315e+00
4.068279360124853916e+00
4.197318810222036234e+00
3.997532894736842035e+00
4.003929273084479767e+00
3.916442048517520202e+00
4.007321772639691915e+00
4.056709265175719281e+00
4.045527800161160314e+00
4.026410564225690436e+00
3.998417095370003782e+00
3.939969016266460233e+00
4.023772408417770841e+00
3.963963963963963888e+00
4.075029773719729853e+00
4.103661044837515703e+00
4.019854132901134136e+00
3.969128565846033574e+00
4.025430359937402613e+00
3.983497053045186753e+00
4.083632019115889911e+00
4.053911633563031636e+00
3.863932541203526139e+00
4.066589684372594604e+00
3.951238694455367462e+00
4.169348350764280120e+00
4.023770491803278837e+00
4.202730657840297646e+00
3.997125256673511373e+00
4.066799204771371912e+00
4.020800000000000374e+00
4.082329317269076441e+00
3.948738170347003251e+00
3.896499811817839554e+00
4.008406572411157498e+00
4.030015797788309762e+00
4.025386751289170562e+00
4.109223300970874071e+00
3.972411035585765582e+00
4.055687203791468853e+00
3.978664559462663064e+00
3.998832684824902728e+00
4.067965023847376571e+00
4.002784407319013305e+00
4.170056956875508369e+00
3.936374549819928070e+00
3.938253012048192669e+00
4.028946352759552596e+00
4.014549744396382458e+00
4.017241379310345195e+00
3.985986765278318522e+00
4.114388202471103817e+00
4.099302421009437758e+00
3.998007968127490042e+00
4.148790322580644840e+00
4.086562242374278675e+00
4.037304452466907279e+00
3.964925954793452778e+00
4.040218664584147135e+00
4.025386751289170562e+00
4.051689860834990498e+00
4.008719778042013182e+00
4.033504138746550893e+00
3.926254826254826469e+00
4.064980544747081481e+00
4.028731045490822282e+00
4.024129746835442667e+00
3.934312210200927140e+00
4.004617160446325208e+00
3.991399530883502855e+00
4.083732057416267658e+00
4.008406725380304181e+00
3.986723935962514620e+00
3.987956487956488161e+00
4.000000000000000000e+00
4.094437775110043809e+00
4.118665018541409317e+00
3.945742574257425694e+00
3.991919969218930220e+00
3.974767080745341463e+00
4.072050673000791932e+00
4.079365079365079083e+00
3.932076953278366815e+00
4.005789270551910697e+00
3.979321108076472768e+00
4.019968676585747858e+00
4.024139295607439770e+00
4.073806658644203438e+00
3.902334630350194455e+00
4.014598540145985162e+00
4.038583929992044297e+00
3.985387045813586049e+00
4.025206774320598591e+00
4.061772964300040201e+00
4.081707317073171026e+00
4.044993919740575983e+00
3.955599214145383069e+00
4.082936507936508086e+00
4.074877250409165264e+00
3.977671451355661691e+00
4.018103109012200136e+00
4.016666666666666607e+00
4.136493665713118162e+00
3.995934959349593640e+00
4.084636983553950884e+00
3.934018174634531739e+00
4.033164260632071674e+00
4.039262820512820262e+00
4.035657051282051100e+00
3.983820047355958849e+00
3.999217527386541349e+00
3.981228001564333319e+00
3.961270333075135763e+00
4.054086063955783636e+00
4.199079882894186433e+00
3.955455659991826689e+00
4.035405192761604809e+00
4.099877700774562150e+00
3.962725450901803725e+00
4.109544905356423250e+00
4.074565037282519064e+00
4.026326447954637899e+00
4.029623698959166944e+00
3.954742227469500104e+00
4.042637189103829520e+00
4.069427527405602874e+00
4.034454803404945444e+00
3.976661392405063111e+00
3.989062500000000178e+00
4.045743834526650318e+00
3.956195737963693837e+00
3.989883268482490308e+00
3.946734059097978253e+00
4.006635441061670910e+00
4.015091342335186830e+00
3.908914728682170381e+00
4.038206627680311911e+00
4.051612903225806583e+00
3.940991345397324874e+00
4.164106709781729698e+00
4.026446280991735627e+00
4.030024019215372455e+00
3.999204771371769329e+00
3.971786833855799337e+00
3.998824451410658121e+00
3.940559440559440407e+00
4.023055881203594808e+00
4.077078288942695750e+00
4.139061851390618330e+00
4.117302052785923649e+00
4.016680227827501781e+00
4.100486223662884733e+00
4.073160706946157283e+00
3.952759031361651409e+00
3.988317757009345765e+00
4.140701468189233125e+00
3.874159081915314662e+00
4.002683020314296236e+00
4.015494636471990120e+00
3.997223324077746831e+00
4.042731629392971371e+00
4.031816351188078684e+00
4.132455779514603300e+00
4.016789516789517123e+00
4.121742671009772430e+00
4.012210012210012167e+00
3.980338183248131934e+00
4.011006289308175710e+00
4.127850162866449679e+00
4.104583333333333250e+00
4.002820306204673884e+00
4.036053882725831876e+00
4.142271422714227214e+00
4.046147507210547722e+00
3.940140845070422504e+00
4.064047151277013548e+00
4.058252427184465994e+00
4.084112149532709957e+00
4.059780398535989931e+00
4.117936117936118023e+00
4.206457094307561206e+00
4.059488898198575946e+00
4.048622366288492813e+00
4.057918185500202668e+00
3.943784639746635179e+00
4.069980119284294595e+00
3.939730372720063656e+00
3.988322304398598472e+00
4.099270664505672457e+00
3.995941558441558517e+00
4.045981607357057364e+00
3.951721408785120904e+00
4.103448275862069394e+00
3.994732576985413175e+00
4.063881076737645870e+00
4.109504132231404760e+00
4.107634543178973807e+00
4.031134780827529518e+00
3.927450980392156676e+00
3.907949790794979172e+00
4.001162340178225918e+00
4.067474747474747687e+00
4.084983498349834541e+00
3.932907348242811629e+00
4.034768866060845838e+00
3.975638977635782556e+00
4.081212121212121069e+00
4.150274377374419288e+00
4.110828025477706760e+00
3.951534733441033787e+00
4.003540519276160836e+00
3.957824201813165299e+00
4.015810276679841806e+00
4.027331189710610992e+00
3.921476246564585821e+00
4.088915470494417725e+00
4.086902286902287074e+00
4.083680266444629225e+00
4.078423236514522543e+00
4.060305658818670338e+00
4.069604612850082681e+00
3.945848375451263657e+00
4.090652699435938899e+00
4.049566294919454634e+00
4.046454767726161528e+00
3.988782051282051100e+00
4.112830957230142914e+00
4.013114754098360493e+00
4.099999999999999645e+00
4.068266446007447357e+00
4.051942740286298417e+00
4.064621676891615465e+00
3.991925716592652496e+00
4.145088368269625789e+00
4.053839732888146585e+00
4.034118602761981975e+00
4.038882138517618792e+00
4.287931034482758363e+00
3.925460636515913038e+00
4.003127443315089629e+00
4.100857492854226294e+00
4.037082818294190467e+00
4.043089430894308833e+00
3.957302474062250663e+00
4.135862913096695515e+00
4.082947368421052659e+00
4.125524769101595268e+00
4.104842105263157848e+00
4.168438962143768300e+00
4.095379398050020825e+00
4.083229813664596364e+00
4.063192449733278977e+00
4.033657745336577172e+00
4.220396123050989878e+00
3.974678289746782944e+00
4.066453162530024201e+00
3.965241709948062354e+00
3.975790706755173876e+00
4.061550759392486221e+00
4.108175061932286987e+00
4.017565359477123899e+00
4.028514056224899775e+00
4.142561127227518014e+00
4.010309278350515427e+00
3.967920792079207892e+00
4.108722109533468725e+00
4.072704611549647247e+00
3.975070365902694025e+00
4.024196747322490886e+00
4.049312853678253887e+00
3.959475566150178594e+00
3.995686274509803848e+00
3.922002328288707762e+00
4.095427435387674286e+00
3.989886731391585784e+00
4.150409836065573899e+00
3.865476190476190510e+00
4.097265625000000355e+00
4.026949775418538380e+00
4.032490974729241451e+00
4.152542372881355526e+00
4.081624110506488101e+00
4.021969080553295051e+00
3.952793076317859811e+00
4.089856230031949202e+00
4.097107438016529102e+00
3.953692614770459191e+00
3.894836750189825558e+00
3.990049751243780918e+00
4.058097890966971377e+00
3.940298507462686395e+00
4.052136417091336540e+00
4.085365853658536217e+00
4.045454545454545858e+00
3.986116620388734599e+00
4.138798701298701310e+00
4.020867430441898094e+00
4.079371474617244253e+00
3.844581565753952823e+00
3.987561251413494379e+00
4.061102236421724854e+00
4.067672238075825675e+00
3.995192307692307487e+00
4.093661687525232296e+00
3.924692826000792500e+00
4.140681362725451287e+00
3.817438692098092723e+00
4.105059868675164481e+00
3.925764192139737929e+00
4.017891870867367210e+00
3.957680250783699005e+00
4.054962435745354199e+00
4.026167471819645627e+00
4.108163265306122192e+00
4.006899350649350211e+00
4.058162855996791052e+00
3.978503184713375607e+00
4.033175355450237198e+00
3.961054287962234355e+00
4.046245059288537504e+00
4.060827250608272543e+00
4.077551020408162863e+00
4.056804250102166165e+00
4.082007343941248756e+00
3.985988791032826217e+00
4.032028469750889244e+00
4.109616951915240790e+00
4.009732360097324033e+00
4.041003184713376051e+00
4.024341580207502211e+00
3.907793209876543106e+00
4.035990712074303488e+00
4.171758876961189522e+00
4.029690721649484608e+00
4.110073111291632664e+00
4.046435845213848914e+00
4.056581059390047983e+00
4.008346581875994019e+00
4.021696252465483568e+00
4.092704554615074208e+00
4.029471134436819035e+00
3.967136150234741976e+00
3.922725542443852298e+00
3.991577335375191549e+00
4.040173296573454031e+00
4.009893153937475141e+00
3.998041519780650255e+00
3.955212355212355035e+00
3.960229445506691981e+00
4.140112089671737827e+00
4.058678703323758796e+00
3.953406421299921814e+00
4.026796116504854695e+00
3.929811029695333691e+00
3.953787878787878629e+00
3.955030487804878092e+00
4.029891304347826164e+00
4.114528530959125519e+00
4.122668876916701031e+00
4.194174757281553312e+00
4.174508126603934777e+00
4.085310029130253540e+00
4.074888074888074918e+00
4.085772357723577386e+00
4.083129584352078290e+00
4.016413130504403739e+00
4.053216838760921092e+00
4.151067323481116844e+00
3.927547770700636764e+00
4.113824340291452941e+00
3.976846307385229373e+00
3.894299735749339408e+00
4.056283731688512084e+00
4.021860095389507173e+00
3.940880989180834515e+00
3.975945017182130670e+00
4.099166997223323783e+00
4.002396166134185584e+00
3.948421862971516649e+00
4.063330727130570530e+00
3.958871915393654461e+00
3.926921620598258222e+00
4.030023094688221619e+00
4.024053627760252105e+00
4.005882352941176450e+00
4.084260731319554694e+00
4.152514427040395972e+00
4.044507962433645964e+00
4.019747235387045592e+00
4.003521126760563043e+00
3.974864655839133842e+00
4.042154566744730282e+00
4.032066508313539188e+00
3.994905956112852596e+00
3.876552502822732560e+00
4.002639517345399689e+00
3.984472049689440798e+00
4.000776096235933110e+00
3.923900573613766873e+00
4.034323177786347969e+00
4.037257233452239191e+00
4.027667984189723605e+00
4.035573122529644507e+00
3.858169440242057657e+00
3.972439478584730121e+00
3.928571428571428381e+00
4.199440447641886287e+00
4.032746623004502595e+00
3.971781986857363833e+00
4.103190232374950952e+00
3.965354330708661390e+00
3.975544516622086189e+00
3.983480599308490078e+00
3.926699582225598117e+00
4.002290076335877522e+00
3.953076923076923155e+00
4.105325443786981943e+00
4.093137254901960453e+00
3.990887480190174141e+00
4.140625000000000000e+00
4.071983640081799471e+00
4.140286298568507384e+00
3.903099254609650792e+00
4.121484374999999645e+00
3.881165048543689267e+00
4.010586011342154755e+00
4.064426877470356025e+00
3.942524271844660255e+00
3.996945399007254540e+00
4.020233463035019383e+00
3.955701078582434693e+00
3.980556614563476980e+00
3.951981707317073322e+00
3.888971684053651234e+00
4.043859649122807376e+00
4.058589079314468329e+00
4.017828843106181047e+00
3.980926430517711001e+00
3.870919324577861254e+00
3.925980754996298838e+00
4.215757575757575815e+00
4.045112781954887105e+00
4.093051605038602325e+00
4.052460349735665268e+00
3.995226730310262653e+00
4.137692932575141924e+00
4.043156596794081459e+00
4.046530284797432486e+00
4.058776167471819463e+00
4.105435226808336502e+00
3.961707219784603051e+00
4.214344262295082189e+00
4.079258010118043565e+00
3.927559055118110098e+00
4.034670821971172217e+00
3.912858249419055134e+00
3.941332323996971976e+00
3.972734254992319691e+00
4.130032206119162552e+00
4.023227383863080320e+00
3.991751767478397550e+00
4.027897838899803240e+00
3.957571039314908390e+00
3.935692541856925519e+00
4.043190661478599068e+00
3.958154086820492967e+00
4.099245732433505651e+00
4.124586092715231800e+00
3.988741455568958649e+00
4.057448494453248955e+00
3.954045561665357589e+00
4.019470404984423872e+00
4.117886178861788871e+00
3.979903536977491996e+00
4.080079681274900061e+00
3.993602558976409256e+00
4.075539568345323715e+00
3.869969040247677849e+00
3.917287630402384480e+00
4.122116149562450538e+00
4.047266748869708053e+00
4.039887187751813435e+00
4.026041666666666963e+00
4.033626901521216723e+00
4.062676910634856142e+00
4.018130539887187602e+00
3.922987164527421022e+00
4.028471138845553412e+00
3.992054032578466582e+00
4.047923322683706360e+00
4.131872674658949585e+00
4.120101137800252999e+00
4.066390041493775698e+00
4.015776699029125929e+00
4.071515151515151310e+00
4.186262115465654965e+00
3.969559851912793036e+00
4.018533123028391607e+00
3.966469428007889597e+00
4.026877470355731070e+00
3.984529948433161550e+00
4.065226090436174111e+00
4.064871481028151656e+00
4.145885286783042467e+00
4.058457711442786220e+00
4.017706237424547133e+00
3.919129082426127564e+00
3.945801526717557461e+00
3.996887159533073941e+00
3.912389038981088252e+00
4.049257232212665869e+00
3.995215311004784553e+00
3.978456717587152358e+00
4.117480823576907589e+00
4.021224489795918622e+00
4.037705575611712838e+00
4.112479474548440095e+00
3.972994760177347651e+00
3.997262416894798776e+00
3.904230769230769393e+00
4.044375243285324828e+00
4.047523157470801713e+00
4.058252427184465994e+00
3.936738703339881962e+00
3.956305097738597176e+00
3.933358866334737858e+00
4.149577804583835849e+00
4.073272273105745356e+00
4.033051189036679141e+00
4.050060072086504093e+00
3.977891827872088282e+00
4.000389863547757940e+00
4.002352941176470225e+00
4.046806822689409167e+00
4.025937749401436783e+00
4.066960705693665190e+00
4.036992360273421454e+00
4.053600000000000314e+00
3.923136645962733038e+00
3.998087222647283667e+00
3.986386619992221103e+00
4.108713029576338549e+00
4.112026359143327703e+00
4.002005615724026910e+00
4.009005481597494480e+00
4.002350176263219872e+00
4.197540983606557141e+00
4.143826898599915154e+00
4.101286841012868223e+00
3.926013380558835308e+00
4.065964090554254895e+00
4.058562197092084212e+00
3.934451814280140347e+00
3.995777351247600695e+00
4.000390167772142291e+00
3.989096573208722685e+00
3.907569418029669173e+00
4.046278441959120897e+00
4.027744748315497780e+00
3.976218323586744763e+00
3.995741385985288385e+00
3.920137562094000661e+00
3.987790919496375430e+00
4.077716098334654760e+00
3.961811023622047401e+00
4.032774092859929382e+00
4.026941362916006462e+00
4.013022888713496883e+00
4.047637951568082926e+00
3.877159309021113387e+00
4.084496124031007369e+00
3.935090479937057406e+00
4.047934528448947411e+00
4.049859268194611950e+00
4.014371257485030320e+00
4.031411530815109501e+00
4.015115354017502192e+00
3.972200469851213889e+00
4.029885961462839283e+00
4.077234128588758999e+00
4.034817813765181782e+00
4.069118835893290154e+00
4.010450160771704020e+00
3.998813760379596793e+00
3.954014029618082571e+00
4.038567493112947382e+00
3.986122125297383079e+00
3.967264224473889378e+00
4.144997974888618764e+00
4.040049545829893063e+00
4.096326530612245165e+00
4.039543416225030548e+00
3.920970266040688657e+00
3.935569958063286133e+00
3.979481223383662503e+00
4.085610932475884027e+00
4.069901315789473450e+00
4.035786905246035339e+00
4.068431771894093885e+00
3.985110663983903567e+00
3.988151658767772556e+00
3.951840250587313808e+00
4.044065105200476573e+00
4.087099424815119342e+00
4.067740603056588355e+00
4.058654634946677220e+00
4.014198782961460488e+00
4.097910692339205241e+00
4.169931856899489198e+00
3.953612479474548635e+00
4.026524148851939877e+00
3.927644514353126226e+00
4.125201288244766396e+00
4.175941780821918137e+00
3.976082474226803942e+00
4.022997620935765184e+00
4.014805922368947400e+00
4.021991203518592961e+00
4.145394465097067105e+00
4.083892617449664364e+00
4.012987012987013102e+00
3.995243757431628850e+00
4.019444444444444819e+00
3.970425867507886508e+00
3.998039215686274517e+00
4.031449044585987629e+00
4.151715584952460070e+00
3.991809991809991853e+00
4.127546862265688787e+00
3.991027732463295230e+00
4.001577909270216615e+00
4.036711891460495139e+00
4.042724707779121296e+00
4.032661290322580250e+00
3.882216195273149761e+00
3.942846328538985645e+00
4.064285714285714057e+00
4.147328881469115380e+00
4.119611158072696178e+00
3.972885471469040919e+00
3.950851393188854477e+00
4.112935522627152451e+00
4.008522727272727515e+00
3.918020108275328539e+00
4.003091190108191810e+00
4.007518796992481036e+00
3.877730931391337510e+00
4.078423722200546386e+00
4.031174089068826127e+00
4.137464095199015368e+00
4.120067170445004479e+00
3.890378548895899069e+00
4.039367039752991495e+00
4.038523274478330372e+00
4.034095467308463689e+00
3.983768804433887478e+00
4.123531794248683546e+00
3.966922146026623519e+00
3.972783825816485148e+00
4.114251110213968943e+00
3.990673154906731579e+00
3.997629395495851501e+00
3.979109184075679817e+00
4.053956834532374209e+00
4.044679122664500248e+00
4.023011707710940854e+00
4.066423653300931917e+00
4.051794453507341132e+00
4.074407195421096084e+00
4.073601973684210620e+00
3.997985495568090464e+00
3.990126382306477204e+00
4.047181127548980406e+00
4.178960603520536665e+00
4.060657118786857644e+00
3.963288108539505306e+00
4.027294303797468444e+00
4.063337393422655097e+00
4.023519870235198859e+00
3.969492868462757507e+00
4.005921831819976298e+00
3.910221531286436125e+00
4.049135220125785750e+00
3.912342767295597490e+00
4.097299444003176916e+00
4.157805907172996029e+00
3.939073923639317520e+00
4.104459622338288760e+00
4.034582132564841217e+00
4.019726247987117418e+00
4.007596961215513787e+00
4.090724165988608441e+00
3.990275526742301349e+00
4.029130087789305925e+00
4.119028006589785740e+00
3.982912937347436788e+00
3.958463949843260110e+00
4.019375247133254447e+00
4.082007343941248756e+00
4.072697232548533997e+00
4.101371001246365111e+00
4.003262642740620159e+00
4.011168727562823832e+00
4.042690293999194218e+00
4.066203514507559902e+00
4.012960712839205968e+00
4.067693554925010169e+00
4.000000000000000000e+00
3.992060341405319512e+00
4.000000000000000000e+00
3.866205305651672308e+00
4.125297383029342235e+00
4.030215231788079500e+00
4.105892047795632216e+00
4.117374842238115562e+00
4.155849701110161831e+00
4.051991614255765484e+00
3.895399134880062952e+00
4.010132501948557859e+00
3.982888977317946555e+00
3.878367975365665909e+00
3.945884146341463339e+00
4.138843648208468728e+00
4.113375796178344146e+00
4.125158562367865045e+00
4.072026800670016655e+00
4.091663210286188068e+00
3.991480730223123885e+00
4.026357827476038764e+00
4.006014434643143218e+00
4.019992003198720631e+00
4.112889983579639086e+00
3.936067551266586140e+00
4.041485578822599400e+00
4.022195318805488640e+00
3.923708920187793492e+00
3.921463972550514487e+00
4.287145242070116602e+00
4.052722558340535741e+00
3.991164658634537954e+00
4.080873433077234047e+00
4.130125523012551980e+00
4.007404360345536709e+00
4.110657411188239685e+00
4.032046014790468647e+00
4.011641910879164996e+00
4.110020449897750616e+00
3.982940698619009012e+00
4.121286121286121151e+00
3.957137080469065982e+00
4.022187004754358419e+00
4.140961857379767963e+00
4.071818563628727183e+00
3.914478918058870160e+00
4.052173913043477960e+00
4.071105630908343542e+00
3.842268842268842466e+00
4.013782542113323082e+00
4.152858326429162972e+00
4.065044062106588640e+00
4.029795918367346630e+00
3.930342384887839380e+00
3.936104695919938390e+00
4.106956172094893276e+00
4.048347107438016401e+00
3.936457505957108971e+00
4.046502384737678426e+00
4.006890960680989267e+00
4.018123238018525889e+00
4.044308943089430564e+00
4.015840779853777853e+00
4.159214375261178098e+00
3.988367262152056281e+00
3.994804156674660156e+00
4.010056315366050228e+00
3.981548335338949141e+00
4.091131998365344913e+00
3.956945572705117709e+00
4.086604613516795048e+00
3.981277981277981493e+00
3.919203747072599331e+00
4.017329657345411142e+00
4.093827160493827222e+00
3.965461194636326514e+00
4.015955325089748840e+00
4.097279472382522769e+00
4.027697395618023535e+00
4.114842454394692872e+00
4.091368421052631987e+00
4.121940928270042548e+00
3.878800000000000026e+00
4.012456208641494548e+00
3.939968404423380921e+00
3.960639127045985752e+00
4.099878197320340867e+00
4.045981772990886682e+00
3.975070365902694025e+00
4.002383790226460292e+00
4.062094155844155452e+00
3.981832862333468004e+00
4.039341629867522876e+00
4.115863787375415583e+00
4.138546536336591863e+00
4.086883171657528457e+00
3.978420195439739349e+00
4.052440500201694107e+00
3.949077786688051539e+00
3.977970102281668030e+00
4.151715584952460070e+00
4.051833122629583173e+00
4.022875816993463971e+00
4.063063063063062863e+00
4.111390284757119318e+00
4.019859329747620613e+00
4.056711546307629312e+00
4.086342880863428562e+00
4.003269309358397976e+00
4.051136363636363313e+00
3.985056542810985647e+00
4.041465378421900567e+00
4.109912899211945359e+00
4.150895140664961680e+00
4.196956521739130253e+00
4.108236308753773436e+00
3.970901639344262435e+00
4.094017094017093683e+00
4.002873563218391162e+00
4.175658720200752683e+00
4.007953118459606223e+00
4.096959737058340600e+00
3.970684039087947870e+00
4.074554294975689217e+00
3.863672182821118906e+00
4.108290360967870036e+00
4.082495812395309898e+00
4.010664479081214040e+00
4.035308441558441928e+00
3.967456809963840758e+00
4.108019639934533451e+00
3.998351874742480216e+00
4.058059277304100654e+00
4.072343943778420794e+00
3.962004850444623916e+00
4.059533386967014934e+00
4.017551020408163254e+00
4.112168874172185795e+00
4.040366208905534329e+00
4.008123476848091116e+00
4.161438728565453715e+00
4.107112253641816757e+00
3.981139811398113793e+00
4.007188498402555865e+00
3.940617577197149668e+00
4.060618225612204313e+00
4.110645431684828210e+00
4.052675585284281290e+00
3.884235480047411926e+00
4.107114308553157400e+00
4.026108578532946680e+00
4.010926750303521082e+00
4.088404605263157521e+00
4.025185796862097654e+00
4.008906882591093179e+00
3.968425259792166315e+00
4.110155610155610262e+00
4.125425170068027114e+00
4.105912377711612216e+00
3.933712891419276048e+00
4.144147843942505460e+00
3.932593505959720570e+00
4.073446327683615920e+00
4.025641025641025550e+00
4.082333471245345180e+00
3.997121710526315930e+00
4.054649265905383437e+00
4.023809523809523725e+00
3.985062575696407094e+00
4.009657947686116941e+00
4.113003739094308386e+00
4.066160977665402854e+00
3.987750102082482595e+00
3.937129300118623831e+00
3.998412698412698418e+00
3.941223193010325865e+00
4.110204081632653050e+00
4.052122740647330801e+00
3.948046717680225637e+00
3.968085106382978733e+00
3.923921568627450895e+00
3.971372549019607678e+00
4.042338709677419040e+00
4.010183299389002087e+00
4.044363044363044501e+00
4.005693371289141602e+00
4.041073607157381176e+00
4.006913379422529786e+00
3.956920622257678488e+00
3.985708614529575033e+00
3.937672583826429928e+00
4.161104243922538082e+00
4.133735979292493923e+00
4.050084175084174731e+00
4.078488372093023173e+00
4.213638325420802744e+00
3.997037663986457989e+00
4.124741842213961007e+00
3.988870568837592945e+00
4.105327868852459261e+00
4.038142620232172852e+00
3.949780789159027528e+00
3.964761158966327415e+00
3.970843183609141125e+00
3.966876971608833014e+00
3.891766524932354088e+00
3.982544608223428817e+00
4.044058205335488765e+00
4.020833333333333037e+00
4.077493816982687314e+00
3.997133497133497304e+00
3.988813423891330423e+00
4.062931384490458875e+00
4.041563786008230075e+00
4.088953247827885384e+00
3.842436149312377314e+00
4.033359193173001955e+00
4.019862180786380357e+00
4.015341138473960569e+00
4.070727718724447719e+00
4.136000000000000121e+00
4.132735808792146415e+00
3.997527812113720547e+00
3.992828685258964061e+00
4.093839249286006066e+00
4.045473336089292715e+00
3.945238095238095433e+00
4.000000000000000000e+00
4.088509947218838647e+00
4.022866476112699097e+00
4.040758676351896561e+00
4.088150881508815004e+00
3.905271502179944676e+00
3.968870099923135886e+00
4.097452486858067289e+00
4.150528541226215395e+00
4.177182368193603779e+00
4.082342954159592807e+00
3.976904376012965869e+00
3.994448850118953231e+00
3.961705487564153305e+00
3.965490196078431229e+00
4.024691358024691468e+00
4.089564502875924212e+00
3.983333333333333393e+00
4.105584997961679861e+00
3.910728582866293213e+00
4.003507404520655122e+00
3.955153422501966887e+00
4.085507828181452972e+00
4.017951856385148623e+00
3.980891719745222712e+00
4.084142394822006139e+00
3.991886409736308483e+00
4.056338028169014009e+00
4.019051479529792914e+00
3.985241324291982412e+00
4.021157684630738416e+00
4.100164203612479241e+00
4.115643397813288473e+00
3.988105004101722528e+00
3.997216699801192874e+00
3.946126622099881853e+00
3.918272937548187951e+00
4.025510204081633070e+00
3.884300740163614929e+00
3.981110254433307460e+00
4.048613901165126983e+00
4.085220255249073951e+00
3.991075050709939287e+00
4.072498987444309826e+00
4.115288220551378551e+00
3.943838383838383699e+00
4.043168316831683207e+00
4.052524429967427011e+00
3.984375000000000000e+00
3.988184324537219272e+00
3.924330616996507537e+00
4.021917808219177992e+00
4.070616883116882967e+00
3.964399999999999924e+00
3.977734374999999822e+00
4.011853022520742940e+00
4.040096230954290490e+00
4.021310816244470843e+00
3.960521121200157868e+00
4.065069860279440839e+00
3.857198443579766600e+00
4.103962338171831981e+00
3.985407377381434912e+00
4.115900772671817975e+00
3.992671009771986856e+00
3.996827914353687561e+00
4.194247603167986505e+00
3.862666129681836313e+00
3.985074626865671821e+00
4.018268467037331426e+00
3.855167114867460665e+00
3.987414187643020469e+00
4.104538087520259282e+00
4.025777414075286664e+00
3.928235294117647047e+00
3.980978260869565410e+00
4.054509018036072554e+00
4.065493246009005190e+00
4.207467119219346685e+00
4.061016949152542743e+00
3.953386454183267062e+00
3.970794392523364635e+00
3.971764705882352864e+00
3.991335171327294429e+00
4.167768595041322577e+00
4.101061571125265814e+00
4.030016447368421240e+00
3.934122287968441878e+00
4.050813815005954943e+00
3.919271863870201766e+00
4.043547110055423666e+00
4.095691797845899096e+00
4.044343141317861878e+00
4.060196560196560611e+00
4.082644628099173723e+00
4.005306122448979878e+00
4.072623419012647794e+00
3.987418831168831002e+00
4.022498995580554570e+00
3.925603482390186194e+00
4.104284559417946454e+00
4.070859538784066700e+00
3.942672587807832141e+00
4.020750199521149426e+00
4.046625766871165375e+00
3.989452332657200895e+00
4.090200902009019757e+00
4.068200836820083488e+00
3.970337261275904250e+00
3.994031038599283878e+00
4.041734197730955991e+00
4.021623827009383589e+00
4.040016333197223197e+00
4.139730639730640149e+00
4.011268781302169906e+00
4.045676998368678667e+00
4.057779612051175988e+00
3.992263843648208521e+00
4.018511066398390064e+00
4.044417277913610498e+00
3.993524888709024889e+00
4.018525976641160291e+00
4.119136571191365448e+00
4.100381194409148833e+00
3.991389913899138886e+00
3.986083499005964370e+00
4.037424547283702481e+00
4.013371150729335923e+00
4.006438631790744331e+00
4.056188925081433361e+00
3.902139461172741797e+00
4.034686637761135231e+00
4.157563025210084362e+00
3.874241811564901106e+00
4.036527886881382976e+00
4.080346106304078901e+00
4.111157718120804994e+00
4.000000000000000000e+00
3.997206703910614500e+00
3.985685884691848813e+00
4.069230769230768985e+00
3.964559001208215694e+00
4.103126268777913310e+00
4.072886297376093090e+00
4.143996641477749598e+00
3.960800326663944659e+00
4.020214030915576942e+00
4.028617492946392709e+00
3.957108816521048400e+00
4.045490822027135280e+00
4.007284500202347388e+00
4.076357697019191484e+00
4.039506172839506526e+00
3.907582938388625582e+00
4.051566838556128758e+00
3.940423830467812749e+00
4.014274385408405976e+00
4.165618448637316895e+00
4.001672240802675695e+00
4.064924458962842380e+00
4.126315789473684603e+00
4.023809523809523725e+00
3.978287092882991427e+00
3.998800959232613916e+00
4.054582484725051117e+00
4.104933110367892546e+00
4.101394169835234749e+00
3.967689161554192268e+00
4.028502609393817657e+00
4.157983193277311251e+00
3.938733552631578760e+00
4.017138302112395642e+00
4.149097018059638486e+00
3.932565789473684070e+00
4.123360655737704938e+00
