1.666666666666666574e-01
1.313108748549051574e+00
1.859650102899931046e+00
2.334714669178230562e+00
2.776801393875184765e+00
3.071086285103862945e+00
3.302845826067077439e+00
3.526116514065151808e+00
3.701034120285098705e+00
3.917860577559267643e+00
4.044048846180213985e+00
4.071166941188479882e+00
4.099505900081500620e+00
4.180588906020682671e+00
4.199940136698124604e+00
4.175780130219580499e+00
4.152896992645399799e+00
4.065598033882451112e+00
4.199564506175107681e+00
4.317743601716546920e+00
4.281748571209879728e+00
4.352924409390328542e+00
4.329980227663585701e+00
4.343868093452365464e+00
4.298203909161698810e+00
4.353853528127012318e+00
4.379436555769824047e+00
4.260907033515705322e+00
4.256750839763208560e+00
4.236838032883532890e+00
4.275904199409298556e+00
4.195726463743530310e+00
4.137943507371240948e+00
4.116937401883818737e+00
4.169685081382208836e+00
4.096053615603972631e+00
4.224543675922422636e+00
4.241848878943907053e+00
4.236154944468448313e+00
4.313568787082945555e+00
4.174882482812297013e+00
4.264418931433206161e+00
4.236962133758661153e+00
4.273163441815027497e+00
4.226927258271845567e+00
4.237747529536488145e+00
4.316857215129776826e+00
4.197466476662209622e+00
4.216514868288506079e+00
4.194304323698508696e+00
4.238145244274804213e+00
4.302953915334729373e+00
4.355535082861551111e+00
4.273378702453363154e+00
4.284992666361755909e+00
4.264329229134864896e+00
4.134924904434629234e+00
4.199507574240897156e+00
4.250171480780950084e+00
4.195782360241437914e+00
4.207663117375076034e+00
4.128374704821756502e+00
4.086473516861917510e+00
4.228042439308312694e+00
4.244045222938442663e+00
4.228115513819012072e+00
4.287608060124117770e+00
4.305211583504918060e+00
4.331409874615596678e+00
4.413980547157116519e+00
4.354329532880580444e+00
4.323915072942311255e+00
4.204123351550935084e+00
4.266951475586474807e+00
4.297761495509478280e+00
4.333348394189536101e+00
4.312182852982467729e+00
4.345452667080806464e+00
4.395406557975301887e+00
4.477412560408813746e+00
4.370257884539089588e+00
4.309002973112133539e+00
4.282412824423516007e+00
4.175096590110992878e+00
4.190782291104063972e+00
4.234109755254496399e+00
4.171582785292840434e+00
4.105832204742460689e+00
4.208496962672739983e+00
4.288617851746370668e+00
4.239350214529265415e+00
4.188258510296173576e+00
4.109743946023963979e+00
4.237214693279498512e+00
4.191256768480719153e+00
4.121522124203748305e+00
4.127069995556775339e+00
4.114311858538210132e+00
3.991034287683201676e+00
3.889078327074156682e+00
3.829644837599197604e+00
3.917168106706986119e+00
3.996257518062584335e+00
3.982005560125800869e+00
4.040186741753708510e+00
4.070556436330838856e+00
4.147699136447681845e+00
4.168767561191267568e+00
4.182520262383509824e+00
4.224809681882863543e+00
4.302451214859900119e+00
4.228319064953730333e+00
4.147402061276369345e+00
4.166137269204329030e+00
4.127402200285197331e+00
4.187799661148776664e+00
4.199061747097508679e+00
4.147452006759582588e+00
4.180798614458693940e+00
4.225662343881543492e+00
4.201698441895171499e+00
4.235794224679413134e+00
4.198727033153212496e+00
4.195630474979346936e+00
4.252932889102707392e+00
4.202877395664612159e+00
4.210624914232537819e+00
4.313034638442621471e+00
4.376792695691810842e+00
4.345648493445333216e+00
4.310032126499469207e+00
4.276927753650052288e+00
4.350140981234631887e+00
4.305266551743773817e+00
4.265758498967514356e+00
4.323408161670031724e+00
4.295353785644672406e+00
4.204624223339642697e+00
4.193517019671067381e+00
4.242165338318450551e+00
4.268777442956596779e+00
4.231415672372204284e+00
4.210869107514564114e+00
4.271258569389915216e+00
4.359394246101329529e+00
4.325423446514770731e+00
4.324784168772065840e+00
4.151196442243504592e+00
4.233803142785773410e+00
4.271632431462555779e+00
4.264178203823597357e+00
4.250552927288109295e+00
4.174646910413507328e+00
4.245450625819494839e+00
4.320613297051604462e+00
4.285306903474953799e+00
4.313291576536512295e+00
4.243028980655408233e+00
4.302865109882408667e+00
4.323648363676373840e+00
4.155939451569858889e+00
4.129509365152131295e+00
4.141332639683371397e+00
4.204192841833479299e+00
4.160215443582925054e+00
4.055588261024250407e+00
4.072462647599064844e+00
4.104237225368280839e+00
4.163316916070608720e+00
4.189783556452449709e+00
4.288508387721104320e+00
4.108747881180076611e+00
4.212352771218611736e+00
4.211746225757901918e+00
4.202422378503975153e+00
4.155971689111265022e+00
4.310016408277367539e+00
4.246643659417205008e+00
4.234704259798003356e+00
4.375999389371161286e+00
4.338054949930796766e+00
4.296829990046587611e+00
4.393431059972614072e+00
4.360611127167576484e+00
4.287188295684186023e+00
4.234683857925016781e+00
4.234176555534098441e+00
4.291301389788611864e+00
4.127388249964693223e+00
4.173793628932629396e+00
4.202780782302780516e+00
4.210084939915922142e+00
4.157055687676427524e+00
4.101294183593411802e+00
4.084813658108895851e+00
4.180558042095354310e+00
4.220760640432498434e+00
4.288034745903329892e+00
4.311044975207696694e+00
4.415227547966038557e+00
4.426121014071041415e+00
4.523015121985859643e+00
4.500344558685983820e+00
4.409609142336977428e+00
4.357204766136678842e+00
4.269148150994592328e+00
4.275293554145792818e+00
4.242158794476618588e+00
4.253194111449639436e+00
4.308030596017222713e+00
4.255007474134746559e+00
4.237154437021621867e+00
4.172592472254470941e+00
4.161716087879892889e+00
4.204165430543731041e+00
4.287389609164142357e+00
4.370858168958009493e+00
4.378378564098861503e+00
4.361309914850311387e+00
4.356408999229919310e+00
4.276206403774659215e+00
4.208620756178452105e+00
4.149121126221744227e+00
4.122022281959220713e+00
4.238169783724871742e+00
4.246673252824438194e+00
4.291049483869345593e+00
4.249352478958667412e+00
4.122692938928184780e+00
4.146880229919623240e+00
4.199654910767795180e+00
4.276334144715798757e+00
4.214378106239663246e+00
4.218279786465436665e+00
4.312704383016497722e+00
4.408143237337487363e+00
4.376693422598114225e+00
4.381697599351841887e+00
4.347871208467934068e+00
4.350520779793329851e+00
4.285446023832875539e+00
4.236699647770783450e+00
4.141821686301740968e+00
4.149364670638486352e+00
4.155188483295989776e+00
4.204195667437607753e+00
4.249248687706797867e+00
4.331723093883023346e+00
4.426136868177217742e+00
4.355203972796581446e+00
4.399905853350268181e+00
4.326033617575578916e+00
4.252619421475720252e+00
4.309786427205502868e+00
4.171717657722689765e+00
4.240653331928659675e+00
4.100113019431173456e+00
4.140905543658137233e+00
4.112794731883401056e+00
4.138978711398706878e+00
4.205752177966514793e+00
4.158547442096602431e+00
4.264329358253730717e+00
4.211068904329768436e+00
4.242126196635664037e+00
4.242008212300925507e+00
4.152862720091802906e+00
4.207129749693683252e+00
4.122451409651298526e+00
4.068194486507680452e+00
4.174218976503977885e+00
4.081945232446280158e+00
4.029348992371146743e+00
4.047150088187068562e+00
4.083192087599177178e+00
4.115895633774944606e+00
4.173330578878472252e+00
4.126750700766498525e+00
4.088172033758183055e+00
4.112268659257188652e+00
4.166836388483072362e+00
4.111705439918845961e+00
4.082078918467004769e+00
4.039586506889509820e+00
4.049076008377355151e+00
4.153123259371085396e+00
4.219272081052354295e+00
4.289263196451371662e+00
4.282333660951638699e+00
4.330833431491631025e+00
4.225891460237561681e+00
4.154473641184871724e+00
4.225314027906527770e+00
4.347432505207200926e+00
4.254833996855292177e+00
4.189694990542850661e+00
4.183334687343001512e+00
4.231113251630179484e+00
4.267234635785722041e+00
4.317549906743662014e+00
4.344221762927904962e+00
4.292716251270475070e+00
4.258545323614931988e+00
4.305783277135507348e+00
4.277110571862722033e+00
4.324581795637875814e+00
4.294107247023341678e+00
4.188503328275541726e+00
4.261664178973137318e+00
4.285680033852559134e+00
4.236619671060137371e+00
4.309276928489829572e+00
4.166755734085326957e+00
4.123577916343521998e+00
4.245098781116924513e+00
4.160863187258832419e+00
4.135914265918275490e+00
4.166463148201823508e+00
4.195471885885877938e+00
4.117262580284573481e+00
4.140794338780954043e+00
4.038939685981381977e+00
4.073261277350365361e+00
4.062015841500382862e+00
4.084653756274262193e+00
4.063434967013554555e+00
3.971391706664775700e+00
3.915599958554707438e+00
4.079706508121052622e+00
4.081816428380066419e+00
4.071595801547550408e+00
4.165270474197012796e+00
4.223596651650343148e+00
4.292265655110873546e+00
4.274351017785688711e+00
4.277868809653352145e+00
4.211914989770173534e+00
4.268032356909473357e+00
4.249832188718277948e+00
4.175167286827437430e+00
4.256270500705101156e+00
4.186233291562687420e+00
4.184238019576620005e+00
4.122273595378853628e+00
4.106223609946716202e+00
4.207160557152471725e+00
4.258750503363330608e+00
4.230850264474970146e+00
4.257457024195799633e+00
4.194618393221934305e+00
4.275934754158346784e+00
4.320241679877522500e+00
4.295501010378901086e+00
4.292037322534573818e+00
4.444725948785962721e+00
4.383678136828483396e+00
4.303324393240547607e+00
4.225229178674315911e+00
4.088483959135547963e+00
4.072515946035690781e+00
4.073637548508132866e+00
4.146656848192526112e+00
4.131698140609878500e+00
4.090891039374112026e+00
4.181933468684749577e+00
4.218710666218711047e+00
4.154331739324276462e+00
4.135541731041751490e+00
4.165769433332054739e+00
4.225597536947510946e+00
4.259369598115799960e+00
4.217921164823215108e+00
4.258473448096814273e+00
4.159415454455650085e+00
4.229590181427681728e+00
4.211699010707436130e+00
4.242100758297429053e+00
4.230702401411156721e+00
4.202866986016542405e+00
4.167974395345137140e+00
4.153578714388579840e+00
4.180073414179973135e+00
4.095823678916077348e+00
4.141355469381453602e+00
4.149133970950777517e+00
4.192018850591153978e+00
4.145542537738671207e+00
4.117318766178097889e+00
4.095883096708330839e+00
4.076221868457205133e+00
4.094734432613602593e+00
4.223670933154176410e+00
4.183217607755667977e+00
4.213845908498869974e+00
4.160340974893146360e+00
4.156636593638704191e+00
4.099613856300011960e+00
4.105594040912321496e+00
4.173806176655525668e+00
4.180312619289981768e+00
4.137278719674175598e+00
4.201106868184516507e+00
4.256599740827858191e+00
4.246839034505102362e+00
4.287077784481481579e+00
4.225661940480788026e+00
4.236445043170661506e+00
4.284189945984069325e+00
4.278300276516242562e+00
4.235114470241035711e+00
4.231890416353659035e+00
4.255466540193461711e+00
4.263522909177875242e+00
4.272406567680963718e+00
4.266290279142729958e+00
4.300879194275904815e+00
4.239722410780592199e+00
4.229469301309908502e+00
4.291244955405579375e+00
4.265444388797312136e+00
4.267609771429620835e+00
4.255326329355344050e+00
4.272229164692748604e+00
4.239984297007110214e+00
4.217593674338172782e+00
4.254455393080252001e+00
4.183580276372608431e+00
4.266148398993970581e+00
4.286071097994737400e+00
4.229323471712118199e+00
4.253152391878902705e+00
4.229877239305882775e+00
4.249774585313717878e+00
4.299277070666105871e+00
4.310437117972684362e+00
4.341425564755546418e+00
4.404490990018755880e+00
4.316007195876951918e+00
4.303473613387968300e+00
4.369132527128290810e+00
4.306311617131678204e+00
4.298863891318614350e+00
4.316175271198696706e+00
4.298852512345836985e+00
4.273210656510838312e+00
4.187614651403412935e+00
4.248313462974784294e+00
4.128361701548117324e+00
4.320307376667646082e+00
4.285631419262768027e+00
4.223438544777904369e+00
4.250741921984105609e+00
4.218284068246532570e+00
4.255889875740074046e+00
4.197431737703080756e+00
4.140948157147815500e+00
4.164435734907983466e+00
4.223540109782878638e+00
4.101674176675409456e+00
3.995582440743917552e+00
4.074574977937660769e+00
4.124863598256782282e+00
4.145796652886557077e+00
4.071446861323772204e+00
4.119082687388778474e+00
4.102357533527075439e+00
4.064068280850224646e+00
4.014264111739587193e+00
4.018435491048444774e+00
4.061913776414750821e+00
4.137588056737415698e+00
4.189116729940591810e+00
4.138491351656599093e+00
4.168373483816454339e+00
4.123306701776840555e+00
4.070157961946420322e+00
4.176127053042870685e+00
4.114969416856145479e+00
4.131441285412770448e+00
4.225155871430430921e+00
4.200794738351718571e+00
4.129651010151277113e+00
4.121885501443403044e+00
4.051701421936438230e+00
4.079817533368042426e+00
4.029551403449352698e+00
4.046303034732133597e+00
4.094934478687686230e+00
4.066508951443841724e+00
4.018768099084184087e+00
3.960522376414877588e+00
3.928911509622716736e+00
3.967925238934013610e+00
4.023663525060329427e+00
4.019896852451346092e+00
4.059841067691443151e+00
4.210456650567397929e+00
4.213775443181130065e+00
4.278155457520452565e+00
4.178522346746555094e+00
4.206474824298361170e+00
4.232137448853468875e+00
4.196609751669043042e+00
4.196824483134067307e+00
4.253088401486017744e+00
4.304041490800061709e+00
4.246824878980973494e+00
4.230445246170668305e+00
4.229977607848032228e+00
4.132429405192910465e+00
4.172666164114719578e+00
4.149418406907116719e+00
4.135579889234178630e+00
4.135408087399491173e+00
4.141736931900102725e+00
4.210787031238750089e+00
4.244747158447633950e+00
4.137004652462059617e+00
4.136322808460602296e+00
4.212898084976170132e+00
4.297702987478205117e+00
4.274873911107947677e+00
4.140978073347127086e+00
4.213838822489321956e+00
4.373656079459635748e+00
4.344457887909826788e+00
4.472500454784499091e+00
4.472428630717764975e+00
4.468352456948638363e+00
4.411691949882919239e+00
4.459729034083113497e+00
4.405134890223833644e+00
4.313036744147963120e+00
4.297554547001002589e+00
4.302975227265197766e+00
4.315845760378216767e+00
4.318821405493162402e+00
4.311447970060285684e+00
4.290193037713039281e+00
4.271864606592297164e+00
4.269963491709685144e+00
4.144930757594381454e+00
4.196514310183873775e+00
4.323484051178621002e+00
4.279887364297738195e+00
4.212496686966737514e+00
4.179875054319509786e+00
4.161540585718050522e+00
4.140512894856613890e+00
4.153584693045790921e+00
4.125530851179743941e+00
4.168679802771791287e+00
4.150768003023514119e+00
4.162610170864568637e+00
4.139073804964302106e+00
4.235136168506824283e+00
4.181519271617707645e+00
4.202060403641548092e+00
4.226758117309159068e+00
4.231328890846777213e+00
4.187498147985787789e+00
4.172303962786886977e+00
4.206603845449744306e+00
4.226155287890690282e+00
4.201978829664124504e+00
4.202512485578511203e+00
4.194658844223447147e+00
4.204216961992164769e+00
4.299136730607902912e+00
4.317937476033535837e+00
4.368324305383961992e+00
4.323105894060838672e+00
4.310511330830666843e+00
4.360125913805564579e+00
4.365999903833403195e+00
4.280465978594296672e+00
4.317393340986679817e+00
4.250818655782687472e+00
4.203643466448850674e+00
4.283877848012702216e+00
4.332724746304077890e+00
4.376068536799505360e+00
4.359989964919158467e+00
4.339723233240243339e+00
4.318168776049267521e+00
4.297726101919354669e+00
4.267317260406824353e+00
4.295850935072071053e+00
4.208319714284055379e+00
4.285561999843710446e+00
4.268315499676144320e+00
4.309844425833489368e+00
4.214104187541746427e+00
4.334362495772535517e+00
4.270065871262688439e+00
4.257228569487264025e+00
4.301867018436984047e+00
4.398677548890184141e+00
4.384076699497421181e+00
4.399159350329273188e+00
4.340260561558941355e+00
4.246504432575184396e+00
4.227157336549670852e+00
4.184159635367986851e+00
4.182007080711362512e+00
4.180058057595139154e+00
4.173390514664947482e+00
4.153462449102990561e+00
4.186712625672733168e+00
4.285737909874928420e+00
4.196664605062700559e+00
4.157137310486123560e+00
4.065644720607665796e+00
4.095250916950048392e+00
4.148147856175645742e+00
4.178738679627389097e+00
4.167290634533309834e+00
4.246482672578090423e+00
4.244308661216649625e+00
4.280367747424919322e+00
4.268822294640125747e+00
4.263733977532306874e+00
4.296387058171416307e+00
4.167310452591976855e+00
4.133788351823826090e+00
4.194879714713365182e+00
4.143388143171468307e+00
4.143956697392419564e+00
4.110288578374971635e+00
4.135038568420464244e+00
4.178427611912840511e+00
4.168270738488534910e+00
4.186988296677216503e+00
4.257487888469264625e+00
4.299418372150294765e+00
4.234129216648799598e+00
4.344460567394938799e+00
4.249808516317706619e+00
4.249431830392680354e+00
4.223608867562705704e+00
4.265545216071969570e+00
4.242886387321314068e+00
4.252066962188790100e+00
4.212586731047494482e+00
4.205176308494224635e+00
4.126504620114580746e+00
4.138073555768706946e+00
4.117092583700197039e+00
4.114031926441263920e+00
4.060880626631962365e+00
4.068116348057179366e+00
4.174727581266637344e+00
4.170717638468286026e+00
4.189651208953121930e+00
4.132054388330395511e+00
4.168873329459887422e+00
4.149628715383157029e+00
4.241023845849396956e+00
4.313055585791428115e+00
4.370416484908956178e+00
4.442957054212076429e+00
4.449308205409016281e+00
4.487870001730896341e+00
4.416070202959410551e+00
4.363947677284460092e+00
4.342772973078117715e+00
4.303855230383280883e+00
4.175521421454332582e+00
4.146904114002108344e+00
4.182865494539893092e+00
4.237654069165358806e+00
4.154543478605116746e+00
4.137413836847286142e+00
4.250008563009886942e+00
4.339775519177571539e+00
4.249459685175116519e+00
4.111885377670977171e+00
4.090510026671232424e+00
4.080387692479386708e+00
4.176277421862409689e+00
4.255836264518412904e+00
4.315607783296094624e+00
4.302722445322689104e+00
4.244230534728308690e+00
4.280853953473452655e+00
4.145792060674399870e+00
4.162412542611801491e+00
4.098631740992003891e+00
4.145942506069262734e+00
4.241728892796411188e+00
4.380401114566960352e+00
4.338181789184933912e+00
4.236641763869246624e+00
4.262480512179165792e+00
4.265886989941824581e+00
4.243901219721929685e+00
4.261995715585505273e+00
4.340955862192565462e+00
4.300104687260437153e+00
4.320325031415653605e+00
4.315178498381225580e+00
4.259500070928240234e+00
4.268137693105075847e+00
4.314305116410257490e+00
4.317219103785036260e+00
4.319188044249994363e+00
4.238889279434968849e+00
4.221627749090730575e+00
4.246447393438045559e+00
4.235753178597206237e+00
4.214709651976590976e+00
4.372741053576011616e+00
4.388779919183837031e+00
4.383422748864812313e+00
4.370963176931282668e+00
4.277182680241194745e+00
4.263412501522436671e+00
4.181259184305199383e+00
4.138476654211933337e+00
4.119437225383841827e+00
4.094231422058864922e+00
4.098982019913521846e+00
4.193386076597392709e+00
4.095174334288481433e+00
4.088325922613798902e+00
4.149170457687046287e+00
4.069161990373519444e+00
4.068034324151415859e+00
4.071305787727331094e+00
4.201850522278483879e+00
4.206366570322212617e+00
4.210122869530970924e+00
4.251826562793538322e+00
4.265049519960579794e+00
4.123468365204266739e+00
4.148789075130916437e+00
4.175478542116614733e+00
4.163261852064879420e+00
4.136835886872973767e+00
4.151384064863213652e+00
4.119061357785878563e+00
4.143211527347370193e+00
4.150789297483068019e+00
4.187426921612271258e+00
4.233056609075259047e+00
4.260363145251411687e+00
4.199149653372257873e+00
4.255172808101791659e+00
4.310431754027484352e+00
4.289157521354167280e+00
4.255051107885016393e+00
4.291863545031361582e+00
4.307709833600160465e+00
4.194901666437065302e+00
4.213152546863161874e+00
4.305249183172699112e+00
4.218520925994454274e+00
4.136439619274568713e+00
4.152798720338518379e+00
4.178962566788561261e+00
4.177792966244648021e+00
4.193953082179882941e+00
4.181398903735993322e+00
4.170609879780522888e+00
4.145528111170635022e+00
4.101409981759760903e+00
4.150802576430439039e+00
4.030627659841501398e+00
4.026838987062371977e+00
4.053906586775390508e+00
4.043397869392816091e+00
4.123885579652333710e+00
4.119094377199405521e+00
4.189443079394772340e+00
4.166850223318035340e+00
4.077496377020164431e+00
4.113633628023834810e+00
4.214270062385584659e+00
4.225699500884813276e+00
4.284913078645649520e+00
4.291927726830636836e+00
4.259780493136012147e+00
4.269548286802897330e+00
4.263841473548923844e+00
4.279165874266633196e+00
4.307727979256081419e+00
4.399897114832323375e+00
4.430791414479106294e+00
4.355829685047305944e+00
4.383181288432249190e+00
4.322974127789288801e+00
4.418045943440336742e+00
4.446270235484613309e+00
4.364475855435702378e+00
4.243976019127147836e+00
4.108201742321932137e+00
4.135657043427315216e+00
4.174779733908043688e+00
4.254080417023767602e+00
4.187934476105352744e+00
4.219990419938928206e+00
4.198268780525473254e+00
4.152687087100519925e+00
4.158444306226973808e+00
4.159792261103532063e+00
4.112164683823579914e+00
4.058603721869727288e+00
4.097294048404564570e+00
4.120547577151370433e+00
4.161444508708376233e+00
4.055502556543981285e+00
4.155932667723368112e+00
4.177252774666206925e+00
4.095559820256294614e+00
4.131158558121088120e+00
4.190280832985703974e+00
4.248907245220552298e+00
4.305943131850329841e+00
4.299413454694099634e+00
4.326660454615610440e+00
4.382612331533930039e+00
4.337431134596071658e+00
4.332619065958939863e+00
4.276925786669162122e+00
4.285085964432929551e+00
4.363940398683402222e+00
4.230150745099633625e+00
4.181670543193601652e+00
4.157181291757877872e+00
4.247330583959476158e+00
4.192142394746382728e+00
4.241930906021062597e+00
4.305309419566475171e+00
4.286971159258647468e+00
4.198843101811182699e+00
4.214035107270474256e+00
4.201239500158155060e+00
4.241014451174464739e+00
4.244296126103641598e+00
4.260542214393226779e+00
4.157425043118093022e+00
4.140329499407878089e+00
4.209528086828992599e+00
4.244920088219554799e+00
4.234466360245768612e+00
4.218334904801067431e+00
4.260617492776569648e+00
4.304136881428142658e+00
4.229051402320902930e+00
4.274151740318703041e+00
4.174777750114155417e+00
4.203465743442587943e+00
4.260509260602225012e+00
4.209708000662321759e+00
4.057866064617475566e+00
3.936122422245191377e+00
4.000687025131463237e+00
4.125959380457822512e+00
4.091773241205794776e+00
4.190086136230182667e+00
4.177297941026308692e+00
4.116379247094468674e+00
4.094039485683940605e+00
3.979075730405876143e+00
4.159880817712384271e+00
4.240911924236733910e+00
4.166099464762896609e+00
4.139503293299237718e+00
4.110550428200268946e+00
4.117828345343212959e+00
4.166371494569657941e+00
4.125944333257970165e+00
4.074535042620129666e+00
4.050857938055520080e+00
4.133358614498670924e+00
4.132417358848330835e+00
4.243463291100706414e+00
4.323092971156512476e+00
4.297332505768541644e+00
4.174655967102097520e+00
4.122954477123774275e+00
4.173002473118146760e+00
4.252202998062253769e+00
4.110591647020212847e+00
4.156053731425784825e+00
4.132736259729702155e+00
4.121578635186435413e+00
4.196975089903083322e+00
4.187215403693458349e+00
4.175798566146812441e+00
4.227251325786589575e+00
4.345223804392244205e+00
4.347391125559626701e+00
4.224694658450449225e+00
4.169998599850010201e+00
4.261380756748735621e+00
4.311049103379757774e+00
4.233656099938871264e+00
4.313614711022954573e+00
4.214374217885569429e+00
4.258211009860836782e+00
4.321696050499414632e+00
4.388561417469906800e+00
4.375630444844733624e+00
4.319933723539444159e+00
4.364795995278592855e+00
4.326919377082236728e+00
4.280643491707279757e+00
4.265863892323775275e+00
4.282163461564538309e+00
4.293521997373488830e+00
4.270377040920396716e+00
4.148646913284056659e+00
4.105269022947996227e+00
4.230439124287719288e+00
4.160362985218562848e+00
4.202906376618397388e+00
4.173338117532771285e+00
4.150386054350765797e+00
4.163636826541658564e+00
4.242149903171914538e+00
4.196107763558792669e+00
4.193086313556529277e+00
4.031150840520910883e+00
4.003457222622765599e+00
4.087111139050772834e+00
4.067638977700596570e+00
4.130737485889998339e+00
4.114469248858943828e+00
4.118548967834533059e+00
4.147685787242498812e+00
4.104041249358573396e+00
4.238975989320269200e+00
4.261278412488874956e+00
4.159632839357121803e+00
4.161687357886017402e+00
4.231925031089700973e+00
4.125187344233509634e+00
4.214505445831292718e+00
4.147211423759602056e+00
4.201573383155589703e+00
4.288467056214258832e+00
4.356803925296893532e+00
4.282002809467654991e+00
4.335056474693314676e+00
4.334965699175570286e+00
4.337203322140067208e+00
4.239566953592469822e+00
4.380098363199597777e+00
4.373870038242086977e+00
4.319968057794702609e+00
4.280218418672943947e+00
4.344303080596334077e+00
4.416152249198867175e+00
4.323020456979834947e+00
4.357321039587837674e+00
4.373957473353384806e+00
4.324884343211317095e+00
4.195555916562692111e+00
4.147744776112051390e+00
4.011039012533105463e+00
4.014945578463888332e+00
3.998290291364796634e+00
4.010063772680255489e+00
4.105163272148229403e+00
3.977153646394239406e+00
3.953498042644622235e+00
4.057805097525161386e+00
4.076097971906808226e+00
4.193694329649832575e+00
4.185476091557240430e+00
4.296204707517438770e+00
4.330036512789638969e+00
4.328318612173023716e+00
4.233849451969860844e+00
4.188807255934182905e+00
4.153371972974223780e+00
4.158715842857108491e+00
4.204205400110586410e+00
4.153008840497261822e+00
4.131222360678048489e+00
4.048053152996109461e+00
3.984451034643575085e+00
4.002187763374503326e+00
4.123208638193471387e+00
4.105745296209612150e+00
4.020866358342763291e+00
4.026086387208078321e+00
4.099120992533510588e+00
4.137292464785289781e+00
4.095323822360529498e+00
4.173542895481834769e+00
4.118256164691498356e+00
4.123316695600013126e+00
4.060655268679892238e+00
4.082510317466177874e+00
4.180000511265194341e+00
4.167625809720301611e+00
4.207718170005496638e+00
4.186017956778825599e+00
4.176441840854105969e+00
4.250492935875378464e+00
4.236982513331759570e+00
4.244716687466545402e+00
4.257693807773741845e+00
4.218954290820076558e+00
4.194478389884650049e+00
4.222916092642324593e+00
4.312941991040475820e+00
4.274195456720891073e+00
4.219349504772671011e+00
4.161403662349225208e+00
4.211751821172133425e+00
4.268324718213825975e+00
4.311535877411791340e+00
4.272104419443175871e+00
4.228343952842113396e+00
4.260540247161060279e+00
4.270586926509394310e+00
4.238004421410071387e+00
4.298171892341716926e+00
4.300397488823223924e+00
4.249540890883953814e+00
4.242557670788952073e+00
4.218955669846288892e+00
4.285083065049525963e+00
4.242678108711463558e+00
4.292624178896980780e+00
4.287369495081276405e+00
4.387332829062833284e+00
4.388698054871509768e+00
4.315546851764968217e+00
4.413497401944752596e+00
4.435872609377221387e+00
4.381838450428690912e+00
4.374929863257980500e+00
4.479415451275618132e+00
4.495982958021681242e+00
4.469794197028243765e+00
4.406170472160834350e+00
4.397087546668529967e+00
4.392334782643452229e+00
4.365434316155545780e+00
4.379778572257989389e+00
4.305423287412387445e+00
4.177922751522007871e+00
4.185929175418208636e+00
4.089824909455422208e+00
4.149404460524169558e+00
4.186862585708151840e+00
4.225016710097843742e+00
4.187838575310077083e+00
4.255797707476321357e+00
4.222036471425942850e+00
4.229804276521772266e+00
4.114587375075624998e+00
4.167263848424007655e+00
4.124107737382542105e+00
4.181727992341135902e+00
4.290023274898816297e+00
4.289410933833173623e+00
4.292344574021019099e+00
4.187864211250794888e+00
4.103616535179509306e+00
4.117407895176752319e+00
4.120742662955913183e+00
4.236000991762088219e+00
4.227417576187640691e+00
4.223555689249295142e+00
4.073745127820200373e+00
3.987523187644698375e+00
4.090425316313075932e+00
4.091073462055256016e+00
4.067620717661305285e+00
4.066170441632221966e+00
4.055006819178432309e+00
4.226796404166469401e+00
4.313750374364448525e+00
4.292840608248857492e+00
4.315247660409040620e+00
4.283001343996406085e+00
4.341364848873778826e+00
4.301929223126857771e+00
4.265819244682029776e+00
4.278048837540377569e+00
4.275560756691889175e+00
4.202788557353237309e+00
4.217479279421238125e+00
4.186565308696501120e+00
4.211821990244147607e+00
4.278848602875251039e+00
4.316101205036446231e+00
4.303326161216089574e+00
4.359286948232180769e+00
4.473180520819470374e+00
4.488567713773842449e+00
4.537535214727788535e+00
4.598870979952069504e+00
4.623871112711548825e+00
4.542810247226856113e+00
4.503991027947098935e+00
4.347577005913314530e+00
4.324694447052849000e+00
4.288338299781099927e+00
4.271179730609279801e+00
4.167845208109794974e+00
4.130584744233932071e+00
4.137683787864275153e+00
4.253127662137504039e+00
4.233832788752139642e+00
4.339674665728124658e+00
4.407639491950875232e+00
4.368893333895048414e+00
4.494264176440585956e+00
4.374900033099551777e+00
4.343021909659184665e+00
4.245203203229334754e+00
4.266523321545984793e+00
4.298225629121188440e+00
4.274954998329929978e+00
4.347492639476454812e+00
4.341078810351747919e+00
4.244139271798563762e+00
4.160579332042547485e+00
4.194004281857385941e+00
4.210288566742762306e+00
4.187979207775220480e+00
4.253770599948540898e+00
4.355860565087739111e+00
4.383584787181755260e+00
4.445696164014593776e+00
4.328402770370597175e+00
4.273309914944891652e+00
4.271319703326471817e+00
4.351952670270217816e+00
4.300245367430990839e+00
4.307937922840722855e+00
4.358842368042026294e+00
4.293928885372642057e+00
4.304264421481415859e+00
4.416963344612449660e+00
4.366361129661381568e+00
4.329111723304197135e+00
4.333651132713586485e+00
4.210031033298786696e+00
4.191302454155987789e+00
4.175143051793932969e+00
4.217257655828404062e+00
4.224791844025825860e+00
4.251148160684626198e+00
4.330688477477482756e+00
4.280734698679157901e+00
4.334403514073046360e+00
4.348590389951302093e+00
4.358946479261920359e+00
4.307066612172451237e+00
4.298892386627530371e+00
4.256802984077223684e+00
4.176403672611148643e+00
4.161251336701357495e+00
4.150209967801990807e+00
4.109394098235835457e+00
4.161844609497746816e+00
4.137122048413522712e+00
4.207209108597724345e+00
4.288637726129389982e+00
4.339539855119599387e+00
4.336670338627928167e+00
4.305119056675634326e+00
4.288553413165958617e+00
4.267438889342529684e+00
4.261719679050732346e+00
4.264348695216488849e+00
4.224799294657407778e+00
4.141677211353647081e+00
4.128553863037298655e+00
4.138129174335433369e+00
4.158238996832666068e+00
4.132089592600052264e+00
4.076206886289902798e+00
4.173711829165872800e+00
4.179455575064974227e+00
4.154704668360780673e+00
4.229116836361377807e+00
4.242047862244431755e+00
4.208599237202935051e+00
4.273257431917151905e+00
4.275896401565953298e+00
4.272960700423154456e+00
4.176141538187330582e+00
4.102807420596155552e+00
4.098125777588529139e+00
4.101907726825599454e+00
4.068221423216521693e+00
4.077836970887233292e+00
4.144591310018433283e+00
4.071773470487378255e+00
4.178268065267219278e+00
4.126523149076726682e+00
4.271148091439575190e+00
4.233483893650698882e+00
4.154396314902260912e+00
4.182266037319936736e+00
4.054237356111157098e+00
4.034237094158645398e+00
4.083560977070747278e+00
4.085121063914846751e+00
4.110599193002145491e+00
4.186645327664034077e+00
4.246903147550554536e+00
4.195709727197011851e+00
4.228101527384852787e+00
4.221471033017522245e+00
4.216589174418367669e+00
4.218372134495879777e+00
4.199661436092926969e+00
4.201442459453250677e+00
4.193739005625141125e+00
4.194359679814279040e+00
4.214997805381427654e+00
4.176070704295184122e+00
4.249475695514442819e+00
4.279772191136883563e+00
4.228821130562658404e+00
4.282956727822612386e+00
4.260983399880363010e+00
4.243037264551841936e+00
4.132815737941529122e+00
4.216831493953308474e+00
4.186418632575147569e+00
4.248465538850037859e+00
4.190819297490634199e+00
4.264789717843818551e+00
4.287700713991745793e+00
4.246180424374285778e+00
4.207942130938003622e+00
4.313417465127574957e+00
4.269724239714830283e+00
4.219083405266793818e+00
4.203575322800014114e+00
4.252903332058026287e+00
4.240450341980417370e+00
4.303275250520449013e+00
4.317307071707577215e+00
4.340203289728278513e+00
4.431487191478811205e+00
4.318450986373064460e+00
4.338770395249492928e+00
4.393957510181106585e+00
4.342384694980105486e+00
4.315125598415980868e+00
4.211180545092036986e+00
4.105768571676272849e+00
3.990991348342071809e+00
4.002565506245997717e+00
3.967246297970538293e+00
4.028497174719533724e+00
4.031433990434867276e+00
4.057624346834541207e+00
4.080041306817769886e+00
4.135406774936780216e+00
4.282483323647578999e+00
4.380286270892416844e+00
4.360954367189775915e+00
4.434102173062734131e+00
4.497182385737051646e+00
4.493146144249978491e+00
4.349569530143486240e+00
4.266602987316605144e+00
4.269593224273979359e+00
4.253662961175547430e+00
4.281588920957823063e+00
4.247028458770373049e+00
4.194613253623559856e+00
4.250758865992421143e+00
4.270200711490244494e+00
4.360510598019566864e+00
4.323456651472708856e+00
4.308120503414532898e+00
4.248626210301627459e+00
4.118661665780034120e+00
4.182452059344430317e+00
4.167895842111943416e+00
4.164585089326101830e+00
4.158024334752780327e+00
4.135208483214122488e+00
4.224902448723846682e+00
4.369006184104784474e+00
4.242146076721622805e+00
4.268518388193760060e+00
4.151556679714190956e+00
4.114446598100590435e+00
4.141972830226484881e+00
4.085709387238684265e+00
4.130880143430553986e+00
4.242899856582673657e+00
4.213303022891516925e+00
4.261502066845205938e+00
4.244754126498006208e+00
4.226066765587122021e+00
4.186761050343502433e+00
4.110161051069932014e+00
4.103432957685110516e+00
4.240069874010515605e+00
4.192617295923756870e+00
4.219563212047111378e+00
4.190431648134030240e+00
4.177505344362679729e+00
4.284885519289984401e+00
4.247326509026801311e+00
4.199093953220883080e+00
4.138455491407322384e+00
4.144638869330819375e+00
4.191053222195619377e+00
4.223003029424627464e+00
4.235617449879800489e+00
4.232637229688387848e+00
4.187242459425950969e+00
4.294881054771877871e+00
4.348081458988375836e+00
4.418398558449972313e+00
4.541240054328119946e+00
4.492761590595005572e+00
4.496545533532830596e+00
4.404129744302140104e+00
4.456961537558158604e+00
4.465788849213429224e+00
4.539841224491357075e+00
4.551106720257666716e+00
4.609924802849797665e+00
4.560680735794103491e+00
4.468964649884343387e+00
4.433760695062963109e+00
4.418690795559382600e+00
4.431950768570221300e+00
4.491674924862752327e+00
4.401472045575147263e+00
4.396158822594679272e+00
4.285868490211996118e+00
4.121639577521463593e+00
4.142644228739491119e+00
4.235581476565384307e+00
4.223130243941793260e+00
4.260922654345661087e+00
4.274419830597290471e+00
4.262324886901695642e+00
4.368843965721160849e+00
4.432095016945922339e+00
4.381003079044392123e+00
4.446463587422410768e+00
4.393019932957977325e+00
4.509245928979141560e+00
4.470574644392697472e+00
4.392860041347574018e+00
4.437780186827827045e+00
4.426527199688252701e+00
4.335511857385136558e+00
4.414290094409789589e+00
4.269669347248187030e+00
4.278525939066058825e+00
4.251703711471506608e+00
4.293028811579874038e+00
4.238176014093252064e+00
4.174856827141959492e+00
4.206249488993475616e+00
4.146486898159443157e+00
4.182765129673098770e+00
4.146077161312187620e+00
4.180619851623694316e+00
4.238128853475105373e+00
4.199700710514008506e+00
4.220246324404980598e+00
4.300356753566951795e+00
4.213566364953049259e+00
4.211045779757738750e+00
4.297769329242652425e+00
4.297878091198272799e+00
4.248623589262454203e+00
4.276852539246350560e+00
4.322120504977370103e+00
4.349966552191102842e+00
4.435916359422847677e+00
4.422103270008220122e+00
4.385934332216870679e+00
4.369063335290416461e+00
4.256571412551154232e+00
4.249375635684919494e+00
4.260638117630478838e+00
4.205189155511835253e+00
4.168216800272382727e+00
4.187378564484530052e+00
4.228403305565114678e+00
4.136623734469914382e+00
4.105799315014452944e+00
4.139978313108378494e+00
4.139367374346543116e+00
4.185026540262896333e+00
4.222015682967199979e+00
4.226087062201220768e+00
4.273972933892739690e+00
4.344209470154019037e+00
4.326305982063519018e+00
4.309815962825043201e+00
4.312456119706426172e+00
4.319488664810377188e+00
4.308632530871444821e+00
4.316449050668777154e+00
4.220153098651318935e+00
4.270522160607958639e+00
4.228188614553800129e+00
4.211010754060824368e+00
4.178549708421217090e+00
4.193526744666768558e+00
4.242385807193009839e+00
4.313437066118886776e+00
4.365884060566235014e+00
4.395754953124037634e+00
4.339009978235044862e+00
4.334914701921376512e+00
4.265241950088239697e+00
4.321379789726229603e+00
4.296041878185278051e+00
4.213116814537634980e+00
4.125331533685366203e+00
4.188602167762068618e+00
4.246012183106596893e+00
4.198214937785532896e+00
4.297155953030594056e+00
4.359680133271127467e+00
4.319301388489586557e+00
4.306719019312844843e+00
4.279522687274503134e+00
4.293678634444311193e+00
4.359572868838932358e+00
4.315343720627196511e+00
4.408786648611219938e+00
4.386596774169837509e+00
4.376221147536033307e+00
4.397954901184169429e+00
4.367094868399608032e+00
4.458099108785354758e+00
4.432401519356742980e+00
4.365177190497154136e+00
4.427405774261581328e+00
4.416559104203721553e+00
4.412815036899415233e+00
4.378771167564829092e+00
4.369373229389585056e+00
4.301776714948867486e+00
4.332561649164753170e+00
4.347047002556958972e+00
4.259509004620860573e+00
4.172171231724222551e+00
4.086577520696006438e+00
4.135478881805296325e+00
4.082266366542038227e+00
4.069448360379585239e+00
4.107751692336346849e+00
4.132468981899052984e+00
4.073900711869269387e+00
4.042933633894138623e+00
4.021347379196789973e+00
4.118972679679188786e+00
4.138671077750066374e+00
4.084960066020472347e+00
4.081492213780387956e+00
3.992283950287415895e+00
4.087400354358234900e+00
4.123074477751409006e+00
4.188077523215647524e+00
4.232450130401671728e+00
4.295012058523558274e+00
4.293970501672321305e+00
4.264110531259838410e+00
4.307274068834568759e+00
4.251287936255010003e+00
4.296281153139942077e+00
4.230048711587402366e+00
4.289227676370728659e+00
4.213397954955462765e+00
4.213775991180845892e+00
4.306676186436282805e+00
4.285780713754287596e+00
4.270216992642908771e+00
4.295304223660214582e+00
4.342935799676105546e+00
4.337767826343681854e+00
4.464655522920023323e+00
4.550774899570281917e+00
4.424672871403205754e+00
4.477014219657281302e+00
4.478633231302269202e+00
4.361283873282877366e+00
4.350551581612998042e+00
4.330181897837846350e+00
4.374891597512781338e+00
4.254259949462831258e+00
4.259761371214554337e+00
4.085195371538012488e+00
4.202386144154036884e+00
4.188344988524877799e+00
4.083900037342663936e+00
4.034246437091491444e+00
3.994645179997168505e+00
4.057642021914429797e+00
4.165574768532454897e+00
4.183683058351996387e+00
4.218443449580700388e+00
4.351719845669295594e+00
4.247077790017699250e+00
4.242848928678964349e+00
4.240300849560886931e+00
4.295641858832974336e+00
4.311214901285399748e+00
4.302214219947080309e+00
4.272261268648636090e+00
4.391062129560870275e+00
4.461905208414457924e+00
4.352849227107933316e+00
4.229000636451664796e+00
4.272659432592735840e+00
4.349760220256971621e+00
4.332196024222544573e+00
4.328854220383923312e+00
4.329712160425203571e+00
4.278795494561630441e+00
4.327589511337157191e+00
4.288099440393332351e+00
4.277256270030250995e+00
4.295354097313440533e+00
4.298248255719476774e+00
4.257160828848386203e+00
4.343109115871066628e+00
4.268464094540094678e+00
4.223127700015334440e+00
4.227237838234488621e+00
4.370199618193971958e+00
4.430651948717682309e+00
4.239034336985300300e+00
4.275115030819441664e+00
4.289087661454841438e+00
4.222032768587930640e+00
4.128729597900760773e+00
4.085037140131007938e+00
4.000089895359415948e+00
4.138543553555074084e+00
4.165883921901263776e+00
4.109542895305520638e+00
4.184920580037288396e+00
4.188644683076130804e+00
4.120172485883450975e+00
4.171781295369596521e+00
4.261353925887181759e+00
4.237685374833138674e+00
4.321881618999013241e+00
4.282902665896997085e+00
4.272283511079398188e+00
4.238673417052734926e+00
4.230258701962807955e+00
4.218215254926217739e+00
4.276561025912498870e+00
4.350969728006313986e+00
4.444032598983897131e+00
4.393831700719471378e+00
4.416485103921102606e+00
4.328347150958247624e+00
4.299667052751114049e+00
4.351447615536119251e+00
4.326035795304800757e+00
4.241433415942553076e+00
4.273856528057112136e+00
4.327491460962675340e+00
4.263428380180038779e+00
4.288073467160303132e+00
4.347505754444606296e+00
4.334964971543161738e+00
4.422477106020726190e+00
4.414409395254391910e+00
4.348737305201084702e+00
4.277620550118565568e+00
4.189445295127823599e+00
4.197784924429302400e+00
4.118643356159938484e+00
4.148613391164411190e+00
4.167377342849587940e+00
4.163003909761232357e+00
4.185283988275855016e+00
4.084595063868017739e+00
4.212961225895715422e+00
4.165184101837936304e+00
4.190805922504471148e+00
4.245471660565066863e+00
4.328097673009546398e+00
4.347194239994530029e+00
4.253546970944791283e+00
4.203403001752265666e+00
4.196683520336475404e+00
4.215338998761473555e+00
4.216691336707468096e+00
4.290501254711536205e+00
4.348631410377512552e+00
4.413257728963118076e+00
4.185228840471150846e+00
4.165700365671486161e+00
4.144263703315710146e+00
4.055112882750447234e+00
4.082355961763500574e+00
4.089341352872225777e+00
4.092011864593281700e+00
4.050680152923016308e+00
4.054772342293841092e+00
4.111083606164505078e+00
4.150916302935648616e+00
4.221120369488925661e+00
4.315663219961537678e+00
4.321840748314550673e+00
4.267262965354122528e+00
4.323109639240434454e+00
4.318684886637471187e+00
4.223490489465389963e+00
4.241879682191835421e+00
4.256687327666299758e+00
4.270133088603463634e+00
4.206065853618688344e+00
4.183511779962489463e+00
4.101299417796208324e+00
4.070136695991394049e+00
4.061611685880732736e+00
3.998448027499140522e+00
4.120295106085691828e+00
4.111502364654297637e+00
4.172770086885201124e+00
4.190879674539448985e+00
4.170003984073673564e+00
4.307030706293900835e+00
4.274950912004941372e+00
4.232920407404340502e+00
4.197253270862529639e+00
4.283563074271688365e+00
4.282095692433973255e+00
4.232185357411417215e+00
4.236883422993722448e+00
4.249669359278285263e+00
4.270030109261285567e+00
4.273388256149663889e+00
4.089760958209192943e+00
4.110445011858594455e+00
4.101264569026587203e+00
4.113725400535147791e+00
4.156681704254734377e+00
4.266021832107406375e+00
4.332840939912275147e+00
4.306414158932167169e+00
4.345833118479756507e+00
4.290740161626184879e+00
4.381710124810903828e+00
4.325216265950704297e+00
4.341056744316477811e+00
4.342383064842978868e+00
4.279723524290358405e+00
4.208299291053847035e+00
4.325842984131893054e+00
4.244018893431624306e+00
4.310523852984213811e+00
4.233944760944033270e+00
4.391076640148235732e+00
4.239063202999632018e+00
4.229871118920428330e+00
4.196432826377803238e+00
4.206034325152180564e+00
4.129521626984607785e+00
4.159121524740872822e+00
4.172783899145515285e+00
4.103381974923570041e+00
4.168305664592918625e+00
4.211798313610145783e+00
4.216726185284293216e+00
4.206580864670319109e+00
4.346326307969738956e+00
4.335908308187294224e+00
4.302070944957601561e+00
4.338474332831214753e+00
4.367666960675395060e+00
4.331633638576445122e+00
4.382596095562887761e+00
4.372995057946102548e+00
4.293145049286017922e+00
4.337471573022865456e+00
4.300746022799299517e+00
4.205076205300534831e+00
4.303705724104138319e+00
4.327762570170518686e+00
4.324698401791713387e+00
4.239817859754532847e+00
4.309690032393875825e+00
4.288054244359015499e+00
4.161111340500222688e+00
4.224926506552217020e+00
4.184606615353368753e+00
4.146992602662174399e+00
4.173970498300248799e+00
4.209118204797128726e+00
4.149894250154566144e+00
4.154932917385171898e+00
4.253781669899934670e+00
4.204519647351651734e+00
4.179109118333084183e+00
4.249127936869823152e+00
4.205284075135190314e+00
4.208854227022650107e+00
4.245233309216082773e+00
4.298179336208047374e+00
4.364576245724612669e+00
4.428102423075324978e+00
4.388609034002585396e+00
4.405229353700118367e+00
4.303908465938340200e+00
4.341244170245031064e+00
4.349788271451559218e+00
4.407426718463710813e+00
4.356201056936224170e+00
4.290488370306763777e+00
4.262032788256465921e+00
4.310841091232402889e+00
4.228337278453034642e+00
4.208562211551493348e+00
4.156097674521042507e+00
4.161706430982899718e+00
4.108968577220223573e+00
4.154127123060790794e+00
4.138828266243879561e+00
4.221818694309923181e+00
4.152632540907310599e+00
4.085697818305066065e+00
4.139385000694691286e+00
4.210154758451312595e+00
4.204254372730011013e+00
4.151680449428038600e+00
4.120802270108884890e+00
4.260048549522578831e+00
4.208799722038446767e+00
4.257086024410036806e+00
4.350579238489602929e+00
4.429404475335666724e+00
4.333975037700413147e+00
4.268596550284431856e+00
4.198131090327334114e+00
4.179938342490629566e+00
4.193377757597811950e+00
4.354178295053395154e+00
4.143585768285024784e+00
4.061632558626588896e+00
4.102010242335494716e+00
4.157286995324959378e+00
4.172993874105374701e+00
4.230903301308195807e+00
4.276443857021081207e+00
4.237300657790972203e+00
4.180843925043380871e+00
4.155542778289825101e+00
4.219616205624023841e+00
4.277861466577620675e+00
4.274907638913281183e+00
4.392425307581278915e+00
4.291874699580234598e+00
4.236818875849594157e+00
4.162456387896644294e+00
4.223012389768614483e+00
4.236423565217114273e+00
4.208537146800906292e+00
4.255468321662252862e+00
4.291739921756881238e+00
4.298192733861809778e+00
4.293535378362273391e+00
4.234003935890750192e+00
4.233554991967589665e+00
4.233212197532170151e+00
4.150284648938857401e+00
4.258637016886175353e+00
4.373829203123216658e+00
4.410799631218354833e+00
4.372090512648204808e+00
4.294486534994911509e+00
4.303491690181746598e+00
4.382164637422365949e+00
4.277539371099670973e+00
4.280258487801061662e+00
4.250155096408780864e+00
4.279451238203847652e+00
4.227042050650709371e+00
4.194339389622862235e+00
4.236940673893196951e+00
4.221605130893587798e+00
4.179184267457473290e+00
4.130830058943178784e+00
4.205001557258373879e+00
4.246095257945007972e+00
4.191054523764744744e+00
4.211497864526671187e+00
4.106926672091320007e+00
4.215326122781851481e+00
4.236537991456156504e+00
4.218367248218910071e+00
4.206436038224738994e+00
4.228213550666997556e+00
4.142700258370605404e+00
4.218714509225451437e+00
4.138785615034479726e+00
4.160412543072823155e+00
4.223774277020978296e+00
4.224909029910201674e+00
4.237503318489232562e+00
4.257085540254511358e+00
4.208967007052583753e+00
4.246882309251879484e+00
4.129485101917867773e+00
4.145560227109847951e+00
4.217559128887647724e+00
4.265171397157848432e+00
4.319645055798278399e+00
4.510084268754829040e+00
4.547072207389474485e+00
4.567388461147020351e+00
4.553864182701163443e+00
4.443766090000557334e+00
4.428319367417995700e+00
4.407208651060083859e+00
4.406868574696176211e+00
4.369149188951772622e+00
4.393193307992502739e+00
4.327810157712578487e+00
4.242319984077385975e+00
4.245549215251509523e+00
4.249327017719035204e+00
4.334150395145880630e+00
4.337449760607348992e+00
4.386541948928035062e+00
4.431512575493249173e+00
4.370141482601502148e+00
4.355697820570656020e+00
4.296422279028135449e+00
4.285568260457387701e+00
4.193235272669273428e+00
4.203906640634524905e+00
4.225911836864025162e+00
4.247272516448578727e+00
4.194755559030531877e+00
4.213544595939131554e+00
4.228636638694116101e+00
4.213858002792305157e+00
4.340734104437279584e+00
4.377538554802903548e+00
4.429930470971576106e+00
4.305599553566034743e+00
4.255484479407552811e+00
4.291802155821829778e+00
4.247442070953005633e+00
4.325324840238674362e+00
4.179527254895775812e+00
4.150275121608901330e+00
4.062714570311732665e+00
4.131506034769454772e+00
4.163552894798290716e+00
4.196573611338233256e+00
4.147366672877342175e+00
4.156163443532369328e+00
4.106649264208236616e+00
4.039259224895028311e+00
4.130228020462162419e+00
4.191669949153356889e+00
4.129563877499253799e+00
4.249279031182089383e+00
4.296494858343795187e+00
4.314303245588148705e+00
4.344423368303186983e+00
4.436008497347610380e+00
4.368262991643293347e+00
4.334050070681525924e+00
4.421040498956418929e+00
4.472675330167581009e+00
4.424534419179591005e+00
4.404684925231408421e+00
4.377290635811782238e+00
4.340156340279831326e+00
4.330915726060086790e+00
4.341537838115820058e+00
4.246188713165452100e+00
4.272852048675914283e+00
4.168900364943426418e+00
4.227994064769828420e+00
4.347871932489439928e+00
4.322643782508956534e+00
4.242535699662873583e+00
4.357621013462408932e+00
4.302160522303139167e+00
4.297217765864727923e+00
4.430996438603187926e+00
4.280369447657137449e+00
4.212457403195424277e+00
4.219265830783466953e+00
4.229541343274208387e+00
4.305816134024524011e+00
4.234049389699828581e+00
4.163381905919763426e+00
4.192880024220533741e+00
4.199227781333072507e+00
4.177560527227394793e+00
4.149852685925809581e+00
4.212293189814181105e+00
4.288893584749575716e+00
4.315496757133080230e+00
4.151769359470296017e+00
4.057879466311042904e+00
4.048280505460510881e+00
4.172750463836361057e+00
4.148066493166105317e+00
4.215172479105302017e+00
4.298837233788081136e+00
4.255601619213631892e+00
4.192398182269148066e+00
4.257969747637918800e+00
4.283893970975510612e+00
4.300406249641143042e+00
4.284565850636430362e+00
4.205150840711808335e+00
4.220978719775571264e+00
4.235528877836873818e+00
4.224473479448498381e+00
4.295121516698371167e+00
4.325535254162043763e+00
4.179761796120432749e+00
4.148508353322468700e+00
4.114076347116522037e+00
4.158482123740382619e+00
4.116754885362702510e+00
4.128682164968958901e+00
4.076646956411134504e+00
4.150075127749822457e+00
3.990501803700425398e+00
3.907729212464475577e+00
3.961815307865002023e+00
3.948388267262502360e+00
3.939487467160446510e+00
3.978171541179378323e+00
3.974573713721939239e+00
3.961425072527238189e+00
4.001135253642475575e+00
4.092059556454268332e+00
4.166239726577085634e+00
4.171668820441230885e+00
4.288762774950250822e+00
4.232754787363272264e+00
4.189888765831430995e+00
4.126706050502525258e+00
4.034043121135335142e+00
3.995366040703637545e+00
4.014317945201692162e+00
4.051625855979315460e+00
4.068689175991669238e+00
4.159510019426557292e+00
4.197077292859813902e+00
4.125799839545158498e+00
4.217447513972246931e+00
4.190645673126835113e+00
4.174581989672968341e+00
4.222052099027860272e+00
4.212121839595997841e+00
4.315318029089795893e+00
4.306932936106579568e+00
4.307648840188512906e+00
4.310058111259233549e+00
4.241178690293189391e+00
4.324387952616025821e+00
4.266356283405931649e+00
4.308019056101168864e+00
4.342492420588664359e+00
4.362750049581454626e+00
4.373129597386648193e+00
4.386659446273181828e+00
4.372591858043041846e+00
4.300671568229329722e+00
4.360144693135874938e+00
4.372590755986110800e+00
4.271901118079473925e+00
4.270683129561448688e+00
4.213353324835001246e+00
4.200293935258552658e+00
4.158523265115607437e+00
4.237984242480449915e+00
4.251697718310836649e+00
4.226044407539412795e+00
4.312749112515977146e+00
4.175979732098145547e+00
4.323041606551352167e+00
4.309453499831919387e+00
4.238951485111090101e+00
4.155361935678670626e+00
4.120520986609616187e+00
4.068977580387977966e+00
4.069588654068647671e+00
