1.000000000000000000e+00
5.000000000000000000e+01
1.250000000000000000e+01
1.538461538461538503e+01
2.500000000000000000e+01
1.710526315789473628e+01
2.111111111111111072e+01
1.764705882352941302e+01
2.002602230483271484e+01
1.842330097087378604e+01
1.868115942028985543e+01
1.817468805704099921e+01
1.927022058823529349e+01
1.874242424242424221e+01
1.838628158844765181e+01
1.838475177304964703e+01
2.109349593495934982e+01
2.171875000000000000e+01
1.865392781316348092e+01
1.900929368029739663e+01
1.986930693069307097e+01
2.016596638655462215e+01
1.922764227642276325e+01
1.918375241779497031e+01
1.825321100917431139e+01
1.907481751824817451e+01
1.972781065088757302e+01
1.862235067437379499e+01
1.906331471135940347e+01
1.892234848484848442e+01
1.869702602230483279e+01
1.819499105545617113e+01
1.953171641791044877e+01
2.027650727650727802e+01
1.849704142011834307e+01
1.887500000000000000e+01
1.877611940298507420e+01
1.869131238447319632e+01
1.896828358208955123e+01
1.951167315175097272e+01
1.904101562500000000e+01
1.938372093023255971e+01
2.045416666666666572e+01
1.895723014256619265e+01
1.950583657587548814e+01
1.939165009940357720e+01
1.834018691588785188e+01
1.907720588235294201e+01
1.952250489236790543e+01
1.907436399217221279e+01
1.841328413284132992e+01
1.846607142857142847e+01
1.979654510556621716e+01
1.848560460652591075e+01
1.826017699115044124e+01
1.910786106032906773e+01
1.929400386847195392e+01
1.886641221374045685e+01
2.016932270916334602e+01
1.971725571725571768e+01
1.916600790513833985e+01
1.868726591760299627e+01
1.867335766423357768e+01
1.855253623188405854e+01
1.944716981132075517e+01
2.018891170431211535e+01
1.806666666666666643e+01
1.855866900175131207e+01
1.874545454545454604e+01
2.001176470588235290e+01
1.841346153846154010e+01
2.016666666666666785e+01
2.025531914893617014e+01
1.933401221995926633e+01
1.800543478260869534e+01
1.903035714285714164e+01
1.714455782312925081e+01
1.966080843585237403e+01
1.859047619047619193e+01
1.847132616487455081e+01
1.848576512455516152e+01
1.747979797979797922e+01
2.013186813186813140e+01
1.877603143418467724e+01
1.978378378378378244e+01
1.795756457564575470e+01
1.923877917414721850e+01
1.957534246575342607e+01
1.764811490125673288e+01
1.892894280762564918e+01
1.777622377622377670e+01
1.873356401384083014e+01
1.896494464944649394e+01
1.901123595505617914e+01
1.807857142857142918e+01
2.055019305019305165e+01
1.968697478991596483e+01
1.793944954128440372e+01
1.838698630136986267e+01
1.776949152542372801e+01
1.897548161120840504e+01
1.844727272727272904e+01
1.763682432432432279e+01
1.815448504983388744e+01
1.935454545454545539e+01
2.045398773006134974e+01
1.951340206185567183e+01
1.991783567134268651e+01
1.936904761904762040e+01
1.763444639718805007e+01
1.817821782178217660e+01
1.936594202898550776e+01
1.852125693160813213e+01
1.882046678635547465e+01
1.864440433212996240e+01
1.929759704251386410e+01
1.757142857142857295e+01
2.019525547445255498e+01
1.878557504873294448e+01
1.868288288288288257e+01
1.876438848920863478e+01
1.813986013986014001e+01
1.828960817717205956e+01
1.839032815198618209e+01
1.812500000000000000e+01
1.927648114901256804e+01
1.881343283582089398e+01
2.100000000000000000e+01
1.998917748917748938e+01
2.064255319148936252e+01
2.064615384615384741e+01
1.825436893203883670e+01
1.861996497373029769e+01
1.930000000000000071e+01
1.761996497373029769e+01
1.939436619718309984e+01
2.066115702479338978e+01
1.672241992882562300e+01
1.939333333333333442e+01
1.809729729729729897e+01
1.905141843971631133e+01
1.818360071301247771e+01
1.784641068447412238e+01
1.943214285714285694e+01
2.018181818181818343e+01
1.944848484848484915e+01
1.738850174216027966e+01
1.877104377104377164e+01
2.038067061143984304e+01
1.806628787878787890e+01
1.993530499075785656e+01
1.999386503067484711e+01
1.908414872798434558e+01
1.938519924098671865e+01
2.204166666666666785e+01
1.828305785123966842e+01
1.880423280423280374e+01
1.813811188811188657e+01
1.955090909090909079e+01
1.806329113924050489e+01
1.900527240773286408e+01
1.919029850746268551e+01
1.982101167315175161e+01
1.952079207920792214e+01
1.913549618320610790e+01
1.938636363636363669e+01
2.073921971252566721e+01
1.736213235294117752e+01
1.794585987261146443e+01
1.918133802816901579e+01
1.832553956834532372e+01
1.838860103626943143e+01
1.968773234200743616e+01
1.891778202676864140e+01
1.780138169257340408e+01
1.784039087947882862e+01
1.949197860962566864e+01
1.833516483516483575e+01
1.916576576576576585e+01
1.890520446096654439e+01
1.990347490347490478e+01
1.990447154471544877e+01
1.729328621908127062e+01
1.960000000000000142e+01
1.818098720292504566e+01
1.884710017574692387e+01
1.950000000000000000e+01
1.943579766536964826e+01
1.848798521256931693e+01
1.891726618705035889e+01
1.701322314049586737e+01
2.015316901408450789e+01
1.901968503937007782e+01
2.054909819639278723e+01
1.780675422138836694e+01
1.972252252252252092e+01
1.986921529175050338e+01
2.022680412371133940e+01
1.834030418250950589e+01
1.828178694158075501e+01
1.991977611940298587e+01
2.074576271186440835e+01
1.952489626556016589e+01
1.968897637795275557e+01
1.933138401559454067e+01
1.933205374280230160e+01
1.901320754716981298e+01
1.783944153577661496e+01
1.976406533575317681e+01
1.842134831460674249e+01
1.940331491712707290e+01
1.869288389513108584e+01
2.010873786407767128e+01
1.749636363636363612e+01
1.953003533568904615e+01
1.934442270058708502e+01
1.892030360531309441e+01
1.894785847299813852e+01
1.853102189781021991e+01
1.966856060606060552e+01
1.907212475633528115e+01
1.987204724409448886e+01
1.838330170777988570e+01
1.820173913043478109e+01
1.787015177065767446e+01
1.960363636363636530e+01
1.684246575342465846e+01
2.092518248175182549e+01
1.937815126050420034e+01
1.898476190476190339e+01
1.867522935779816606e+01
1.884335154826958103e+01
1.856884057971014457e+01
2.147727272727272663e+01
1.963676148796498921e+01
1.904457364341085324e+01
1.844000000000000128e+01
1.917582417582417520e+01
1.957087378640776620e+01
1.849438202247191043e+01
1.925046040515653800e+01
1.790714285714285836e+01
1.808739495798319297e+01
2.045489443378119176e+01
1.851080550098231825e+01
1.867562724014337050e+01
1.784748700173310354e+01
1.912056737588652311e+01
1.950000000000000000e+01
1.962425447316103444e+01
1.852075471698113063e+01
1.881735985533453714e+01
1.981007751937984551e+01
1.937125748502993972e+01
1.819266055045871511e+01
1.739273927392739338e+01
1.908318890814557989e+01
1.864432029795158385e+01
1.867941712204007132e+01
1.955555555555555713e+01
1.740641711229946509e+01
1.985869565217391397e+01
1.927054108216432837e+01
1.999191919191919098e+01
1.903193612774451182e+01
1.814673913043478137e+01
1.928256880733944811e+01
1.949212598425196674e+01
1.801102941176470651e+01
1.813504273504273456e+01
1.795059625212947196e+01
1.795109612141652633e+01
1.891474245115453101e+01
1.875510204081632537e+01
1.852181818181818329e+01
1.816901408450704380e+01
1.964365671641791167e+01
1.907827788649706591e+01
1.907020872865275152e+01
1.935067437379576205e+01
1.859774436090225436e+01
1.806842105263157805e+01
1.947155963302752468e+01
1.872053231939163354e+01
1.907262569832402122e+01
1.883146067415730229e+01
1.875690607734806647e+01
1.887269372693726766e+01
2.018253968253968367e+01
1.796786389413988516e+01
1.815816326530612201e+01
1.996786389413988516e+01
2.032769556025370150e+01
1.870495049504950558e+01
1.794930069930070005e+01
1.810490693739424728e+01
1.800339558573854148e+01
1.996629213483145904e+01
2.113406593406593359e+01
1.983187772925764136e+01
1.855363984674329458e+01
1.886156648451730433e+01
1.909962406015037573e+01
1.994433399602385748e+01
1.875781250000000000e+01
1.903731343283581978e+01
1.830308529945553531e+01
1.909836065573770369e+01
1.878504672897196315e+01
1.874495412844036579e+01
1.933270321361058564e+01
1.841263940520446241e+01
1.801038062283737062e+01
1.918558558558558502e+01
2.015725806451612812e+01
1.781308411214953225e+01
2.043939393939393767e+01
1.784980988593155971e+01
1.880910683012259099e+01
1.989843750000000000e+01
1.815094339622641684e+01
1.876512455516014199e+01
1.931250000000000000e+01
1.876704545454545325e+01
1.865813528336380145e+01
1.789877835951134344e+01
1.941016333938294025e+01
1.824629629629629690e+01
1.969303201506591350e+01
1.932934131736526950e+01
2.012219959266802505e+01
1.942535787321063268e+01
2.049791666666666501e+01
1.976857749469214554e+01
1.869052224371373327e+01
1.856545454545454632e+01
1.919589552238806007e+01
1.908620689655172242e+01
1.901138519924098702e+01
1.828363636363636502e+01
1.894021739130434767e+01
1.854044117647058698e+01
1.966221374045801440e+01
1.995277207392197028e+01
1.742727272727272592e+01
1.932570422535211208e+01
1.893295019157088177e+01
1.888180112570356428e+01
1.917680608365019168e+01
1.904214559386973349e+01
1.949122807017543835e+01
2.052731092436974691e+01
1.892448979591836888e+01
2.000796812749004161e+01
1.984133611691023091e+01
2.017894736842105274e+01
1.882035928143712411e+01
1.982352941176470651e+01
1.866147859922179109e+01
1.904299065420560666e+01
1.891666666666666785e+01
1.856746765249537745e+01
1.905772811918063425e+01
1.887523629489603039e+01
1.810233393177738037e+01
1.869804618117229111e+01
2.046987951807228967e+01
1.875000000000000000e+01
1.915065913370998274e+01
1.883931947069943291e+01
1.907547169811320842e+01
2.022672064777328060e+01
1.875099601593625565e+01
1.791710758377424995e+01
1.820754716981132049e+01
1.888788426763110451e+01
2.040283400809716596e+01
1.843083003952569143e+01
1.895412844036697209e+01
2.000199203187251129e+01
1.889087301587301582e+01
2.061554192229039018e+01
1.888752556237218982e+01
1.862915129151291538e+01
1.898701298701298867e+01
1.833089579524679991e+01
1.864991023339317877e+01
1.929056603773585010e+01
1.839591078066914420e+01
1.849466192170818601e+01
1.953119092627599329e+01
1.973790322580645196e+01
1.781767955801105074e+01
1.930990990990990852e+01
1.849250936329588058e+01
1.995930232558139394e+01
1.998322851153039892e+01
1.918750000000000000e+01
1.876325757575757436e+01
1.857247706422018396e+01
1.894814814814814952e+01
1.911428571428571388e+01
1.899427480916030575e+01
1.935521235521235539e+01
1.874095238095238258e+01
1.916949152542373014e+01
1.944531250000000000e+01
1.946031746031745868e+01
1.909320388349514630e+01
1.944271844660194049e+01
1.869011406844106560e+01
1.920864661654135475e+01
1.894095238095238187e+01
1.912144212523719133e+01
2.123829787234042499e+01
1.863768115942028913e+01
1.848828828828828819e+01
1.879491833030852987e+01
1.810498220640569400e+01
1.992452830188679158e+01
1.916966067864271395e+01
1.964370078740157410e+01
1.813594040968342469e+01
1.838327526132404088e+01
1.934572490706319670e+01
1.895009596928982631e+01
1.901320754716981298e+01
1.919694072657743789e+01
1.960749506903352923e+01
1.919329388560157668e+01
1.908637236084452837e+01
1.933849129593810545e+01
1.866729678638941436e+01
2.096926229508196826e+01
1.843117408906882559e+01
1.897435897435897445e+01
1.966731898238747434e+01
1.901764705882353113e+01
1.932755298651252573e+01
1.765295169946332621e+01
1.783663366336633516e+01
2.025897920604914759e+01
1.858858267716535551e+01
1.933834586466165462e+01
1.924171539961013622e+01
1.920889748549323173e+01
1.945792563600782898e+01
1.894208494208494287e+01
1.917077798861480176e+01
1.936893203883495218e+01
1.776079136690647431e+01
1.929211469534050138e+01
1.825830258302583076e+01
1.964165103189493422e+01
1.772859744990892494e+01
1.873611111111111072e+01
1.948000000000000043e+01
2.023298969072164866e+01
1.854313725490196063e+01
1.938721804511278179e+01
1.895009596928982631e+01
1.865498154981549916e+01
2.014117647058823479e+01
2.055291576673866061e+01
1.957651991614255849e+01
1.964600000000000080e+01
1.915459882583170170e+01
1.964774951076320875e+01
1.879462571976967311e+01
1.879633027522935862e+01
1.892421441774491697e+01
1.993150684931506689e+01
1.922266401590457363e+01
1.905133079847908917e+01
1.829166666666666785e+01
1.801883561643835563e+01
1.959523809523809490e+01
1.911067961165048601e+01
2.024297188755020116e+01
1.727949183303085334e+01
2.103962264150943540e+01
1.966309012875536411e+01
1.923725490196078525e+01
1.836446886446886495e+01
1.847183098591549211e+01
1.938289962825278678e+01
1.931322957198443646e+01
1.989820359281437234e+01
1.949395161290322420e+01
1.874334600760456127e+01
1.772366148531951779e+01
1.893019197207678772e+01
1.782456140350877050e+01
1.898767605633802802e+01
1.984313725490196134e+01
1.866088631984585788e+01
2.012304687500000000e+01
1.920925553319919388e+01
1.761267605633802802e+01
1.911052631578947469e+01
1.918929254302103260e+01
1.909351145038167985e+01
2.124947145877378318e+01
1.865082644628099118e+01
1.906864564007421237e+01
1.871561338289962961e+01
1.790052356020942526e+01
1.823639455782312879e+01
1.846491228070175339e+01
1.927829313543599099e+01
1.898473282442748200e+01
1.885074626865671732e+01
1.834054054054054106e+01
1.814409722222222143e+01
1.884848484848484773e+01
2.051008064516129181e+01
1.933540372670807628e+01
1.891586998087954186e+01
1.947500000000000142e+01
1.960878243512973995e+01
1.963306451612903203e+01
1.918737672583826281e+01
1.853817504655493309e+01
1.877413479052823320e+01
1.894423791821561309e+01
1.911363636363636331e+01
1.953125000000000000e+01
1.877351247600767792e+01
1.933965844402277057e+01
1.997979797979797922e+01
2.024312896405919560e+01
1.834757281553397945e+01
1.956097560975609895e+01
1.997955010224949035e+01
1.947454175152749656e+01
1.965931863727454854e+01
1.933001988071570665e+01
1.814495412844036792e+01
1.913430127041742423e+01
1.818545454545454376e+01
2.108016032064128353e+01
2.056689342403628018e+01
1.863126252505010072e+01
2.018271119842829009e+01
1.851272015655577263e+01
1.899079189686924352e+01
1.814828209764918654e+01
1.826260869565217249e+01
1.930683918669131316e+01
1.995959595959595845e+01
1.973347107438016579e+01
1.927345309381237470e+01
1.963690476190476275e+01
1.854580152671755755e+01
1.951325757575757436e+01
2.035343035343035467e+01
1.954261954261954415e+01
1.961523046092184330e+01
1.900194931773879148e+01
1.798217468805703945e+01
1.791428571428571459e+01
1.828888888888888786e+01
1.862344582593250308e+01
1.802626970227670711e+01
1.846782608695652073e+01
1.864028776978417312e+01
2.022047244094488150e+01
1.809942638623326872e+01
2.042471042471042608e+01
1.844488188976377785e+01
1.919259259259259309e+01
1.763008849557522240e+01
1.894580419580419672e+01
1.789203539823008882e+01
1.997761194029850884e+01
1.896237623762376145e+01
1.940384615384615330e+01
1.833457249070632145e+01
1.935992578849721824e+01
1.888549618320610790e+01
1.876340110905730185e+01
1.961612284069097711e+01
1.873704414587331968e+01
2.002935420743639838e+01
1.894047619047618980e+01
1.837522768670309503e+01
1.841238938053097485e+01
1.798613518197573669e+01
1.903942652329748952e+01
1.972495088408644293e+01
1.930876494023904399e+01
1.879467680608365043e+01
1.898878504672897094e+01
1.825818181818181785e+01
1.861140819964349546e+01
1.884714548802946510e+01
1.979843444227005733e+01
1.874124513618676957e+01
1.951532567049808264e+01
2.015637860082304655e+01
1.798295454545454675e+01
2.003195488721804551e+01
1.981366459627329135e+01
1.955353535353535221e+01
2.003265306122449019e+01
1.762132352941176450e+01
1.873539518900343737e+01
1.870437956204379404e+01
1.798245614035087669e+01
1.920540540540540420e+01
1.911877394636015381e+01
1.863568773234200648e+01
1.797727272727272663e+01
1.945985401459854103e+01
1.753024911032028399e+01
1.895320623916811087e+01
1.831826401446654629e+01
1.970676691729323338e+01
1.858857142857142719e+01
1.881602914389799608e+01
2.032071713147410463e+01
1.752690166975881425e+01
1.916258741258741338e+01
1.820545454545454689e+01
1.948428835489833588e+01
1.839999999999999858e+01
1.777133105802047908e+01
1.945765765765765920e+01
1.876952380952381105e+01
1.889795918367346772e+01
1.960465116279069875e+01
2.011340206185566970e+01
1.773880597014925442e+01
2.021763602251407121e+01
1.861932938856015696e+01
1.786585365853658658e+01
1.921621621621621756e+01
1.904222648752399394e+01
1.906476190476190524e+01
1.794973070017953276e+01
1.817808219178082041e+01
1.875134168157423886e+01
1.875830258302583076e+01
1.981091617933723370e+01
1.816037735849056745e+01
1.835602094240837800e+01
1.992911877394636022e+01
2.003974895397489675e+01
1.910621242484969784e+01
2.060824742268041376e+01
1.967728237791931889e+01
1.885631067961164931e+01
1.957915057915057844e+01
1.955110220440881719e+01
1.965191146881287665e+01
1.835094339622641613e+01
1.999808061420345595e+01
1.848355899419729198e+01
2.019140625000000000e+01
1.861372549019607803e+01
1.963428571428571345e+01
2.019587628865979312e+01
1.903792415169660757e+01
2.044848484848484915e+01
1.896579476861166924e+01
1.921590909090908994e+01
1.844567219152854420e+01
1.911904761904762040e+01
1.851286764705882248e+01
1.981523809523809376e+01
1.783486238532110235e+01
1.980366972477064280e+01
1.934990059642147031e+01
1.822851919561243150e+01
1.853508771929824661e+01
1.882940108892922026e+01
1.934280303030303116e+01
1.950196078431372726e+01
1.938976377952755925e+01
1.859849906191369584e+01
1.785319516407599139e+01
1.903716814159292170e+01
2.017200000000000060e+01
2.143468468468468302e+01
2.156867469879518140e+01
1.876000000000000156e+01
1.805281690140845186e+01
1.911490125673249452e+01
1.924091778202677006e+01
1.900570342205323371e+01
1.884543761638733628e+01
1.977713178294573737e+01
2.116775599128540364e+01
1.832661290322580783e+01
2.023314065510597359e+01
1.705197132616487465e+01
1.825889967637540323e+01
1.993572778827977388e+01
1.943346774193548399e+01
1.834322820037105828e+01
1.729042904290428950e+01
1.972743362831858249e+01
1.982113821138211307e+01
1.875822050290135223e+01
1.843345323741007036e+01
1.902185792349726867e+01
2.011729622266401663e+01
1.879960707269155051e+01
1.849097472924187713e+01
1.885326086956521863e+01
1.824686940966010695e+01
1.959479553903345561e+01
1.949701789264413421e+01
2.020040899795500877e+01
1.922828282828282909e+01
1.866791044776119435e+01
1.895027624309392422e+01
2.016932270916334602e+01
1.853411306042885087e+01
1.897614678899082463e+01
1.950676982591876296e+01
1.989858012170385493e+01
2.171106094808126485e+01
2.082033096926713966e+01
1.947669491525423879e+01
1.903875968992247891e+01
1.908555133079848076e+01
2.074741200828157517e+01
2.003695652173913189e+01
1.983575883575883481e+01
1.897834645669291476e+01
1.899623352165724910e+01
1.886704119850187311e+01
1.884758364312267531e+01
1.914716981132075446e+01
1.901142857142857068e+01
1.787366548042704650e+01
1.874035087719298076e+01
1.870404411764705799e+01
1.934155597722959996e+01
1.963346613545816766e+01
1.965252525252525118e+01
1.885658914728682234e+01
1.865561694290975936e+01
1.997076023391812782e+01
1.829636711281070660e+01
1.885379061371841303e+01
1.891044776119402826e+01
1.860220994475137957e+01
1.918878504672897023e+01
1.992000000000000171e+01
1.846538461538461462e+01
1.861579892280071746e+01
2.093265306122448877e+01
1.957725321888412040e+01
1.991632653061224545e+01
1.913373253493013948e+01
1.943385214007782125e+01
1.822222222222222143e+01
1.991634980988593284e+01
1.838122605363984619e+01
1.976425855513307894e+01
1.962601626016260070e+01
1.916370808678501092e+01
1.830755064456721826e+01
1.848134991119005477e+01
1.881204379562043627e+01
1.754766031195840625e+01
1.801658374792703299e+01
1.859226713532513031e+01
1.878205128205128105e+01
1.860256410256410220e+01
1.997660818713450226e+01
1.919718309859154814e+01
1.864473684210526372e+01
1.852813067150635362e+01
1.825754884547069423e+01
1.847964601769911397e+01
1.962095238095238159e+01
1.983640081799590860e+01
1.893873517786561322e+01
1.830965391621129257e+01
2.134086242299794733e+01
2.177995110024449943e+01
1.947767857142857295e+01
2.016322314049586950e+01
1.855708661417322958e+01
1.935916824196597474e+01
1.952087475149105344e+01
1.861185468451242997e+01
1.958620689655172242e+01
1.894541910331383860e+01
1.909108159392789261e+01
2.208185840707964687e+01
1.838805970149253710e+01
1.878947368421052744e+01
1.793794326241134840e+01
1.858947368421052460e+01
1.854627949183302960e+01
1.833512544802867339e+01
1.971183206106870145e+01
1.790671641791044877e+01
1.993018867924528337e+01
1.819157088122605259e+01
2.016666666666666785e+01
1.885110663983903478e+01
1.851201478743068307e+01
2.008267716535432967e+01
1.873306772908366469e+01
1.915370018975331945e+01
1.885305343511450360e+01
1.857486136783733954e+01
1.840867992766726857e+01
1.895756457564575470e+01
1.899619771863117990e+01
1.919653179190751402e+01
1.914563106796116543e+01
1.793647912885662521e+01
1.912704174228675313e+01
1.829444444444444429e+01
1.984038461538461462e+01
1.974428274428274577e+01
1.920925553319919388e+01
2.062736842105263335e+01
2.150235849056603854e+01
1.764777327935222573e+01
1.875441696113074030e+01
1.780748663101604379e+01
1.938674033149171194e+01
1.958299595141700422e+01
1.892687747035573054e+01
1.961584158415841728e+01
1.996033402922755684e+01
2.054148471615720695e+01
1.857317073170731803e+01
1.837386569872958120e+01
1.913084112149532601e+01
1.972891566265060348e+01
1.824521072796934718e+01
1.971647509578544089e+01
1.965567010309278473e+01
1.909980039920159811e+01
1.946930693069306884e+01
2.082073434125269884e+01
1.775787401574803326e+01
2.030902111324376236e+01
1.916356107660455521e+01
1.917612524461839385e+01
1.936956521739130466e+01
1.949397590361445864e+01
1.906930693069307026e+01
1.853383458646616688e+01
1.874306839186691320e+01
1.961252446183953069e+01
1.786753731343283746e+01
1.803087478559176660e+01
1.918819188191881864e+01
1.935049504950494992e+01
1.891992187500000000e+01
1.776481149012567329e+01
1.758096828046744520e+01
1.963468634686346803e+01
1.830902111324376236e+01
1.800352112676056393e+01
1.937430167597765518e+01
1.754627949183302960e+01
1.903024911032028399e+01
1.968799999999999883e+01
1.808745247148289081e+01
1.869675090252707506e+01
1.863382899628252787e+01
1.812972972972972840e+01
1.918587360594795399e+01
1.954108216432865675e+01
1.821523809523809589e+01
1.846223021582733637e+01
1.936711281070745727e+01
2.041014799154334014e+01
1.948936170212765973e+01
1.865369649805447594e+01
1.931406551059730248e+01
1.769652650822668960e+01
1.974953271028037349e+01
1.909274193548387188e+01
1.952988047808764804e+01
1.842884615384615543e+01
1.906967984934086502e+01
1.814814814814814881e+01
1.886996336996336865e+01
1.997782258064516014e+01
1.757706766917293351e+01
1.829432013769363152e+01
1.845569620253164445e+01
1.966601941747572724e+01
1.952977412731006268e+01
1.854651162790697683e+01
2.167167381974249096e+01
1.820886075949367111e+01
1.855595667870036181e+01
1.943930635838150423e+01
1.885098039215686327e+01
1.999393939393939235e+01
1.845652173913043370e+01
1.860110294117647101e+01
2.015261044176706662e+01
1.829249011857707430e+01
1.947036328871892863e+01
1.909780439121756501e+01
2.010515463917525736e+01
1.964194915254237372e+01
1.902204408817635439e+01
2.031950207468879555e+01
2.078004535147392318e+01
1.848041237113401891e+01
1.847339449541284395e+01
1.964062500000000000e+01
1.907459677419354804e+01
1.836415094339622556e+01
2.054268292682926855e+01
1.802395209580838298e+01
1.974280230326295538e+01
2.110786516853932682e+01
1.848210526315789437e+01
2.032860040567951287e+01
2.083752860411899377e+01
1.952527472527472696e+01
1.829150579150579148e+01
1.999802371541501955e+01
1.940546218487395080e+01
1.911646586345381493e+01
1.844083969465648920e+01
2.059670781893004232e+01
1.883823529411764852e+01
1.864638783269962019e+01
1.856554307116104852e+01
1.849720670391061361e+01
1.815664845173041897e+01
1.950095969289827380e+01
1.753803339517625304e+01
1.916605839416058288e+01
1.840917782026768634e+01
1.902656546489563638e+01
1.841444866920151924e+01
1.925769230769230944e+01
1.857833655705996279e+01
1.958464566929133710e+01
1.934426229508196826e+01
1.907799999999999940e+01
1.941365461847389540e+01
2.019787234042553337e+01
1.978571428571428470e+01
1.946555323590814268e+01
1.939959016393442681e+01
1.845048543689320297e+01
1.933075435203094727e+01
1.902589641434262901e+01
1.887378640776698902e+01
1.956886227544910284e+01
1.879721669980119358e+01
1.941106719367589051e+01
1.974012474012474172e+01
1.923662551440329338e+01
2.015126050420168013e+01
1.888247422680412413e+01
1.845935727788279834e+01
1.875984990619136994e+01
1.965269461077844326e+01
2.001063829787234027e+01
2.004130434782608816e+01
2.032450331125827958e+01
1.826961770623742609e+01
1.999801980198019891e+01
1.946105263157894782e+01
1.896207584830339243e+01
1.944311377245508865e+01
1.910462776659959871e+01
1.903740157480314821e+01
1.933665338645418430e+01
1.872211350293542154e+01
1.750796460176990976e+01
1.696629213483145904e+01
1.983636363636363598e+01
2.014038876889848950e+01
1.966809421841541905e+01
1.736531365313653197e+01
1.853135888501742201e+01
1.929922779922780052e+01
1.918473895582329192e+01
1.765625000000000000e+01
1.910622710622710585e+01
1.899212598425196674e+01
1.898238747553816097e+01
2.022291666666666643e+01
1.852032520325203180e+01
1.902103250478011631e+01
1.930738522954091962e+01
1.883201581027667970e+01
2.089102564102564230e+01
1.835624999999999929e+01
1.848523985239852507e+01
2.138494623655914140e+01
1.997906976744186025e+01
1.960341151385927461e+01
1.758348968105065779e+01
1.987452471482889749e+01
1.927348643006262918e+01
1.760443622920517726e+01
1.798618307426597696e+01
2.077235772357723675e+01
1.939473684210526372e+01
1.958057851239669489e+01
1.854545454545454675e+01
1.991164658634538043e+01
1.986021505376344010e+01
1.859236947791164596e+01
2.001417004048582982e+01
1.923012552301255340e+01
1.944715447154471377e+01
1.978242677824267659e+01
1.823575638506876118e+01
1.898113207547169878e+01
2.112910284463895039e+01
2.003926096997690465e+01
1.866122448979592008e+01
1.801834862385321046e+01
1.881481481481481310e+01
1.778793418647166291e+01
1.975239923224568273e+01
1.863983903420523092e+01
1.915234375000000000e+01
1.934888438133874189e+01
1.848242187500000000e+01
1.754513274336283146e+01
1.973345935727788358e+01
1.888008130081300706e+01
1.840530303030303116e+01
1.863551401869158752e+01
1.986088709677419217e+01
1.891598360655737565e+01
1.819136960600375374e+01
1.865434380776340006e+01
1.859735349716446251e+01
1.882442748091602880e+01
1.888372093023255971e+01
1.856022944550669251e+01
1.783032490974729356e+01
1.892647058823529349e+01
1.954435483870967616e+01
1.837181996086105684e+01
1.893560606060606233e+01
1.996288659793814446e+01
2.027593818984547624e+01
1.857700205338808885e+01
1.887380497131931278e+01
1.832015065913370933e+01
1.868715083798882759e+01
2.039419087136929321e+01
1.953796095444685577e+01
1.897983870967741993e+01
1.857581573896353078e+01
1.848971962616822395e+01
1.824587155963302720e+01
1.895488721804511201e+01
1.928429423459244418e+01
1.914859437751004023e+01
1.797752808988764173e+01
1.864416058394160558e+01
1.808623853211009092e+01
1.881734317343173402e+01
1.802205882352941302e+01
1.862181818181818116e+01
1.836296296296296404e+01
1.762346760070052554e+01
2.011877394636015381e+01
1.901446280991735449e+01
1.747132616487455081e+01
1.847909407665505199e+01
1.860667903525046540e+01
1.923359073359073435e+01
1.806542056074766478e+01
1.848114901256732523e+01
1.850551470588235148e+01
1.814104882459312762e+01
1.905027932960893722e+01
1.987551020408163183e+01
1.809689922480620083e+01
1.942992424242424221e+01
1.806616257088846922e+01
1.873454545454545439e+01
1.968118811881188179e+01
1.848242187500000000e+01
1.789698046181172231e+01
1.796551724137930961e+01
1.829629629629629761e+01
2.024453280318091331e+01
1.999782608695652186e+01
1.815984405458089768e+01
1.796847635726794934e+01
1.994423076923077076e+01
1.790613026819923448e+01
1.829525483304042055e+01
1.900559701492537457e+01
2.016460905349794075e+01
1.994816414686825112e+01
1.817933723196881246e+01
1.891682070240295843e+01
1.950297029702970164e+01
1.946232179226069192e+01
1.906772908366533770e+01
1.941666666666666785e+01
1.821631878557874629e+01
1.906331471135940347e+01
1.844821092278719377e+01
1.910188679245283083e+01
1.826679104477612015e+01
1.984496124031007724e+01
1.868118811881188179e+01
1.797132616487455081e+01
1.796896551724137936e+01
1.857932263814616647e+01
1.884299065420560737e+01
1.909021113243762002e+01
2.088085106382978751e+01
2.081438515081206475e+01
1.875208333333333499e+01
1.821532846715328446e+01
2.001945525291828787e+01
1.908571428571428541e+01
1.827188081936685293e+01
2.060965794768611659e+01
1.872164948453608346e+01
1.804151624548736521e+01
1.916081330868761512e+01
1.880924855491329595e+01
2.027551020408163396e+01
2.011353711790393106e+01
1.849203187250995839e+01
1.872727272727272663e+01
2.007429718875501834e+01
1.819883040935672369e+01
1.904990757855822636e+01
2.017622950819671956e+01
1.892668024439918639e+01
1.817798165137614674e+01
2.094726166328600314e+01
1.986917960088691970e+01
1.951859504132231393e+01
1.855984555984555939e+01
1.936781609195402254e+01
2.002479338842975309e+01
1.903245436105476784e+01
1.851782363977486057e+01
1.811607142857142705e+01
2.085513078470825121e+01
2.009151785714285765e+01
1.822656250000000000e+01
1.771256454388984380e+01
1.926909090909090949e+01
1.843371212121212110e+01
1.932699619771863198e+01
1.823917137476459516e+01
1.876051188299817341e+01
1.982306163021868883e+01
1.946391752577319423e+01
1.876562500000000000e+01
1.895817490494296464e+01
1.990725806451612812e+01
1.848526522593320109e+01
1.903759398496240607e+01
1.983669354838709609e+01
1.819267822736030737e+01
2.098981670061099791e+01
1.783233532934131560e+01
1.908529945553539164e+01
1.885384615384615259e+01
1.987399999999999878e+01
1.848039215686274517e+01
1.778947368421052744e+01
1.932844036697247603e+01
2.040210526315789608e+01
1.875051124744376452e+01
1.902290076335877700e+01
1.929469548133595325e+01
2.115065502183406210e+01
1.905387931034482918e+01
1.979032258064516014e+01
2.045021645021645185e+01
1.808300395256917170e+01
1.958034026465028532e+01
1.857864077669902869e+01
1.902452830188679300e+01
2.000000000000000000e+01
1.973473684210526358e+01
1.749539594843462353e+01
1.981885397412199623e+01
1.807633587786259710e+01
1.921072088724584148e+01
1.987398373983739930e+01
1.839105058365758794e+01
1.932765151515151558e+01
1.959274193548387188e+01
1.845961538461538609e+01
1.819999999999999929e+01
1.891575091575091605e+01
2.096835443037974755e+01
1.885924369747899121e+01
1.992614770459081797e+01
1.899196787148594368e+01
1.922868217054263695e+01
2.055345911949685700e+01
2.014254385964912331e+01
2.089732142857142705e+01
1.974617067833698059e+01
1.884418145956607660e+01
1.886603773584905497e+01
1.912452107279693436e+01
1.930000000000000071e+01
1.957429718875501834e+01
1.790111940298507420e+01
1.741528239202657957e+01
1.871006944444444287e+01
1.842935779816513886e+01
2.130062630480167130e+01
1.923965141612200469e+01
2.045093945720250517e+01
2.099772209567198189e+01
1.790818363273453073e+01
1.851936619718309984e+01
2.008481262327416061e+01
1.815860735009671245e+01
1.984321223709369164e+01
1.887872763419483135e+01
1.770744680851063890e+01
1.941970802919708206e+01
1.830188679245283012e+01
1.904629629629629761e+01
1.926900584795321691e+01
1.969556451612903203e+01
1.962217659137576931e+01
1.948170731707316961e+01
1.969387755102040671e+01
1.782429906542056131e+01
1.969719626168224380e+01
1.893055555555555713e+01
1.943444227005870673e+01
1.769469835466179219e+01
2.026095238095238216e+01
1.858800000000000097e+01
1.845901639344262435e+01
1.872293577981651325e+01
1.808648648648648560e+01
1.769846678023850117e+01
1.950735294117647101e+01
1.967346938775510168e+01
1.912825651302605223e+01
1.941897233201580875e+01
1.904921259842519632e+01
1.904247104247104261e+01
1.932681017612524599e+01
2.043697478991596483e+01
1.850401606425702639e+01
2.028942115768463239e+01
1.843538767395626365e+01
1.838018018018017941e+01
2.025396825396825307e+01
2.103644646924829331e+01
1.860796645702306051e+01
1.872201492537313428e+01
1.909961685823754962e+01
1.946015936254979906e+01
1.810964083175803552e+01
1.931144465290806878e+01
2.022175732217573341e+01
1.962978723404255277e+01
1.926720647773279183e+01
2.022338204592901789e+01
1.910973084886128248e+01
1.881274131274131278e+01
1.836178107606679077e+01
1.828158844765343005e+01
1.887012987012986898e+01
1.899615384615384528e+01
1.910331384015594480e+01
1.940836653386454103e+01
1.892307692307692335e+01
1.838317757009345854e+01
1.925475285171102513e+01
1.955757575757575850e+01
2.011181434599156148e+01
1.944654088050314300e+01
2.038641188959660155e+01
1.872392638036809842e+01
1.929593810444874435e+01
2.030607966457023039e+01
2.110779816513761631e+01
1.956194690265486713e+01
1.832053742802303375e+01
1.962235067437379499e+01
1.870530451866404675e+01
1.884499054820415864e+01
1.994556451612903203e+01
1.787954110898661497e+01
1.865474060822898039e+01
1.744677137870855077e+01
1.863699825479930183e+01
1.891115311909262786e+01
1.960834990059642280e+01
1.742490842490842340e+01
1.880350877192982395e+01
1.950687622789783759e+01
1.841923076923076863e+01
1.936068702290076260e+01
1.935470941883767537e+01
1.944578313253012070e+01
2.010229645093945550e+01
1.961344537815126188e+01
2.103524229074889718e+01
1.893191489361702295e+01
1.913152804642166416e+01
1.862357414448669246e+01
1.940926640926640800e+01
1.971370143149284360e+01
1.846019417475728019e+01
1.850819672131147442e+01
2.009325396825396837e+01
1.821093750000000000e+01
1.928651685393258575e+01
1.873795761078998012e+01
1.818659420289855078e+01
1.733165829145728765e+01
1.916225749559082914e+01
1.986464646464646577e+01
2.024358974358974450e+01
1.836758893280632421e+01
1.860909090909090935e+01
1.891947565543071264e+01
1.850837988826815561e+01
1.922727272727272663e+01
2.038622129436325636e+01
1.951483050847457790e+01
2.078571428571428470e+01
1.935836909871244771e+01
1.821240601503759393e+01
1.912267657992564907e+01
1.767870036101082931e+01
2.001890359168242028e+01
2.029284164859002004e+01
1.946835443037974755e+01
1.869066147859922111e+01
1.907238095238095354e+01
1.798351648351648180e+01
2.033203125000000000e+01
1.930188679245283012e+01
1.983231083844580667e+01
1.850980392156862919e+01
1.943378119001919302e+01
2.049256900212314392e+01
1.945222929936305789e+01
1.878058252427184627e+01
1.913384321223709250e+01
1.932086614173228512e+01
1.850666666666666771e+01
1.950192307692307736e+01
1.755656934306569283e+01
1.905704099821747022e+01
1.925244618395303320e+01
1.905479452054794365e+01
1.904255319148936110e+01
1.802010968921389278e+01
2.037181996086105684e+01
1.913721413721413711e+01
1.981983805668016174e+01
1.861614173228346303e+01
1.755574912891986017e+01
1.879122807017543906e+01
1.962278978388998141e+01
1.955214723926380316e+01
2.200686498855835183e+01
1.960321100917431281e+01
1.907952286282306176e+01
1.873954372623574116e+01
1.805215827338129486e+01
1.952345215759849850e+01
1.832380952380952266e+01
1.961450381679389210e+01
1.821062618595825455e+01
1.915185185185185190e+01
1.922113502935420826e+01
1.832958801498127244e+01
1.986073500967118122e+01
1.972233820459290143e+01
1.768401486988847537e+01
1.861052631578947469e+01
1.860147601476014856e+01
1.859116022099447463e+01
1.915559772296015240e+01
1.957999999999999829e+01
1.944715447154471377e+01
1.885127201565557797e+01
1.923404255319148959e+01
1.812081784386617045e+01
1.877858439201451901e+01
1.770921985815602895e+01
1.949723756906077199e+01
1.968098159509202461e+01
2.051827956989247426e+01
1.959528907922912211e+01
1.798499061913696195e+01
1.947388059701492580e+01
1.986804123711340253e+01
2.004025423728813493e+01
2.008993576017130778e+01
1.828515625000000000e+01
1.965774378585086168e+01
1.867968750000000000e+01
1.875605214152700029e+01
1.971456692913385922e+01
1.765185185185185190e+01
1.961325966850828806e+01
1.972427983539094498e+01
1.757855822550831704e+01
1.828082191780821830e+01
1.982432432432432279e+01
2.043196544276457871e+01
1.978663793103448398e+01
1.811663479923518238e+01
1.762116040955631391e+01
1.901967799642218182e+01
1.861814744801512234e+01
1.874674115456238255e+01
1.824131627056672755e+01
1.961376673040152951e+01
1.822944550669216213e+01
1.741256366723259674e+01
1.761247947454844009e+01
1.812307692307692264e+01
1.928517823639774775e+01
1.854126679462572014e+01
1.956031128404669417e+01
1.880473372781064967e+01
1.881214421252371949e+01
1.869622641509434047e+01
2.006237424547283865e+01
1.866064257028112294e+01
1.971992110453648905e+01
1.870948616600790615e+01
1.876459510357815574e+01
1.900383141762452155e+01
1.877927063339731362e+01
1.918798449612403090e+01
2.027824267782426659e+01
1.833599999999999852e+01
1.927186311787072270e+01
1.918127490039840666e+01
2.053617021276595622e+01
1.860123966942148854e+01
1.774642857142857011e+01
1.908974358974359120e+01
1.933732534930139835e+01
1.954192229038854833e+01
1.811111111111111072e+01
1.836151079136690711e+01
1.918666666666666742e+01
1.837904761904761841e+01
1.705932203389830448e+01
1.757860615883306465e+01
1.907608695652173836e+01
1.923168316831683100e+01
1.884148727984344518e+01
1.897683397683397644e+01
1.936706349206349032e+01
1.863157894736842124e+01
1.923643410852713131e+01
1.893516699410609050e+01
2.212895927601810087e+01
1.831947483588621495e+01
1.905273069679849485e+01
2.032635983263598334e+01
2.011479028697571891e+01
1.980000000000000071e+01
1.904480651731160989e+01
1.986707566462167662e+01
1.963924050632911289e+01
1.954564315352697079e+01
2.035913978494623677e+01
1.994078947368420884e+01
1.972186836518046604e+01
1.784410646387832600e+01
1.899450549450549275e+01
1.910392156862745239e+01
1.956969696969697026e+01
1.817274472168906030e+01
1.778397212543553962e+01
2.171875000000000000e+01
1.915505617977527919e+01
1.768498168498168610e+01
1.839894551845342718e+01
1.936153846153846203e+01
1.994375000000000142e+01
1.933679833679833848e+01
1.751642335766423386e+01
1.909009009009009006e+01
1.903913894324853118e+01
1.853041825095057149e+01
1.955468750000000000e+01
1.851267056530214461e+01
1.991865079365079438e+01
2.079064587973273959e+01
1.894491525423728717e+01
1.854064272211720166e+01
2.004799999999999827e+01
1.910766045548654191e+01
1.794629629629629619e+01
1.882481751824817451e+01
2.004073319755600835e+01
1.887346938775510097e+01
2.032919254658385100e+01
1.820558882235528841e+01
2.080942622950819754e+01
1.868421052631579116e+01
1.833951762523190965e+01
1.932245681381957780e+01
1.983643892339544479e+01
1.874245472837021964e+01
1.920857699805068108e+01
1.911928429423459264e+01
1.897053045186640574e+01
1.785321100917431281e+01
1.894688644688644530e+01
1.895914396887159370e+01
1.967474747474747332e+01
1.818410852713178372e+01
1.949904030710172620e+01
1.936809815950920211e+01
1.818511450381679495e+01
1.967829457364340939e+01
2.149541284403669650e+01
1.966284403669724767e+01
1.993404255319148888e+01
1.814341846758349774e+01
1.782249560632688912e+01
1.911666666666666714e+01
1.763436928702011031e+01
1.996564885496183095e+01
2.014596949891067368e+01
1.762307692307692264e+01
2.059135559921414682e+01
1.931250000000000000e+01
1.879174852652259275e+01
1.841198501872659321e+01
1.937065637065636992e+01
2.000420168067227067e+01
1.819960474308300391e+01
1.833333333333333215e+01
1.813537906137183953e+01
1.820967741935483986e+01
1.955212355212355035e+01
1.869702970297029765e+01
1.934705882352941231e+01
1.824856596558317534e+01
1.945961538461538609e+01
1.903815261044176665e+01
2.028511530398322904e+01
1.927388535031847283e+01
2.107488986784141005e+01
1.792418032786885362e+01
2.076969696969696955e+01
1.928260869565217561e+01
1.962217659137576931e+01
1.754868913857677981e+01
1.856106194690265454e+01
1.932163742690058328e+01
1.887920792079207999e+01
1.980364372469635725e+01
1.915195071868583199e+01
1.778927911275415852e+01
1.808202443280977434e+01
1.862522851919561262e+01
1.931445312500000000e+01
1.807750472589792068e+01
1.900372439478584852e+01
1.891423001949317850e+01
2.035490605427974842e+01
1.834210526315789380e+01
1.926053639846743337e+01
1.983817427385892174e+01
1.890835030549898121e+01
2.026875000000000071e+01
1.950107526881720332e+01
1.774952919020715569e+01
1.692822185970636184e+01
2.054064272211720166e+01
1.901486199575371572e+01
1.957894736842105132e+01
1.863690476190476275e+01
1.770017953321364601e+01
1.985305343511450360e+01
1.928838174273858996e+01
1.922690763052208851e+01
1.961836734693877560e+01
1.888376753507014172e+01
1.975403225806451601e+01
2.015483870967742064e+01
1.943644067796610031e+01
1.994129979035639266e+01
1.948529411764705799e+01
1.941717791411042882e+01
1.854085603112840630e+01
1.920576923076923137e+01
1.837595419847328415e+01
1.878731343283581978e+01
1.871673003802281343e+01
1.943811394891945099e+01
2.074291938997821205e+01
1.857291666666666785e+01
1.959842519685039264e+01
1.995348837209302317e+01
2.041721854304635642e+01
1.868181818181818343e+01
1.821915285451197164e+01
1.974757281553398158e+01
1.831054687500000000e+01
1.924380952380952436e+01
1.944736842105263008e+01
1.804364326375711514e+01
1.900185185185185333e+01
1.950400000000000134e+01
1.907630522088353331e+01
1.892996108949416367e+01
2.084042553191489233e+01
1.861506276150627670e+01
1.852044609665427544e+01
1.918809980806141979e+01
1.739169675090252554e+01
1.945421245421245260e+01
1.941922290388547978e+01
1.826295585412668032e+01
1.828752260397829943e+01
2.062781186094069596e+01
1.943600867678958721e+01
1.867976424361492960e+01
1.871347248576850220e+01
1.775270758122743686e+01
1.863129496402877550e+01
1.986116700201207408e+01
1.725512104283054171e+01
1.951831501831501825e+01
1.934086242299794733e+01
1.894610778443113830e+01
2.035714285714285765e+01
1.763085937500000000e+01
2.015057915057915139e+01
1.878189300411522566e+01
2.050000000000000000e+01
2.024549549549549710e+01
1.869609856262833603e+01
2.028395061728394921e+01
1.812749003984063734e+01
2.003732809430255557e+01
1.977896995708154648e+01
1.888461538461538325e+01
1.903118908382066365e+01
2.015384615384615330e+01
1.922058823529411598e+01
1.898811881188118988e+01
1.836483931947070047e+01
1.891337099811676126e+01
2.000409836065573899e+01
1.959023354564755692e+01
1.850884086444007792e+01
1.938132295719844223e+01
2.033262260127931853e+01
1.972668112798264772e+01
1.870259481037924232e+01
1.934050880626223190e+01
1.985269709543568339e+01
2.157407407407407263e+01
1.934234234234234151e+01
1.986514522821576634e+01
1.924586776859504056e+01
1.923999999999999844e+01
1.947773279352226794e+01
1.964389233954451441e+01
1.963048016701461407e+01
1.801720841300191367e+01
1.867272727272727195e+01
1.815201465201465325e+01
1.800529100529100646e+01
1.838640429338103743e+01
1.878171641791044877e+01
1.906589147286821628e+01
2.068230277185501009e+01
1.983148558758314906e+01
1.894918699186991873e+01
1.936309523809523725e+01
1.992484342379958306e+01
1.885192697768762571e+01
1.826815642458100442e+01
2.003168316831683171e+01
1.829761904761904745e+01
1.920912547528516967e+01
1.932329317269076441e+01
1.941176470588235148e+01
2.039828693790149927e+01
1.782514734774066767e+01
1.942509363295880220e+01
1.997064989517819811e+01
2.010195227765726855e+01
1.718470149253731449e+01
1.849140893470790203e+01
1.988469184890655939e+01
1.766034155597722943e+01
1.909836065573770369e+01
1.868208092485549088e+01
2.011156186612576136e+01
1.857575757575757436e+01
1.784587813620071728e+01
1.955932203389830448e+01
1.944262295081967196e+01
1.972933884297520635e+01
1.906868686868686780e+01
1.868965517241379359e+01
1.892775665399239671e+01
1.940433925049309494e+01
1.859883720930232442e+01
1.954101562500000000e+01
2.002109704641350163e+01
1.823228346456692961e+01
1.847186932849364638e+01
1.844117647058823550e+01
1.964843750000000000e+01
1.992405063291139200e+01
1.992077087794432444e+01
1.891056910569105654e+01
1.868511450381679495e+01
1.928599221789883345e+01
1.979381443298969145e+01
1.758646616541353325e+01
1.915245009074410021e+01
1.978571428571428470e+01
1.887122736418510982e+01
1.917578125000000000e+01
1.961054766734280008e+01
2.081718061674008879e+01
1.814897959183673493e+01
1.816725978647686901e+01
1.915572232645403261e+01
1.929083665338645304e+01
1.843295019157088177e+01
1.959417475728155367e+01
1.891434262948207135e+01
1.893448940269749414e+01
1.982828282828282696e+01
1.971368421052631703e+01
1.885600000000000165e+01
1.912015503875969102e+01
1.914960629921259994e+01
2.127631578947368496e+01
1.874892703862660781e+01
1.899042145593869790e+01
1.999386503067484711e+01
1.838415841584158272e+01
2.157478632478632363e+01
1.829574468085106531e+01
1.838294010889292096e+01
1.876536312849162158e+01
1.948418972332015642e+01
1.904609218436873874e+01
1.996296296296296191e+01
1.898155737704918167e+01
1.894747081712062098e+01
1.966733870967741993e+01
1.795602294455066783e+01
1.928330206378986844e+01
1.884251968503937036e+01
1.705555555555555713e+01
1.950089766606822295e+01
1.834942084942084861e+01
1.872777777777777786e+01
1.916247582205028976e+01
1.945381526104417702e+01
1.836730769230769056e+01
1.909073724007561523e+01
1.845437262357414454e+01
1.886090225563909684e+01
1.882533589251439565e+01
1.921526418786692858e+01
1.924048096192384705e+01
1.931388329979879259e+01
1.871037181996086218e+01
1.856578947368420884e+01
2.010707070707070798e+01
1.781395348837209269e+01
1.910313075506445557e+01
1.938877755511022016e+01
1.898007968127490130e+01
1.795202952029520205e+01
1.765180102915951821e+01
1.782282793867121029e+01
1.925602968460111342e+01
2.080694143167028187e+01
1.843775933609958528e+01
1.934489402697495208e+01
1.853488372093023173e+01
1.874108818011256972e+01
1.988306451612903203e+01
1.905942622950819754e+01
1.875289575289575339e+01
1.705008635578583664e+01
2.007948243992606407e+01
1.913278008298755140e+01
1.725668449197861065e+01
1.925314183123877854e+01
1.893503937007874072e+01
1.937029702970297151e+01
1.930707070707070727e+01
1.923895582329317122e+01
1.878710937500000000e+01
1.936542239685658018e+01
1.937931034482758719e+01
2.075000000000000000e+01
1.912446351931330568e+01
2.000000000000000000e+01
2.049115044247787765e+01
2.087759815242494099e+01
1.884110169491525255e+01
1.889827255278310858e+01
1.844924812030075145e+01
1.803225806451612812e+01
1.917164179104477739e+01
1.823962264150943469e+01
1.909022556390977599e+01
1.886575875486381193e+01
1.955577689243028061e+01
2.000421940928270104e+01
1.847609561752987872e+01
1.965166340508806186e+01
1.892785571142284695e+01
1.865209125475285035e+01
1.773796791443850296e+01
2.041601562500000000e+01
1.971956521739130608e+01
1.778977272727272663e+01
2.003082851637764961e+01
1.841916167664670567e+01
1.804676258992805771e+01
1.856159420289855078e+01
1.948140900195694769e+01
1.965560165975103857e+01
1.818181818181818343e+01
1.902429906542056059e+01
1.966868686868686922e+01
1.867460317460317398e+01
2.016056910569105654e+01
1.942283298097251532e+01
1.831346153846153868e+01
2.085123966942148854e+01
1.952202643171806073e+01
1.890818363273453073e+01
1.901359223300971024e+01
1.871730769230769198e+01
1.957821782178217873e+01
1.909898989898989896e+01
1.811028037383177747e+01
1.994726562500000000e+01
1.904312114989733118e+01
1.847148288973383856e+01
1.851016635859519255e+01
1.886037735849056673e+01
2.047181628392484498e+01
1.773529411764705799e+01
1.853641207815275394e+01
1.904961832061068705e+01
1.958350100603621868e+01
1.878769841269841123e+01
1.869128787878787890e+01
1.944031311154598995e+01
1.910200000000000031e+01
1.983061224489796004e+01
1.839685658153241476e+01
1.929254302103250396e+01
1.905544554455445549e+01
1.855343511450381655e+01
1.870224719101123512e+01
1.811334552102376705e+01
1.965961538461538538e+01
1.801724137931034520e+01
2.011741682974559708e+01
1.780464216634429420e+01
1.737061769616026652e+01
2.031238095238095198e+01
1.701305970149253710e+01
1.948300536672629590e+01
1.933130081300813075e+01
1.856479690522243686e+01
1.911472275334607929e+01
1.751985559566787032e+01
1.919384057971014457e+01
1.870406189555125565e+01
1.926407766990291393e+01
1.841108986615678944e+01
1.895676691729323338e+01
1.807933579335793439e+01
1.941398865784498895e+01
2.001255230125522999e+01
1.870161290322580783e+01
2.018495934959349469e+01
1.985529157667386713e+01
1.955020920502091997e+01
1.808190476190476303e+01
1.935660377358490436e+01
1.858139534883720856e+01
1.888846880907372494e+01
1.850000000000000000e+01
1.961132812500000000e+01
1.949794238683127645e+01
2.023354564755838680e+01
1.985745140388769059e+01
1.830273437500000000e+01
1.962162162162162105e+01
1.793194706994328769e+01
1.871119133574007165e+01
1.914836223506743806e+01
1.900195694716242656e+01
1.983569979716024179e+01
1.900405679513184509e+01
2.004713114754098413e+01
1.989914163090128696e+01
1.955648535564853674e+01
1.865882352941176592e+01
1.936310679611650443e+01
1.990062111801242395e+01
2.128636363636363527e+01
1.968539325842696641e+01
1.877425742574257583e+01
1.909038461538461462e+01
1.867112810707456916e+01
1.929013539651837661e+01
1.922908366533864566e+01
1.822556390977443641e+01
2.015944881889763707e+01
1.982012847965738800e+01
1.858185404339250368e+01
1.904734848484848442e+01
1.935770750988142197e+01
1.996066252587991841e+01
1.969263157894736693e+01
1.893013972055888061e+01
1.730350877192982395e+01
1.893157894736842195e+01
2.051351351351351227e+01
1.975054229934924166e+01
1.762313432835820848e+01
1.831314878892733589e+01
1.868990825688073443e+01
1.871482176360225225e+01
1.961417322834645560e+01
1.869215686274509736e+01
1.787656529516994652e+01
1.941449814126394102e+01
2.020798319327731107e+01
2.003030303030303116e+01
1.915163934426229631e+01
1.910351562500000000e+01
2.069198312236287052e+01
2.032286995515694983e+01
1.918503118503118543e+01
1.895145631067961034e+01
2.040909090909091006e+01
1.944915254237288238e+01
1.956300813008130035e+01
1.897821782178217731e+01
1.885659655831739911e+01
1.835120147874306795e+01
2.012426035502958754e+01
2.011255411255411119e+01
1.841386138613861334e+01
1.918113207547169807e+01
1.902144249512670626e+01
1.832216014897579015e+01
1.912921348314606718e+01
1.968008048289738454e+01
1.936863543788187414e+01
1.808801498127340679e+01
1.812434325744308339e+01
1.754329371816638528e+01
2.001125703564727942e+01
1.827148437500000000e+01
1.900371057513914508e+01
1.809541284403669792e+01
1.852415026833631373e+01
1.942226487523992162e+01
1.908300395256917170e+01
1.894219653179190743e+01
1.850841121495327002e+01
2.053441295546558720e+01
1.943099787685774871e+01
1.891389432485322786e+01
1.916827852998065751e+01
1.829588014981273503e+01
