1.000000000000000000e+00
7.142857142857143238e+00
2.187500000000000000e+01
1.600000000000000000e+01
1.497005988023952128e+01
1.534926470588235325e+01
1.407958477508650574e+01
1.565901060070671313e+01
1.453467153284671554e+01
1.385621970920839985e+01
1.356325301204819311e+01
1.537123745819397946e+01
1.418706293706293664e+01
1.497955706984667756e+01
1.433218588640275470e+01
1.623694029850746290e+01
1.499805068226120852e+01
1.465845070422535201e+01
1.515658362989323926e+01
1.448245614035087669e+01
1.503652173913043555e+01
1.450696864111498208e+01
1.506806282722513046e+01
1.550651769087523313e+01
1.425925925925925952e+01
1.358487654320987659e+01
1.566101694915254150e+01
1.498880597014925442e+01
1.343980738362760796e+01
1.518373983739837385e+01
1.465896980461811694e+01
1.548731884057971087e+01
1.391566265060241037e+01
1.416483516483516425e+01
1.490572390572390660e+01
1.427627118644067750e+01
1.431921824104234453e+01
1.484771573604060890e+01
1.460517241379310427e+01
1.476883561643835563e+01
1.516696269982237943e+01
1.432987910189982728e+01
1.403359999999999985e+01
1.441935483870967794e+01
1.405492730210016106e+01
1.501680672268907557e+01
1.460209424083769569e+01
1.375559105431309881e+01
1.387405159332321780e+01
1.624731182795698814e+01
1.478244274809160252e+01
1.472020725388601115e+01
1.524021352313167199e+01
1.461946902654867309e+01
1.496527777777777857e+01
1.504838709677419395e+01
1.499281867145421820e+01
1.462478184991273977e+01
1.455932203389830448e+01
1.459628378378378422e+01
1.476157804459691292e+01
1.545735027223230418e+01
1.441489361702127603e+01
1.404508856682769746e+01
1.426475279106858096e+01
1.526863084922010394e+01
1.498542805100182207e+01
1.497495527728085918e+01
1.604980842911877303e+01
1.491030534351144965e+01
1.537477148080438738e+01
1.407081174438687476e+01
1.497815126050420176e+01
1.517028985507246297e+01
1.375041597337770405e+01
1.410664605873261124e+01
1.433011272141706982e+01
1.527574171029668371e+01
1.438771929824561369e+01
1.473728813559321971e+01
1.498230088495575174e+01
1.444965277777777857e+01
1.426446280991735449e+01
1.401916932907348290e+01
1.456351791530944695e+01
1.387117552334943582e+01
1.479541734860883828e+01
1.563468634686346803e+01
1.490689013035381727e+01
1.389917355371900776e+01
1.458737864077669855e+01
1.462521294718909637e+01
1.551449275362318758e+01
1.401565217391304330e+01
1.438064516129032278e+01
1.479897785349233352e+01
1.440102389078498213e+01
1.406969205834684011e+01
1.517094017094017033e+01
1.532588454376163867e+01
1.614087301587301582e+01
1.479118773946360221e+01
1.370731707317073145e+01
1.506125827814569540e+01
1.481932021466905169e+01
1.503928571428571459e+01
1.348701298701298690e+01
1.481119999999999948e+01
1.437713310580204862e+01
1.465878378378378422e+01
1.425542570951586008e+01
1.435130718954248330e+01
1.502409638554216897e+01
1.357073170731707279e+01
1.537271214642262862e+01
1.488524590163934391e+01
1.408500000000000085e+01
1.434670947030497601e+01
1.451655629139072801e+01
1.522982456140350926e+01
1.427586206896551779e+01
1.505962521294718925e+01
1.523272727272727245e+01
1.514990859232175424e+01
1.493906810035842270e+01
1.528028933092224229e+01
1.493128390596745092e+01
1.440854700854700887e+01
1.463986599664991672e+01
1.399837398373983710e+01
1.547602739726027465e+01
1.548484848484848442e+01
1.428371278458844174e+01
1.450000000000000000e+01
1.456688963210702425e+01
1.481880341880341945e+01
1.612903225806451601e+01
1.448051948051948123e+01
1.441791044776119435e+01
1.421498371335504807e+01
1.479799666110183587e+01
1.430924369747899227e+01
1.536363636363636331e+01
1.379124579124579064e+01
1.557777777777777750e+01
1.416112084063047227e+01
1.475415282392026661e+01
1.452981260647359463e+01
1.467288135593220311e+01
1.497552447552447497e+01
1.553703703703703631e+01
1.556153846153846132e+01
1.413461538461538503e+01
1.472682119205298079e+01
1.392320261437908435e+01
1.499168053244592258e+01
1.473544973544973580e+01
1.411960132890365394e+01
1.426484751203852319e+01
1.528645833333333393e+01
1.419516407599309105e+01
1.382187500000000036e+01
1.482679738562091565e+01
1.448198970840480193e+01
1.425577557755775615e+01
1.372499999999999964e+01
1.503789126853377311e+01
1.488928571428571423e+01
1.442636986301369895e+01
1.429064039408867082e+01
1.394753577106518350e+01
1.319970631424375895e+01
1.561842105263157876e+01
1.538505747126436773e+01
1.486156648451730433e+01
1.600189753320682939e+01
1.487476280834914633e+01
1.434183673469387799e+01
1.617037037037037095e+01
1.455932203389830448e+01
1.451351351351351404e+01
1.396440129449838174e+01
1.433280000000000065e+01
1.520209059233449445e+01
1.597276264591439698e+01
1.445101663585951890e+01
1.529557522123893776e+01
1.461717352415026916e+01
1.524064171122994615e+01
1.477158273381295039e+01
1.340348101265822756e+01
1.479523809523809597e+01
1.484063047285464165e+01
1.439249146757679121e+01
1.447420965058236320e+01
1.423809523809523725e+01
1.500170068027210846e+01
1.471353251318102018e+01
1.424874791318864808e+01
1.407667731629392982e+01
1.498655462184873954e+01
1.498032200357781818e+01
1.459407665505226426e+01
1.497909407665505199e+01
1.406386554621848717e+01
1.448943089430894382e+01
1.487972508591065335e+01
1.481546572934973582e+01
1.487565674255691839e+01
1.532368896925858870e+01
1.452650176678445249e+01
1.471016949152542352e+01
1.488888888888888928e+01
1.463039723661485247e+01
1.483304647160068868e+01
1.546363636363636296e+01
1.474818840579710155e+01
1.543399638336347124e+01
1.487978142076502763e+01
1.475173611111111072e+01
1.566910420475320009e+01
1.467454545454545389e+01
1.651532567049808264e+01
1.563877551020408241e+01
1.521052631578947434e+01
1.536531365313653197e+01
1.464831261101243420e+01
1.580804387568555747e+01
1.604408817635270523e+01
1.462222222222222179e+01
1.540569395017793575e+01
1.362520729684908716e+01
1.619895287958115304e+01
1.449814126394051961e+01
1.556607142857142811e+01
1.491376146788990908e+01
1.501061946902654931e+01
1.506797853309481283e+01
1.452249134948096909e+01
1.539222614840989323e+01
1.491288566243194147e+01
1.379024390243902509e+01
1.509884678747940612e+01
1.350809061488673102e+01
1.526841243862520514e+01
1.426470588235294201e+01
1.521724137931034448e+01
1.440695652173913111e+01
1.576756756756756772e+01
1.484288354898336415e+01
1.494570928196147186e+01
1.500886524822695023e+01
1.495212765957446877e+01
1.567592592592592560e+01
1.412434325744308161e+01
1.396723868954758174e+01
1.441401273885350243e+01
1.486440677966101731e+01
1.493321616871704727e+01
1.419463087248322175e+01
1.411269841269841230e+01
1.453409090909090828e+01
1.410714285714285765e+01
1.513513513513513509e+01
1.457417102966841149e+01
1.450334448160535139e+01
1.497594501718213067e+01
1.440102389078498213e+01
1.512758620689655231e+01
1.447660311958405543e+01
1.409032258064516085e+01
1.528839590443686092e+01
1.546254681647940110e+01
1.524299065420560773e+01
1.541604477611940283e+01
1.448404255319148959e+01
1.420098039215686292e+01
1.538888888888888928e+01
1.385229202037351470e+01
1.455858747993579527e+01
1.430679933665008363e+01
1.504974271012006781e+01
1.505595667870036181e+01
1.565666041275797404e+01
1.478453038674033237e+01
1.453846153846153832e+01
1.604444444444444429e+01
1.529239766081871288e+01
1.629504950495049442e+01
1.435687732342007372e+01
1.396979332273449970e+01
1.521043771043771109e+01
1.604448742746615153e+01
1.407155635062611765e+01
1.472906403940886655e+01
1.489217391304347871e+01
1.538181818181818095e+01
1.427351916376306562e+01
1.360092449922958480e+01
1.446406250000000071e+01
1.503454231433506116e+01
1.394833333333333414e+01
1.473529411764705799e+01
1.507067137809187329e+01
1.523722627737226354e+01
1.435826086956521763e+01
1.485932203389830519e+01
1.461658031088082943e+01
1.386612903225806370e+01
1.504651162790697683e+01
1.516878402903811285e+01
1.436741767764298139e+01
1.526352530541012165e+01
1.478096947935368100e+01
1.441455160744500930e+01
1.466666666666666607e+01
1.529181494661921725e+01
1.452112676056338003e+01
1.576043557168783948e+01
1.511299435028248617e+01
1.556400742115027747e+01
1.479128856624319432e+01
1.416006600660066006e+01
1.506902356902356921e+01
1.461458333333333393e+01
1.468527918781725816e+01
1.439899833055091882e+01
1.507008547008546984e+01
1.512387791741472221e+01
1.409747899159663831e+01
1.426424050632911467e+01
1.434299516908212624e+01
1.427536231884058004e+01
1.475662251655629120e+01
1.478595890410958980e+01
1.555776173285198638e+01
1.443661971830985991e+01
1.430906148867313910e+01
1.512733446519524705e+01
1.502495543672014300e+01
1.481849912739965092e+01
1.512829525483303961e+01
1.507321428571428612e+01
1.475958188153310147e+01
1.568173598553345371e+01
1.509461966604823679e+01
1.374471544715447102e+01
1.546166666666666600e+01
1.375333333333333385e+01
1.498067632850241537e+01
1.428308207705192601e+01
1.526450511945392563e+01
1.480212014134275655e+01
1.565880217785843875e+01
1.467266187050359783e+01
1.555635062611806774e+01
1.499267399267399270e+01
1.459621993127147732e+01
1.416396103896103931e+01
1.414668769716088370e+01
1.494509151414309400e+01
1.510301953818827769e+01
1.546507352941176450e+01
1.521150278293135472e+01
1.470796460176991083e+01
1.577798165137614639e+01
1.471875000000000000e+01
1.425913621262458442e+01
1.470431893687707614e+01
1.428073089700996690e+01
1.428387096774193488e+01
1.547818499127399683e+01
1.448056537102473484e+01
1.495733788395904362e+01
1.390343698854337084e+01
1.477221324717285889e+01
1.458305084745762770e+01
1.503614457831325346e+01
1.376298701298701310e+01
1.502759740259740262e+01
1.596981132075471699e+01
1.464154411764705799e+01
1.559425493716337563e+01
1.498897058823529349e+01
1.481500872600349084e+01
1.465358361774744012e+01
1.656106870229007555e+01
1.561303462321792246e+01
1.458422939068100277e+01
1.431907894736842124e+01
1.490067340067340140e+01
1.587500000000000000e+01
1.453369763205828846e+01
1.546453900709219909e+01
1.426701570680628350e+01
1.650465549348231065e+01
1.394717668488160278e+01
1.365912518853695268e+01
1.486012861736334401e+01
1.545553539019963729e+01
1.428970331588132581e+01
1.369860896445131360e+01
1.532781456953642341e+01
1.416239316239316182e+01
1.539622641509433976e+01
1.472419928825622826e+01
1.490361445783132588e+01
1.404918032786885185e+01
1.385365853658536572e+01
1.557263513513513509e+01
1.536397748592870549e+01
1.467724867724867721e+01
1.457286432160804068e+01
1.385015772870662509e+01
1.559966216216216139e+01
1.529345794392523317e+01
1.503057553956834447e+01
1.557509157509157482e+01
1.470967741935483808e+01
1.488356164383561620e+01
1.466723549488054523e+01
1.480135823429541553e+01
1.531737588652482351e+01
1.480141843971631133e+01
1.435049833887043214e+01
1.479069767441860428e+01
1.548653500897666113e+01
1.561931818181818166e+01
1.373277310924369665e+01
1.505177993527508029e+01
1.433052276559865135e+01
1.536144578313252929e+01
1.386023294509151427e+01
1.422376543209876587e+01
1.495174708818635523e+01
1.470962199312714702e+01
1.498450946643717785e+01
1.313692307692307715e+01
1.503549382716049365e+01
1.453162393162393151e+01
1.501877133105802109e+01
1.456849315068493134e+01
1.472147651006711477e+01
1.506412478336221916e+01
1.468393782383419754e+01
1.588524590163934391e+01
1.536761904761904773e+01
1.354383116883116855e+01
1.474339035769828854e+01
1.427495908346972264e+01
1.629347826086956630e+01
1.526692456479690563e+01
1.565363128491620159e+01
1.464171122994652485e+01
1.398569157392686790e+01
1.452598425196850407e+01
1.389045383411580659e+01
1.432049306625577856e+01
1.439936102236421789e+01
1.544214162348877295e+01
1.415110356536502501e+01
1.494728171334431543e+01
1.448566610455312009e+01
1.514188034188034138e+01
1.342338072669826232e+01
1.489269051321928394e+01
1.368829113924050667e+01
1.431610942249240104e+01
1.408294209702660460e+01
1.474235104669887342e+01
1.483728813559322113e+01
1.434596375617792496e+01
1.473856209150326713e+01
1.570609318996415738e+01
1.412521440823327623e+01
1.403680981595092092e+01
1.440000000000000036e+01
1.501839464882943176e+01
1.390468497576736695e+01
1.470727848101265778e+01
1.512048192771084310e+01
1.468096054888507673e+01
1.398098256735340783e+01
1.377943368107302469e+01
1.484651898734177244e+01
1.393269230769230838e+01
1.551677852348993270e+01
1.521834862385321152e+01
1.471304347826086989e+01
1.493675213675213698e+01
1.431946755407653882e+01
1.566492146596858603e+01
1.561714285714285744e+01
1.511743119266055047e+01
1.440000000000000036e+01
1.436392914653784203e+01
1.450162337662337642e+01
1.393553459119496907e+01
1.439625585023400944e+01
1.571528998242530761e+01
1.483484573502722270e+01
1.591727941176470651e+01
1.409249563699825458e+01
1.392519083969465576e+01
1.354692082111436946e+01
1.400294550810014726e+01
1.454344391785150137e+01
1.359509202453987697e+01
1.465479876160990713e+01
1.512048192771084310e+01
1.565930018416206337e+01
1.447266313932980530e+01
1.412579617834394874e+01
1.484288052373158706e+01
1.450335570469798618e+01
1.411961722488038262e+01
1.461797752808988804e+01
1.537062937062936996e+01
1.430993150684931514e+01
1.491044776119403004e+01
1.464346349745331111e+01
1.483108108108108070e+01
1.497586206896551708e+01
1.435166666666666657e+01
1.457212317666126467e+01
1.465123966942148748e+01
1.487015177065767269e+01
1.479386712095400291e+01
1.583152173913043548e+01
1.468884892086330929e+01
1.578315412186379874e+01
1.451858407079646085e+01
1.505076142131979644e+01
1.403431372549019684e+01
1.405487804878048763e+01
1.466560509554140168e+01
1.453706754530477774e+01
1.490604026845637620e+01
1.551612903225806406e+01
1.572211720226843035e+01
1.446302816901408406e+01
1.407097791798107167e+01
1.363150074294205005e+01
1.438601823708206773e+01
1.488059701492537279e+01
1.457718120805369111e+01
1.547120418848167489e+01
1.488948306595365345e+01
1.480408858603066413e+01
1.573201438848920830e+01
1.465775401069518757e+01
1.379655712050078264e+01
1.396263079222720549e+01
1.508333333333333393e+01
1.394616639477977138e+01
1.487922705314009697e+01
1.385143769968051153e+01
1.424464831804281317e+01
1.483278688524590194e+01
1.409562398703403652e+01
1.520729684908789459e+01
1.507637655417406819e+01
1.578044280442804492e+01
1.504419889502762508e+01
1.450084602368866271e+01
1.573274336283185804e+01
1.367333333333333378e+01
1.399111111111111150e+01
1.342525399129172747e+01
1.409356725146198919e+01
1.519504132231404903e+01
1.597752808988763995e+01
1.438761061946902586e+01
1.501164725457570803e+01
1.349921996879875152e+01
1.435671641791044806e+01
1.431803797468354489e+01
1.546587030716723632e+01
1.465445026178010401e+01
1.497969543147208071e+01
1.559639639639639697e+01
1.439273356401384163e+01
1.396749226006191869e+01
1.510389610389610304e+01
1.513556338028169002e+01
1.417685950413223139e+01
1.622517730496453936e+01
1.472426470588235325e+01
1.440130505709624842e+01
1.516470588235294059e+01
1.464675767918088667e+01
1.418022328548644317e+01
1.421362229102167163e+01
1.480775444264943452e+01
1.513230240549828132e+01
1.385852090032154393e+01
1.537254901960784359e+01
1.415692821368948273e+01
1.513344316309719950e+01
1.510896309314587072e+01
1.468771331058020557e+01
1.517636986301369895e+01
1.451099830795262235e+01
1.505378151260504183e+01
1.363132911392404978e+01
1.472910216718266341e+01
1.454455445544554415e+01
1.495309882747068642e+01
1.537588652482269502e+01
1.451807228915662584e+01
1.498489932885906128e+01
1.516987740805604190e+01
1.462735042735042690e+01
1.555964912280701817e+01
1.444270833333333393e+01
1.515033783783783861e+01
1.426377295492487463e+01
1.408074534161490732e+01
1.461526232114467483e+01
1.388871473354232045e+01
1.412121212121212110e+01
1.536409395973154446e+01
1.520976491862567848e+01
1.479130434782608638e+01
1.443894389438943904e+01
1.496327212020033315e+01
1.533570159857904081e+01
1.463652173913043519e+01
1.395721077654516584e+01
1.587972508591065335e+01
1.486471663619744099e+01
1.409577922077922096e+01
1.588888888888888928e+01
1.403281519861830695e+01
1.474399999999999977e+01
1.471140939597315445e+01
1.356259659969088105e+01
1.508730158730158699e+01
1.445101351351351404e+01
1.400783699059561194e+01
1.526324503311258241e+01
1.402819237147595288e+01
1.433021806853582625e+01
1.523350253807106647e+01
1.493474426807760125e+01
1.466101694915254150e+01
1.506153846153846132e+01
1.440809443507588483e+01
1.451544715447154488e+01
1.457565789473684248e+01
1.472575250836120375e+01
1.413311688311688386e+01
1.521140939597315445e+01
1.488692579505300273e+01
1.563157894736842124e+01
1.349671052631578938e+01
1.501105845181674603e+01
1.435462184873949631e+01
1.455374592833876157e+01
1.487521079258010204e+01
1.435323383084577031e+01
1.562608695652173907e+01
1.527829313543599277e+01
1.527999999999999936e+01
1.415824915824915742e+01
1.514691151919866385e+01
1.446928327645051127e+01
1.487772194304857543e+01
1.399837925445705089e+01
1.406584992343032248e+01
1.510743801652892593e+01
1.385667752442996736e+01
1.517021276595744617e+01
1.359807073954983991e+01
1.550822368421052566e+01
1.543364485981308398e+01
1.488509874326750371e+01
1.460884353741496611e+01
1.403525641025641058e+01
1.454054054054054035e+01
1.502210884353741527e+01
1.436087689713322035e+01
1.402677165354330668e+01
1.406790123456790198e+01
1.429716981132075482e+01
1.477062706270627146e+01
1.503993055555555536e+01
1.439086294416243739e+01
1.386895475819032697e+01
1.488045234248788340e+01
1.387702265372168320e+01
1.527740863787375503e+01
1.386378737541528317e+01
1.385993975903614484e+01
1.496422764227642332e+01
1.540325497287522616e+01
1.450437828371278393e+01
1.504778156996587057e+01
1.511190053285968027e+01
1.426767676767676818e+01
1.508221476510067127e+01
1.518067978533094831e+01
1.519279279279279216e+01
1.449312714776632305e+01
1.445588235294117574e+01
1.521440823327615810e+01
1.423817567567567544e+01
1.437859424920127793e+01
1.497315436241610698e+01
1.525444839857651225e+01
1.426440677966101767e+01
1.444141252006420473e+01
1.485117056856187290e+01
1.483333333333333393e+01
1.536589698046181240e+01
1.518397085610200392e+01
1.435314091680814919e+01
1.545250431778929112e+01
1.504882459312839060e+01
1.489372822299651489e+01
1.483676975945017240e+01
1.489347079037800725e+01
1.477264957264957346e+01
1.484838160136286156e+01
1.589010989010989050e+01
1.333169129720853796e+01
1.503105590062111752e+01
1.484429065743944598e+01
1.525087719298245581e+01
1.497695035460992941e+01
1.514938488576449949e+01
1.414096185737976796e+01
1.417546583850931619e+01
1.454313099041533519e+01
1.482943143812708975e+01
1.545907473309608626e+01
1.533701657458563616e+01
1.366993464052287521e+01
1.396136701337295705e+01
1.388333333333333286e+01
1.533999999999999986e+01
1.525824175824175910e+01
1.451736111111111072e+01
1.405431309904153281e+01
1.479674796747967491e+01
1.420032840722495848e+01
1.585563380281690193e+01
1.424381625441696109e+01
1.378341013824884875e+01
1.452507836990595536e+01
1.474080267558528412e+01
1.548663101604278047e+01
1.488868940754039549e+01
1.604460966542750811e+01
1.468623853211009234e+01
1.485908319185059412e+01
1.411707317073170742e+01
1.470692431561996827e+01
1.530890052356020981e+01
1.447684391080617416e+01
1.605225225225225216e+01
1.520265151515151558e+01
1.528288288288288221e+01
1.517594254937163356e+01
1.459176672384219486e+01
1.507325383304940303e+01
1.461945392491467643e+01
1.463681592039801060e+01
1.471786310517529195e+01
1.474579124579124567e+01
1.433442622950819612e+01
1.520304568527918754e+01
1.469324090121317106e+01
1.430618892508143247e+01
1.509364548494983360e+01
1.556648451730418969e+01
1.547850467289719667e+01
1.498738738738738796e+01
1.388511326860841422e+01
1.451253918495297768e+01
1.457307060755336536e+01
1.472287145242070139e+01
1.556684491978609586e+01
1.490613718411552391e+01
1.587316176470588225e+01
1.368971332209106251e+01
1.491759112519809882e+01
1.448825503355704747e+01
1.394505494505494525e+01
1.491585760517799386e+01
1.466326530612244916e+01
1.532692307692307665e+01
1.477152899824253041e+01
1.556607142857142811e+01
1.367549668874172220e+01
1.413813813813813880e+01
1.421528861154446233e+01
1.472240259740259738e+01
1.484915254237288096e+01
1.412682926829268304e+01
1.614310954063604342e+01
1.551356589147286869e+01
1.451567944250871101e+01
1.464367816091954033e+01
1.553697183098591594e+01
1.460105448154657282e+01
1.610545454545454547e+01
1.563229571984435751e+01
1.445549738219895275e+01
1.496333333333333293e+01
1.553309481216457932e+01
1.454782608695652257e+01
1.503697478991596626e+01
1.559999999999999964e+01
1.486452762923351223e+01
1.498458904109589085e+01
1.534098939929328687e+01
1.588764044943820153e+01
1.401883561643835563e+01
1.470998415213946053e+01
1.427096774193548434e+01
1.473990306946688200e+01
1.365687789799072682e+01
1.489547581903276097e+01
1.540246045694200383e+01
1.397854785478547868e+01
1.466037735849056567e+01
1.411746031746031704e+01
1.459335443037974755e+01
1.412816455696202489e+01
1.448584905660377409e+01
1.500000000000000000e+01
1.459831932773109209e+01
1.381578947368421062e+01
1.450615384615384684e+01
1.427777777777777857e+01
1.594415357766143160e+01
1.450444049733570218e+01
1.491528239202657780e+01
1.470033670033670070e+01
1.378071539657853783e+01
1.417117117117117076e+01
1.485275080906148837e+01
1.502233676975945009e+01
1.434660033167495818e+01
1.454414125200642083e+01
1.415530903328050627e+01
1.462162162162162105e+01
1.537996545768566570e+01
1.478883071553228667e+01
1.446557377049180282e+01
1.488448844884488409e+01
1.415670436187398984e+01
1.508346972176759415e+01
1.449748743718592969e+01
1.430793650793650862e+01
1.440314960629921259e+01
1.504477611940298587e+01
1.598897058823529349e+01
1.436491228070175374e+01
1.482276422764227597e+01
1.401748807631160609e+01
1.528032786885245820e+01
1.460854700854700816e+01
1.437459807073954998e+01
1.464193548387096833e+01
1.472442244224422403e+01
1.457799671592774970e+01
1.515878378378378422e+01
1.580255941499085992e+01
1.389597315436241587e+01
1.471361502347417805e+01
1.486767169179229420e+01
1.519757365684575312e+01
1.381481481481481488e+01
1.524394184168012956e+01
1.449746192893401009e+01
1.487272727272727302e+01
1.446942148760330582e+01
1.465798045602605804e+01
1.497138047138047057e+01
1.506574394463667765e+01
1.449916247906197597e+01
1.511596638655462144e+01
1.549462365591397806e+01
1.474869109947644041e+01
1.497138047138047057e+01
1.350231124807396021e+01
1.510575427682737093e+01
1.527719298245614077e+01
1.516225749559082914e+01
1.402427184466019483e+01
1.601196581196581192e+01
1.565458015267175540e+01
1.461324041811846719e+01
1.410518053375196246e+01
1.418960244648318003e+01
1.466931637519872744e+01
1.538965517241379288e+01
1.487237762237762162e+01
1.464891846921796947e+01
1.539655172413793061e+01
1.442275042444821764e+01
1.568685121107266411e+01
1.453926701570680713e+01
1.438560000000000016e+01
1.463607085346215797e+01
1.410252365930599439e+01
1.351749271137026298e+01
1.508892355694227838e+01
1.444666666666666721e+01
1.358558558558558538e+01
1.368421052631578938e+01
1.506940063091482607e+01
1.508000000000000007e+01
1.479180887372013586e+01
1.497796610169491593e+01
1.406602254428341325e+01
1.498389694041867948e+01
1.463316582914572805e+01
1.542931034482758612e+01
1.469896193771626258e+01
1.452280130293159566e+01
1.429225908372827725e+01
1.424496124031007760e+01
1.425736434108527106e+01
1.467680000000000007e+01
1.507783417935702275e+01
1.484931506849315141e+01
1.476845637583892668e+01
1.459472817133443101e+01
1.452836304700162096e+01
1.453796445880452382e+01
1.406103286384976592e+01
1.424731182795698992e+01
1.382326283987915438e+01
1.543770491803278766e+01
1.473951048951049003e+01
1.477889447236180942e+01
1.504957264957264940e+01
1.448408710217755413e+01
1.539041095890410915e+01
1.383660130718954306e+01
1.452160493827160437e+01
1.566958041958042003e+01
1.432068965517241388e+01
1.505629139072847700e+01
1.495509499136442066e+01
1.447674418604651159e+01
1.359577677224736014e+01
1.487326120556414288e+01
1.405920000000000059e+01
1.432870370370370416e+01
1.507781456953642341e+01
1.409771986970683955e+01
1.464240506329113956e+01
1.387538940809968935e+01
1.350718390804597746e+01
1.531269841269841336e+01
1.580555555555555536e+01
1.528835489833641326e+01
1.436302521008403410e+01
1.494262295081967196e+01
1.498630136986301409e+01
1.443140495867768536e+01
1.474634146341463392e+01
1.456229508196721234e+01
1.489883913764510837e+01
1.471691792294807399e+01
1.521746575342465668e+01
1.584317343173431780e+01
1.571428571428571352e+01
1.491592128801431194e+01
1.424311183144246407e+01
1.476762820512820440e+01
1.457774140752864156e+01
1.527195945945945965e+01
1.444816053511705611e+01
1.481463414634146325e+01
1.403955696202531733e+01
1.469073783359497654e+01
1.511148648648648596e+01
1.391813804173354718e+01
1.405970149253731272e+01
1.354571843251088481e+01
1.494598765432098730e+01
1.494378194207836508e+01
1.500512820512820511e+01
1.482512733446519526e+01
1.531715771230502554e+01
1.368479999999999919e+01
1.431539611360239128e+01
1.391337386018237154e+01
1.462790697674418539e+01
1.425238095238095326e+01
1.402891933028919347e+01
1.428201219512195053e+01
1.491247974068071258e+01
1.524913494809688608e+01
1.494791666666666607e+01
1.500853242320819092e+01
1.525958188153310147e+01
1.428026533996683334e+01
1.540233722871452393e+01
1.469415807560137388e+01
1.474671052631578938e+01
1.500671140939597237e+01
1.496933560477001635e+01
1.463455149501661090e+01
1.460453808752025928e+01
1.552749140893470781e+01
1.444651952461799738e+01
1.382727272727272805e+01
1.597822445561138949e+01
1.503460837887067392e+01
1.606410256410256565e+01
1.444190140845070403e+01
1.531711409395973078e+01
1.539247311827956999e+01
1.484722222222222143e+01
1.494435075885328779e+01
1.495585738539898202e+01
1.469949916527545852e+01
1.546206896551724164e+01
1.449233390119250409e+01
1.482084690553745965e+01
1.542041522491349426e+01
1.462671232876712324e+01
1.405460218408736317e+01
1.472684458398744134e+01
1.381172839506172778e+01
1.459785932721712598e+01
1.551030927835051543e+01
1.610626185958254197e+01
1.457754010695187219e+01
1.529152542372881385e+01
1.512852112676056393e+01
1.434049586776859542e+01
1.497058823529411775e+01
1.462166666666666615e+01
1.476644736842105310e+01
1.492462311557788901e+01
1.538394415357766221e+01
1.428046744574290550e+01
1.490437601296596348e+01
1.590433212996389933e+01
1.424482758620689715e+01
1.547236180904522662e+01
1.466551724137931068e+01
1.404538341158059467e+01
1.480094786729857859e+01
1.496296296296296369e+01
1.355555555555555536e+01
1.475951293759512950e+01
1.594991055456171658e+01
1.574045801526717625e+01
1.532783882783882845e+01
1.403758169934640598e+01
1.585472972972972983e+01
1.390635451505016640e+01
1.570909090909090899e+01
1.571028037383177534e+01
1.481128747795414391e+01
1.427519999999999989e+01
1.419171779141104217e+01
1.540495867768595062e+01
1.554430379746835378e+01
1.511722912966252252e+01
1.425040650406504028e+01
1.537520661157024726e+01
1.472602739726027465e+01
1.465146579804560290e+01
1.505490848585690600e+01
1.389589905362776001e+01
1.649050086355785893e+01
1.509005628517823716e+01
1.379153605015673989e+01
1.522116903633491347e+01
1.431691297208538671e+01
1.507154471544715513e+01
1.544561403508771846e+01
1.447474747474747403e+01
1.468488745980707399e+01
1.444943820224719033e+01
1.530267558528428040e+01
1.463620981387478892e+01
1.488815789473684248e+01
1.423557692307692335e+01
1.420336391437308876e+01
1.551333333333333364e+01
1.520714285714285730e+01
1.470101351351351404e+01
1.471732026143790861e+01
1.514839797639123020e+01
1.445771144278606890e+01
1.417054263565891503e+01
1.436979969183358996e+01
1.429457364341085324e+01
1.522331691297208600e+01
1.526269702276707463e+01
1.447254575707154700e+01
1.592521739130434710e+01
1.493177737881508094e+01
1.424879614767255198e+01
1.433590138674884429e+01
1.458990536277602601e+01
1.478861788617886219e+01
1.572027972027971998e+01
1.468402777777777857e+01
1.424528301886792470e+01
1.432872503840245848e+01
1.444929797191887744e+01
1.461146496815286611e+01
1.605132743362831960e+01
1.507678244972577630e+01
1.409149277688603519e+01
1.441871165644171704e+01
1.329130434782608638e+01
1.491754122938530713e+01
1.553157894736842159e+01
1.564154411764705799e+01
1.611663479923518238e+01
1.363833333333333364e+01
1.454135338345864703e+01
1.498509933774834479e+01
1.442200328407225030e+01
1.415038759689922543e+01
1.494533762057877802e+01
1.506346483704974304e+01
1.405645161290322598e+01
1.476740506329113956e+01
1.443414634146341413e+01
1.605653710247349863e+01
1.387945670628183414e+01
1.438964992389649922e+01
1.538279932546374340e+01
1.584014869888475907e+01
1.433217993079584751e+01
1.411882716049382758e+01
1.531023102310231110e+01
1.361305732484076358e+01
1.529140127388535042e+01
1.503690685413005212e+01
1.475891341256366651e+01
1.403169572107765539e+01
1.542880794701986780e+01
1.374837662337662358e+01
1.401474926253687237e+01
1.396101949025487343e+01
1.469339622641509457e+01
1.453846153846153832e+01
1.471358428805237395e+01
1.454084967320261512e+01
1.472013093289688968e+01
1.564260563380281610e+01
1.428668941979522167e+01
1.512871287128712794e+01
1.427677100494233997e+01
1.458095238095238066e+01
1.476721311475409770e+01
1.407266982622432927e+01
1.408748114630467541e+01
1.514285714285714235e+01
1.539007092198581539e+01
1.524598930481283432e+01
1.379552715654951989e+01
1.541451612903225765e+01
1.537410071942445988e+01
1.421890547263681626e+01
1.413871951219512191e+01
1.511165048543689338e+01
1.459265442404006663e+01
1.427129337539432186e+01
1.516065573770491781e+01
1.549378330373001766e+01
1.427257525083611966e+01
1.464082278481012622e+01
1.468078175895765547e+01
1.483690280065897937e+01
1.556020942408376939e+01
1.442711864406779654e+01
1.481906300484652661e+01
1.484026622296173059e+01
1.513945578231292544e+01
1.436184210526315752e+01
1.551433389544687991e+01
1.457191780821917781e+01
1.504304635761589459e+01
1.471333333333333293e+01
1.550000000000000000e+01
1.441077441077441001e+01
1.546890756302521019e+01
1.462222222222222179e+01
1.540916808149405703e+01
1.460338983050847439e+01
1.484502446982055446e+01
1.477520661157024762e+01
1.428457869634340227e+01
1.422018348623853257e+01
1.533497536945812811e+01
1.469269949066213954e+01
1.521996615905245420e+01
1.554561717352414973e+01
1.410927152317880839e+01
1.491111111111111143e+01
1.426163723916532966e+01
1.535371900826446279e+01
1.380769230769230838e+01
1.510220125786163514e+01
1.406089743589743613e+01
1.512359550561797761e+01
1.453565505804311719e+01
1.502635914332784139e+01
1.454440789473684248e+01
1.448969889064976257e+01
1.483333333333333393e+01
1.551986183074265924e+01
1.435953177257525049e+01
1.402420574886535576e+01
1.534838709677419288e+01
1.513043478260869534e+01
1.369362363919129066e+01
1.510730948678071606e+01
1.538568935427574225e+01
1.562702702702702773e+01
1.528186714542190217e+01
1.546714031971580816e+01
1.460611205432937254e+01
1.462540192926045002e+01
1.485644371941272368e+01
1.438141025641025728e+01
1.509298531810766697e+01
1.461960132890365394e+01
1.385518292682926855e+01
1.455623100303951389e+01
1.490359477124182952e+01
1.479235880398671021e+01
1.636612021857923338e+01
1.406401384083044981e+01
1.391029411764705870e+01
1.485403726708074501e+01
1.466775777414075321e+01
1.522315436241610698e+01
1.581521739130434767e+01
1.555925925925925846e+01
1.550816696914700543e+01
1.429166666666666607e+01
1.490208667736757597e+01
1.483639398998330527e+01
1.509983079526226746e+01
1.507731958762886570e+01
1.458706467661691519e+01
1.406646058732612126e+01
1.428247734138972724e+01
1.475752773375594273e+01
1.372408536585365901e+01
1.498145285935085091e+01
1.459672131147540952e+01
1.467094703049759197e+01
1.525293132328308232e+01
1.376692913385826778e+01
1.474885844748858510e+01
1.419811320754716988e+01
1.476100628930817571e+01
1.505000000000000071e+01
1.482943143812708975e+01
1.432961783439490411e+01
1.482643312101910915e+01
1.570680628272251234e+01
1.485664335664335667e+01
1.532991452991453052e+01
1.502941176470588225e+01
1.486409395973154446e+01
1.417405063291139200e+01
1.445230769230769319e+01
1.499349593495935018e+01
1.473588039867109600e+01
1.496683250414593758e+01
1.524871355060034261e+01
1.537918871252204589e+01
1.430082644628099153e+01
1.453437500000000071e+01
1.395738203957382062e+01
1.472881355932203462e+01
1.590000000000000036e+01
1.492526690391458999e+01
1.486855241264558991e+01
1.435519999999999996e+01
1.429538461538461469e+01
1.416261398176291841e+01
1.417948717948717885e+01
1.557877280265340048e+01
1.399672131147540988e+01
1.499053627760252283e+01
1.534948096885813129e+01
1.493103448275862100e+01
1.491289782244556150e+01
1.354794520547945247e+01
1.521739130434782616e+01
1.552762923351158619e+01
1.427212020033388917e+01
1.486720000000000041e+01
1.462847790507364998e+01
1.381762917933130730e+01
1.456127080181543043e+01
1.445971563981042607e+01
1.530016583747926973e+01
1.373070866141732260e+01
1.481221374045801475e+01
1.472786885245901622e+01
1.486019736842105310e+01
1.421428571428571352e+01
1.487301587301587347e+01
1.517258883248731038e+01
1.403827751196172180e+01
1.426576576576576549e+01
1.437692307692307736e+01
1.548747913188647729e+01
1.458474576271186507e+01
1.564554794520547887e+01
1.445408163265306101e+01
1.611733800350262769e+01
1.545505617977528168e+01
1.458883248730964510e+01
1.523578595317725792e+01
1.430655737704918096e+01
1.446118012422360266e+01
1.531229235880398676e+01
1.453422370617696124e+01
1.516556291390728539e+01
1.404967948717948723e+01
1.544045676998368677e+01
1.379647435897435948e+01
1.461608497723823952e+01
1.424726134585289472e+01
1.680575539568345178e+01
1.391052631578947363e+01
1.416272189349112409e+01
1.524149108589951318e+01
1.424104234527687218e+01
1.476813880126182887e+01
1.457996768982229341e+01
1.475645161290322527e+01
1.485057471264367734e+01
1.474262295081967267e+01
1.559310344827586192e+01
1.449915397631133729e+01
1.393655589123867067e+01
1.446304675716440435e+01
1.457819905213270140e+01
1.445181674565560748e+01
1.400151745068285258e+01
1.427436281859070455e+01
1.503864734299516925e+01
1.394330708661417262e+01
1.429895366218236141e+01
1.432411674347158304e+01
1.397901049475262347e+01
1.496087636932707277e+01
1.481426202321724794e+01
1.385867895545314887e+01
1.499689440993788736e+01
1.531046312178387581e+01
1.550354609929078009e+01
1.470797962648556911e+01
1.504118616144975284e+01
1.434299516908212624e+01
1.404661654135338367e+01
1.434186746987951722e+01
1.367448680351906098e+01
1.404885057471264354e+01
1.514490445859872558e+01
1.585637342908438008e+01
1.499466192170818424e+01
1.467434210526315752e+01
1.558461538461538431e+01
1.487500000000000000e+01
1.414015748031496145e+01
1.437899543378995482e+01
1.533333333333333393e+01
1.504317789291882512e+01
1.498482293423271550e+01
1.502861952861952943e+01
1.389079563182527366e+01
1.481538461538461604e+01
1.433650793650793709e+01
1.451708074534161419e+01
1.470382165605095537e+01
1.567010309278350455e+01
1.435294117647058876e+01
1.463009404388714785e+01
1.527712854757929861e+01
1.583544303797468267e+01
1.389309210526315752e+01
1.471406727828746241e+01
1.526722689075630335e+01
1.566071428571428648e+01
1.480762564991334429e+01
1.514070351758793898e+01
1.526770293609671825e+01
1.666730038022813787e+01
1.527134724857685022e+01
1.510309278350515427e+01
1.505084745762711940e+01
1.442394822006472488e+01
1.470142180094786788e+01
1.444620253164556978e+01
1.494212218649517609e+01
1.461138211382113816e+01
1.459206349206349174e+01
1.465768621236133207e+01
1.526324503311258241e+01
1.441530944625407251e+01
1.560999999999999943e+01
1.469269949066213954e+01
1.460572337042925284e+01
1.500324675324675283e+01
1.462601626016260248e+01
1.515270935960591103e+01
1.524444444444444358e+01
1.418880000000000052e+01
1.497955974842767368e+01
1.411093750000000036e+01
1.569230769230769162e+01
1.431840796019900530e+01
1.551967213114754074e+01
1.485398981324278367e+01
1.549489795918367285e+01
1.406763285024154619e+01
1.408479532163742753e+01
1.408638360175695503e+01
1.570962479608482809e+01
1.546774193548387011e+01
1.451158940397350960e+01
1.485486443381180166e+01
1.394478527607362039e+01
1.536984126984127030e+01
1.473993288590603967e+01
1.426635514018691531e+01
1.464551083591331349e+01
1.403652968036529636e+01
1.451510574018126931e+01
1.440930232558139501e+01
1.598972602739726057e+01
1.466724738675958228e+01
1.399085365853658480e+01
1.478033794162826453e+01
1.535750421585160197e+01
1.456146179401993379e+01
1.459463722397476282e+01
1.517540983606557425e+01
1.505236486486486491e+01
1.494675540765391020e+01
1.463430420711974023e+01
1.450786163522012551e+01
1.417987804878048763e+01
1.460276073619631987e+01
1.529917355371900811e+01
1.333181818181818201e+01
1.611323763955342869e+01
1.424531516183986390e+01
1.496993670886075911e+01
1.491887417218543099e+01
1.418053375196232402e+01
1.407111111111111157e+01
1.477160493827160437e+01
1.492471358428805317e+01
1.439331210191082810e+01
1.390787518573551296e+01
1.362957746478873311e+01
1.531317829457364255e+01
1.349693251533742355e+01
1.425925925925925952e+01
1.379941860465116221e+01
1.475488721804511272e+01
1.466666666666666607e+01
1.473885350318471410e+01
1.478044871794871717e+01
1.347877013177159533e+01
1.397786998616874143e+01
1.405780346820809257e+01
1.410641399416909536e+01
1.434226190476190510e+01
1.497472353870458051e+01
1.484339314845024482e+01
1.507553366174055753e+01
1.495695364238410541e+01
1.521070234113712338e+01
1.476072607260726066e+01
1.429968944099378803e+01
1.500315457413249298e+01
1.488669950738916192e+01
1.520465890183028357e+01
1.416481774960380413e+01
1.540930979133226408e+01
1.680000000000000071e+01
1.387478559176672377e+01
1.415484804630969684e+01
1.415191740412979371e+01
1.407331378299120317e+01
1.454147812971342368e+01
1.541652892561983457e+01
1.573524150268336363e+01
1.436227045075125197e+01
1.425226586102719040e+01
1.486697965571205060e+01
1.494088669950738968e+01
1.427244094488188964e+01
1.459384615384615458e+01
1.419999999999999929e+01
1.588557213930348233e+01
1.368640000000000079e+01
1.403399433427762055e+01
1.451651651651651598e+01
1.444976816074188619e+01
1.353323699421965287e+01
1.476183431952662772e+01
1.477096774193548434e+01
1.469341894060995202e+01
1.461367249602543694e+01
1.460917721518987378e+01
1.482664526484751200e+01
1.452070063694267432e+01
1.451869158878504606e+01
1.470078740157480368e+01
1.529139072847682179e+01
1.532815198618307484e+01
1.559330985915492995e+01
1.455611390284757078e+01
1.434259259259259345e+01
1.356384505021520859e+01
1.479376854599406599e+01
1.415944272445820395e+01
1.470660522273425563e+01
1.458637083993660788e+01
1.524918032786885291e+01
1.450980392156862742e+01
1.499517684887459801e+01
1.410468750000000071e+01
1.515797788309636651e+01
1.523549488054607437e+01
1.423756019261637285e+01
1.445426829268292757e+01
1.451552795031055965e+01
1.477777777777777857e+01
1.369565217391304301e+01
1.522102009273570289e+01
1.565017667844522897e+01
1.455837563451776617e+01
1.496596434359805450e+01
1.440770465489566554e+01
1.504354838709677367e+01
1.458564437194127272e+01
1.400606980273141211e+01
1.450906344410876159e+01
1.422085889570552197e+01
1.457870370370370416e+01
1.394099848714069623e+01
1.520820189274447998e+01
1.502380952380952372e+01
1.484717607973421849e+01
1.424251968503937071e+01
1.405067064083457495e+01
1.531250000000000000e+01
1.435024549918166947e+01
1.504991948470209273e+01
1.436187399030694678e+01
1.500161030595813116e+01
1.449675324675324717e+01
1.437013996889580092e+01
1.362189781021897872e+01
1.426231884057970944e+01
1.439723926380368013e+01
1.557550335570469713e+01
1.478657487091222045e+01
1.540885860306643984e+01
1.442857142857142883e+01
1.573434856175972918e+01
1.505281690140845008e+01
1.409305993690851722e+01
1.448254931714719262e+01
1.476947535771065212e+01
1.470806451612903309e+01
1.454761904761904745e+01
1.458740157480314892e+01
1.456220472440944924e+01
1.484319999999999951e+01
1.502310231023102283e+01
1.449758454106280148e+01
1.433333333333333393e+01
1.469890795631825320e+01
1.467197452229299337e+01
1.484565916398713803e+01
1.560750853242320879e+01
1.464141414141414188e+01
1.503889789303079461e+01
1.437360890302066707e+01
1.390882352941176414e+01
1.496477794793261928e+01
1.380851063829787151e+01
1.444428152492668538e+01
1.506400000000000006e+01
1.453536977491961402e+01
1.422761760242792128e+01
1.433832335329341312e+01
1.503961965134706880e+01
1.472801302931596013e+01
1.544481605351170650e+01
1.562943262411347511e+01
1.534920634920634974e+01
1.390408805031446526e+01
1.527968749999999964e+01
1.474006622516556320e+01
1.463650793650793602e+01
1.531683168316831711e+01
1.413535031847133716e+01
1.563252032520325230e+01
1.475721561969439755e+01
1.444583987441130368e+01
1.499681528662420327e+01
1.473170731707317138e+01
1.399393019726858789e+01
1.419472913616398202e+01
1.459083969465648778e+01
1.511707317073170742e+01
1.556672443674176698e+01
1.421824104234527653e+01
1.452968036529680340e+01
1.493599999999999994e+01
1.371040723981900378e+01
1.438171262699564501e+01
1.533225283630470059e+01
1.729766536964980617e+01
1.605918367346938780e+01
1.455154639175257714e+01
1.502572347266881003e+01
1.442743221690590083e+01
1.513826366559485592e+01
1.440353697749196193e+01
1.487658227848101333e+01
1.511442786069651767e+01
1.434559999999999924e+01
1.567164179104477562e+01
1.525044091710758387e+01
1.453846153846153832e+01
1.422748091603053489e+01
1.495283018867924518e+01
1.365256797583081649e+01
1.488721804511278179e+01
1.545826235093696788e+01
1.497260273972602818e+01
1.413906249999999964e+01
1.469938650306748507e+01
1.444514106583072177e+01
1.486867088607595022e+01
1.506754530477759424e+01
1.456774193548387153e+01
1.615371329879101836e+01
1.378723404255319096e+01
1.543505477308294260e+01
1.545087719298245688e+01
1.520242214532872005e+01
1.534819897084048002e+01
1.599819168173598527e+01
1.512321428571428505e+01
1.577288732394366200e+01
1.471746575342465668e+01
1.411963190184049033e+01
1.474347158218125919e+01
1.471314102564102555e+01
1.517133443163097262e+01
1.492642140468227474e+01
1.503150912106135983e+01
1.433917197452229253e+01
1.443730886850152828e+01
1.483227848101265778e+01
1.425273010920436789e+01
1.435347432024169123e+01
1.582521008403361407e+01
1.434848484848484773e+01
1.457496136012364829e+01
1.534876033057851252e+01
1.383072100313479602e+01
1.414141414141414188e+01
1.530830670926517634e+01
1.547377622377622330e+01
1.522608695652173871e+01
1.385692068429237978e+01
1.490701219512195053e+01
1.473743922204213952e+01
1.638324420677361815e+01
1.454305799648506081e+01
1.497427652733118997e+01
1.460841423948220097e+01
1.454874213836477992e+01
1.462637362637362592e+01
1.522331691297208600e+01
1.551916376306620293e+01
1.450414593698175736e+01
1.426676829268292757e+01
1.486718750000000000e+01
1.409567901234567877e+01
1.494728682170542555e+01
1.591403508771929864e+01
1.419999999999999929e+01
1.393284671532846630e+01
1.447102526002971778e+01
1.439324116743471649e+01
1.563184079601990106e+01
1.415660685154975518e+01
1.455993930197268504e+01
1.593162393162393187e+01
1.440778341793570227e+01
1.423600605143721687e+01
1.487675507020280818e+01
1.500658978583196124e+01
1.488118811881188108e+01
1.413841368584759017e+01
1.423179791976225772e+01
1.526645264847511996e+01
1.445676998368678667e+01
1.449922480620154985e+01
1.503387096774193488e+01
1.460325203252032544e+01
1.515901639344262364e+01
1.481364392678868569e+01
1.524496644295301984e+01
1.519072164948453540e+01
1.362480857580398208e+01
1.401128349788434413e+01
1.454819277108433795e+01
1.550666666666666593e+01
1.519337979094076729e+01
1.504898648648648596e+01
1.499833333333333307e+01
1.546232876712328697e+01
1.429037520391517191e+01
1.438601823708206773e+01
1.550990099009900902e+01
1.477157360406091335e+01
1.470352564102564052e+01
1.510310965630114488e+01
1.502006688963210657e+01
1.432539682539682602e+01
1.497310126582278400e+01
1.506821963394342845e+01
1.499499999999999922e+01
1.594356261022927690e+01
1.473830155979202772e+01
1.469808306709265189e+01
1.472727272727272663e+01
1.517927631578947434e+01
1.506060606060606055e+01
1.522635135135135087e+01
1.438064516129032278e+01
1.262700534759358284e+01
1.401690507152145670e+01
1.493999999999999950e+01
1.462600321027287364e+01
1.479491255961844232e+01
1.569335604770017056e+01
1.500345423143350665e+01
1.568739205526770242e+01
1.487500000000000000e+01
1.464376996805111908e+01
1.488498402555910616e+01
1.379367469879518104e+01
1.432898550724637765e+01
1.496703296703296715e+01
1.452782193958664614e+01
1.496979332273449970e+01
1.416846986089644567e+01
1.461236802413272962e+01
1.389497041420118428e+01
1.484384384384384425e+01
1.618181818181818343e+01
1.596060037523452202e+01
1.610447761194029681e+01
1.484201388888888928e+01
1.486378205128205110e+01
1.501620745542949820e+01
1.380000000000000071e+01
1.501353383458646640e+01
1.495276872964169357e+01
1.494489465153970897e+01
1.550252100840336134e+01
1.486287625418060188e+01
1.392042042042042027e+01
1.516079632465543625e+01
1.536717428087986548e+01
1.442351046698872707e+01
1.408849557522123952e+01
1.512055641421947527e+01
1.422464898595943872e+01
1.409593023255813904e+01
1.439411764705882391e+01
1.472350230414746619e+01
1.481674565560821399e+01
1.433999999999999986e+01
1.617785234899328728e+01
1.418770764119601324e+01
1.487614678899082499e+01
1.454317111459968537e+01
1.416167664670658688e+01
1.409143686502177140e+01
1.422157434402332399e+01
1.584590163934426243e+01
1.565703971119133620e+01
1.449669966996699699e+01
1.549918433931484429e+01
1.463531353135313573e+01
1.497129186602870732e+01
1.456190476190476168e+01
1.535504885993485402e+01
1.459380097879282268e+01
1.480062794348508604e+01
1.438699690402476783e+01
1.489563862928348925e+01
1.492753623188405854e+01
1.492258064516128968e+01
1.380298507462686608e+01
1.467155425219941378e+01
1.502866242038216527e+01
1.543645484949832714e+01
1.433811802232854937e+01
1.452173913043478315e+01
1.480310077519379774e+01
1.519837398373983817e+01
1.456959999999999944e+01
1.497318611987381765e+01
1.459493670886075911e+01
1.433484848484848406e+01
1.485780525502318383e+01
1.502272727272727337e+01
1.520465890183028357e+01
1.379969418960244631e+01
1.492942942942942963e+01
1.504255319148936110e+01
1.539966273187183887e+01
1.456862745098039191e+01
1.559933774834437159e+01
1.623844731977818867e+01
1.486091549295774605e+01
1.473279999999999923e+01
1.357602339181286588e+01
1.463570391872278620e+01
1.520292207792207861e+01
1.457189014539580008e+01
1.460559006211180133e+01
1.540789473684210442e+01
1.509353741496598644e+01
1.553253424657534332e+01
1.525996533795493981e+01
1.509106239460371057e+01
1.485550082101806169e+01
1.491085899513776347e+01
1.434428794992175327e+01
1.452591463414634099e+01
1.353525179856115024e+01
1.500000000000000000e+01
1.578819444444444464e+01
1.416393442622950793e+01
1.495038759689922436e+01
1.413467492260061853e+01
1.448875562218890600e+01
1.435768645357686424e+01
1.437915407854984906e+01
1.526205787781350409e+01
1.485049833887043214e+01
1.525913621262458442e+01
1.431520000000000081e+01
1.456641221374045791e+01
1.421515151515151487e+01
1.420827178729689777e+01
1.525198098256735335e+01
1.501172529313232751e+01
1.376923076923077005e+01
1.466421207658321002e+01
1.409803921568627416e+01
1.433775811209439510e+01
1.485669781931464151e+01
1.478009630818619513e+01
1.427469135802469147e+01
1.511829652996845397e+01
1.425000000000000000e+01
1.536421725239616620e+01
1.485357737104825304e+01
1.503420195439739437e+01
1.562092624356775339e+01
1.588043478260869534e+01
1.488965517241379288e+01
1.548235294117647065e+01
1.485092127303182608e+01
1.538269550748752046e+01
1.491471571906354576e+01
1.496585365853658622e+01
1.362648809523809490e+01
1.598569157392686790e+01
1.446621621621621578e+01
1.536850649350649434e+01
1.484974958263772926e+01
1.544127516778523557e+01
1.447712418300653603e+01
1.443969465648855000e+01
1.552864157119476296e+01
1.401269841269841265e+01
1.405603448275862100e+01
1.580551053484602875e+01
1.389102564102564052e+01
1.562183544303797511e+01
1.496592844974446379e+01
1.419969040247677938e+01
1.596864686468646788e+01
1.536785714285714199e+01
1.608273381294964111e+01
1.559414990859232120e+01
1.607116788321167888e+01
1.452122241086587451e+01
1.388693098384728408e+01
1.509770992366412301e+01
1.344756277695716484e+01
1.554642313546423082e+01
1.431869918699186961e+01
1.452735562310030382e+01
1.473750000000000071e+01
1.516639477977161476e+01
1.448314606741572952e+01
1.498730158730158735e+01
1.519800332778702234e+01
1.474304418985270004e+01
1.455172413793103381e+01
1.452469135802469147e+01
1.466666666666666607e+01
1.513798701298701310e+01
1.532542372881355952e+01
1.434726688102893810e+01
1.469645608628659517e+01
1.404524886877828038e+01
1.517884914463452617e+01
1.457835218093699581e+01
1.493968253968253990e+01
1.398628048780487809e+01
1.591396103896103931e+01
1.535294117647058876e+01
1.498489932885906128e+01
1.546114864864864913e+01
1.531951640759930910e+01
1.433760000000000012e+01
1.372779369627507151e+01
1.507843137254901933e+01
1.419470404984423695e+01
1.615692821368948273e+01
1.507624113475177374e+01
1.443423137876386697e+01
1.460336906584992356e+01
1.407313432835820954e+01
1.487786259541984712e+01
1.425851393188854566e+01
1.507535321821036156e+01
1.559724612736660987e+01
1.451907131011608598e+01
1.545648604269293891e+01
1.504074702886247827e+01
1.537668918918918948e+01
1.547652173913043505e+01
1.543728222996515598e+01
1.481969949916527618e+01
1.578327645051194494e+01
1.513414634146341520e+01
1.539182282793867174e+01
1.510204081632653050e+01
1.541226575809199240e+01
1.606521739130434767e+01
1.489842381786339764e+01
1.456031746031746010e+01
1.509339774557165903e+01
1.580244755244755162e+01
1.511733800350262769e+01
1.481280788177339858e+01
1.415975422427035291e+01
1.482461538461538453e+01
1.548060708263069074e+01
1.410754414125200640e+01
1.534181240063593066e+01
1.428985507246376763e+01
1.593791946308724761e+01
1.572458410351201508e+01
1.559855334538878857e+01
1.558602150537634401e+01
1.473434856175972918e+01
1.417411402157164879e+01
1.346619718309859159e+01
1.481885125184094321e+01
1.496563011456628445e+01
1.445047923322683658e+01
1.385946745562130111e+01
1.526332288401253834e+01
1.521342512908777955e+01
1.596936936936936924e+01
1.462391681109185448e+01
