3.333333333333333148e-01
4.303465665063862744e+00
5.257069007569231900e+00
7.973658243066617857e+00
9.290275203939929227e+00
1.011603525604785148e+01
1.024173562456281950e+01
1.070965120011975102e+01
1.162050893007674546e+01
1.121056521897276248e+01
1.149321225044531403e+01
1.171885221556800438e+01
1.140629400128067772e+01
1.105564961971289684e+01
1.135844851559952851e+01
1.111962009196232515e+01
1.134874508581176400e+01
1.173907943138646992e+01
1.167834801125617084e+01
1.233466760601419310e+01
1.184679808244279897e+01
1.214483812111518013e+01
1.194026431515461084e+01
1.091258609373507937e+01
1.176488264275251971e+01
1.174384825661141640e+01
1.149426958936656362e+01
1.111849835227856431e+01
1.129112550777552393e+01
1.108849898373541265e+01
1.097535535446321298e+01
1.088134841727885416e+01
1.134373561945819731e+01
1.117134004282376480e+01
1.114608677368130074e+01
1.149323937512004079e+01
1.174789284868205819e+01
1.119093484308843500e+01
1.150219209555552347e+01
1.116397326019119873e+01
1.117618938168797804e+01
1.145122469473369975e+01
1.126035156785743574e+01
1.086594972829180605e+01
1.095943738955771707e+01
1.074200016485603371e+01
1.102825184710165907e+01
1.195240968275366633e+01
1.198333270266556205e+01
1.183430818530931816e+01
1.175807740350819586e+01
1.120346600302047513e+01
1.158314826455102242e+01
1.094890447396043243e+01
1.117877785017391723e+01
1.096720810760993459e+01
1.132682007545320424e+01
1.115042030173910348e+01
1.170584307381348488e+01
1.128581485882204483e+01
1.158017331840703079e+01
1.130437114424027634e+01
1.155302675834505521e+01
1.150356459542406107e+01
1.154649695752804206e+01
1.144631423065125020e+01
1.142298070076074801e+01
1.133332184141153576e+01
1.102383838735489796e+01
1.134643205561151902e+01
1.174620256623723158e+01
1.123342910174246434e+01
1.155091156195467406e+01
1.152584765885971763e+01
1.125565671522570987e+01
1.116119261906405846e+01
1.111617204330187292e+01
1.124313245694096253e+01
1.142985136422414172e+01
1.124664612618198589e+01
1.195158717781883162e+01
1.180187289411249196e+01
1.178904842295600375e+01
1.175967795296967111e+01
1.175694977630478100e+01
1.139392587048521222e+01
1.147013321167879774e+01
1.162014054855350054e+01
1.149556686649934356e+01
1.143968643963429876e+01
1.133508232508324731e+01
1.106999778940415702e+01
1.140279375954064101e+01
1.151850333233098489e+01
1.172121073103829403e+01
1.162259972416409859e+01
1.170367171561220232e+01
1.133826289921412034e+01
1.139629137719133922e+01
1.119868564133538591e+01
1.111542899084430935e+01
1.100528263231915815e+01
1.116053100607871507e+01
1.123350038565700082e+01
1.111635347266478036e+01
1.085193263407310305e+01
1.113073552539885291e+01
1.112145868897742140e+01
1.134060411949490366e+01
1.170521536869119394e+01
1.213207118750694669e+01
1.170680566116985766e+01
1.241791664728384781e+01
1.158846000533682385e+01
1.153821235915131282e+01
1.203567601955352906e+01
1.209116524235908230e+01
1.183070331376098672e+01
1.179260904781436636e+01
1.184945573380201189e+01
1.137637171466335495e+01
1.196460741030463026e+01
1.156014953630027264e+01
1.151900011016582681e+01
1.103428089223863751e+01
1.144123220463665191e+01
1.099829680655847497e+01
1.109870809698212923e+01
1.077828174416810292e+01
1.080613351447163417e+01
1.081916110843550349e+01
1.116730328251062865e+01
1.061242530880784152e+01
1.070606923141375688e+01
1.108686105193584481e+01
1.112565575010012964e+01
1.122287998505239237e+01
1.106130028447355507e+01
1.137813337823607718e+01
1.044122935106009287e+01
1.048179375240031419e+01
1.092907820456214374e+01
1.063187736759645574e+01
1.113696793773921101e+01
1.082249473493191161e+01
1.139251092261256204e+01
1.173056359667923765e+01
1.181314312712767389e+01
1.070089027870969467e+01
1.056037537097090961e+01
1.063437335724992217e+01
1.097889183085120379e+01
1.081232851516619675e+01
1.044743709337765480e+01
1.071987597062322450e+01
1.084519682319121436e+01
1.125164613359845589e+01
1.114346556423648060e+01
1.124181393056175970e+01
1.085233628887207580e+01
1.100412266639730952e+01
1.115328071737285320e+01
1.144181434107914086e+01
1.114594842655187534e+01
1.113820267697741961e+01
1.143508547189304814e+01
1.166325580457961664e+01
1.125833504150509157e+01
1.143866469399470986e+01
1.123465970214109078e+01
1.118101314719437944e+01
1.057640757650657015e+01
1.131699675416262174e+01
1.108303226764446769e+01
1.077686877051368164e+01
1.143601028457182522e+01
1.091895037402471402e+01
1.098925559375476446e+01
1.170761174754300527e+01
1.154947470650279939e+01
1.146721363577731623e+01
1.166753327750686964e+01
1.217492321214001194e+01
1.193159659814157081e+01
1.154974092496206239e+01
1.129852328838516939e+01
1.100180078426477159e+01
1.170432118424374579e+01
1.219130451928777958e+01
1.193924625898653780e+01
1.173156821572807651e+01
1.184160787540648307e+01
1.158718271907013353e+01
1.157756245995000377e+01
1.154080071322475121e+01
1.211155396619108693e+01
1.239773261629040668e+01
1.146940177242982273e+01
1.162745536404403701e+01
1.175640897246838179e+01
1.137731596761512343e+01
1.125000085088675483e+01
1.112981128822740828e+01
1.123750072383954723e+01
1.136971336910534092e+01
1.120016616371021811e+01
1.157244699411935152e+01
1.143002298547244777e+01
1.111867145897448772e+01
1.142692295467918306e+01
1.172627883314608255e+01
1.212973411237969223e+01
1.238679851574656787e+01
1.233126277969640228e+01
1.172438591283812315e+01
1.192588265899341415e+01
1.111387514657057451e+01
1.084585749814421973e+01
1.110499992355765286e+01
1.103256433851916185e+01
1.105581008936451681e+01
1.142778116321207449e+01
1.137768976727887527e+01
1.114887875740524592e+01
1.141042638249700580e+01
1.127926422186437172e+01
1.157516916748257252e+01
1.186037707956452536e+01
1.191526502926987874e+01
1.197808996581389707e+01
1.204291807016373284e+01
1.165409151182987912e+01
1.101775489711262068e+01
1.137074191961523972e+01
1.094367950632125108e+01
1.152054142770701262e+01
1.170637928214913792e+01
1.198722523079865176e+01
1.176113900078106589e+01
1.195594178925308704e+01
1.243879261613069964e+01
1.217737266798246409e+01
1.149956752623710798e+01
1.163803020739074512e+01
1.187378991091247649e+01
1.138762966421349176e+01
1.121389465141647257e+01
1.145686904052918820e+01
1.119162900772156277e+01
1.102322467405423367e+01
1.150532214153043853e+01
1.158423236330546047e+01
1.177948980129880496e+01
1.180659587901329566e+01
1.105880991850906980e+01
1.142353378304066069e+01
1.163528128062583988e+01
1.093781844581525498e+01
1.101217732602788146e+01
1.112007309925519571e+01
1.180914240493817147e+01
1.119857582290483222e+01
1.155517794688226196e+01
1.240013726555139684e+01
1.210863641732376017e+01
1.191547157903364962e+01
1.141278108418103265e+01
1.144203628239058546e+01
1.159896980223203578e+01
1.128914089092521600e+01
1.078300016695981078e+01
1.092555461621443413e+01
1.092971591490449512e+01
1.120374283198535892e+01
1.143696465469378154e+01
1.145362392401680474e+01
1.112697554229792907e+01
1.169674299475356705e+01
1.153593437372604669e+01
1.153333288144117219e+01
1.162630105144356385e+01
1.166528350554015070e+01
1.196508762545777849e+01
1.186112900802044656e+01
1.152553080445099987e+01
1.110878208292828440e+01
1.109292775073060788e+01
1.115120681226370358e+01
1.096126747418048275e+01
1.147317055419575738e+01
1.111572728437915636e+01
1.096467830558463241e+01
1.098404008632765816e+01
1.065421497842871368e+01
1.095304761817665273e+01
1.150140731013095596e+01
1.156093000308993446e+01
1.132794406815749610e+01
1.174343397453395887e+01
1.140379305994233228e+01
1.111603122701030877e+01
1.122767202509431961e+01
1.150228588457938450e+01
1.107447792680510723e+01
1.118761986897765404e+01
1.139295742132545364e+01
1.151121416130726338e+01
1.121722732658658117e+01
1.160733060742008149e+01
1.145197374260050260e+01
1.136075493330193709e+01
1.125133379487120067e+01
1.114443595149507082e+01
1.129218060497647613e+01
1.167540766980071609e+01
1.144676215207072190e+01
1.138946068131901512e+01
1.069903099545913783e+01
1.141789344456067212e+01
1.146571004658615323e+01
1.118849648411402775e+01
1.095597801658303361e+01
1.100024847077693302e+01
1.122244314998671832e+01
1.144431577024612601e+01
1.147746052312335685e+01
1.186746894888884718e+01
1.162244880278676362e+01
1.150878019943498742e+01
1.168010615859153489e+01
1.169005247487656440e+01
1.134974087103278961e+01
1.156728500320090802e+01
1.155055226973096438e+01
1.195164534665355127e+01
1.151517073942666158e+01
1.156496516449609935e+01
1.185554477545682417e+01
1.146313434972475243e+01
1.098332740517430395e+01
1.198496853725568556e+01
1.155150520777608669e+01
1.150529082662238167e+01
1.125028548121077421e+01
1.103349467981682075e+01
1.100840770007766878e+01
1.111149096134831460e+01
1.193248406588508814e+01
1.177166565806091825e+01
1.130611409703072034e+01
1.130733364497200277e+01
1.100310729366259466e+01
1.105192546999314729e+01
1.122551034900674161e+01
1.099418722201113852e+01
1.089860913183367330e+01
1.129570552921453341e+01
1.164893393016002321e+01
1.188001797737546816e+01
1.149037585607928413e+01
1.212423956472088626e+01
1.166759483120185870e+01
1.140939086949305548e+01
1.113602916901968953e+01
1.137596186473934878e+01
1.132360725584675087e+01
1.158865790426427012e+01
1.180005518632178507e+01
1.166099123778119839e+01
1.122753080863034825e+01
1.136525660063047738e+01
1.185567391116332736e+01
1.169249788115652677e+01
1.134105605120171134e+01
1.136098371512664684e+01
1.147237530767907820e+01
1.127146808590370775e+01
1.107230771852440654e+01
1.182758649416913954e+01
1.174356282459501521e+01
1.190813210961156976e+01
1.156486120066586309e+01
1.178053933931061970e+01
1.191865568761888738e+01
1.208995936373402103e+01
1.231141642414376669e+01
1.195294531402236693e+01
1.174095747513038468e+01
1.140319708884121752e+01
1.147882925431939150e+01
1.084768634884623850e+01
1.097134524792529398e+01
1.137037329975418842e+01
1.146151175767935904e+01
1.174828838588891777e+01
1.139212373771590414e+01
1.122220483921411471e+01
1.124506188507183424e+01
1.183452671831730818e+01
1.173058580708971377e+01
1.180053530140577678e+01
1.182475614223343996e+01
1.206775149679963022e+01
1.173409055199870643e+01
1.212103565609765532e+01
1.134374227429802673e+01
1.190492893596779567e+01
1.131873875060801460e+01
1.091086043931491822e+01
1.094353456096404820e+01
1.119743773629466510e+01
1.100534714360004429e+01
1.088421836202710402e+01
1.153727649128558852e+01
1.166343659332833305e+01
1.173208831664618934e+01
1.161133893610716683e+01
1.175383358645151688e+01
1.159819937980117110e+01
1.154310038978592523e+01
1.164044111381099178e+01
1.175545916756915332e+01
1.154855746410951411e+01
1.198924599202613273e+01
1.170049976879775500e+01
1.130704024139246222e+01
1.128137045659177140e+01
1.144345467421061535e+01
1.153844906961144190e+01
1.123266231767334844e+01
1.136960308851166523e+01
1.138088203874304227e+01
1.152287886290495500e+01
1.114451275213585113e+01
1.128928829824719848e+01
1.111897166350914823e+01
1.085152689157658479e+01
1.094358393610573010e+01
1.083969938433179259e+01
1.083349180940052925e+01
1.071456730934852608e+01
1.117748541009981444e+01
1.098109536332397163e+01
1.105290585255827551e+01
1.114816032963561376e+01
1.082868465401059055e+01
1.105647867934043127e+01
1.136549067410234670e+01
1.113080816508427873e+01
1.123175638084343397e+01
1.097617310403405000e+01
1.101127921089589279e+01
1.145604896150339869e+01
1.167552488762331642e+01
1.220280775860550015e+01
1.224409344774128350e+01
1.169895330996281935e+01
1.135272370573411216e+01
1.101735710248745015e+01
1.150525148503446893e+01
1.144191136231374273e+01
1.149153873327936104e+01
1.156469641101960022e+01
1.153331773611134459e+01
1.121868597471185680e+01
1.114492422224117618e+01
1.089912266971868249e+01
1.091157517542826660e+01
1.119051402270134332e+01
1.126882873639296356e+01
1.093720569382455921e+01
1.124493909835938688e+01
1.128726267478553957e+01
1.144677643469075790e+01
1.134770374370554258e+01
1.117699724747506984e+01
1.133586967505318555e+01
1.134728828146720048e+01
1.100997672395174831e+01
1.089286763599224805e+01
1.093932134590758665e+01
1.100810308286834349e+01
1.102172523012547245e+01
1.122960248784855430e+01
1.114529210820284888e+01
1.145073044063441614e+01
1.172076704486832632e+01
1.132081016197008871e+01
1.179913650110001377e+01
1.128047479993968771e+01
1.098007043025140028e+01
1.094862385339960653e+01
1.088960776065722058e+01
1.055280606708309499e+01
1.091194428580472042e+01
1.107172165628657545e+01
1.102325161558138511e+01
1.107345932034315439e+01
1.129901142113319779e+01
1.108379187367220808e+01
1.166309677757487329e+01
1.116367273602899424e+01
1.120467400346891296e+01
1.101131330667884889e+01
1.190147877985408620e+01
1.182354184019944299e+01
1.184823432537702104e+01
1.155331472183964436e+01
1.164660793549966655e+01
1.173196403004579835e+01
1.209792825808112759e+01
1.168053840842137880e+01
1.141121227208104294e+01
1.096602467270120940e+01
1.091844894238774089e+01
1.107422053339181112e+01
1.123734804778074192e+01
1.187223672045588252e+01
1.085811777638610032e+01
1.110173809930118516e+01
1.129173459893328513e+01
1.131043282295449970e+01
1.127449502158092365e+01
1.094327522974541722e+01
1.108775444886637374e+01
1.121908877614477085e+01
1.101061951467097266e+01
1.117109319026788761e+01
1.131953446389398010e+01
1.155466597131976769e+01
1.164256302070242022e+01
1.179146585467958630e+01
1.203237687735512118e+01
1.162010740153876753e+01
1.164761590901570720e+01
1.158024611250824165e+01
1.160778624457119790e+01
1.211873882165247451e+01
1.182350924508939549e+01
1.187913118504085297e+01
1.106425539879803033e+01
1.129243205317898813e+01
1.139839480028271446e+01
1.120124747512386776e+01
1.162500426725996405e+01
1.151672608904161521e+01
1.187178722675858111e+01
1.149837741027749338e+01
1.089210397110452355e+01
1.094373135338734926e+01
1.084347481284588177e+01
1.109781092008338987e+01
1.100615903580137278e+01
1.117001473639418307e+01
1.073470127273943397e+01
1.118668579027964860e+01
1.111821114289750767e+01
1.107689476091187863e+01
1.078508170331031835e+01
1.096324600451508147e+01
1.161996768902889166e+01
1.121201513686837004e+01
1.115281107293930063e+01
1.138964685663821008e+01
1.147402702395974394e+01
1.121685219234471376e+01
1.118623793842219172e+01
1.159597828985928736e+01
1.141212017841255566e+01
1.192733780757897755e+01
1.216917539442488838e+01
1.216079654039930702e+01
1.216684052321804899e+01
1.192755589726220222e+01
1.190786041976807752e+01
1.164054765817906834e+01
1.141770070161516415e+01
1.113468260343379868e+01
1.130344878253234064e+01
1.083193216899177003e+01
1.106199351208789672e+01
1.130116619072621020e+01
1.093783520399372122e+01
1.149817239103578004e+01
1.157851178443876350e+01
1.127942053094866814e+01
1.190769115493535679e+01
1.136966759233770929e+01
1.152586414494876266e+01
1.185803004160962892e+01
1.198756223569399637e+01
1.190133573050718319e+01
1.208091333355796060e+01
1.150048887775982465e+01
1.105318910023370726e+01
1.162341351008783619e+01
1.126090459445263825e+01
1.140145020121207509e+01
1.156887406175996169e+01
1.213616448676098791e+01
1.185255574094436959e+01
1.219160122328304396e+01
1.178976449180638930e+01
1.211005207089124092e+01
1.171202426251531215e+01
1.167346199184496314e+01
1.128775135454577772e+01
1.117283139694969485e+01
1.136765542873588863e+01
1.097797435288025802e+01
1.116356007905998382e+01
1.133554024725977882e+01
1.134424672452318461e+01
1.130686962157309949e+01
1.096311574820081702e+01
1.090061789249415547e+01
1.095131017480260027e+01
1.108945117541801473e+01
1.112738531647941009e+01
1.132958995271042113e+01
1.121121004063074622e+01
1.118974103983584634e+01
1.123906443308302627e+01
1.086902936364819716e+01
1.118078977743656921e+01
1.116387484690334198e+01
1.088389082263739205e+01
1.097129791061414039e+01
1.087664423727727225e+01
1.050895431260582136e+01
1.106806361985198883e+01
1.095128532898194962e+01
1.147090570541554655e+01
1.182800939853554567e+01
1.170534682364670154e+01
1.133402748540475535e+01
1.067595756656371186e+01
1.066541823591542126e+01
1.084611783601064339e+01
1.121019372769839784e+01
1.091361386061963401e+01
1.139802682193996652e+01
1.104443974033908482e+01
1.157584318703340465e+01
1.162065429972711605e+01
1.170479673041152857e+01
1.178816047660218302e+01
1.200213261307429669e+01
1.222444809815197964e+01
1.183678378863532643e+01
1.162045475672664807e+01
1.129407912285773108e+01
1.135912867378781499e+01
1.113814665176690966e+01
1.113553441243835884e+01
1.096453060933329660e+01
1.110831719533262607e+01
1.147569701390009023e+01
1.156717865517306265e+01
1.177935432327589282e+01
1.156609665522657870e+01
1.192139211720062519e+01
1.184297048901080451e+01
1.169125384517340827e+01
1.109311009017923944e+01
1.076425409374176567e+01
1.062327617708600158e+01
1.076138862907678195e+01
1.055842501619539320e+01
1.091648629887932032e+01
1.153900025819687869e+01
1.154657507865467991e+01
1.105117416573772005e+01
1.108413439530588818e+01
1.169062184298607932e+01
1.152466772300518727e+01
1.184029697872645848e+01
1.203712360964557249e+01
1.143014750166546456e+01
1.110807640717474953e+01
1.163895127305879562e+01
1.183159155131719942e+01
1.109776264435891768e+01
1.140370327958809149e+01
1.101262849253986431e+01
1.139999283004621056e+01
1.154468955386016304e+01
1.155087727621173421e+01
1.135379889692673849e+01
1.141166807888960832e+01
1.156932490163802107e+01
1.184332544339823379e+01
1.178183693474024807e+01
1.141721644668156266e+01
1.139022309693070234e+01
1.203552062339872997e+01
1.169303322454138083e+01
1.184733086961567317e+01
1.174552086611218016e+01
1.161151061320128086e+01
1.131549903766969400e+01
1.136518955600788772e+01
1.103798980281176867e+01
1.169518557007121906e+01
1.158704050258657681e+01
1.164335190793978647e+01
1.143248886827367450e+01
1.160085801409529616e+01
1.215049196771771456e+01
1.133548902733477881e+01
1.115371434171464671e+01
1.167892680714391140e+01
1.178057380002513455e+01
1.164763421715345082e+01
1.143831428528468663e+01
1.111742423622582088e+01
1.145674817685183733e+01
1.109903560250138277e+01
1.136657523716531060e+01
1.155123196038216804e+01
1.191443619024675726e+01
1.149631025564301190e+01
1.157360424327620230e+01
1.206562710510056213e+01
1.142624332591308267e+01
1.159821641469717513e+01
1.145948883147830166e+01
1.147090293434904140e+01
1.202931241180547062e+01
1.165485582262918385e+01
1.194184813610214313e+01
1.166243611117425516e+01
1.181834963264574689e+01
1.123312028385794648e+01
1.102610488972576341e+01
1.067279219710485094e+01
1.088738620997735573e+01
1.098656865819109107e+01
1.134122533961478929e+01
1.121515040703318533e+01
1.148920631061672104e+01
1.169385691101179603e+01
1.140166526921874457e+01
1.146405240830475769e+01
1.038978785798320637e+01
1.081522336889391589e+01
1.127187421507831644e+01
1.117982260800984484e+01
1.132776455955639605e+01
1.095717705111246154e+01
1.181903279793820793e+01
1.144978857687873131e+01
1.135540103354011876e+01
1.098336631249549278e+01
1.095032977613939096e+01
1.136617445026776352e+01
1.116534300069456798e+01
1.119919114223791290e+01
1.134288524656760266e+01
1.145080378482780503e+01
1.141930705798062284e+01
1.089316700650697811e+01
1.141831547005278047e+01
1.141250381312863382e+01
1.141010485585951884e+01
1.130790441509930133e+01
1.141649382281690528e+01
1.133013608614188250e+01
1.166906651645858872e+01
1.114391327370598717e+01
1.113609102826973718e+01
1.107300407384102670e+01
1.116195480072848945e+01
1.119776301472004043e+01
1.201138208578369770e+01
1.211048615397832862e+01
1.203801565364653214e+01
1.174544998440416776e+01
1.156328645524008358e+01
1.184746451056545347e+01
1.195067779327101576e+01
1.164379502474544736e+01
1.132527441870653284e+01
1.202168387995012822e+01
1.148265698169615767e+01
1.163842160673237203e+01
1.166387694141046794e+01
1.161017688832133565e+01
1.129320229538788745e+01
1.144959190270986582e+01
1.131640592932379796e+01
1.129347970128898737e+01
1.105835034418165996e+01
1.109711422559019134e+01
1.153568895333912359e+01
1.105296321025863904e+01
1.119222376502869309e+01
1.144882325614807961e+01
1.163846462879821964e+01
1.129801627952621246e+01
1.153388903932645704e+01
1.121082763303190610e+01
1.097026232232458298e+01
1.064675067222687943e+01
1.029485964101363571e+01
1.069932134344237618e+01
1.052923296654358154e+01
1.159935612562085261e+01
1.158282476140140282e+01
1.168535408866361891e+01
1.178611052282887961e+01
1.184123291571336622e+01
1.149565917663916892e+01
1.123856896664161198e+01
1.147189601686701188e+01
1.116426073927938667e+01
1.184669058120651108e+01
1.148630172991637366e+01
1.147211552207378915e+01
1.116078598180119918e+01
1.097024842346716866e+01
1.126033458076265603e+01
1.132466076308048919e+01
1.168073998972815275e+01
1.140880684719462401e+01
1.083389254864425233e+01
1.109932212166723176e+01
1.133527253734072104e+01
1.143692991010996529e+01
1.110352116646734366e+01
1.044885462726154479e+01
1.098509543493972807e+01
1.140034980392689334e+01
1.092661292029898057e+01
1.047071572141610396e+01
1.066958249974632622e+01
1.090617141379090249e+01
1.100011026240967560e+01
1.119591584699862175e+01
1.081102245612108526e+01
1.042848367637174789e+01
1.105563427301055590e+01
1.071655121283845524e+01
1.091363578342371277e+01
1.118958547295807548e+01
1.105795817392753655e+01
1.095146784243396709e+01
1.074059742114716087e+01
1.087531153401021555e+01
1.078200980413455490e+01
1.108890358068027737e+01
1.104043113876690541e+01
1.130135630502275745e+01
1.096569196602377794e+01
1.075399564557206133e+01
1.087795059223797978e+01
1.164644190794564693e+01
1.159067422827382821e+01
1.115067604284302405e+01
1.100764885295113515e+01
1.100235478490813179e+01
1.099553585094120933e+01
1.045617471751995176e+01
1.095079643275405523e+01
1.078182103320620300e+01
1.124456796806214420e+01
1.109653656075974837e+01
1.084644878006911739e+01
1.116690792890687689e+01
1.049490905692831255e+01
1.087295123778549133e+01
1.071186902276753550e+01
1.115656450934785404e+01
1.136477370256579889e+01
1.160281484726676204e+01
1.163071427754367448e+01
1.113979552503925063e+01
1.095757920636227567e+01
1.102731562738669346e+01
1.158984360725061435e+01
1.141746103910856291e+01
1.152427388958489729e+01
1.126647007497026287e+01
1.133828566326738851e+01
1.131386336284013616e+01
1.130906006548611842e+01
1.116461122057144273e+01
1.100714712003777684e+01
1.137013120820802570e+01
1.158734052681839799e+01
1.171604950256341127e+01
1.136171531340838747e+01
1.155635236706224234e+01
1.119756969465952778e+01
1.123505938935003279e+01
1.134819159294237068e+01
1.129949489192683210e+01
1.096607432431320994e+01
1.097863755633197691e+01
1.103846416547930609e+01
1.109103693972818583e+01
1.143782521556696885e+01
1.148602849100406154e+01
1.132514994136884567e+01
1.138327518546558359e+01
1.152896729616114158e+01
1.159780378618657082e+01
1.173089061826649449e+01
1.166116229283197114e+01
1.164612455059173968e+01
1.188476697515427460e+01
1.207943758644162635e+01
1.188157120705221814e+01
1.109125753646529589e+01
1.201452699894014842e+01
1.210309010858150991e+01
1.159468825398403879e+01
1.203870159917981475e+01
1.177117160941518570e+01
1.191541402002029670e+01
1.157834670190002058e+01
1.112080037202913196e+01
1.151033950221347801e+01
1.090189408254935444e+01
1.141362842221211693e+01
1.120229312154823376e+01
1.134280371487893113e+01
1.153918821186997690e+01
1.175221299049317558e+01
1.143429192409118578e+01
1.142408928487162356e+01
1.160386585235903389e+01
1.188712261851920715e+01
1.173729760641025521e+01
1.198192212124096834e+01
1.193599070736896195e+01
1.175923319504942732e+01
1.140411327059079305e+01
1.153808326819945584e+01
1.167164786627671980e+01
1.124496688673919564e+01
1.132656569422865189e+01
1.120194779282557462e+01
1.073207141384873431e+01
1.054644755320124538e+01
1.108067654316145045e+01
1.081874647975861770e+01
1.070480005595095996e+01
1.112574674074338965e+01
1.156886267559457337e+01
1.169695764971422491e+01
1.164917051571122286e+01
1.152621007614372139e+01
1.182761268264907173e+01
1.199350914278137381e+01
1.172184538221155670e+01
1.204982980255883085e+01
1.169925242415184208e+01
1.186332672807966659e+01
1.195689614009337198e+01
1.190201107611137310e+01
1.182666991898895326e+01
1.182288378442206245e+01
1.164786038078834274e+01
1.165869703476696984e+01
1.147724281517415790e+01
1.145204642530110029e+01
1.097296530408145010e+01
1.099033375274103186e+01
1.050111517477928658e+01
1.103716296533688279e+01
1.091305757672285459e+01
1.115776719892240187e+01
1.123094694739731914e+01
1.190303146557447889e+01
1.130602174916310432e+01
1.123646229265889041e+01
1.089596430725737974e+01
1.087374070078675814e+01
1.082780901937672091e+01
1.066793294724141461e+01
1.116531564389122799e+01
1.171786958341643903e+01
1.143724872028540318e+01
1.202219145556244939e+01
1.100192794585790601e+01
1.097635799394775802e+01
1.140515703286734883e+01
1.147366232463585156e+01
1.133404676251974230e+01
1.116703823776458826e+01
1.131357866560870207e+01
1.139834659717275578e+01
1.127217804905349396e+01
1.115829663446974074e+01
1.147863237546265403e+01
1.145772067106886816e+01
1.149200653458853338e+01
1.152358609668633349e+01
1.152237504351478670e+01
1.161936996472777217e+01
1.170262793810430857e+01
1.174183846107571227e+01
1.193670418336919070e+01
1.258287463372117898e+01
1.201837034131210480e+01
1.169490197861316183e+01
1.131131111185572280e+01
1.112880119351030039e+01
1.112713852024858063e+01
1.147012061090480906e+01
1.130199305818578992e+01
1.084242182172240554e+01
1.117022707337959098e+01
1.123771220735867793e+01
1.084556280704840603e+01
1.136187917090795985e+01
1.148046081968520049e+01
1.149716390334728366e+01
1.139976691958738009e+01
1.140720684712922584e+01
1.177663080902591020e+01
1.132370715087605717e+01
1.123023089813017705e+01
1.097998693008010740e+01
1.109438848169519787e+01
1.125435402538818508e+01
1.148349335566533291e+01
1.109100947933742454e+01
1.108483120100028252e+01
1.076750427566786428e+01
1.086134593477854438e+01
1.105081806846836479e+01
1.141506940300172523e+01
1.143977596305659539e+01
1.149090962261367110e+01
1.139526655372090680e+01
1.218333141602918523e+01
1.198160609265740817e+01
1.172131079898941941e+01
1.148818622308425752e+01
1.170980854002504756e+01
1.113269996298994435e+01
1.136341145459926416e+01
1.171460437848834779e+01
1.127429129038561939e+01
1.114759360129633770e+01
1.161961455535110233e+01
1.130424405511263863e+01
1.129371912146275037e+01
1.126570011193969378e+01
1.109810044979555244e+01
1.083188989946870784e+01
1.119242789600931864e+01
1.133719795240517314e+01
1.125362756535536590e+01
1.141298439891690641e+01
1.182153038087392538e+01
1.124068632802759282e+01
1.069925683056339238e+01
1.110354490565732100e+01
1.138488170549730505e+01
1.166322746044134284e+01
1.148819364946257160e+01
1.150106037027981820e+01
1.164479579146070165e+01
1.190848627185278019e+01
1.163425460292237013e+01
1.124110421830108564e+01
1.166959167626888139e+01
1.193415231976304547e+01
1.210275179877162444e+01
1.135328655601009196e+01
1.126163512716424009e+01
1.094750957427936733e+01
1.108442454279675715e+01
1.139638890578382657e+01
1.156300789391596240e+01
1.185949345314323367e+01
1.190807883960891722e+01
1.149405130307163780e+01
1.143546088842358444e+01
1.125302279507005920e+01
1.155386625540074164e+01
1.167595501987180917e+01
1.130536927850745421e+01
1.121167424983813277e+01
1.099385642863860468e+01
1.138483297070444600e+01
1.109126148559214542e+01
1.120707383509919985e+01
1.119349947209244434e+01
1.165640567202841993e+01
1.164157609181416220e+01
1.135233700261965950e+01
1.120879069938006012e+01
1.077769791780776387e+01
1.089772719034076864e+01
1.144264286748489390e+01
1.127880360427692175e+01
1.069042987535791944e+01
1.089405702697839651e+01
1.061375012772431248e+01
1.110167307809127024e+01
1.065239484336698084e+01
1.122961829409542389e+01
1.134178295621388344e+01
1.184245408555675994e+01
1.183610393242137704e+01
1.160921016950971563e+01
1.160648706759315196e+01
1.187839151929736836e+01
1.180079682022145882e+01
1.174406090618763443e+01
1.205438441683280004e+01
1.166312972118588398e+01
1.093179915148811077e+01
1.145703933214544712e+01
1.130426425722216344e+01
1.128101347799140797e+01
1.126718396273590450e+01
1.148005608397631150e+01
1.167695786096617283e+01
1.141630051121886602e+01
1.125146962420780206e+01
1.133446968617999318e+01
1.155640407376331247e+01
1.144835732788058991e+01
1.105752514364087880e+01
1.083665801731196510e+01
1.091115928786924805e+01
1.158484573032401599e+01
1.167323795618223592e+01
1.173627457389262752e+01
1.208724292011082291e+01
1.160593070324100395e+01
1.134614874558865694e+01
1.160259526177886258e+01
1.128619533817148834e+01
1.126965353445929452e+01
1.110270494268772090e+01
1.104262999933320621e+01
1.082283845613367745e+01
1.115013367372491793e+01
1.134680587473129876e+01
1.126948272356797354e+01
1.134602181230659568e+01
1.134962204002473918e+01
1.161831533161648089e+01
1.157835266651656703e+01
1.205907252196632662e+01
1.160092682121698715e+01
1.165463927778716702e+01
1.183662699540697361e+01
1.175579586578741065e+01
1.151512100678251116e+01
1.196601800122034120e+01
1.214554290196349484e+01
1.199232788589017495e+01
1.154697102779885931e+01
1.149836792242847316e+01
1.213860929636331321e+01
1.202622917872390929e+01
1.187290945333574221e+01
1.135316810015278932e+01
1.099473211847336174e+01
1.112003870969666330e+01
1.127624525194545235e+01
1.124298685968273048e+01
1.177498521308061719e+01
1.160752598915545875e+01
1.115772880839559100e+01
1.105472695571025987e+01
1.103866657978984023e+01
1.122494774948829388e+01
1.110938248553599728e+01
1.116976526600736896e+01
1.137053215492861291e+01
1.163789594765601443e+01
1.131270281606690098e+01
1.121766560639154520e+01
1.149854806932335016e+01
1.138564212398636677e+01
1.092211507977480345e+01
1.099325183226706848e+01
1.098079698109872204e+01
1.165801834889077604e+01
1.146089630426744144e+01
1.109780475932396193e+01
1.146306926191360276e+01
1.137288336959686497e+01
1.173192325754100551e+01
1.134755993212877812e+01
1.074313486309519483e+01
1.129446367472266211e+01
1.143879901501949270e+01
1.141821941328910128e+01
1.093793535481081136e+01
1.154352418386890200e+01
1.182751034587290562e+01
1.168313618724079817e+01
1.150393220297638308e+01
1.111417185999082768e+01
1.137153831975382445e+01
1.157800218679384940e+01
1.164472826357481949e+01
1.169098388723413962e+01
1.145325153399632612e+01
1.134147761317347580e+01
1.127969061403532613e+01
1.128510915840093887e+01
1.121622228703883017e+01
1.117652162069039434e+01
1.107796153011546103e+01
1.142445965071603098e+01
1.113779566576723212e+01
1.107136030192661380e+01
1.171186414117777730e+01
1.158857335590398918e+01
1.094434416683481537e+01
1.149276533526611388e+01
1.174820930960849630e+01
1.099627030436107411e+01
1.088335799281148653e+01
1.083492945241627226e+01
1.121544670282397860e+01
1.116463367948054142e+01
1.065414728940621814e+01
1.120306417168802149e+01
1.135100112156401231e+01
1.156116627637969430e+01
1.134498542617050099e+01
1.122185985894975779e+01
1.105556846818826067e+01
1.126319380548244986e+01
1.124852179948269359e+01
1.116346663530389627e+01
1.140454129582324505e+01
1.158608156424497082e+01
1.167831076660394451e+01
1.144078755468964381e+01
1.166516637878613949e+01
1.158005694128607743e+01
1.177061414398314199e+01
1.148610646642223543e+01
1.132312932737296407e+01
1.144620429889428337e+01
1.158431914661448836e+01
1.144199324149023411e+01
1.155528483460652112e+01
1.139872654084376791e+01
1.171469524552920660e+01
1.161065764239518749e+01
1.145978660837671015e+01
1.142271580800493957e+01
1.133334289574687581e+01
1.162375856605879321e+01
1.155882492400589001e+01
1.139392540126110021e+01
1.130889089566269234e+01
1.170348269358074589e+01
1.120095044772113191e+01
1.156503792623539084e+01
1.158363920425436611e+01
1.140449499062874672e+01
1.139683537703928451e+01
1.149416973619509896e+01
1.127723622684406024e+01
1.116807592027344853e+01
1.154942118081874547e+01
1.148835354696325872e+01
1.144075975585272786e+01
1.147639699486460074e+01
1.110742525162395289e+01
1.124340320861585418e+01
1.065350177680796584e+01
1.097750223070430486e+01
1.065905224242164806e+01
1.103024758021853913e+01
1.129949339218375037e+01
1.089240738044893497e+01
1.083139465452419614e+01
1.123272707510114898e+01
1.101921118615728012e+01
1.122333719765024362e+01
1.136191549229191544e+01
1.180497023318905114e+01
1.161624039310233059e+01
1.179639797175670068e+01
1.213657648970044356e+01
1.200821966114526163e+01
1.126915582922824832e+01
1.089003742074784142e+01
1.058358555679650870e+01
1.046583969374988854e+01
1.051146723691789830e+01
1.083497382738121040e+01
1.108119394397272117e+01
1.133473604966241410e+01
1.154452961100563257e+01
1.157136437923434968e+01
1.174572951740495341e+01
1.150701534349005861e+01
1.125719547094190887e+01
1.101550361541832324e+01
1.082700222154139880e+01
1.097449576275036875e+01
1.128319163677398507e+01
1.122725655776516973e+01
1.140088594796454657e+01
1.128859498796993677e+01
1.148477675293259637e+01
1.161581039795186499e+01
1.195016748849754329e+01
1.163271117142424238e+01
1.149403080093148510e+01
1.097428934835953385e+01
1.146890335125156746e+01
1.074211167027267777e+01
1.072366688370791898e+01
1.098677740256792390e+01
1.156391835742223684e+01
1.183152790456652248e+01
1.177213870649072547e+01
1.157712555662327425e+01
1.156010190223979350e+01
1.190505815802775302e+01
1.158557908064887165e+01
1.131150939090848340e+01
1.097309258005624599e+01
1.080953344928488669e+01
1.119707312607151373e+01
1.095238001493519420e+01
1.146370849117788282e+01
1.132310580214114282e+01
1.193982745797421430e+01
1.162328413206823896e+01
1.144052278855153837e+01
1.128277734324193560e+01
1.148698372635316467e+01
1.178709038789759234e+01
1.140361448875800221e+01
1.141482886239511352e+01
1.127525172991049018e+01
1.110292012342560142e+01
1.118317527699274727e+01
1.129066970258119795e+01
1.159795336487294470e+01
1.096822849565003821e+01
1.076476186899362908e+01
1.077494180462124973e+01
1.061844369206554006e+01
1.060434458760639131e+01
1.074768098399442628e+01
1.061800211010673856e+01
1.102482713040607543e+01
1.167724031304827648e+01
1.144773314325302671e+01
1.140880556538243873e+01
1.129122531818344477e+01
1.136609550074668995e+01
1.169422785169296652e+01
1.168374832896536297e+01
1.111108722212554945e+01
1.152086062911128650e+01
1.152479741885841058e+01
1.162691890780569537e+01
1.171456992927431351e+01
1.152397407602365398e+01
1.192385582824917734e+01
1.149213096505446430e+01
1.122937986001062249e+01
1.124759148673263098e+01
1.128170684531949419e+01
1.138383143612815118e+01
1.145924938202832699e+01
1.124906124908504346e+01
1.110818068506402412e+01
1.141721088412027818e+01
1.119604051523815436e+01
1.094043391954355471e+01
1.125102120079337631e+01
1.106184642797624917e+01
1.081882562267916903e+01
1.106425262813953125e+01
1.110853974519802456e+01
1.108183076752123064e+01
1.152900932440006976e+01
1.140214997622552673e+01
1.151711684869610863e+01
1.177070996407740822e+01
1.178516886837551070e+01
1.174984970158273434e+01
1.155817679901936046e+01
1.115712914273730405e+01
1.099338333620580066e+01
1.118835308624034397e+01
1.116868746366631271e+01
1.131940779482532378e+01
1.113584396576685975e+01
1.117471297829969323e+01
1.122844023290058679e+01
1.102267790912082113e+01
1.087983636464324810e+01
1.133585642213381739e+01
1.159076989987741868e+01
1.136690969371739079e+01
1.091254247954616474e+01
1.112227910237275985e+01
1.123716261311679965e+01
1.135461337766395040e+01
1.121905425186683125e+01
1.129977758780783859e+01
1.122785639841542604e+01
1.189646836065101176e+01
1.182662180605970725e+01
1.173239562891585130e+01
1.164708824836357515e+01
1.153461927198103609e+01
1.126067662343561793e+01
1.091686246016635131e+01
1.106279290268776272e+01
1.141790976593852669e+01
1.106067579778672538e+01
1.129525169873206991e+01
1.140460574207739342e+01
1.155868616141535909e+01
1.143846696889135117e+01
1.128993070330897730e+01
1.177175055005713133e+01
1.144956395398499360e+01
1.171191329892344690e+01
1.157860459132955455e+01
1.137344385009482473e+01
1.135641946355239362e+01
1.118094438566178539e+01
1.109820719037107750e+01
1.119659933041038080e+01
1.159923846150149807e+01
1.116054682392322661e+01
1.157291052533434694e+01
1.121378552082272151e+01
1.150852171093625742e+01
1.123503521320320431e+01
1.139555113090380445e+01
1.131784404414639944e+01
1.121565952560506396e+01
1.106458791465170499e+01
1.076021173948031340e+01
1.114562909805250435e+01
1.117134248401990604e+01
1.114718684687201922e+01
1.064637869536082704e+01
1.089960040932282226e+01
1.098378456850972107e+01
1.085827620383619418e+01
1.114987642463778705e+01
1.138042100795764888e+01
1.069931919060515746e+01
1.102166932107691544e+01
1.148481454228790177e+01
1.166388275523629581e+01
1.086357279242070639e+01
1.071205856506918330e+01
1.070477634741098250e+01
1.078403440410379055e+01
1.080003759161161625e+01
1.071096650163857333e+01
1.062255057471374009e+01
1.092659102486608802e+01
1.099135588900831095e+01
1.077437497165395186e+01
1.099587751603162111e+01
1.129674509757770551e+01
1.145442997186758127e+01
1.154146293890897823e+01
1.137598594235935856e+01
1.095207184339916218e+01
1.164043280908284395e+01
1.151119281765168090e+01
1.097749453020356825e+01
1.078395886976754703e+01
1.126115664193014787e+01
1.133934912687996821e+01
1.145932639634623307e+01
1.126510198633192061e+01
1.121726254829330394e+01
1.133819059544654451e+01
1.140186548911932007e+01
1.167766050760848451e+01
1.126989055012369256e+01
1.090968815887725185e+01
1.119641612735260416e+01
1.099042292177758284e+01
1.141625315131834562e+01
1.171429271849530984e+01
1.120532443929913313e+01
1.133252837985258132e+01
1.170811997038819285e+01
1.167009209896504984e+01
1.148487138909220207e+01
1.121980477644502017e+01
1.089059188535870426e+01
1.106553922375100640e+01
1.097431065605329970e+01
1.103115954634404972e+01
1.126358812381200991e+01
1.132484958816975862e+01
1.153793114608067505e+01
1.138985209653828079e+01
1.142302830425134630e+01
1.169163373348146884e+01
1.165828324120388793e+01
1.143925814633486659e+01
1.143056533897687110e+01
1.128818294267339617e+01
1.129196183273510989e+01
1.179139445515131435e+01
1.176295029730518138e+01
1.185775534650801788e+01
1.136111922269908625e+01
1.151883600772475624e+01
1.163570254811790505e+01
1.145229274066920766e+01
1.124624949707492583e+01
1.122501765400444818e+01
1.146094192458007832e+01
1.105369421842276623e+01
1.149135043728046846e+01
1.139542689882797255e+01
1.108565142254696845e+01
1.132240484851469198e+01
1.075882117193509657e+01
1.109685557944918344e+01
1.104474621172229831e+01
1.087373869483250921e+01
1.063191954306255127e+01
1.080487624151325399e+01
1.074332040051013237e+01
1.108720474385257759e+01
1.119294618523967699e+01
1.144083802901801228e+01
1.098971831985688574e+01
1.108992301894988763e+01
1.083776419268771463e+01
1.113472980474620933e+01
1.116524806784746815e+01
1.101263928398714498e+01
1.148624893489116694e+01
1.130967606587975816e+01
1.170734948528375696e+01
1.166228007635805675e+01
1.094621535524923139e+01
1.138592143911713883e+01
1.153095892357966967e+01
1.147270968774601663e+01
1.126916121772816659e+01
1.122629501653215378e+01
1.132215337220262796e+01
1.133407246399004720e+01
1.156743117019468770e+01
1.112055237716387879e+01
1.095862074461515157e+01
1.138073142106940949e+01
1.103639537885648991e+01
1.138244375906647043e+01
1.181790026517863978e+01
1.185388350964717219e+01
1.127244863149042153e+01
1.122786665784463800e+01
1.152593602688635421e+01
1.159154234995922472e+01
1.125480140600779499e+01
1.139863216256788370e+01
1.122043270547145433e+01
1.136891072900017718e+01
1.125659378357877927e+01
1.110328643920690617e+01
1.146309651626975068e+01
1.115593310415146000e+01
1.093935817703798108e+01
1.107617074702331905e+01
1.121037414366836416e+01
1.170780234620293925e+01
1.226612572752726216e+01
1.204194554062382494e+01
1.151775879804857539e+01
1.157652132597102757e+01
1.117684057093144645e+01
1.122219992696824598e+01
1.136033071564192554e+01
1.176436009417465023e+01
1.146911200794233032e+01
1.148426293292724765e+01
1.124133858345685866e+01
1.130532623310620899e+01
1.134744185944163064e+01
1.103120547208658131e+01
1.095430842502963209e+01
1.140289023292885418e+01
1.126317439670391707e+01
1.144895354798775244e+01
1.154788109982042066e+01
1.125918411607283609e+01
1.133795578197033294e+01
1.130511163645819472e+01
1.116663171576882085e+01
1.135010502432236024e+01
1.147494099810750967e+01
1.127673400716355268e+01
1.163186727376081109e+01
1.084245350854769718e+01
1.096313639369534165e+01
1.141755036682698865e+01
1.179225685885591268e+01
1.176729623758373400e+01
1.145928542937454253e+01
1.147209588083273957e+01
1.142736369701654198e+01
1.152910986480346978e+01
1.084160124494082211e+01
1.124600124752999264e+01
1.153818498658440994e+01
1.084566353996202182e+01
1.120818290454147359e+01
1.104638987581761000e+01
1.170562655959731302e+01
1.166379720067467041e+01
1.180524418217097171e+01
1.134269982670321575e+01
1.194905912421883798e+01
1.186059534929022696e+01
1.162533654308817255e+01
1.179717291039253979e+01
1.158244538120402467e+01
1.161026278324803940e+01
1.134369722504946054e+01
1.102659480017094751e+01
1.091821087655109146e+01
1.149143404882431696e+01
1.152500554489654405e+01
1.128587965726807596e+01
1.135797572742649741e+01
1.169317608629425820e+01
1.140276229057048241e+01
1.144339616892814782e+01
1.140146162671727659e+01
1.114449414127902926e+01
1.180603714275344984e+01
1.128853196128779857e+01
1.117635583916155184e+01
1.101009605879094266e+01
1.101722203939228528e+01
1.118157415217492989e+01
1.135450027726456135e+01
1.145788463229191301e+01
1.159093442900651638e+01
1.190636325492321568e+01
1.177471017735812175e+01
1.167843753879526503e+01
1.136093017423783991e+01
1.148466384550759400e+01
1.132204161417366173e+01
1.114662999298035828e+01
1.114709735846867922e+01
1.082661509720844073e+01
1.107122175340701986e+01
1.135409261558993599e+01
1.154360922311602877e+01
1.125073629609874715e+01
1.147855314270914029e+01
1.109878017731817401e+01
1.140499648480531647e+01
1.141975357191102525e+01
1.152930615671469639e+01
1.140382132107132840e+01
1.143847514870938120e+01
1.165598845276034012e+01
1.146803934416776194e+01
1.103607065548068178e+01
1.138749796617130450e+01
1.143612457325049370e+01
1.112366547381325077e+01
1.113787060577058519e+01
1.088255908778664249e+01
1.080901999311700123e+01
1.092828573158443284e+01
1.105078038157335385e+01
1.109467624426236654e+01
1.111342222018433823e+01
1.093318259121424951e+01
1.131355243884803308e+01
1.158590410064796750e+01
1.144249324718398242e+01
1.115421862607430192e+01
1.077812232155017114e+01
1.088948798913779648e+01
1.165071203233909358e+01
1.148023458560449406e+01
1.123786330146837109e+01
1.156092573160835713e+01
1.161814607501945673e+01
1.171626923424699740e+01
1.133415608280497011e+01
1.172615911828136426e+01
1.170978328769050592e+01
1.102191749003221055e+01
1.110205058314830140e+01
1.094936085517527324e+01
1.136637110562363340e+01
1.093514937365811335e+01
1.121038364485089822e+01
1.166318800182505910e+01
1.140615935811051607e+01
1.118839857944937144e+01
1.141999304166676588e+01
1.112119143779108121e+01
1.131192839189048627e+01
1.171411671521553721e+01
1.182670790883523360e+01
1.137519495623441657e+01
1.110729319947671279e+01
1.136689825150923383e+01
1.153291613255258241e+01
1.122839344103023151e+01
1.109937971795645950e+01
1.151238121797286595e+01
1.136119432191845746e+01
1.106978146492898496e+01
1.106545002416444490e+01
1.113876082114600585e+01
1.090657599497557229e+01
1.104777746932594162e+01
1.122113348829183543e+01
1.163637552900473970e+01
1.137552689515159621e+01
1.117530209679580366e+01
1.160399595219617197e+01
1.128593943535543431e+01
1.118900165509658429e+01
1.121322118779876931e+01
1.142333766659169036e+01
1.115617255768362703e+01
1.072647874289476810e+01
1.125836094600998827e+01
1.128229590082588096e+01
1.137222948691828428e+01
1.135851489465046171e+01
1.115662754869837769e+01
1.101405892839458112e+01
1.092825345077529953e+01
1.083495572581960786e+01
1.093994573608748766e+01
1.064698687461727644e+01
1.123001613314501768e+01
1.149767556935785606e+01
1.080325243433787641e+01
1.100854271487390612e+01
1.098173758886966311e+01
1.167341981489387237e+01
1.147979201221967749e+01
1.127449522717741992e+01
1.172535038442098276e+01
1.096720086317661824e+01
1.059443603661894429e+01
1.120159156755884311e+01
1.157433517785904975e+01
1.152385729343449583e+01
1.182469252026464446e+01
1.167310435681383574e+01
1.120762728000162944e+01
1.131584222035610132e+01
1.117872613225404699e+01
1.101088227543489317e+01
1.122541276662383503e+01
1.106332611247057507e+01
1.070213877361470978e+01
1.065263020671664584e+01
1.054813108805638677e+01
1.060665063507173400e+01
1.077350999591514658e+01
1.096888204491173191e+01
1.082571142198712089e+01
1.060264145023622895e+01
1.083312826106085325e+01
1.103942182211862821e+01
1.135913305267086315e+01
1.134474949751676576e+01
1.130820079419278379e+01
1.159899532271481171e+01
1.183140563524581523e+01
1.178830392788152892e+01
1.138290598034392609e+01
1.117376861942296351e+01
1.129276927961545596e+01
1.126565914919697420e+01
1.084231642679575813e+01
1.103445325400193688e+01
1.081340549934887285e+01
1.123222880708441629e+01
1.113061385610441967e+01
1.150963086595996288e+01
1.130419172806834816e+01
1.179192068703081375e+01
1.191341504095012915e+01
1.177922166989260155e+01
1.157819069548282620e+01
1.128624446419310345e+01
1.117309712906630637e+01
1.142526382744578228e+01
1.146068245850340084e+01
1.147376927971677674e+01
1.118850372688901551e+01
1.141670666508729859e+01
1.129104685217059689e+01
1.102407735557827628e+01
1.092037145315195090e+01
1.115711982464410568e+01
1.138331681751619051e+01
1.156357166746914800e+01
1.128157881807600837e+01
1.180338595691454628e+01
1.145580973224889831e+01
1.172934249423789588e+01
1.143460361485550258e+01
1.105391092834579503e+01
1.121632601118472472e+01
1.136423308645474428e+01
1.138650326473707608e+01
1.109989900512504057e+01
1.109983235621781184e+01
1.106111317027549923e+01
1.114735353768393011e+01
1.154610598515168363e+01
1.154839806768822186e+01
1.138062084231527216e+01
1.147159057810071126e+01
1.221956754633426634e+01
1.198875436185145738e+01
1.154314233366267040e+01
1.197577096546388553e+01
1.174863441624243698e+01
1.172625070388875734e+01
1.111325812679222125e+01
1.113740502807279142e+01
1.120506358055500584e+01
1.107568181545474317e+01
1.135254824018501374e+01
1.146372313249364083e+01
1.121185185876930923e+01
1.080587940153358950e+01
1.134412220871054622e+01
1.091090378216370738e+01
1.123983432576148545e+01
1.181783164170015965e+01
1.161084789758792724e+01
1.148635312178132040e+01
1.168767289160350842e+01
1.136953815467182771e+01
1.190186281210103125e+01
1.224832712025384041e+01
1.236298188412836829e+01
1.216319541991869890e+01
1.238292924486400359e+01
1.173020652989623791e+01
1.228679350726772235e+01
1.234015465254067223e+01
1.269588677586354386e+01
1.193088555219376978e+01
1.189587993956279988e+01
1.162879252942030917e+01
1.151295051282105320e+01
1.129555879689143616e+01
1.100274604665434630e+01
1.096482055310112358e+01
1.110756992890796546e+01
1.112775990606481891e+01
1.162538745619304770e+01
1.150241450841647328e+01
1.132524199242162233e+01
1.166994549577514384e+01
1.188258551858356782e+01
1.202588841121559682e+01
1.221659703164139366e+01
1.231475604717873651e+01
1.241537396383756509e+01
1.197236533490581145e+01
1.249467516897904673e+01
1.269594483165876042e+01
1.184350391237700428e+01
1.133664159003643945e+01
1.134057074856245073e+01
1.116344291824280965e+01
1.092176449972808960e+01
1.097779139517884062e+01
1.104950192113665430e+01
1.127963716515191628e+01
1.120220822898475355e+01
1.060996314351189262e+01
1.142948685628534378e+01
1.153988370489517301e+01
1.133090218881734579e+01
1.115432677634288794e+01
1.173819290258475867e+01
1.183306770792261986e+01
1.155995968196467061e+01
1.134930046899945566e+01
1.147721883328088488e+01
1.130554935525469951e+01
1.146016132024055878e+01
1.131411771709903391e+01
1.160010569621031884e+01
1.101099643916017001e+01
1.139835764039197130e+01
1.110551098614796217e+01
1.140631820255056716e+01
1.139256817603330596e+01
1.141977843499028289e+01
1.135425222310849591e+01
1.089026465782436759e+01
1.123655909348181936e+01
1.091973325012837392e+01
1.103185920992118341e+01
1.106904325654541310e+01
1.111219424435062031e+01
1.089346131778836835e+01
1.133563092978252840e+01
1.122974195648408191e+01
1.166653723084798777e+01
1.129251483348411256e+01
1.204099548948705412e+01
1.147045599190625609e+01
1.190406843391957281e+01
1.132397147143164240e+01
1.093764053142238879e+01
1.087952277739307227e+01
1.121179381512387785e+01
1.073175403228627012e+01
1.099282366132012356e+01
1.141939092566725833e+01
1.143818277704198394e+01
1.170751570924168661e+01
1.165192141033163153e+01
1.143030702873378956e+01
1.163790491416722972e+01
1.167159498930340966e+01
1.177566853510503719e+01
1.165452376832685566e+01
1.195037109166847600e+01
1.148081391906534243e+01
1.152830927200744959e+01
1.128296870195610069e+01
1.147505421959671246e+01
1.120656037961116169e+01
1.068337929875956682e+01
1.115045762653466177e+01
1.143774059048753067e+01
1.186365517072497866e+01
1.177384505663489023e+01
1.150520562817799863e+01
1.170543369797275801e+01
1.156566515374616699e+01
1.128621915890575522e+01
1.156907504759574756e+01
1.142812649510446654e+01
1.109753746268727603e+01
1.112721256018623706e+01
1.138597294364731027e+01
1.145791996435021431e+01
1.165282663026313159e+01
1.124325520553119873e+01
1.097700368358547607e+01
1.112196197918891194e+01
1.075377864011392681e+01
1.078851293667494993e+01
1.111358702279179766e+01
1.090153837716100860e+01
1.142475805554070867e+01
1.172812701353335463e+01
1.146784309676031555e+01
1.179007109065367587e+01
1.183740455652731960e+01
1.166593157402860648e+01
1.207658647854986178e+01
1.188182929787012831e+01
1.118179265478172013e+01
1.124427467674698811e+01
1.157356817787794867e+01
1.151864344560098097e+01
1.145378048961930517e+01
1.140928627824641595e+01
1.102520716318057659e+01
1.137661272781085842e+01
1.143158198256313085e+01
1.128429065919644714e+01
1.168092467749720775e+01
1.180360682853395460e+01
1.164387956246583045e+01
1.171835273850150294e+01
1.179949798125188387e+01
