3.333333333333333148e-01
5.781463297913079780e-01
8.123318393241774071e-01
9.766140665099853901e-01
1.098643590579017504e+00
1.171096292871157907e+00
1.223959743789948540e+00
1.253003785366497924e+00
1.275183118491994172e+00
1.305719584531134903e+00
1.301468799487645489e+00
1.327041831992419985e+00
1.345648820973439408e+00
1.334251333255569660e+00
1.322657260700793369e+00
1.337099654296585616e+00
1.335744381959757865e+00
1.335701195300301958e+00
1.342013481751287651e+00
1.341029677782033636e+00
1.334106069905053538e+00
1.331943489251561141e+00
1.338461424680275513e+00
1.332748439973349353e+00
1.340700307565229510e+00
1.337197513467494936e+00
1.344684103985551493e+00
1.357641787417697143e+00
1.374779020170897592e+00
1.369327761235920704e+00
1.365044197991221564e+00
1.359484103488312057e+00
1.362268951423642793e+00
1.351723401010047843e+00
1.346942305861259070e+00
1.342802260533550118e+00
1.352296655857926355e+00
1.342373641969994091e+00
1.325562861732030084e+00
1.329001079323228973e+00
1.344877570177622994e+00
1.345396720867244378e+00
1.336743470455764138e+00
1.348490004121434049e+00
1.354829050533994161e+00
1.334460071396418757e+00
1.349600835689292344e+00
1.348946795727031356e+00
1.340538432757824916e+00
1.338253653445062863e+00
1.361254089115358612e+00
1.360015743267676935e+00
1.365778260891405305e+00
1.359583004997529709e+00
1.341389881288252095e+00
1.330556123271944280e+00
1.316647266037418440e+00
1.328252080248813360e+00
1.337725890413114627e+00
1.360124599237251486e+00
1.355878329682099315e+00
1.354790617349338699e+00
1.365288058768569845e+00
1.373024175258476642e+00
1.361968733747300542e+00
1.348143787602478438e+00
1.348198624122703748e+00
1.336893036286296743e+00
1.354403692256310521e+00
1.363272634353540624e+00
1.352682875703044019e+00
1.336877081601218320e+00
1.352651133954789309e+00
1.343448747816121003e+00
1.370589478539293360e+00
1.361196814654748399e+00
1.355141561413318207e+00
1.339610088891342699e+00
1.357152569930592856e+00
1.345131061188617805e+00
1.355935000956911995e+00
1.369728571294404063e+00
1.369143513752612229e+00
1.359880989121371897e+00
1.354972131228311172e+00
1.349241903961939659e+00
1.364258419175694570e+00
1.364988938891765313e+00
1.350178646966531559e+00
1.349968220406989605e+00
1.357270756971753034e+00
1.322571855669830265e+00
1.349564328477657504e+00
1.365222762622348318e+00
1.360823370950027478e+00
1.341704022803656970e+00
1.354498201825745207e+00
1.350659537820127376e+00
1.360858199153136106e+00
1.351571150328847448e+00
1.342249545544700551e+00
1.318258905381747725e+00
1.343295309538300675e+00
1.339266146924560363e+00
1.336067931218418492e+00
1.339642962467363363e+00
1.339664566008004876e+00
1.339066225358109374e+00
1.333996423628102557e+00
1.341026953030380886e+00
1.338465778809728501e+00
1.333085937687343625e+00
1.331323928233530518e+00
1.350742038724739302e+00
1.352816913019142309e+00
1.355464159347079756e+00
1.347840006619794195e+00
1.348079736796031325e+00
1.355356134430034665e+00
1.353266662610527638e+00
1.318792640397128180e+00
1.328799965825593787e+00
1.320701529480075687e+00
1.327869993227238643e+00
1.312643720058875196e+00
1.326261272892985454e+00
1.335890598655738337e+00
1.336605908419770339e+00
1.337157293291175941e+00
1.331290996632872980e+00
1.339763679371513083e+00
1.354849921270483426e+00
1.356881281945353068e+00
1.356911919412248313e+00
1.343831536036893093e+00
1.341178292862330146e+00
1.362773029596763941e+00
1.364707494178335256e+00
1.365459260403307340e+00
1.355752980128913432e+00
1.365696633748139321e+00
1.359613727341706380e+00
1.354715795895362618e+00
1.364150843164152249e+00
1.350550720071900690e+00
1.346095833183704293e+00
1.359082954397864862e+00
1.344054338540644933e+00
1.370308010114886343e+00
1.352833621542781639e+00
1.359863325095987285e+00
1.349069952946324147e+00
1.358808580357410145e+00
1.359671963936930128e+00
1.362052189652775525e+00
1.333266300504966306e+00
1.345066389358700487e+00
1.336858631996772129e+00
1.336999614047181373e+00
1.346647808865554907e+00
1.352493399828612386e+00
1.334615072606742059e+00
1.326573055958369274e+00
1.344705623787366022e+00
1.347138620868437053e+00
1.352822292497986245e+00
1.372087913070204168e+00
1.347546336181220106e+00
1.351749721150437900e+00
1.334739958303216456e+00
1.329903637503465186e+00
1.333671315130972479e+00
1.353532655765109061e+00
1.339110759369411374e+00
1.357812037044361819e+00
1.344009283867457993e+00
1.368640288100640534e+00
1.357515788060806416e+00
1.351729989368625207e+00
1.354728983994084368e+00
1.330982703005821888e+00
1.337172138424841838e+00
1.340566778279223437e+00
1.330486082310623930e+00
1.337861991541272833e+00
1.342017540617827631e+00
1.351242469839949667e+00
1.318988612955955819e+00
1.310743123903732377e+00
1.316284778925936427e+00
1.328153726725947337e+00
1.344731253147586347e+00
1.351071123705962052e+00
1.367974584823884454e+00
1.345737285700436159e+00
1.339950354198766069e+00
1.360461763229895649e+00
1.355793279313311617e+00
1.354523556864975831e+00
1.346612870031261178e+00
1.369498398907990744e+00
1.361958303096022949e+00
1.357066953501803397e+00
1.349014623516042066e+00
1.342992493284338895e+00
1.347721618367508922e+00
1.334067486964953808e+00
1.334974501962658877e+00
1.340047838102205402e+00
1.349929189995468182e+00
1.345069416467165269e+00
1.355858615240300047e+00
1.356415350744483828e+00
1.337277782576518526e+00
1.334260097726183814e+00
1.349174410682728364e+00
1.363070959472120869e+00
1.345303423744517612e+00
1.341458684525163481e+00
1.335508468722172992e+00
1.326018573823265267e+00
1.335347965952077276e+00
1.330476568607069421e+00
1.361479667626985357e+00
1.360518994158062878e+00
1.361345931756454908e+00
1.361566354539279100e+00
1.358862321491339342e+00
1.342395630391174377e+00
1.335356500579230721e+00
1.334814235605886967e+00
1.351302398120747039e+00
1.347506520407055097e+00
1.345916586909390311e+00
1.358127349297586273e+00
1.342340030000923390e+00
1.331323904417493154e+00
1.328596458822608017e+00
1.329758288534575117e+00
1.314802609484877260e+00
1.338864574630231452e+00
1.341917126306249708e+00
1.348907682128279273e+00
1.343546609539956638e+00
1.352337443479988410e+00
1.342978963132289705e+00
1.331958121779255766e+00
1.352089507115624256e+00
1.349098363032836589e+00
1.337330399251877910e+00
1.330898061585901848e+00
1.341606137185113568e+00
1.322302397010053809e+00
1.333752166449278187e+00
1.345110783621872530e+00
1.367151160232232154e+00
1.392525423493149450e+00
1.390602190037925068e+00
1.361703412598850305e+00
1.353504664108297284e+00
1.342031738222732473e+00
1.333716162169017894e+00
1.359646642129546779e+00
1.354601241976192583e+00
1.336079640531612656e+00
1.340573186477424183e+00
1.337217482354306153e+00
1.327767178893061839e+00
1.336612294995458194e+00
1.332946094752755606e+00
1.338648921627769273e+00
1.325587646880201254e+00
1.346774371269224835e+00
1.356537062458378351e+00
1.345496768966121248e+00
1.334507452161668439e+00
1.332881435967955275e+00
1.329160594926607208e+00
1.349998811801937704e+00
1.365974109217855004e+00
1.360743811007634196e+00
1.351816797604099341e+00
1.358042520799154218e+00
1.364409705963451680e+00
1.341534800146851669e+00
1.332329953901182584e+00
1.334969540246277564e+00
1.335078649667969852e+00
1.317045803772723289e+00
1.325408134802932292e+00
1.347361979840566937e+00
1.369137995501747085e+00
1.338739311902615858e+00
1.346557486501523071e+00
1.337561508390280318e+00
1.352209536935405465e+00
1.347043026323574866e+00
1.335666518417358395e+00
1.347833615865488222e+00
1.346957891900610660e+00
1.342179561169097424e+00
1.330787014860608908e+00
1.321893774164338176e+00
1.310632739107626454e+00
1.323909129680158392e+00
1.318039085439810076e+00
1.326603858191800045e+00
1.343682451594480742e+00
1.345961329137564721e+00
1.333322503828400674e+00
1.326325338897863082e+00
1.315706887115173807e+00
1.328215638782348718e+00
1.323920225840246490e+00
1.322453509131844562e+00
1.313694599991327649e+00
1.318644388889380181e+00
1.330392606719603243e+00
1.326678176585434521e+00
1.319851909537754775e+00
1.334922320786045669e+00
1.354733368360924839e+00
1.359976820289479083e+00
1.380793434019819133e+00
1.343182560939992554e+00
1.333402169850918639e+00
1.340733152733642353e+00
1.356462042309123150e+00
1.360194171266267738e+00
1.360453492512213147e+00
1.350925241282130207e+00
1.337030297074712770e+00
1.334317677231011467e+00
1.340275343723307255e+00
1.352088902569236195e+00
1.334889740463437224e+00
1.341656303945583106e+00
1.335952819066670738e+00
1.320649052319595507e+00
1.321421899588184123e+00
1.339203009171926029e+00
1.335839462044647652e+00
1.353063000430368978e+00
1.351111014588534776e+00
1.361115372787677691e+00
1.362124715818638032e+00
1.364460312911374151e+00
1.365046710713191169e+00
1.370389338159474502e+00
1.375946004003461898e+00
1.336959242945303661e+00
1.332834527225565502e+00
1.349698206260277367e+00
1.343081972384227996e+00
1.347764005131482756e+00
1.329745605702731481e+00
1.337793893138891965e+00
1.335375979042870309e+00
1.311969587496254253e+00
1.328061867230253545e+00
1.323314884219915610e+00
1.327019989796472066e+00
1.320036665942113885e+00
1.322151266247272083e+00
1.344785124338861770e+00
1.325212694472752029e+00
1.311671684897415258e+00
1.338317191921573279e+00
1.337217647385282815e+00
1.349841980717425338e+00
1.344989159104318821e+00
1.353843362503331704e+00
1.359777932072177231e+00
1.355670421547380489e+00
1.334738001061364754e+00
1.342804020684668531e+00
1.338710796902915501e+00
1.329714215266876609e+00
1.320300473909873595e+00
1.316641353807498138e+00
1.300983368115299132e+00
1.320117394823767221e+00
1.322493947095287670e+00
1.325703238531594108e+00
1.337751956575451429e+00
1.331545783849087838e+00
1.318041606712396341e+00
1.328202501496760002e+00
1.338676264079076361e+00
1.357168930098533899e+00
1.373194418501867187e+00
1.356524953902850328e+00
1.356913719772019356e+00
1.338258436573728449e+00
1.354865534943265670e+00
1.343188013656159363e+00
1.331290573319150683e+00
1.316708900534985238e+00
1.328552460092318865e+00
1.337140900950592570e+00
1.341712771231374335e+00
1.329596594273788179e+00
1.337006865285893742e+00
1.334955847763043435e+00
1.363332541940562859e+00
1.382185935897377371e+00
1.373239077595626689e+00
1.374911123828997050e+00
1.352531155194771850e+00
1.342388225434565818e+00
1.344675448527503425e+00
1.344458523047785681e+00
1.355137862230455514e+00
1.340423770316482965e+00
1.337744309426244893e+00
1.340201644693150174e+00
1.352629032880763749e+00
1.341093651985875157e+00
1.348030036029802092e+00
1.347258216303688139e+00
1.333420031486683532e+00
1.330709320131817641e+00
1.330170900836020520e+00
1.328656266192703717e+00
1.350384347006321928e+00
1.336282657908218097e+00
1.318739381611678141e+00
1.327605345263374259e+00
1.325292144504336855e+00
1.341172600377317892e+00
1.321017614417110630e+00
1.323594194167372562e+00
1.334255361823750707e+00
1.324013249754085297e+00
1.331989615832059659e+00
1.328800060214561096e+00
1.340098175767242772e+00
1.348940464760538971e+00
1.336939892063506052e+00
1.345984072815393784e+00
1.344984513405204529e+00
1.352497066139945803e+00
1.341942940344946988e+00
1.359415292139746434e+00
1.345157736323119524e+00
1.337845219997299218e+00
1.350277403434227752e+00
1.352562937931197640e+00
1.359673981934375053e+00
1.355939360044422948e+00
1.344569485729552927e+00
1.348403527098543941e+00
1.354276259179826525e+00
1.342906070059270096e+00
1.339421350781341502e+00
1.336482248055530953e+00
1.327235895835364499e+00
1.336159452485362387e+00
1.322546780525786447e+00
1.321197927520577187e+00
1.317673632944068363e+00
1.321289108525457667e+00
1.332858219827355750e+00
1.341252269363470528e+00
1.353073194895434872e+00
1.373233454815178778e+00
1.360704589264233544e+00
1.353346322772860155e+00
1.349654773506669514e+00
1.337183166422334146e+00
1.323457051363917891e+00
1.301755335566778138e+00
1.303111740482766345e+00
1.310481222234807230e+00
1.327143863383245082e+00
1.316600854923872799e+00
1.325265178883987538e+00
1.328961598502316210e+00
1.335613004067790044e+00
1.337055481621486130e+00
1.339746642952275968e+00
1.327779206211314955e+00
1.345730799203262551e+00
1.340165431542582386e+00
1.320108288348126990e+00
1.312953929327704605e+00
1.329828768459530686e+00
1.327500669064740624e+00
1.313112139119159805e+00
1.326493892072717395e+00
1.330390642728548123e+00
1.331489430027157361e+00
1.346686419254787381e+00
1.360306591698416723e+00
1.369841193205428187e+00
1.361221229336847083e+00
1.369361624643806508e+00
1.369620559214044464e+00
1.366944282674623423e+00
1.377053167817018142e+00
1.346413237692010156e+00
1.353459443848124444e+00
1.330589280107236982e+00
1.315824370984533642e+00
1.330574025985085562e+00
1.327436027646533345e+00
1.337955686414755041e+00
1.348172274954731353e+00
1.346090275784761259e+00
1.340959627179815872e+00
1.339619466759814248e+00
1.354456533069722246e+00
1.357384735790141628e+00
1.359467442383204272e+00
1.349498491119065724e+00
1.323713348286736924e+00
1.326001361327409755e+00
1.331252664019096921e+00
1.335247957510838246e+00
1.345365654039956338e+00
1.330364053344444519e+00
1.334457375895788278e+00
1.332530725590935550e+00
1.335044541300969945e+00
1.320476866411487205e+00
1.320376702462129570e+00
1.327180519839654904e+00
1.317891717710014010e+00
1.316614974034553631e+00
1.323913480819913335e+00
1.323258834299454678e+00
1.330549337212618033e+00
1.343528113016398740e+00
1.342897685146026587e+00
1.341995595738278091e+00
1.332387057167067512e+00
1.330476042397910286e+00
1.319955507902925484e+00
1.321736290742147713e+00
1.312505652568835002e+00
1.325981865486322242e+00
1.341091754975109129e+00
1.367400654470533494e+00
1.346303129723807723e+00
1.333588929763193764e+00
1.346490265320963164e+00
1.346103175554744125e+00
1.333112323787881692e+00
1.333811308594642808e+00
1.349301643678958218e+00
1.345656149840172455e+00
1.362339671929654328e+00
1.352994110168148634e+00
1.341560533762849339e+00
1.349681865655233626e+00
1.328602796971754874e+00
1.333275143893030590e+00
1.318250357002389794e+00
1.321774298846192464e+00
1.325295533970839212e+00
1.338283402430843649e+00
1.337532501202387980e+00
1.351354923714972678e+00
1.343546380033736165e+00
1.362952876111876099e+00
1.362975532350793051e+00
1.353247572958266254e+00
1.336813848671850380e+00
1.343935917545762582e+00
1.342386673840326505e+00
1.342188553173629062e+00
1.342050048719875877e+00
1.344603966725172128e+00
1.350405740901839069e+00
1.341959263437440431e+00
1.347216902928040749e+00
1.337609656273082370e+00
1.323189648552424824e+00
1.337884193357177676e+00
1.326671335618883951e+00
1.319127157417338658e+00
1.328433373871467538e+00
1.330575377926425329e+00
1.340221988484530335e+00
1.341938904847458591e+00
1.342110266682411623e+00
1.329505049332149635e+00
1.322462756529900085e+00
1.308950557420838656e+00
1.308022033925797301e+00
1.326235875793858821e+00
1.337125607405968752e+00
1.346017722739320632e+00
1.351249178413985286e+00
1.347161971404790881e+00
1.340916175053704196e+00
1.368279836006359274e+00
1.350180861786977049e+00
1.359449244053858585e+00
1.358026131335622111e+00
1.340025090874236158e+00
1.333271355411624670e+00
1.336606082015603603e+00
1.344101667597653149e+00
1.345933731171704340e+00
1.360876404465731104e+00
1.340876295132408469e+00
1.340518902799199497e+00
1.332744974418472061e+00
1.331038322635827331e+00
1.332921829118913992e+00
1.334519791433867564e+00
1.326633761365023645e+00
1.331055294182266868e+00
1.334253176672966168e+00
1.336212031557011848e+00
1.344098081572267400e+00
1.332836830861751309e+00
1.351823158461849861e+00
1.348654352468936279e+00
1.353495736814596562e+00
1.354377529917202727e+00
1.330646247337427424e+00
1.342152310003871030e+00
1.342326431833589684e+00
1.340506451810635991e+00
1.348847251324050367e+00
1.342262213204162169e+00
1.328439545519852771e+00
1.359992234506470110e+00
1.372740042480614875e+00
1.353960679857300065e+00
1.357328837276384981e+00
1.358327941406499262e+00
1.345615955842778266e+00
1.347086052947249923e+00
1.334694733890569251e+00
1.327624916221628704e+00
1.327610870872757420e+00
1.334355585527838173e+00
1.327450741455500571e+00
1.336941081789011943e+00
1.335196085076609140e+00
1.344555302133277896e+00
1.336570812254323393e+00
1.326712941564152759e+00
1.332920112198402007e+00
1.328958081695041260e+00
1.339720554898528260e+00
1.343048299729224571e+00
1.343851370359453901e+00
1.347676005436228452e+00
1.383706149977834254e+00
1.380721786567024267e+00
1.361671989636185964e+00
1.356209524989586246e+00
1.367391565440172707e+00
1.364727929745146895e+00
1.340668052935902965e+00
1.332175702186558786e+00
1.327513023841841111e+00
1.344013542619283408e+00
1.342180215153513156e+00
1.336893572649892281e+00
1.327895864643135804e+00
1.334920799216337883e+00
1.332204926089470831e+00
1.335453857364470087e+00
1.331084992573152492e+00
1.342508968164744632e+00
1.344601874252394191e+00
1.350935057319363697e+00
1.348044419960293228e+00
1.353337304013705111e+00
1.338683740716604120e+00
1.347854059085474621e+00
1.355029413789703874e+00
1.357725786226981146e+00
1.353914054735598338e+00
1.354636520608863970e+00
1.341241202938034505e+00
1.340092326432105185e+00
1.342332209179585512e+00
1.334166049624331496e+00
1.334424034012166249e+00
1.335491045533724330e+00
1.343400626755295590e+00
1.330721281195951011e+00
1.334454092370556566e+00
1.326925067451333762e+00
1.336287452354343097e+00
1.348732320346032187e+00
1.329969798140246517e+00
1.339891506848786884e+00
1.353085338967009665e+00
1.359434218226865942e+00
1.334206201101581835e+00
1.326881262574451270e+00
1.318987092123419691e+00
1.309235348651008657e+00
1.328859491421455763e+00
1.351458011291389205e+00
1.347515224039578019e+00
1.333104540979918706e+00
1.335480306838805031e+00
1.315528783885527409e+00
1.320260111649466772e+00
1.330756907409891276e+00
1.353061230087358124e+00
1.347686576610134246e+00
1.361229174555834032e+00
1.352715690315395847e+00
1.362314068114907073e+00
1.340011175680023481e+00
1.344210920924613584e+00
1.340038236200422395e+00
1.327745611004688575e+00
1.333556752902315568e+00
1.328639497738018482e+00
1.333268285790571106e+00
1.325618428506251334e+00
1.316376477114967969e+00
1.338637551257454206e+00
1.337064142638747288e+00
1.343498932353929698e+00
1.323007491245552503e+00
1.338510982756503820e+00
1.349614560018792764e+00
1.322571180059493035e+00
1.328889936798626215e+00
1.334836719037785668e+00
1.347582356118187219e+00
1.336822557201632788e+00
1.344483859846980600e+00
1.354168442199696898e+00
1.352012734828494267e+00
1.349844663777467035e+00
1.335088339804895829e+00
1.367613324169263178e+00
1.385023247266022661e+00
1.348790271219425518e+00
1.345312339751802755e+00
1.340643498063699646e+00
1.353959205488623141e+00
1.336413695805343638e+00
1.342617207650588673e+00
1.349280540159347952e+00
1.346950711414614643e+00
1.352529687003548364e+00
1.355343338223459870e+00
1.340776356671448122e+00
1.340877930535839369e+00
1.321495473964729328e+00
1.328873941937522396e+00
1.329038317696840776e+00
1.331147052797207353e+00
1.311126984248569771e+00
1.341218039646829840e+00
1.347878485643191349e+00
1.337271331236703720e+00
1.340873433731845754e+00
1.340939912447946192e+00
1.338872449939996656e+00
1.328112555239046699e+00
1.335889211477744976e+00
1.348716235872448932e+00
1.361602303782608159e+00
1.350394562838320267e+00
1.340420189604029089e+00
1.348661339997635933e+00
1.358672785067767341e+00
1.343988171218637229e+00
1.346320999835937560e+00
1.322285176883255087e+00
1.357664584181955902e+00
1.344103209075258709e+00
1.359352900059264790e+00
1.359958621000374235e+00
1.355764866464756135e+00
1.375237903527986472e+00
1.335948784488496077e+00
1.329005078719388333e+00
1.307393517087530377e+00
1.303288150646256582e+00
1.334618709916738810e+00
1.316248471130459174e+00
1.333575910327617020e+00
1.347054218691867034e+00
1.359506071478256750e+00
1.342950596237527217e+00
1.330855641453247751e+00
1.324195095620458673e+00
1.326248477502697032e+00
1.314566532525703657e+00
1.321685107458858255e+00
1.338219687566253979e+00
1.349742285105586248e+00
1.340895652199774579e+00
1.324873399830864606e+00
1.321938769974617678e+00
1.333110420660665874e+00
1.349236862046973018e+00
1.351675302703745141e+00
1.364583721571231534e+00
1.336692404467975992e+00
1.342214951534990153e+00
1.327966819489857730e+00
1.336071503617755507e+00
1.334020400446919608e+00
1.325857767881624572e+00
1.343380056219579011e+00
1.338230768187216313e+00
1.329823755185682410e+00
1.347036740141992928e+00
1.321610433913760874e+00
1.342901173542613291e+00
1.344559082585660370e+00
1.347464679971335233e+00
1.344506146336171826e+00
1.328457095204162552e+00
1.338427719361833024e+00
1.333959915873585089e+00
1.331433184444511753e+00
1.344908920202423586e+00
1.321852586023164022e+00
1.314803102038385685e+00
1.338556007118281377e+00
1.348818634651284487e+00
1.328088166532405134e+00
1.309085612564813150e+00
1.325640075217417113e+00
1.329402366286719372e+00
1.315710342480631123e+00
1.309413519610095999e+00
1.335604093126679492e+00
1.335495493752775653e+00
1.339740124689243084e+00
1.350837744777706462e+00
1.374366879958820231e+00
1.372708452180522176e+00
1.363678983334779771e+00
1.362445351902706436e+00
1.341478784651813694e+00
1.336158969425111920e+00
1.335699110489242392e+00
1.335547868905754054e+00
1.348775167049244050e+00
1.352070684628252195e+00
1.357551683273832577e+00
1.343467573691152550e+00
1.358809609951503461e+00
1.359984285092971534e+00
1.354402093233386895e+00
1.358304163687599653e+00
1.365010549331217016e+00
1.322802172892949768e+00
1.321652911359673332e+00
1.323716160976207812e+00
1.327541033980144558e+00
1.341201961865736703e+00
1.342869977526428116e+00
1.342876849446385190e+00
1.341162112921502114e+00
1.350174673328602859e+00
1.359750122272525896e+00
1.352770902443548806e+00
1.343421739894434142e+00
1.357299974487460092e+00
1.343933955612269582e+00
1.346211627640038433e+00
1.348777040264192095e+00
1.333956149719080164e+00
1.319072570741516071e+00
1.325410476094713408e+00
1.348612480940715841e+00
1.375245100266124787e+00
1.369605851333788538e+00
1.358201435462726092e+00
1.378150029674432897e+00
1.381894980872091727e+00
1.369703041737400095e+00
1.348695229362254056e+00
1.366094948825621547e+00
1.353695007243165938e+00
1.331098896571476731e+00
1.350838618133577862e+00
1.351234333674173671e+00
1.342427982949577991e+00
1.318152460297416617e+00
1.306125191345715697e+00
1.314513221806440368e+00
1.314017600087607374e+00
1.316938980239687806e+00
1.335790175579294914e+00
1.345754865270725853e+00
1.353467902044220850e+00
1.351955448678939797e+00
1.333238120000599602e+00
1.338193944825361470e+00
1.331770746997858135e+00
1.346578297850060890e+00
1.349340411864133005e+00
1.341975175374529261e+00
1.323623934628067600e+00
1.336757326885473107e+00
1.344990938894564225e+00
1.352171461829200672e+00
1.361149480458769379e+00
1.353077183246935933e+00
1.346014846280834343e+00
1.324637842545770106e+00
1.337035920467447125e+00
1.333327218843549211e+00
1.324496028514996038e+00
1.325981601582402192e+00
1.318280331859440935e+00
1.347551437861644885e+00
1.343565979419534262e+00
1.358401179920305513e+00
1.355642243413545556e+00
1.336616198563645108e+00
1.338789207787021152e+00
1.345636177749877538e+00
1.349676338169544909e+00
1.351525202476822951e+00
1.332808253645410446e+00
1.326418810012959693e+00
1.344548049817862356e+00
1.336878504153602654e+00
1.334889745950863071e+00
1.329943066572848220e+00
1.338179895207523451e+00
1.333207824304159628e+00
1.336138795729187700e+00
1.327483082702913375e+00
1.314017554668990506e+00
1.324516413027381656e+00
1.336718317730708039e+00
1.341238195866366834e+00
1.341703854292223719e+00
1.339036794266479591e+00
1.346097818534797153e+00
1.340275180733387472e+00
1.326754669724353075e+00
1.354124341828251143e+00
1.346322233568130633e+00
1.337257228116219165e+00
1.362747857699647902e+00
1.357441085932699076e+00
1.332069634925793000e+00
1.344860244558084394e+00
1.342361620742609674e+00
1.349024597440930950e+00
1.342354199507182599e+00
1.338245344685004445e+00
1.345953199540258716e+00
1.355377411733677873e+00
1.335007587593268985e+00
1.338361311725725811e+00
1.328493377358255234e+00
1.337501005036611845e+00
1.332405093133747220e+00
1.357995576980539187e+00
1.334509144820220206e+00
1.340132995719963915e+00
1.321880767507294552e+00
1.312972962393490706e+00
1.320211139172908332e+00
1.339562062289046951e+00
1.336771243594208070e+00
1.344208165094241680e+00
1.351999149770679587e+00
1.351992070349071096e+00
1.336548824506696098e+00
1.354688953639322957e+00
1.340770860659602937e+00
1.328229014227588101e+00
1.318706077559756773e+00
1.344190023241277787e+00
1.336984893227735283e+00
1.343013035073870931e+00
1.335622351272023112e+00
1.332841391350686688e+00
1.338543018940982821e+00
1.349569173720479798e+00
1.347236490106664464e+00
1.357989666500434067e+00
1.351287558399440369e+00
1.354732874596553005e+00
1.362074828036393903e+00
1.335342892358555966e+00
1.327111225159850028e+00
1.334689532058068284e+00
1.350383301782422274e+00
1.364899485424637016e+00
1.360782020630564970e+00
1.352443070567370675e+00
1.326448218115147792e+00
1.339347968340185879e+00
1.351254164806612312e+00
1.361391788663744995e+00
1.364247499198165681e+00
1.346687532314737812e+00
1.339913349929896969e+00
1.337262208270032726e+00
1.330118735883036418e+00
1.348145163203257946e+00
1.350900579192897188e+00
1.342519018079218363e+00
1.315434549028718036e+00
1.324702579029884308e+00
1.320683553223801709e+00
1.327645297672100932e+00
1.342024118464804516e+00
1.354216335410216354e+00
1.353581877029684355e+00
1.345158913384271848e+00
1.339732669281199051e+00
1.346024826945555253e+00
1.341565565449796438e+00
1.348500131826997572e+00
1.323730900656710174e+00
1.332479265953490088e+00
1.330519775597587273e+00
1.324179226955239264e+00
1.323002610894214337e+00
1.324179004476315979e+00
1.318313123088313166e+00
1.338827741228210577e+00
1.345913679078799552e+00
1.356253906745889415e+00
1.361891650522742303e+00
1.364914489372855089e+00
1.349669650205150395e+00
1.357476553913565809e+00
1.349625705935364017e+00
1.333921178069390479e+00
1.320962461479477712e+00
1.324989179087422420e+00
1.307799256233041829e+00
1.298644672694675206e+00
1.320103433886742561e+00
1.330664166236371626e+00
1.322808242146260804e+00
1.325517030556940590e+00
1.315931154707018269e+00
1.315297045602322301e+00
1.314276520945365734e+00
1.342387306419099202e+00
1.327653179351405699e+00
1.335258720389293607e+00
1.350241511048325904e+00
1.337725361698098192e+00
1.331612118240513842e+00
1.326790861157864487e+00
1.328617287952794435e+00
1.332311718981348481e+00
1.331762554270223831e+00
1.327718405546306268e+00
1.333809796158515804e+00
1.347710227754516099e+00
1.362514654848105300e+00
1.354066565696143254e+00
1.362549525423748964e+00
1.358143310415110605e+00
1.361238757185967208e+00
1.326649278751605543e+00
1.333930558416639656e+00
1.323029612917163700e+00
1.337491865095085330e+00
1.347509220827713516e+00
1.335226422303164906e+00
1.341180055963147932e+00
1.334631749989939831e+00
1.331157027553282024e+00
1.353499121344098999e+00
1.340153376422887899e+00
1.339544227412697408e+00
1.325218834924035249e+00
1.335803594268120564e+00
1.349396873998656599e+00
1.357146160173390737e+00
1.370032223922395209e+00
1.356423033826825053e+00
1.360247626461869253e+00
1.341229908512320712e+00
1.353146740998872888e+00
1.364134627569598024e+00
1.372428844834559625e+00
1.352978788761786788e+00
1.344443872634122128e+00
1.356542564793528083e+00
1.351492944175172850e+00
1.336346338324871708e+00
1.333919150238470630e+00
1.327979784268975116e+00
1.333876741822716205e+00
1.335922232505252216e+00
1.354067057041530520e+00
1.360421249033958446e+00
1.358105102698724309e+00
1.374307432243258686e+00
1.353412201459679887e+00
1.345127670944270770e+00
1.359752321951800846e+00
1.320411179503719667e+00
1.326145060076120652e+00
1.325481394896360410e+00
1.319727900193050640e+00
1.318900551318142655e+00
1.309313427501015648e+00
1.330468852032947513e+00
1.350447361397545176e+00
1.330438454509252022e+00
1.330420673457780145e+00
1.357032403858979386e+00
1.344489844153558655e+00
1.350958041089378003e+00
1.358944495792632878e+00
1.356102989441752227e+00
1.349518520081176121e+00
1.325480524539030869e+00
1.334102394251126089e+00
1.341197196766854338e+00
1.345763895069509664e+00
1.348259751596239120e+00
1.338011441268722068e+00
1.349582137970225526e+00
1.343938643260291776e+00
1.346400660804663252e+00
1.366814820895888793e+00
1.351421164186976887e+00
1.352998884446438677e+00
1.353398148693194081e+00
1.356638668687991434e+00
1.351916568048441070e+00
1.343237531718629141e+00
1.344007256028876940e+00
1.357158989205656807e+00
1.355470424344413782e+00
1.350436117795025037e+00
1.358567730102728355e+00
1.351629321076212475e+00
1.353576959913616262e+00
1.353936737097004350e+00
1.329753837365197144e+00
1.324693176897229874e+00
1.323470248977228314e+00
1.337000292835854420e+00
1.338538258062669239e+00
1.330473167794623102e+00
1.337935031948802145e+00
1.338083187248285011e+00
1.353159720658694720e+00
1.340478327350324905e+00
1.328657421911320080e+00
1.345460586793054025e+00
1.334756992295491829e+00
1.337968785036212083e+00
1.335448860343081634e+00
1.359229288716414574e+00
1.347965227261056720e+00
1.332339772513193354e+00
1.333883822001730390e+00
1.333346537631523887e+00
1.337095668480013710e+00
1.338744681021790672e+00
1.341616425050503603e+00
1.345563464635230799e+00
1.351438639473381276e+00
1.347046319916710200e+00
1.338953635913100459e+00
1.337741838026178964e+00
1.342814259820539924e+00
1.335836279760374001e+00
1.339297682020557545e+00
1.335282265031209059e+00
1.315700636753682540e+00
1.320615770984326476e+00
1.324457450779729761e+00
1.328109103105183930e+00
1.350650254007801143e+00
1.350181575080743102e+00
1.359424643269937727e+00
1.337363419623222249e+00
1.332832051901239545e+00
1.326167041379959777e+00
1.333820441078492403e+00
1.332854540439746716e+00
1.334006617361355174e+00
1.336400438455554118e+00
1.331182892780871985e+00
1.342265641942695042e+00
1.326232277048047914e+00
1.346151159844491296e+00
1.338931438204488789e+00
1.349710005978035365e+00
1.337129850940854014e+00
1.344406677315553189e+00
1.328336225256710135e+00
1.320798014505178974e+00
1.310558114623563197e+00
1.338880052340253979e+00
1.336424452146578457e+00
1.341546767745877444e+00
1.363654828088242121e+00
1.370790542841303861e+00
1.370643312059334873e+00
1.369359766624840491e+00
1.348350820554634399e+00
1.357333615388998327e+00
1.343536703527311360e+00
1.350781139328327773e+00
1.332603065835842093e+00
1.351065805223016003e+00
1.346704695981301603e+00
1.332563615987781835e+00
1.344998631920866883e+00
1.350844134632409599e+00
1.341730254691153368e+00
1.328155885018728055e+00
1.324071033525084040e+00
1.317284103087773328e+00
1.334323698898418620e+00
1.351943742829340378e+00
1.337661348338698097e+00
1.347545660477814433e+00
1.362463374107778735e+00
1.342230304961002707e+00
1.346242625434205920e+00
1.339749219606616970e+00
1.340091757532982486e+00
1.337864744511519710e+00
1.345374045463933133e+00
1.346032914779422995e+00
1.327319801397083499e+00
1.328153836595974857e+00
1.333958753272720399e+00
1.337398650595162719e+00
1.341590651169462189e+00
1.349711989406606527e+00
1.338939384537175314e+00
1.317123421330316679e+00
1.340926767186651825e+00
1.348640514709013472e+00
1.344117433694697272e+00
1.334400245956625763e+00
1.352179197951510981e+00
1.339482210528393447e+00
1.326195240334861136e+00
1.315067052560414451e+00
1.326646922259142380e+00
1.322557445582448699e+00
1.331165918910475865e+00
1.349696609787361279e+00
1.331631920152132054e+00
1.328481738869843332e+00
1.320652825113554307e+00
1.350967901828709294e+00
1.356608590624766908e+00
1.359630219198165069e+00
1.363986497830785183e+00
1.342216520166610527e+00
1.334053672083158615e+00
1.328958928217510049e+00
1.320468080573505398e+00
1.335861669860584522e+00
1.348303525372637646e+00
1.333281515458352384e+00
1.327755921433128927e+00
1.338006078263664023e+00
1.349153677248446703e+00
1.319341595593898520e+00
1.330257980479248259e+00
1.333462741529911399e+00
1.328787002836317344e+00
1.341817302286937297e+00
1.332510640638020494e+00
1.343064388994892333e+00
1.347574961955198658e+00
1.340504693617561527e+00
1.351475963456577389e+00
1.367566232353030653e+00
1.349978581045915949e+00
1.337606383630758344e+00
1.328414579662944295e+00
1.322636165093626692e+00
1.344783925698149307e+00
1.337675320796793299e+00
1.349361516011033713e+00
1.350101237588370751e+00
1.330436401474012875e+00
1.326051380079163788e+00
1.332845328940946317e+00
1.335013438743937852e+00
1.360965898228367887e+00
1.349652833622838166e+00
1.332826156423334574e+00
1.334598265581151910e+00
1.359149440398438102e+00
1.357961452248143130e+00
1.362517387358516352e+00
1.340853583875361910e+00
1.342011292782531839e+00
1.340733977912248021e+00
1.331445365960880256e+00
1.310750996336192964e+00
1.340485069262222551e+00
1.348816279506653837e+00
1.342672484616763029e+00
1.350891461168243657e+00
1.360387530044019133e+00
1.356430878090870706e+00
1.354111507366232647e+00
1.358621641331955399e+00
1.344942781292759904e+00
1.360431986056594544e+00
1.335226627218360829e+00
1.327117776955056616e+00
1.335109114374780859e+00
1.338391803658511847e+00
1.327211450663227099e+00
1.348018215935539166e+00
1.344615532404369374e+00
1.339846409659671833e+00
1.328557218984618649e+00
1.325125701536985501e+00
1.345316678464112847e+00
1.356903099326312256e+00
1.360255775675451195e+00
1.348120076637802756e+00
1.334749135576885237e+00
1.342682599439634972e+00
1.349387073770498713e+00
1.357514382789205554e+00
1.369134405032060187e+00
1.335848078663842031e+00
1.340773442733949272e+00
1.337056657985150165e+00
1.349098900149236169e+00
1.357050827893303335e+00
1.337400084766518615e+00
1.341773592335320453e+00
1.321426633443841814e+00
1.335052748012657942e+00
1.333959279517173968e+00
1.344554150592382369e+00
1.366108251040123456e+00
1.375840184048221060e+00
1.361914637283769824e+00
1.357252618237098307e+00
1.367818106117062227e+00
1.332918501212409401e+00
1.358697407339270580e+00
1.358155424515584020e+00
1.358611529951876840e+00
1.360319335398718188e+00
1.346161845576421712e+00
1.359879040985457976e+00
1.360812767915667187e+00
1.351737110746105142e+00
1.347851931473810660e+00
1.347784439059841244e+00
1.345404960823010310e+00
1.343342942868412937e+00
1.352687128036700326e+00
1.338632464365638652e+00
1.342690189664069278e+00
1.341901903761140158e+00
1.339237461277234864e+00
1.340927674428579186e+00
1.348833476416531285e+00
1.358851279368471276e+00
1.342566861885058138e+00
1.337833926113803473e+00
1.343424251491015964e+00
1.325555873528823314e+00
1.359789808479996198e+00
1.364771100739744725e+00
1.362033051197793831e+00
1.352784157219900862e+00
1.345016413641926700e+00
1.327332132891618999e+00
1.337649492514270122e+00
1.325964801627366407e+00
1.343931732677238866e+00
1.340786469603241882e+00
1.347565371967281322e+00
1.347824357960186958e+00
1.358390106055952451e+00
1.348063061790872430e+00
1.348013696426049624e+00
1.360121731522550670e+00
1.362396196740203402e+00
1.352071862102744992e+00
1.351710668274171301e+00
1.336632176054000087e+00
1.330566856680807986e+00
1.341386377621532677e+00
1.317936085754213060e+00
1.319131250598246208e+00
1.313638458029211753e+00
1.325760391450907072e+00
1.339297296705465046e+00
1.358669180612250393e+00
1.367836779585238194e+00
1.369952556362717955e+00
1.359415448278407546e+00
1.341140120189306506e+00
1.351450263605791902e+00
1.358481260468348717e+00
1.362867371277996398e+00
1.352153548095180291e+00
1.345224360319915435e+00
1.362347380294463006e+00
1.359188364354160239e+00
1.376087028919086741e+00
1.366359157030188509e+00
1.366411599915822617e+00
1.365560445182834481e+00
1.349824783695986907e+00
1.354593694304182749e+00
1.347081785889290950e+00
1.346046420147748224e+00
1.350568641228461431e+00
1.351084372972020553e+00
1.340109602931150112e+00
1.341603966461857311e+00
1.326239863578980493e+00
1.319946687774343097e+00
1.325660624730693238e+00
1.348009036783026637e+00
1.358328192178195781e+00
1.344435506872002861e+00
1.351737798251076539e+00
1.362087267241527400e+00
1.334545416352437730e+00
1.335676873337404924e+00
1.331896599698577432e+00
1.322947420167879917e+00
1.332494034195571997e+00
1.344045444029396741e+00
1.332101096474050284e+00
1.351072684965594961e+00
1.316395120881769243e+00
1.307608970956450900e+00
1.312683056769907486e+00
1.322972019855816583e+00
1.338122702345065029e+00
1.368920637800755236e+00
1.367469481616755633e+00
1.329665662347633948e+00
1.317456116361647833e+00
1.328637611318624012e+00
1.319534361611764961e+00
1.313117559015829938e+00
1.283739321159553581e+00
1.317796136504275628e+00
1.328650913691177493e+00
1.314880762076080734e+00
1.305213275729962596e+00
1.326248855892201650e+00
1.317160089535190481e+00
1.325703203085705884e+00
1.325327726894353964e+00
1.339255445611329698e+00
1.350559723295115422e+00
1.361259118408970403e+00
1.360701739314259751e+00
1.348912490616482440e+00
1.326818999436773394e+00
1.324202218503030659e+00
1.335173716455895221e+00
1.343516861980611932e+00
1.346971904272538101e+00
1.352049419956512732e+00
1.341232734768202040e+00
1.344499596333827096e+00
1.345653091744148488e+00
1.334424008627999259e+00
1.341461620009413380e+00
1.334856583736841351e+00
1.347160007875037202e+00
1.345060653173823173e+00
1.343219534606489463e+00
1.346793088240238800e+00
1.318615845572296941e+00
1.335440201122187975e+00
1.343647994958278025e+00
1.319595662239538836e+00
1.311655015326599338e+00
1.321066809299640044e+00
1.309202149605584342e+00
1.325936888759199128e+00
1.335078763885027442e+00
1.328592433391541316e+00
1.330742885047188961e+00
1.335645997765793069e+00
1.328607292364018866e+00
1.334255296114056577e+00
1.358890548981182445e+00
1.346117619318758507e+00
1.350840980930859248e+00
1.349538128060285835e+00
1.343288388216069551e+00
1.334485718000740562e+00
1.316453214551996043e+00
1.324472014012741727e+00
1.329117663328114540e+00
1.331812559130123530e+00
1.312746447919089565e+00
1.309459389686647324e+00
1.312030039695402328e+00
1.313256385089325962e+00
1.323589995418867904e+00
1.319468657998853933e+00
1.346532632927442075e+00
1.342983165137038526e+00
1.321625173514452634e+00
1.337587005873414281e+00
1.328140861325643129e+00
1.338912064262088197e+00
1.319529453351838244e+00
1.312532045766125810e+00
1.302345008571681007e+00
1.336093281829806134e+00
1.351950447679704626e+00
1.352791112169411170e+00
1.354414757600099106e+00
1.347861619343825534e+00
1.349823995547957178e+00
1.364511694297144473e+00
1.345238100836547934e+00
1.378251157077787559e+00
1.370668510762137249e+00
1.347888962425506598e+00
1.335484849056568502e+00
1.331959814954560395e+00
1.327109516061088623e+00
1.337193177316552184e+00
1.346356946041489699e+00
1.349749456344128129e+00
1.366349270977482933e+00
1.356826578712048148e+00
1.360518048324607543e+00
1.328602873010632734e+00
1.330732012171477852e+00
1.310827840274424227e+00
1.334829774886756582e+00
1.319100121429425121e+00
1.336150346645205378e+00
1.321786797955585735e+00
1.309976135315723988e+00
1.313145896951185110e+00
1.304438307854943080e+00
1.335694284241658591e+00
1.348497623953987645e+00
1.356337520469224955e+00
1.362062927589818395e+00
1.345883923589044961e+00
1.348855032714092017e+00
1.354458364532520331e+00
1.347019481620750581e+00
1.336329073436243853e+00
1.333240801097441031e+00
1.357298054596536074e+00
1.369800823916736743e+00
1.362895008805257824e+00
1.331703091454254917e+00
1.317076153195197996e+00
1.326965020938344120e+00
1.361733322645587441e+00
1.364671557717705097e+00
1.356027759989111958e+00
1.359473971261004444e+00
1.354517116302008661e+00
1.328990973277873078e+00
1.320479470266798572e+00
1.318010675121833897e+00
1.318636675413387804e+00
1.320127594645979174e+00
1.302562840986286830e+00
1.316005218195467119e+00
1.321985339333640708e+00
1.310561512141145135e+00
1.312468790525237017e+00
1.304664389116650280e+00
1.303116985267626093e+00
1.319154391225224376e+00
1.338979197718803471e+00
1.329609810105363499e+00
1.333960485522806216e+00
1.324038193332650382e+00
1.322956873439763426e+00
1.320650517463201945e+00
1.343081891419666718e+00
1.350641095715171991e+00
1.340989691991491650e+00
1.311042574711899666e+00
1.333811710926190441e+00
1.321993994467079547e+00
1.339342267469533665e+00
1.317759550223535303e+00
1.320885189454643616e+00
1.343343734611638807e+00
1.357117832539597169e+00
1.368799055170229595e+00
1.356847306837110523e+00
1.359406392818324427e+00
1.324391201443222643e+00
1.329897382274920048e+00
1.336373646117045455e+00
1.349758761094189463e+00
1.361516034390025220e+00
1.343719080661200937e+00
1.360565444222607612e+00
1.375939156733588797e+00
1.351671059761621052e+00
1.361827663543647704e+00
1.354115333194959803e+00
1.364527166320924190e+00
1.365279155238740660e+00
1.348569042094491577e+00
1.357008336575564522e+00
1.346639000322782609e+00
1.334569402895305013e+00
1.335885903526265350e+00
1.346567847447719179e+00
1.359027953172455838e+00
1.343184310271792192e+00
1.338155860781735873e+00
1.339070573211492032e+00
1.360304623157496895e+00
1.363481827530593993e+00
1.358315066971595764e+00
1.345366439421355143e+00
1.360986034008268231e+00
1.349350920956933209e+00
1.351107530291107972e+00
1.334902719244517311e+00
1.364012435179348781e+00
1.357199843944151718e+00
1.361003021069264962e+00
1.361193186995967253e+00
1.352221882525120433e+00
1.365507433650613001e+00
1.374924314156565464e+00
1.359468065142044768e+00
1.351569884893468299e+00
1.359974708002872568e+00
1.358515927940142198e+00
1.341140609710593790e+00
1.351218881388345672e+00
1.344723401618762137e+00
1.357730820852977693e+00
1.354945415787409679e+00
1.351026654787395698e+00
1.371640159795596281e+00
1.363284415059536014e+00
1.351466486101176478e+00
1.337574770234597921e+00
1.342428394175583906e+00
1.337966339672830518e+00
1.343071156352884321e+00
1.341638193126768908e+00
1.314317201385438727e+00
1.353199580582290507e+00
1.350525608238392072e+00
1.341046989773084341e+00
1.355971789991332832e+00
1.355362593227537937e+00
1.359843414213769641e+00
1.356147020601106146e+00
1.343465469535479961e+00
1.348993824465342106e+00
1.343434934321291019e+00
1.344076876463917936e+00
1.343056015565383898e+00
1.335877625218602205e+00
1.350096522115689979e+00
1.351256678636917341e+00
1.352301803861177820e+00
1.335464245017049967e+00
1.323884758140226880e+00
1.321209882139196878e+00
1.313769365099011210e+00
1.325627026375424400e+00
1.338226200587538495e+00
1.333279334084462420e+00
1.339267511559457668e+00
1.350321648582620382e+00
1.345648302293666942e+00
1.357459111970129806e+00
1.355478048467877894e+00
1.339093998018684228e+00
1.337855657547132093e+00
1.335068066856009761e+00
1.316314266217120332e+00
1.334514302938116126e+00
1.339058593221268856e+00
1.338753961260841008e+00
1.338898372340252552e+00
1.342059934129929077e+00
1.348898718107005568e+00
1.343180614658658234e+00
1.344000873232828130e+00
1.345942687315705211e+00
1.346619815855613522e+00
1.351863896065257808e+00
1.349485732005396788e+00
1.354451294204507716e+00
1.343379137585597016e+00
1.332426676076363004e+00
1.346124010663550807e+00
1.355449595152644182e+00
1.347814626532632731e+00
1.355387573024680936e+00
1.345619090325109291e+00
1.333295463461214414e+00
1.336092521797972665e+00
1.336842599999111370e+00
1.360624825626884249e+00
1.360199899686500569e+00
1.355156467527520281e+00
1.338915461816810648e+00
1.355167755616055292e+00
1.368725864913580947e+00
1.365231033575097008e+00
1.361899537885902900e+00
1.334225976113857737e+00
1.324927801776439873e+00
1.324962857007463413e+00
1.320906685272727588e+00
1.327388843890464631e+00
1.358836631981505949e+00
1.359089850447536385e+00
1.357786829795625483e+00
1.350408149415460946e+00
1.330167430486616897e+00
1.331556867094167318e+00
1.334159746057421714e+00
1.346287969225095749e+00
1.344959152371187461e+00
1.354885646617490336e+00
1.336677003047267442e+00
1.318369550432331394e+00
1.320214028531420558e+00
1.337118845811754664e+00
1.346402998721558664e+00
1.333772819549178923e+00
1.341332858449054255e+00
1.339931771241327008e+00
1.347529283906034436e+00
1.359954791450295186e+00
1.377684069455401117e+00
1.357354312954213382e+00
1.364208847872747432e+00
1.358967644067584857e+00
1.348891383031842084e+00
1.337504450096802744e+00
1.326268774687699992e+00
1.334645617322713029e+00
1.324539651216194880e+00
1.344272132047065416e+00
1.349660154697201353e+00
1.343710676295777340e+00
1.354869423201342737e+00
1.344810907567576930e+00
1.351694373897487367e+00
1.363367356724304758e+00
1.347064183715498409e+00
1.345755711324791770e+00
1.333600019532141134e+00
1.325488999193662476e+00
1.326735607007423878e+00
1.333073871679989475e+00
1.305772706151808515e+00
1.315464720981588842e+00
1.335251800062146055e+00
1.337591769610265935e+00
1.333591092653905186e+00
1.321741896842132835e+00
1.313854471820491865e+00
1.340891152452630797e+00
1.331712648623991635e+00
1.354872490231243010e+00
1.353850112604286116e+00
1.367613740972379643e+00
1.378045906871203430e+00
1.373545075585470565e+00
1.372227087260577294e+00
1.371200970353536830e+00
1.363708686629141908e+00
1.348836897913414878e+00
1.364352575024071479e+00
1.354448133083202777e+00
1.324382937530365290e+00
1.314907290446291954e+00
1.312507733144393507e+00
1.324389496814069478e+00
1.303785457632377742e+00
1.330583365396817985e+00
1.330601004109005947e+00
1.334325526546784824e+00
1.348973043141506123e+00
1.339180707472158005e+00
1.355567577518655087e+00
1.332621686180861298e+00
1.335011097827204951e+00
1.327255863767108135e+00
1.353304489896592466e+00
1.366093108099087905e+00
1.369916838090748268e+00
1.362842601155072053e+00
1.368048753175443277e+00
1.350913102642545827e+00
1.335498573877899275e+00
1.349507491049126262e+00
1.358510700645494174e+00
1.354131111772073348e+00
1.330155508250302043e+00
1.330977068313579537e+00
1.347617397251165583e+00
1.335613584968232681e+00
1.338675170077534338e+00
1.339925223645066055e+00
1.336375998952443522e+00
1.342595216400479963e+00
1.344844518225331464e+00
1.332468414535465273e+00
1.338208303150760337e+00
1.353468501167010229e+00
1.347997765079156585e+00
1.333537661950643383e+00
1.345665038875134334e+00
1.362281176162040586e+00
1.363367900242336672e+00
1.357308538933115205e+00
1.344789979670983682e+00
1.329816019466494970e+00
1.335474561933882143e+00
1.330976804126467128e+00
1.336714724493810014e+00
1.318978965294919981e+00
1.316965342360618019e+00
1.333076407859154155e+00
1.356861264996006122e+00
1.337930667423730791e+00
1.349217313380186356e+00
1.348662954476250730e+00
1.345741623060801251e+00
1.363686284881335364e+00
1.368325517608437902e+00
1.362018407221676553e+00
1.391508885823000030e+00
1.359009255825082363e+00
1.354567630010448331e+00
1.356350507280752460e+00
1.339631843443512382e+00
1.349971796029277860e+00
1.336740571070864858e+00
1.332330788950153444e+00
1.340741349216123091e+00
1.338951568922442936e+00
1.364289265492755643e+00
1.353763823550781176e+00
1.321072121262206522e+00
1.313328523895819666e+00
1.339630120693828141e+00
1.323274574608202636e+00
1.327842983176939606e+00
1.330443800406457822e+00
1.335618280894191878e+00
1.356463793748768021e+00
1.364749638740389903e+00
1.350043466459553310e+00
1.341628647926215168e+00
1.337297679022126040e+00
1.341649014636043802e+00
1.339179177646804941e+00
1.351262904523482078e+00
1.340270037414024173e+00
1.333164139937169201e+00
1.353105271996697390e+00
1.347835234321530073e+00
1.351948348026589031e+00
1.367670028658640735e+00
1.370302270378728204e+00
1.362967285408684281e+00
1.361963461686158450e+00
1.349021152676938895e+00
1.334839517140259613e+00
1.342185461116034872e+00
1.343416295940291993e+00
1.330556258587868745e+00
1.343726510636547244e+00
1.342970605020884722e+00
1.328845961041020152e+00
1.313213161212978264e+00
1.325045429057914781e+00
1.325872526783542060e+00
1.329283043152900357e+00
1.332594112460770752e+00
1.334305651889246658e+00
1.335773335541583062e+00
1.335271352925732513e+00
1.323342977319130531e+00
1.337846356316672258e+00
1.355906478668129189e+00
1.340356758374560364e+00
1.327461095477745712e+00
1.335816090632561792e+00
1.335850939590931485e+00
1.350317744917973073e+00
1.363770964205122116e+00
1.351645570383544159e+00
1.372950892710312898e+00
1.358219681518185729e+00
1.352031614303314644e+00
1.349050315209390893e+00
1.348531009032072792e+00
1.349182159779611201e+00
1.377722423090787185e+00
1.379597171489395979e+00
1.375166366186347799e+00
1.363488065313533726e+00
1.347297904196157026e+00
1.346594902712114683e+00
1.343119546268628506e+00
1.346602261691969504e+00
1.329518218640914906e+00
1.325020687715294798e+00
1.312849677094469092e+00
1.327064774485732013e+00
1.344983613204124406e+00
1.338015632107238950e+00
1.328869637930280900e+00
1.337233345465108192e+00
1.325483352587192964e+00
1.326875079054695261e+00
1.328742970885904651e+00
1.309930298864928622e+00
1.314899815130551985e+00
1.323710553324433770e+00
1.350289546508895988e+00
1.354137812919348205e+00
1.345368383186779537e+00
1.338181477539955422e+00
1.329440861271809604e+00
1.309980363315339957e+00
1.321600727274049314e+00
1.317180354364952732e+00
1.312652419089524347e+00
1.320909317501221203e+00
1.330817884187553535e+00
1.339987022485464863e+00
1.347534268332248431e+00
1.346314923896505977e+00
1.345621492854306656e+00
1.349471137277540311e+00
1.342329053249301962e+00
1.357372925587553958e+00
1.350781672961866242e+00
1.340633310027173897e+00
1.338016985192258979e+00
1.326899640311424156e+00
1.343103357563256051e+00
1.352956543737743544e+00
1.358960619657388902e+00
1.360180673309108856e+00
1.365678811502211598e+00
1.342451176651632272e+00
1.317473517861509569e+00
1.327818590331541371e+00
1.342457798097221655e+00
1.339208869649716860e+00
1.337955365925088236e+00
1.348072776104107806e+00
1.316148910494436386e+00
1.311819042466220830e+00
1.334656454536279124e+00
1.338747482472713024e+00
1.333881022576178799e+00
1.342068107915276975e+00
1.327746173025943666e+00
1.332680246791338119e+00
1.333065596495937477e+00
1.344495330793733290e+00
1.345629872571611152e+00
1.346175337116872317e+00
1.340603797187466917e+00
1.337691554514166548e+00
1.350392246395887286e+00
1.325207854803515328e+00
1.353533057120817285e+00
1.347249593728284456e+00
1.326687110638029798e+00
1.345569944860735001e+00
1.359106273360958239e+00
1.369398336076657730e+00
