3.333333333333333148e-01
1.404199451530810494e+00
2.127192864527506888e+00
2.582549609374938271e+00
2.939173758269306713e+00
3.192931490079961687e+00
3.418881946456978405e+00
3.506912847621076246e+00
3.574412870910257833e+00
3.586511495371408564e+00
3.668006237471802322e+00
3.671951588336422212e+00
3.651905085394328232e+00
3.671938396867940657e+00
3.715629164445039212e+00
3.670837495329382971e+00
3.669501953313812681e+00
3.663244875517592813e+00
3.668106433718178128e+00
3.632015970800106963e+00
3.602276388588570466e+00
3.623043690242216730e+00
3.679354334989193287e+00
3.636748684676526455e+00
3.726713406717244936e+00
3.727022379881427927e+00
3.727553391669575333e+00
3.708734778897584405e+00
3.678259865852548938e+00
3.699562652241028982e+00
3.661699061141335143e+00
3.765809516863419137e+00
3.772825401293200986e+00
3.728760688515488919e+00
3.694384500064262333e+00
3.659314744219387183e+00
3.701681546109913956e+00
3.696596662674232814e+00
3.709700246780856858e+00
3.721046534803268635e+00
3.725994048026994854e+00
3.745597370922954195e+00
3.667413732092095202e+00
3.655529929965999791e+00
3.630500354935682683e+00
3.711061982561102202e+00
3.720803259505357730e+00
3.727753078144631083e+00
3.728793944510613745e+00
3.737005322468050394e+00
3.728507886471880806e+00
3.741651666139591104e+00
3.774214824512186706e+00
3.726027056859777087e+00
3.715396050309894616e+00
3.718947101448195625e+00
3.645390942525085887e+00
3.658456552634508530e+00
3.633841644085836542e+00
3.625891457917479244e+00
3.643853046228966885e+00
3.664032761414761641e+00
3.665996314238350262e+00
3.668019469946390387e+00
3.658980563703557731e+00
3.661651887760543289e+00
3.613934453033104788e+00
3.637464201986382761e+00
3.689090263487592836e+00
3.693756442006297380e+00
3.718006196127245477e+00
3.697587616745374284e+00
3.672557071784047444e+00
3.674738726672676759e+00
3.689412730106207405e+00
3.698797067266940353e+00
3.648942302633576329e+00
3.655487064097316274e+00
3.636230637546967071e+00
3.666345373870057323e+00
3.603136941381141600e+00
3.596925130927270953e+00
3.618422787742217928e+00
3.604207092877333984e+00
3.618002054693279401e+00
3.619979742796266997e+00
3.654609669001176009e+00
3.669213201283225256e+00
3.650841915309666508e+00
3.678332594239447140e+00
3.681028277270970595e+00
3.708673253337704701e+00
3.729959538495165816e+00
3.747745259693129327e+00
3.753590398510024073e+00
3.717964159529331347e+00
3.726855041026162052e+00
3.720308180103288453e+00
3.715402189161399527e+00
3.701797147080417183e+00
3.696902995500976896e+00
3.650734395289496170e+00
3.677693931528815519e+00
3.687063978968397215e+00
3.635663645338514716e+00
3.666898486017108105e+00
3.690352297341918941e+00
3.686942391569848265e+00
3.716670337598689144e+00
3.674787374829730613e+00
3.690545024411788777e+00
3.698087681003401794e+00
3.662515970446857505e+00
3.648093958339964082e+00
3.696366243713979483e+00
3.708050686404830376e+00
3.758731908403891264e+00
3.749340600636051679e+00
3.682562819543911292e+00
3.686489491412859199e+00
3.664853197695036258e+00
3.669784465069939383e+00
3.685155112739331607e+00
3.644143061301372111e+00
3.659674793824377215e+00
3.686763486893795516e+00
3.710261077765322657e+00
3.730210209006742605e+00
3.702686833194824612e+00
3.716693715942277265e+00
3.714116357064815688e+00
3.704727561960936555e+00
3.720559772854618252e+00
3.707876179112231441e+00
3.640637460239102730e+00
3.649479702235387535e+00
3.656829536786004198e+00
3.619805373674300775e+00
3.622040609446722570e+00
3.664060748690102454e+00
3.644035156821993748e+00
3.656710869962044086e+00
3.652452928160780488e+00
3.628472969628346867e+00
3.643454595137775254e+00
3.659203199489238667e+00
3.673834234181711622e+00
3.632573695889918408e+00
3.593435789761334487e+00
3.622448303507932899e+00
3.671623450339090322e+00
3.660287391256697553e+00
3.608358423025171735e+00
3.633982171378489223e+00
3.653921049235433038e+00
3.664379230161161516e+00
3.664878427408756689e+00
3.656276495054141762e+00
3.685540356218643510e+00
3.687490760746625629e+00
3.707028539429332969e+00
3.673537619887141670e+00
3.671029579072466742e+00
3.658606318864833451e+00
3.625298416864281670e+00
3.653457674116934673e+00
3.719883851034451627e+00
3.700013606242972486e+00
3.681478252714295518e+00
3.759031571388197435e+00
3.714261284517676120e+00
3.736870580975395928e+00
3.749339462827443903e+00
3.673321379842894974e+00
3.686550945080786512e+00
3.698965867271590380e+00
3.746887489369078228e+00
3.729026963732367417e+00
3.683033720828692292e+00
3.687480765557757056e+00
3.664438559628802494e+00
3.665587823826223168e+00
3.742364354562475182e+00
3.738789754073375438e+00
3.720956851993684200e+00
3.750101090087599065e+00
3.686258709559107949e+00
3.742925485600336444e+00
3.676681929867423815e+00
3.709701729767507228e+00
3.725456732907928004e+00
3.695282358909944609e+00
3.672514837275418387e+00
3.681490314376366424e+00
3.709112539764653160e+00
3.718951389868696555e+00
3.681462296802942014e+00
3.631900787957028420e+00
3.672513290301137268e+00
3.654381028195831771e+00
3.701620618139244812e+00
3.706710785084144977e+00
3.678874728478464196e+00
3.633452223035608331e+00
3.685313650467000102e+00
3.687545689449593489e+00
3.687543863034187464e+00
3.652051370438079037e+00
3.637394919081569533e+00
3.667752754696266049e+00
3.647645020023812190e+00
3.703962759287763973e+00
3.706153241599686954e+00
3.660401920803471487e+00
3.635292839395824149e+00
3.625809163085982334e+00
3.644728194372838903e+00
3.593215015929987377e+00
3.619672498548057504e+00
3.612990378350540155e+00
3.672357100466591362e+00
3.688041601454959739e+00
3.728885087798655018e+00
3.781944361819296052e+00
3.747234525492550539e+00
3.715480053183026321e+00
3.714554676508567965e+00
3.796124176811340067e+00
3.762842453115587293e+00
3.698326107674949625e+00
3.655024753232094081e+00
3.698075401188190447e+00
3.695313388319396264e+00
3.722418577092049485e+00
3.708972519535457035e+00
3.711299503583593840e+00
3.721761691224049429e+00
3.729763146431805954e+00
3.711400988924028255e+00
3.676778970140759828e+00
3.672260897977169591e+00
3.714696484225613382e+00
3.731901308494757874e+00
3.740209767673024821e+00
3.765613886308192271e+00
3.736773826514771635e+00
3.680569270086973432e+00
3.647862345228283676e+00
3.633608077568549088e+00
3.667960648690036241e+00
3.646838643012057180e+00
3.635462566154227471e+00
3.576103894976871089e+00
3.653640203758743432e+00
3.691439049878012746e+00
3.688174590268536779e+00
3.658695100114033316e+00
3.650037043172659423e+00
3.693836700191338362e+00
3.701369755705846032e+00
3.711783599180773940e+00
3.717111026258902662e+00
3.695487443835224539e+00
3.689608673012710671e+00
3.694613680080808482e+00
3.679547196824899835e+00
3.699840148537842488e+00
3.734709894453724921e+00
3.713462278164969543e+00
3.701853371315480423e+00
3.680375320469553735e+00
3.695801422688772320e+00
3.691382956853942243e+00
3.646813167894868979e+00
3.670458756703012249e+00
3.673928544910716187e+00
3.664093593511026814e+00
3.677924082499500535e+00
3.673546836839524765e+00
3.677369700821112808e+00
3.678089171895413845e+00
3.691313754192201646e+00
3.692322157213880907e+00
3.721649839278136529e+00
3.675661987751023485e+00
3.697928316719928610e+00
3.683333694278674741e+00
3.676733365700768363e+00
3.699737388894217105e+00
3.703260902577631519e+00
3.665018179910275009e+00
3.652747813615544903e+00
3.605569588664252478e+00
3.618549645801679926e+00
3.610501284066343963e+00
3.632622016864332615e+00
3.627288428312605895e+00
3.618970614472980518e+00
3.642299190926364894e+00
3.662246569885069913e+00
3.661050123481193630e+00
3.657105328471912831e+00
3.651064824614189686e+00
3.666446329235979018e+00
3.653686545206463965e+00
3.638145679236918006e+00
3.658920508270443683e+00
3.650895448194523940e+00
3.655367080192944318e+00
3.634598308014186152e+00
3.654447910348557205e+00
3.687237245948670861e+00
3.710295213710483431e+00
3.703342519550861134e+00
3.720805733046620656e+00
3.709183589190649055e+00
3.759349642670851033e+00
3.764324331213249053e+00
3.750473133679114390e+00
3.699223066187295572e+00
3.721005516354500831e+00
3.744040957206916875e+00
3.722566215384482291e+00
3.655268674311192623e+00
3.697205402363487714e+00
3.716458992031851594e+00
3.633130473491543722e+00
3.590982474371979816e+00
3.647701307702413409e+00
3.658588222454144390e+00
3.682345926050065721e+00
3.669687805472140685e+00
3.652887051132740925e+00
3.735222140041584371e+00
3.724055863383473941e+00
3.714031631388722055e+00
3.702295465336628677e+00
3.701833985439729080e+00
3.647388437269570627e+00
3.696938584115451842e+00
3.736915192470091185e+00
3.704101205716445300e+00
3.629696517147064316e+00
3.677515873809166003e+00
3.679579464671034028e+00
3.682982593817913042e+00
3.658171614225197210e+00
3.663482844380617554e+00
3.640214311520154400e+00
3.662226363407869112e+00
3.657649770457880312e+00
3.692576411999009878e+00
3.706733532407628484e+00
3.695820856040632485e+00
3.668575333226451018e+00
3.644873022875377622e+00
3.667614430208734788e+00
3.653548547738834973e+00
3.694643390179672693e+00
3.673004417309498226e+00
3.672331446323148452e+00
3.693411312415197933e+00
3.717947191263843099e+00
3.713028223148776341e+00
3.667776416532111394e+00
3.689315392085677381e+00
3.682362687397855439e+00
3.727554974047424086e+00
3.694092236186650169e+00
3.742186197741125930e+00
3.734533216355850893e+00
3.730473738831189934e+00
3.701996341013054082e+00
3.672354662053596286e+00
3.671118580476226079e+00
3.707205493757409709e+00
3.645371517797518557e+00
3.613698137114556008e+00
3.630127066203920894e+00
3.599360598013854329e+00
3.646149031867178980e+00
3.616188284020189769e+00
3.633117538442591776e+00
3.654794546444970482e+00
3.654735797750731319e+00
3.639234757186691649e+00
3.683875040945334689e+00
3.709335648009422837e+00
3.658981579603762579e+00
3.638831951571577239e+00
3.630440061951816677e+00
3.647817574047564904e+00
3.626013767980339697e+00
3.670532315692335512e+00
3.682773194710850184e+00
3.666865568267624997e+00
3.666970536207109888e+00
3.707437460822378128e+00
3.675392860828786024e+00
3.670548721135546977e+00
3.718647100179818477e+00
3.761991455815545393e+00
3.752673502267597438e+00
3.690025122775746347e+00
3.699541605249800025e+00
3.674590959231781806e+00
3.664328616452582121e+00
3.676344518768733138e+00
3.746042741349280725e+00
3.662753353983937643e+00
3.625705791368623920e+00
3.665057406509838689e+00
3.598944354331027107e+00
3.642059235883848167e+00
3.617197822480382019e+00
3.675251967001430753e+00
3.632225904836090535e+00
3.659571998138548832e+00
3.678544807523361992e+00
3.652992927588757155e+00
3.687718397054293273e+00
3.711718697020007784e+00
3.683676169700139891e+00
3.639034691595266491e+00
3.619689700190681592e+00
3.635925352014361067e+00
3.638018503602816089e+00
3.697637179111024075e+00
3.694086229105113528e+00
3.684317876955547799e+00
3.644509752957429516e+00
3.631157287873601369e+00
3.620931521652601681e+00
3.623156494018548113e+00
3.629169465609971112e+00
3.643185958299525407e+00
3.650452091996731596e+00
3.618260964440182637e+00
3.636591254809537155e+00
3.634165919445465409e+00
3.641799511479589579e+00
3.659663417710798505e+00
3.691314728664652378e+00
3.657733122117704738e+00
3.701497120085647463e+00
3.679877444248621288e+00
3.730050499507747030e+00
3.718931589418306149e+00
3.738706809775924622e+00
3.675496176168477458e+00
3.717509673633963452e+00
3.717176993844155675e+00
3.679806460625770992e+00
3.704249767427354012e+00
3.740007966477666201e+00
3.719973443640813393e+00
3.740621138461106110e+00
3.787755583854199859e+00
3.745782212594547467e+00
3.721448650923630197e+00
3.726914603844193596e+00
3.720900055802402129e+00
3.744025279521678407e+00
3.710928981008694727e+00
3.729756311267764968e+00
3.763990096445413602e+00
3.754602290237438300e+00
3.792524494988679162e+00
3.800720269317452438e+00
3.742966743574770216e+00
3.796563132239735960e+00
3.720076392472280169e+00
3.694704804230148909e+00
3.740912792673176224e+00
3.737101819815279224e+00
3.772134388217305290e+00
3.738636193011529052e+00
3.733736612418692147e+00
3.712216576290490178e+00
3.683163732816681968e+00
3.681156631869156204e+00
3.709909902304330043e+00
3.612209580004204224e+00
3.706079973288633145e+00
3.689388095346219920e+00
3.737490382661875277e+00
3.712820040089146456e+00
3.687259139381602768e+00
3.708732356791673901e+00
3.756373006771106748e+00
3.795340897000654579e+00
3.802287066334187227e+00
3.813399035438501006e+00
3.772014873874867114e+00
3.693236369362316474e+00
3.700843704629995123e+00
3.687238693754125940e+00
3.652019893542492568e+00
3.588408014123836587e+00
3.664277257996420456e+00
3.714212158118020746e+00
3.740006453115587437e+00
3.724838859005815905e+00
3.721333246022116903e+00
3.722997483952624531e+00
3.698880457416866108e+00
3.685846587966861154e+00
3.641817045333179070e+00
3.610206109304039845e+00
3.603407573664131558e+00
3.611857988080721782e+00
3.663283186545402970e+00
3.682613909304242927e+00
3.698225338990383193e+00
3.668334894120767409e+00
3.653058844207058176e+00
3.631690168078864467e+00
3.660864571652461485e+00
3.705799340778851647e+00
3.718061451314544907e+00
3.697450670883046797e+00
3.660827563710517651e+00
3.668916748951468687e+00
3.681120275195333580e+00
3.681017842110296368e+00
3.701593867189783449e+00
3.726751031322282248e+00
3.707233442897596376e+00
3.720368958172596052e+00
3.754867204258162783e+00
3.730846555922971319e+00
3.751980609096941421e+00
3.736543174430467129e+00
3.727710921105829467e+00
3.678739693850106462e+00
3.671144497598818557e+00
3.632020868314233208e+00
3.620537763815003807e+00
3.641700880465605916e+00
3.672186488768971468e+00
3.709868620289223706e+00
3.689467348992825801e+00
3.681642364349468899e+00
3.714080697473669090e+00
3.714185399214531280e+00
3.709436306106736581e+00
3.692806204461951403e+00
3.682554697870540128e+00
3.635664836463067928e+00
3.709269717924790211e+00
3.720911252545230141e+00
3.670720553179175116e+00
3.662476440533251498e+00
3.656802304223492506e+00
3.693071680742419538e+00
3.723194750265792496e+00
3.685469818451248880e+00
3.700925929252642632e+00
3.684214305700037162e+00
3.717172097779205320e+00
3.700451548074104480e+00
3.723692056470426781e+00
3.748267201571875429e+00
3.780165589122966630e+00
3.764120735027278286e+00
3.762670687633588251e+00
3.746727601613390579e+00
3.714502758806529137e+00
3.741630470681321263e+00
3.709197406596280278e+00
3.745083663789795736e+00
3.711286284762099097e+00
3.730483307033028773e+00
3.726993290918799051e+00
3.710073991744239130e+00
3.718686212066294683e+00
3.644183886650854021e+00
3.693162728972839925e+00
3.691383543769048980e+00
3.635035981898386392e+00
3.657536234193633273e+00
3.604953419851885776e+00
3.667259531852807619e+00
3.631018555992230556e+00
3.604041112550624870e+00
3.622601687785091951e+00
3.641787211969511606e+00
3.596641088809659159e+00
3.640390673055603266e+00
3.662938404944339421e+00
3.695694142378372238e+00
3.739986804738139714e+00
3.707774389607060961e+00
3.703001929127625935e+00
3.680328595100062383e+00
3.688842166087935137e+00
3.674847955706611824e+00
3.677189277588846839e+00
3.661914751463958062e+00
3.688321833737330468e+00
3.717316520321223727e+00
3.710373315486368728e+00
3.735684085642439811e+00
3.662606571320745186e+00
3.713507334421458417e+00
3.731686398857431808e+00
3.697764593310368664e+00
3.662021828070434193e+00
3.681742932888368180e+00
3.616312918930856490e+00
3.635808601933938622e+00
3.655736115136925424e+00
3.682638335753257941e+00
3.638242379427398365e+00
3.648179381054476256e+00
3.683329237976649129e+00
3.687625907391816060e+00
3.647416485237195971e+00
3.665585395135689595e+00
3.633918244783483686e+00
3.632362668410165529e+00
3.644027481004923796e+00
3.652845154479381851e+00
3.667808572530977251e+00
3.632544875357936576e+00
3.677573076802014285e+00
3.680280474384961753e+00
3.684589946773171754e+00
3.713826777716251470e+00
3.692984915502107501e+00
3.666491171289625761e+00
3.693745525177103417e+00
3.677311546584373758e+00
3.699273758313441185e+00
3.690398152270371490e+00
3.654969382449285931e+00
3.641237629750198046e+00
3.639537421540179452e+00
3.628563975160159494e+00
3.636885642751633174e+00
3.639159570960774026e+00
3.678958854419350111e+00
3.651934550486386488e+00
3.660202912421114618e+00
3.673945702739281227e+00
3.625223745134748654e+00
3.642785189915041411e+00
3.671778825089749176e+00
3.684116482018928274e+00
3.680399679232419174e+00
3.647202709582864966e+00
3.652880643472248057e+00
3.611047093185077106e+00
3.663466981605659090e+00
3.684024423600049669e+00
3.661734391353308915e+00
3.633274223224757904e+00
3.625616671821174197e+00
3.570765759828076646e+00
3.605966467338661996e+00
3.616555173155174163e+00
3.623831514630785122e+00
3.662534697114905757e+00
3.652921184496324969e+00
3.650603751304014377e+00
3.645406615960078422e+00
3.679111844056721203e+00
3.667380485810607382e+00
3.659130164991235112e+00
3.641870174561088636e+00
3.678553176661123469e+00
3.676314842810285644e+00
3.675924961052501327e+00
3.648888660912487758e+00
3.631058662339602172e+00
3.679029839941260427e+00
3.673927067161317339e+00
3.684632455462979017e+00
3.702857699565452521e+00
3.627469258298650079e+00
3.637147170824529319e+00
3.684665205235756691e+00
3.734327482956994793e+00
3.701375436398146590e+00
3.733353518855811348e+00
3.716838494260942483e+00
3.728979315221886193e+00
3.695821033906673936e+00
3.726834675435763078e+00
3.709621031672850844e+00
3.649545404496788770e+00
3.691663612804907846e+00
3.659123291615480333e+00
3.660070682546793019e+00
3.670690790529950842e+00
3.651941958998576876e+00
3.675735711187044341e+00
3.691127804696754389e+00
3.690598987425549815e+00
3.660372598105071429e+00
3.644837766151369784e+00
3.650543324569729631e+00
3.622783034164425597e+00
3.646190637969658255e+00
3.630524229293761174e+00
3.686216028223318730e+00
3.702445619047063818e+00
3.667387731565495024e+00
3.660059630371079287e+00
3.670089304176934242e+00
3.671844456497317388e+00
3.637061699367954315e+00
3.661630831840095635e+00
3.723849815380218864e+00
3.706072530951851185e+00
3.710609559904767707e+00
3.681892007454070193e+00
3.723277401590312508e+00
3.723836741350780688e+00
3.681856420831114640e+00
3.681032838714985989e+00
3.661425735739063381e+00
3.711518216864551079e+00
3.706985503600255250e+00
3.702469490344137082e+00
3.714802150504734612e+00
3.699304131230887194e+00
3.676794684500470201e+00
3.693439974568260453e+00
3.756166620039842030e+00
3.675681536803873328e+00
3.709466029809354470e+00
3.694010637992707569e+00
3.657202706838388551e+00
3.685061285214662696e+00
3.628300958992272118e+00
3.654045465387729230e+00
3.670149690227689554e+00
3.684637361747336026e+00
3.703650019476690591e+00
3.706975022079642912e+00
3.726726270689916021e+00
3.669008171151971975e+00
3.610067226913671767e+00
3.587156889971991447e+00
3.621886140191563186e+00
3.653937467972788955e+00
3.686845783267157728e+00
3.699424221944516145e+00
3.652948616236242341e+00
3.610558119717991676e+00
3.642432302499511998e+00
3.620560518848506604e+00
3.652298151457055830e+00
3.686856616336258607e+00
3.678633490870792500e+00
3.621662799857245041e+00
3.633741923288012821e+00
3.636146600642883087e+00
3.639841118434960165e+00
3.650417323401823566e+00
3.707899635251971304e+00
3.696992523039326795e+00
3.682640563432565628e+00
3.666550793991441015e+00
3.670752124923209347e+00
3.725661818016975602e+00
3.723236046810897371e+00
3.683515656009297867e+00
3.692031396375178964e+00
3.669460979178483129e+00
3.623571727819810295e+00
3.632146924921408004e+00
3.632020786189116279e+00
3.642658539049673294e+00
3.685960530755775899e+00
3.705932841962543467e+00
3.708761147311472328e+00
3.688999717959232427e+00
3.635742340487458701e+00
3.665856184756577818e+00
3.726934094296320499e+00
3.691306184985559735e+00
3.740378007097769242e+00
3.721714486039562342e+00
3.737027650117846989e+00
3.746303449496453553e+00
3.691555921865250500e+00
3.705674758927388623e+00
3.726603890388713758e+00
3.671129152375906646e+00
3.697024214183731949e+00
3.646196469963558506e+00
3.647785618483377235e+00
3.677499811090383819e+00
3.709153480664515445e+00
3.730037605983097748e+00
3.721848449410880111e+00
3.715419476031562862e+00
3.711390318600309879e+00
3.724861746644706706e+00
3.716447657711106078e+00
3.770765384601685533e+00
3.697227159616191194e+00
3.744995871026069345e+00
3.727295610068717124e+00
3.766142980158477371e+00
3.740996596652270245e+00
3.705135982927666660e+00
3.676683695547056097e+00
3.691439447599108359e+00
3.634705750589799056e+00
3.658888289753110534e+00
3.674707918689167574e+00
3.644725879135052526e+00
3.615195248384408533e+00
3.639392685519488690e+00
3.634416321415032680e+00
3.636709568122228120e+00
3.624289613205922578e+00
3.626843145831019743e+00
3.621313553728039647e+00
3.657109113508468567e+00
3.702747672282665548e+00
3.679078433757382083e+00
3.648783557432494273e+00
3.677555776685648148e+00
3.688968985728775962e+00
3.657605324947196035e+00
3.674609550468979968e+00
3.698840681717319612e+00
3.730668387578758072e+00
3.740745175721611027e+00
3.699790037478402294e+00
3.737062106890345348e+00
3.721533553302811104e+00
3.687715112717742105e+00
3.685849613455805418e+00
3.669819831332598703e+00
3.679730438289417815e+00
3.686210033796164964e+00
3.664018219856995273e+00
3.652064916293292107e+00
3.654835462932861212e+00
3.650280955113190728e+00
3.664666541992095627e+00
3.657319727318216085e+00
3.706074304330536417e+00
3.699683048671688734e+00
3.680180251505826838e+00
3.679320448864655813e+00
3.714146153104761261e+00
3.670368670694935442e+00
3.646931116232175363e+00
3.660705088877127977e+00
3.670817360032796461e+00
3.627370959175949761e+00
3.641324152347986232e+00
3.602752668871562758e+00
3.679525378081192066e+00
3.675676603857425562e+00
3.634357589529880972e+00
3.630231374848831294e+00
3.595923640270547672e+00
3.595851864021462951e+00
3.676303883638506687e+00
3.685775076604711042e+00
3.665588770565139320e+00
3.710630169474401274e+00
3.731933501086207361e+00
3.692963312514057073e+00
3.653463104997916044e+00
3.671723078660416473e+00
3.709289806383825550e+00
3.703569488772733731e+00
3.682996153683584684e+00
3.685063360824301526e+00
3.696328634033559712e+00
3.715576861464987779e+00
3.664591182455775531e+00
3.692207791327476230e+00
3.630119698237768144e+00
3.673420418492591821e+00
3.698353218798121844e+00
3.703703340114873566e+00
3.713949716723551120e+00
3.689346751277066350e+00
3.669996839665220278e+00
3.674357938748675334e+00
3.705090984451560487e+00
3.675498502396734590e+00
3.668312898773521624e+00
3.660193867030326675e+00
3.676883716641696775e+00
3.643139593046682556e+00
3.725514284905266926e+00
3.699596083250660250e+00
3.652814352266161357e+00
3.625503731909878180e+00
3.676436857222918242e+00
3.704158926174482946e+00
3.723309356366506062e+00
3.761523515427057429e+00
3.673282326114021057e+00
3.665524877604932730e+00
3.701165690064284863e+00
3.682735125200931492e+00
3.686349508676433295e+00
3.673289309713472228e+00
3.724660629907764697e+00
3.704184005078203779e+00
3.688048496738189019e+00
3.617456783188373048e+00
3.600419799896415363e+00
3.602577365778728780e+00
3.649139152738552827e+00
3.667780187707262662e+00
3.659117270066512884e+00
3.712463852426219013e+00
3.708435642809977839e+00
3.669619519969165466e+00
3.663482911116963336e+00
3.692664766083454175e+00
3.711040176275280711e+00
3.698830221060662282e+00
3.737687300547188674e+00
3.709184151126570850e+00
3.667878704511803534e+00
3.689051949599451152e+00
3.658186752056242774e+00
3.669341989312220331e+00
3.671045969229310924e+00
3.698424657791265169e+00
3.707661400431133902e+00
3.764400471714208329e+00
3.797392939606238471e+00
3.797205555479908679e+00
3.752217278212603091e+00
3.760166228603170513e+00
3.747121596790000897e+00
3.740477580711579098e+00
3.713749869371631096e+00
3.690930459467040681e+00
3.695606605824741209e+00
3.673997600799669527e+00
3.672929893555628045e+00
3.718494988185956807e+00
3.709002502585009964e+00
3.731637905191076854e+00
3.659854196689244610e+00
3.703774605543953768e+00
3.706275266498739285e+00
3.695594613089276947e+00
3.661105367530837817e+00
3.671615596827023875e+00
3.747275899441909530e+00
3.800127856114909886e+00
3.708267319070521761e+00
3.696661754193837357e+00
3.665275586202026759e+00
3.658269459927352418e+00
3.668773878989372239e+00
3.651928049255739772e+00
3.665588145776217832e+00
3.635617400421327083e+00
3.675792453727448006e+00
3.656859737079024342e+00
3.683722974325791988e+00
3.644292771076994342e+00
3.637689458253454244e+00
3.650510746257139338e+00
3.594200331686686400e+00
3.637303833680806342e+00
3.608511514753535820e+00
3.645741932109459071e+00
3.679270042285938125e+00
3.724288125669010352e+00
3.785245250880988621e+00
3.770776339035934566e+00
3.686855253470473937e+00
3.710042192124414218e+00
3.740191672665169609e+00
3.716798465748540448e+00
3.675831573411100006e+00
3.689153545466262063e+00
3.727543616132295234e+00
3.711899604788946760e+00
3.720894381983337773e+00
3.697753867150849416e+00
3.685978759257901416e+00
3.680639517382136461e+00
3.642499925623265966e+00
3.691466068133542944e+00
3.631232453279751304e+00
3.624328152815286419e+00
3.626359385145325298e+00
3.629682374348905061e+00
3.617839426739164921e+00
3.656742532706583670e+00
3.687101881645551416e+00
3.608417877213806246e+00
3.617532441141710020e+00
3.644470245642060124e+00
3.666230444099314312e+00
3.670305627280851635e+00
3.669103321519337157e+00
3.670437725589490441e+00
3.654307681157880072e+00
3.711837087032626492e+00
3.724291021835746562e+00
3.725119016360950663e+00
3.714151997046594822e+00
3.639085140069454827e+00
3.700736188679460081e+00
3.695552717281310517e+00
3.687713314808479748e+00
3.672035245457336394e+00
3.618912164211962601e+00
3.666232866261359913e+00
3.618365257534585488e+00
3.655307952549027295e+00
3.665033673753138377e+00
3.648636518629815306e+00
3.730162896395510685e+00
3.749685319120695137e+00
3.731908181111301293e+00
3.708908168709028619e+00
3.749088192581056411e+00
3.727701609421356199e+00
3.708275724150408514e+00
3.713622913187446084e+00
3.715302646845032974e+00
3.713302825055499135e+00
3.719519895100750873e+00
3.736117145737611445e+00
3.687960198243337206e+00
3.697597628441116058e+00
3.659998676945844132e+00
3.670082678683944444e+00
3.613733522028029110e+00
3.640509367097269244e+00
3.627477953769139507e+00
3.659139561126255380e+00
3.729385851396936236e+00
3.676172250614636372e+00
3.699756880287730088e+00
3.717867811497945763e+00
3.676987049650089379e+00
3.650182879422411819e+00
3.647560345318588748e+00
3.683259290560301213e+00
3.740225972288879319e+00
3.745440961766190568e+00
3.709903492620852727e+00
3.671092429929506906e+00
3.721305931346457374e+00
3.657940572167095894e+00
3.674745984749821837e+00
3.680733528626467077e+00
3.654166455487389609e+00
3.662036833084209242e+00
3.703017877057722007e+00
3.768525009053660391e+00
3.792988025514831829e+00
3.770941226544576530e+00
3.806562979118415679e+00
3.765053352898331873e+00
3.754124266031433788e+00
3.741421683511485963e+00
3.751497007467335720e+00
3.749677644627838369e+00
3.777505160054915656e+00
3.769683426702526763e+00
3.733906326636519779e+00
3.764862894287286821e+00
3.765665101919498436e+00
3.786429276282134104e+00
3.743496002779629794e+00
3.721307586962922631e+00
3.664495916375365425e+00
3.687136327725287099e+00
3.696133463184013035e+00
3.707587915111073773e+00
3.642239244818151089e+00
3.672602348485002555e+00
3.692745370530701177e+00
3.692205390021366274e+00
3.694527805472950455e+00
3.613046764885810891e+00
3.604735336339969454e+00
3.642567256589684721e+00
3.654965836513466737e+00
3.682253459107880378e+00
3.698545805345794690e+00
3.716697975758706196e+00
3.667712518958482715e+00
3.697521657859577093e+00
3.712892452362277940e+00
3.706605589537457224e+00
3.663125057831143394e+00
3.651695643720276774e+00
3.627197967020314717e+00
3.634302005363674315e+00
3.654985692962994470e+00
3.631401478597924282e+00
3.687444133266356783e+00
3.709707496530640025e+00
3.678103319815743788e+00
3.757546628178889403e+00
3.721284341659493400e+00
3.651949525096492621e+00
3.675701162360686336e+00
3.623976623628015314e+00
3.646648263191089256e+00
3.638754448974100608e+00
3.637048818291494623e+00
3.619590623318266864e+00
3.652340462603985927e+00
3.617745384961532640e+00
3.671347091325138923e+00
3.633198179607645795e+00
3.664725156148103125e+00
3.673099401080327731e+00
3.726125172985172984e+00
3.688518883806858550e+00
3.699247587724991071e+00
3.713893704578180799e+00
3.721879102879217527e+00
3.680833443130416160e+00
3.701054853875136885e+00
3.687502360196927675e+00
3.687490732064816257e+00
3.629019140972868041e+00
3.638268591259235407e+00
3.670324366305091957e+00
3.644830683337620947e+00
3.685110206038663794e+00
3.688990178030323364e+00
3.694994675539913676e+00
3.733901120474488522e+00
3.801719453927667747e+00
3.772671207338048838e+00
3.752721649203785148e+00
3.688356480809680260e+00
3.718575568577741297e+00
3.698850677322462310e+00
3.683646549055406005e+00
3.655181716879863263e+00
3.643938840060975792e+00
3.668090181247912529e+00
3.668733411255673538e+00
3.708524338218095018e+00
3.728592222509956144e+00
3.665650294348154148e+00
3.672715921058207211e+00
3.686944807560393222e+00
3.689374742866321721e+00
3.686833354100906845e+00
3.741182831281738785e+00
3.734291012871944204e+00
3.711237261695214062e+00
3.674805477908384077e+00
3.675233452180225679e+00
3.719052281736480836e+00
3.712480178612414417e+00
3.685892518121313799e+00
3.716754194183600202e+00
3.712965743303675126e+00
3.652606451375788321e+00
3.670257875926761226e+00
3.624559626078672547e+00
3.640302806399039248e+00
3.689636247464509466e+00
3.718947421469015691e+00
3.702021185502318179e+00
3.702939038670868932e+00
3.752988493853303353e+00
3.730599903544877360e+00
3.687659549928890890e+00
3.707625663875636413e+00
3.694202675362047383e+00
3.690225257707954842e+00
3.632637054326833592e+00
3.678093499779448106e+00
3.735594005224784464e+00
3.738221137638727765e+00
3.744962991790830920e+00
3.744490722815637440e+00
3.760563867169744334e+00
3.659458280702672539e+00
3.680871236825939530e+00
3.671914394060801889e+00
3.614142109538140080e+00
3.640941281511286487e+00
3.679837720964032055e+00
3.703642693794366725e+00
3.699505621567759306e+00
3.669982163873392711e+00
3.633221545077961245e+00
3.636654447552694513e+00
3.665492293054904760e+00
3.699063254096137676e+00
3.732966078995882064e+00
3.702476422610450069e+00
3.700105286188973608e+00
3.703401499399168184e+00
3.670204317471704059e+00
3.752834663430561157e+00
3.761452732280457845e+00
3.745715241459422806e+00
3.726300287920402798e+00
3.712975253277877474e+00
3.739733850063342135e+00
3.747237091992291269e+00
3.660452737580601301e+00
3.675814845750939863e+00
3.700026667623339094e+00
3.627728609048141983e+00
3.656588148466743515e+00
3.671161556683449678e+00
3.677434320291796066e+00
3.669614218420414797e+00
3.715933212749193970e+00
3.703905861424360069e+00
3.719532642881412610e+00
3.687269010867990637e+00
3.673754402616923542e+00
3.683490790942305360e+00
3.724644434773435542e+00
3.685887512157012935e+00
3.710015400202296920e+00
3.708326226488751765e+00
3.662331131972227372e+00
3.659821827552187212e+00
3.689548761840680147e+00
3.642959113899987056e+00
3.638588451086770537e+00
3.656520490872882778e+00
3.672377961996885709e+00
3.666131904912230066e+00
3.639733253204565866e+00
3.652482318281870199e+00
3.689490294492247191e+00
3.676582932535770620e+00
3.694855076902182400e+00
3.653221044495457814e+00
3.663610248546003145e+00
3.685748835557675740e+00
3.666613980569598752e+00
3.700030972718351130e+00
3.703124117742645272e+00
3.709861425546664648e+00
3.686317507487439915e+00
3.652420574975012268e+00
3.655638809278598522e+00
3.709726321980514996e+00
3.721984027915643090e+00
3.717549405668043150e+00
3.714270870164594562e+00
3.703992823304104398e+00
3.703053496658754273e+00
3.664920910606305871e+00
3.640451057950772729e+00
3.617140772813411953e+00
3.670421716909487042e+00
3.710812254546882905e+00
3.755069819963610556e+00
3.799783438898356014e+00
3.759280182268132098e+00
3.783177975281893701e+00
3.762378653556853525e+00
3.726321073184132970e+00
3.724069849175400737e+00
3.713194962338962846e+00
3.689714760540004690e+00
3.654025777326094016e+00
3.595847887613954352e+00
3.615128688095294862e+00
3.568629188020984166e+00
3.599707520095635882e+00
3.648220081035361773e+00
3.655128605865836100e+00
3.654221397557215756e+00
3.678666571395964091e+00
3.701542983470027082e+00
3.733793597348486593e+00
3.715431682207071873e+00
3.720162444791051737e+00
3.688504964693561927e+00
3.703435346971210240e+00
3.674473899754043593e+00
3.680842816445909715e+00
3.716617636637961297e+00
3.695587432781328729e+00
3.672237090346408106e+00
3.687217810892720937e+00
3.717878958852270266e+00
3.663161251323701073e+00
3.647731809679026771e+00
3.667234260473898555e+00
3.655328689296565958e+00
3.641958323626803828e+00
3.582233302037780565e+00
3.636641816644166525e+00
3.654003078940524674e+00
3.652806088289068942e+00
3.664109735821513336e+00
3.676405922728457565e+00
3.674614392021021025e+00
3.627219009242448333e+00
3.590169948590288485e+00
3.637729078094010582e+00
3.624056354871860286e+00
3.620402686974172557e+00
3.631069271935621234e+00
3.659286896448524562e+00
3.692157555832891180e+00
3.710793496811192416e+00
3.708669226877143288e+00
3.719845506552830194e+00
3.699894439961548542e+00
3.658450215176397791e+00
3.669748097955665589e+00
3.692708413624020025e+00
3.675946861399979504e+00
3.648282340566504356e+00
3.684736856150510054e+00
3.604438016600766570e+00
3.609510699906693709e+00
3.624811944133903729e+00
3.622108130176796337e+00
3.635519469042941321e+00
3.671231452352035074e+00
3.632291715931965204e+00
3.643644466915177293e+00
3.673748975055772803e+00
3.689777756370375084e+00
3.671273055709585620e+00
3.680056893615364810e+00
3.687195220890630232e+00
3.719090418189961778e+00
3.688957982576670513e+00
3.665273265031331551e+00
3.627609568814607943e+00
3.633571607056978348e+00
3.682449210603805145e+00
3.634560917645158540e+00
3.645517048544241412e+00
3.609739692884591733e+00
3.606100659373959072e+00
3.599639090371567374e+00
3.657830321509995208e+00
3.677833537263603958e+00
3.651882539000419481e+00
3.668939459843569839e+00
3.704127812815508847e+00
3.718730985642484832e+00
3.733430696659284287e+00
3.733636496705123875e+00
3.764746846255705659e+00
3.724281643785474216e+00
3.663140911520635257e+00
3.627113653168163143e+00
3.637092653606629700e+00
3.610731628865951226e+00
3.649357947603231622e+00
3.663879110426320640e+00
3.699209486415372616e+00
3.711199405125549688e+00
3.720987645275364297e+00
3.665495909788220708e+00
3.685092144696700434e+00
3.673678854864561139e+00
3.718809102332756744e+00
3.689324437737493856e+00
3.677556590002754255e+00
3.700307896616297665e+00
3.681248235490473864e+00
3.701425629998571942e+00
3.659821874363386573e+00
3.674637482751190731e+00
3.687154554014093755e+00
3.670180088400241569e+00
3.704752180542844719e+00
3.738051638410729183e+00
3.734874148317076870e+00
3.728736519510786884e+00
3.771459521505277745e+00
3.788319273139473253e+00
3.785719934295598943e+00
3.770478808706291485e+00
3.739074679283370450e+00
3.703240374070931207e+00
3.746986593294022949e+00
3.728336444362196911e+00
3.709869545288401405e+00
3.746952447580413903e+00
3.722565898422022901e+00
3.746205365268984622e+00
3.712796493281012911e+00
3.717317003482075943e+00
3.677537321549319227e+00
3.647711104194853338e+00
3.703747714976844296e+00
3.725954396750620568e+00
3.697855846394655810e+00
3.730705470158638182e+00
3.730782929649529400e+00
3.781729301317133807e+00
3.709546290971367011e+00
3.707880953652173517e+00
3.774067371473634580e+00
3.709036249677868380e+00
3.707127774664669140e+00
3.689894232393776452e+00
3.639897692163348797e+00
3.644868151701068371e+00
3.647650833703521833e+00
3.568382826197872060e+00
3.633717026708417563e+00
3.669106500423047645e+00
3.647126394815352501e+00
3.677870072940904400e+00
3.624764515065120651e+00
3.650895725409982973e+00
3.622454889889847429e+00
3.600794641902947735e+00
3.659931577427082861e+00
3.653165184810023725e+00
3.662900432025467445e+00
3.645350510945367439e+00
3.689371730456882936e+00
3.639131514362906827e+00
3.648223112421528747e+00
3.657856152637738223e+00
3.711800678502105377e+00
3.700516679614075155e+00
3.644737615491248750e+00
3.650990453467840346e+00
3.658828738785105728e+00
3.650801930107202775e+00
3.732337027272617735e+00
3.697161838005902812e+00
3.717676425251362105e+00
3.703921926783527052e+00
3.709049464609903701e+00
3.699627184442978223e+00
3.721549218527423264e+00
3.721264867461492098e+00
3.675247674042878998e+00
3.718972355901465132e+00
3.686027216543896312e+00
3.694368095633826510e+00
3.636015740048231137e+00
3.655838119523562746e+00
3.670936995268698766e+00
3.728990184766167282e+00
3.723782743003692719e+00
3.775177371029117879e+00
3.771507560021532424e+00
3.756537907258512110e+00
3.716991377410823194e+00
3.736245849042788780e+00
3.722703718124400041e+00
3.690952947606998880e+00
3.687131596774803732e+00
3.693369056010742835e+00
3.732431912016851427e+00
3.702942402778151454e+00
3.688055256244862079e+00
3.693803540554444709e+00
3.720679678694770676e+00
3.730712886740476186e+00
3.697313078094480066e+00
3.712777492189806683e+00
3.707207748076002396e+00
3.671668005472123131e+00
3.662938137203808342e+00
3.728720454174354160e+00
3.747029573283034765e+00
3.690783498187141021e+00
3.686190878200489074e+00
3.717150815588764257e+00
3.750035467128478128e+00
3.677410426641441354e+00
3.650178633500629655e+00
3.671043890034468848e+00
3.659149464311737709e+00
3.687441207923376929e+00
3.680261132859592443e+00
3.750613151132842660e+00
3.731443269444197242e+00
3.742534852893914188e+00
3.682755997370310563e+00
3.687450415960312089e+00
3.662179705603168411e+00
3.660574248736543357e+00
3.624085669118431774e+00
3.667091452530840900e+00
3.648084987097112375e+00
3.650011327715008136e+00
3.655717685746904699e+00
3.672658707677326717e+00
3.693804073579051828e+00
3.653021461432507166e+00
3.680351379465939932e+00
3.656745603674518286e+00
3.646346452649161130e+00
3.671229131334439177e+00
3.643370297145843484e+00
3.663473103048590751e+00
3.722457506690589835e+00
3.716638659820806101e+00
3.673497653024702547e+00
3.733572234975208293e+00
3.674448446026567616e+00
3.665958372723834735e+00
3.644324445990110295e+00
3.664546674179019803e+00
3.692331137973547950e+00
3.649203591895336274e+00
3.644890179039038891e+00
3.646832956160554584e+00
3.616641678111638392e+00
3.669504272927738064e+00
3.683905471735840820e+00
3.681635059867883086e+00
3.683031514721831545e+00
3.727365834745535178e+00
3.725421806901990429e+00
3.731038050424245966e+00
3.681243791321174630e+00
3.631324289371906655e+00
3.660511026806737789e+00
3.649131569690712062e+00
3.630310002870574149e+00
3.681106432719557731e+00
3.671835179761730572e+00
3.719376636813191084e+00
3.718306256302839952e+00
3.728731496512407873e+00
3.727763931734028535e+00
3.707454665960711271e+00
3.699939322452793000e+00
3.744080154669379823e+00
3.675846666682882180e+00
3.569632381046554670e+00
3.654868749149180029e+00
3.617525202467216872e+00
3.635786686122735034e+00
3.693996707868250962e+00
3.704749669393886613e+00
3.755803728240821204e+00
3.718079977363649036e+00
3.660869388768661636e+00
3.651186790706330232e+00
3.701051371907641219e+00
3.678840527477527100e+00
3.657447235636810401e+00
3.603305496416558285e+00
3.660855890319012929e+00
3.700111382207560418e+00
3.724621401540129551e+00
3.744919125620107980e+00
3.777906404836029797e+00
3.777353704609234697e+00
3.750031218748863804e+00
3.734301447660391737e+00
3.737366254993705450e+00
3.779589846110743334e+00
3.731583509167561097e+00
3.689567920614639895e+00
3.678855325597208292e+00
3.708644518226460018e+00
3.712362821030848359e+00
3.692465471906421381e+00
3.666182725939187481e+00
3.619737667170075834e+00
3.654609813710351762e+00
3.711975312676328187e+00
3.701312806867163463e+00
3.700054739513729984e+00
3.631346700649394688e+00
3.627416353202252086e+00
3.676660593891589279e+00
3.658282391389205745e+00
3.639143233644670961e+00
3.656612440520627505e+00
3.635432309244615467e+00
3.608603532725966900e+00
3.623579337555693503e+00
3.669499516662352967e+00
3.748379677250680775e+00
3.761711138404256083e+00
3.684906396547294349e+00
3.654758903518427804e+00
3.667838764382360228e+00
3.670789963751666107e+00
3.694302134455160314e+00
3.658618587586238036e+00
3.612096153908189056e+00
3.593864171601149238e+00
3.639461440394625491e+00
3.620823047406851458e+00
3.583390294660469433e+00
3.645479904501234270e+00
3.681031222622446641e+00
3.687535452151987858e+00
3.675336615429472431e+00
3.662518662219066190e+00
3.627079964093599340e+00
3.661823100601027559e+00
3.625613025528710232e+00
3.741367419934863214e+00
3.655849248211394009e+00
3.660288653779344425e+00
3.687055165175248561e+00
3.675083222098256108e+00
3.714086938637980229e+00
3.745295769948604470e+00
3.726613980719662766e+00
3.747709398267021097e+00
3.756327843172016845e+00
3.728433832255517721e+00
3.703046462515843906e+00
3.681482227624186976e+00
3.722070221903396536e+00
3.737818969471546460e+00
3.738784196284770989e+00
3.718864470861432014e+00
3.661389801134473210e+00
3.638826015824532245e+00
3.692784275002941374e+00
3.619767821586527212e+00
3.662656620772017479e+00
3.641696162879238141e+00
3.715539467669049856e+00
3.678935047901793709e+00
3.671196316484997890e+00
3.642471627243306642e+00
3.623414386997787506e+00
3.609762998127994393e+00
3.694224463245796564e+00
3.729749236049280992e+00
3.710808770407889590e+00
3.675202322365506813e+00
3.704469592578774506e+00
3.719404183256739937e+00
3.694381502301892439e+00
3.672128577684016015e+00
3.669542067029722965e+00
3.690736083453860950e+00
3.717777509546653647e+00
3.652825268282100524e+00
3.675196433873700208e+00
3.700249973343155752e+00
3.719666566623055726e+00
3.720544098280661238e+00
3.655870929753076926e+00
3.681833929469393141e+00
3.740672546987171554e+00
3.697274807517714201e+00
3.675444160802849858e+00
3.680695158609864404e+00
3.668714792159694316e+00
3.601736459128601187e+00
3.659408487588594827e+00
3.637420288017116476e+00
3.670695108333740020e+00
3.646780183375738726e+00
3.680607635312555193e+00
3.703882625737552559e+00
3.692446011837095199e+00
3.697424011231710939e+00
3.728076661426396043e+00
3.665085485655070752e+00
3.670828615492859104e+00
3.663903265555025879e+00
3.678831578535621372e+00
3.642039484105755953e+00
3.679270311244018377e+00
3.687398661860183058e+00
3.755507935356670046e+00
3.671842398306134125e+00
3.652501808498374469e+00
3.704498407558415973e+00
3.643198218031259206e+00
3.693864369340142506e+00
3.609781734985153090e+00
3.674293314443924263e+00
3.652665520117558184e+00
3.625307554847195135e+00
3.661610764317122957e+00
3.678591523309835853e+00
3.699060472118560927e+00
3.665861115817035110e+00
3.711281606216862983e+00
3.719061981330905375e+00
3.660480590212357388e+00
3.707097291334718658e+00
3.728480759946889656e+00
3.741956716739062827e+00
3.702899300988570896e+00
3.709682012070469437e+00
3.701907580848662338e+00
3.696066628041303481e+00
3.663242968669374378e+00
3.697543468956051793e+00
3.647943199451217922e+00
3.684937351690452889e+00
3.656429238399832027e+00
3.651306368352082998e+00
3.648103704605502706e+00
3.581425437325853611e+00
3.588364613010376125e+00
3.634519506893509444e+00
3.651908587598465594e+00
3.658618442839233431e+00
3.716109515316235790e+00
3.702391471835082104e+00
3.672031758485239106e+00
3.677865962580699311e+00
3.668884387467424624e+00
3.647025645031853003e+00
3.645198542396507424e+00
3.646114042674616140e+00
3.626910406633942152e+00
3.639870515080815494e+00
3.684014370713795561e+00
3.694654967318262706e+00
3.658256326832986183e+00
3.682763959300865420e+00
3.693280744929228643e+00
3.780780951949759494e+00
3.753245145953587159e+00
3.779593147141398379e+00
3.712495385599240638e+00
3.735633608470226630e+00
3.747676145153685745e+00
3.747185508201786863e+00
3.710059472075008635e+00
3.756996073037643491e+00
3.756291155284117611e+00
3.682918254406341241e+00
3.700675664276401378e+00
3.710543210050369023e+00
3.688611852077243292e+00
3.690975602641405118e+00
3.677659561692082413e+00
3.688950566453463420e+00
3.701715593615270805e+00
3.717057386495228322e+00
3.751724209632461893e+00
3.727867340221550752e+00
3.723885992053149963e+00
3.710413383779003205e+00
3.670466341792084641e+00
3.667131747449145607e+00
3.641798795042921810e+00
3.616188659357698398e+00
3.571147433197606524e+00
3.626434683617713262e+00
3.610699518315452217e+00
3.607908293003212030e+00
3.625095080037288753e+00
3.625994684355846154e+00
3.728374944864763840e+00
3.717324555629153426e+00
3.694497013199915525e+00
3.678226303757682114e+00
3.682708967516814980e+00
3.714901762636537264e+00
3.752498198633084314e+00
3.717288501696872860e+00
3.716713335886574932e+00
3.730740517191112993e+00
3.704228091848271731e+00
3.690907264748542804e+00
3.700331372962778254e+00
3.724727550254935071e+00
3.743736876409541114e+00
3.759643154018045053e+00
3.746365436431774221e+00
3.776796166739235350e+00
3.715514194752207455e+00
3.719221351927040065e+00
3.754980690813700672e+00
3.762430928883049308e+00
3.732562857493013642e+00
3.711363674631127374e+00
3.675700839440269707e+00
3.660497329137248457e+00
3.674173820174420957e+00
3.713656543660616371e+00
3.695060075676298350e+00
3.664401173424291169e+00
3.635064202097447073e+00
3.624578422146875312e+00
3.596891346411295043e+00
3.603006447325442174e+00
3.615473449515484994e+00
3.627919846344846544e+00
3.651028850715383633e+00
3.714118370620427267e+00
3.697839446337086056e+00
3.716454329955773073e+00
3.723031222601089762e+00
3.713852915848438574e+00
3.665428140569627846e+00
3.699324094689100839e+00
3.742585329376291181e+00
3.746281895990148492e+00
3.799194603381810698e+00
3.717913349141834356e+00
3.732744263689952824e+00
3.784243376169551532e+00
3.729128833495547468e+00
3.691357327595653270e+00
3.652931876269644107e+00
3.660259779913172640e+00
3.696148548370650211e+00
3.691547101703157807e+00
3.694708310705709042e+00
3.683755971451821765e+00
3.714874678603026670e+00
3.715971077664600664e+00
3.711716705455411880e+00
3.704725651853419510e+00
3.719958746560934948e+00
3.717152688894187484e+00
3.635960042949812454e+00
3.620206018886422239e+00
3.698151436442776774e+00
3.742299781299829320e+00
3.699014974251168653e+00
3.711637901936534867e+00
3.727134554717122850e+00
3.651541966476675949e+00
3.660541723459076024e+00
3.694689776765664568e+00
3.674506693643460054e+00
3.713345618309253471e+00
3.710887878495644721e+00
3.772809083833226662e+00
3.736116523293320224e+00
3.708247670475866897e+00
3.668175894336942466e+00
3.691305556789540976e+00
3.702156928827296856e+00
3.643889103283520559e+00
3.634054773443173403e+00
3.619210176741559870e+00
3.637558090066853822e+00
3.649041789086703957e+00
3.693097397620350275e+00
3.713679601579725098e+00
3.696989460591794785e+00
3.698561603900433425e+00
3.686546566377836509e+00
3.695232996457697539e+00
3.721264484106441728e+00
3.743498509914624073e+00
3.704881068882801110e+00
3.690609292670447683e+00
3.708087063478255452e+00
3.717289377074070700e+00
3.705754941030160232e+00
3.590455208214661464e+00
3.615198517608645190e+00
3.608163715988772946e+00
3.633603797693222948e+00
3.635667171410931875e+00
3.623069446709510366e+00
3.642263840939366393e+00
3.687853748686704236e+00
3.686964227806736716e+00
3.631042515071066124e+00
3.624351417064687997e+00
3.681796588157019823e+00
3.667039563066515573e+00
3.696802527933424454e+00
3.700279817920271164e+00
3.658491951401322329e+00
3.666916374252279898e+00
3.661573358608981366e+00
3.709701479231541033e+00
3.678388395637913089e+00
3.638069709243152428e+00
3.674626223860842700e+00
3.699615151432516846e+00
3.730240868328387638e+00
3.747302326573237252e+00
3.714267944644064734e+00
3.720511514089492877e+00
3.732269350288841103e+00
3.704362514544163432e+00
3.741152727743678685e+00
3.658760138499964398e+00
3.675049281309158644e+00
3.711505111549076474e+00
3.748617981049705339e+00
3.749770617358080482e+00
3.690787228382594876e+00
3.689441256771409439e+00
3.676986656034696210e+00
3.651912463443563350e+00
3.639304240739590135e+00
3.649414969147079635e+00
3.693445104575960869e+00
3.723646913264763381e+00
3.699696859761323342e+00
3.682522601978282850e+00
3.693238799380464066e+00
3.673582700447113325e+00
3.731324270184977365e+00
3.706533421804816264e+00
3.722772128929852542e+00
3.686850248014700959e+00
3.679383732531884110e+00
3.642381457927316823e+00
3.635612882880134844e+00
3.626012563276673095e+00
3.657777915836781801e+00
3.669377415915888285e+00
3.698152069053427304e+00
3.721817143051834087e+00
3.686541484845932803e+00
3.669433737130409767e+00
3.662516527886323647e+00
3.666035352266196590e+00
3.722531132202690163e+00
3.696905330180218385e+00
3.684822189127922698e+00
3.675315485796550430e+00
3.636187911359760605e+00
3.646663287695569799e+00
3.624751543671695497e+00
3.701013548219304727e+00
3.703452161979261970e+00
3.683848016539031711e+00
3.679416535696597546e+00
3.703437358201504548e+00
3.682870385762811782e+00
3.611238234035763828e+00
3.589281413256903530e+00
3.636308582876140338e+00
3.661275489411975670e+00
3.629581315652488982e+00
3.680135567893369153e+00
3.681379385195314935e+00
3.652060481656076441e+00
3.697162228056522171e+00
3.738068507750922365e+00
3.700540543572886865e+00
3.706765433025463796e+00
3.741786121781584207e+00
3.694079100565255569e+00
3.632324633399613756e+00
3.660976836781212551e+00
3.611816045721392143e+00
3.677286890198909752e+00
3.712511408759662235e+00
3.679991799244394457e+00
3.719792661501351461e+00
3.731942683026919116e+00
3.695190808668263660e+00
3.767545589050441013e+00
3.719490213187207406e+00
3.685723743502571814e+00
3.688683509083862333e+00
3.728124717746013950e+00
3.676803512700706822e+00
3.655880368066496633e+00
3.678830415413996135e+00
3.683243144133292457e+00
3.676802570609488452e+00
3.649431558772654682e+00
3.661729098750565292e+00
3.685501680459088103e+00
3.702490519181039108e+00
3.749995613678777318e+00
3.682302530538558827e+00
3.700627193554734351e+00
3.697796879515991009e+00
3.689438699076728057e+00
3.728198927647621730e+00
3.682867297100410386e+00
3.676072731741625521e+00
3.657365120294480132e+00
3.608422396549341826e+00
3.630748840871279803e+00
3.647014729091241136e+00
3.632745421460661817e+00
3.627407115745582722e+00
3.647300443108165258e+00
3.628944491882419854e+00
3.628144062852865837e+00
3.607096157887589971e+00
3.621634711373355131e+00
3.667421467275278513e+00
