3.333333333333333148e-01
1.594216630712215643e+00
2.435957813619213486e+00
3.054329548581169451e+00
3.451304726833454239e+00
3.627495147688196031e+00
3.875704909475380600e+00
4.056873415474537836e+00
4.207467794546087880e+00
4.228761640331092586e+00
4.224628296849140874e+00
4.216988378886865618e+00
4.236483317950249905e+00
4.267377630662335442e+00
4.411562528627118951e+00
4.298263638957258159e+00
4.225584572751325041e+00
4.285516348619169413e+00
4.200766107371062930e+00
4.261658156454399382e+00
4.266558228535688890e+00
4.173928252232621539e+00
4.262969662300418072e+00
4.371775069364460364e+00
4.333458409156780711e+00
4.166211543941029660e+00
4.150287184531915585e+00
4.209196470900944398e+00
4.172058107974923047e+00
4.122795342358605453e+00
4.064287565628509569e+00
4.279201011661041498e+00
4.394007502917192554e+00
4.340261336810257831e+00
4.308601714259554960e+00
4.278524296129226023e+00
4.391831455762566172e+00
4.307172472200127444e+00
4.275380467004880281e+00
4.344070570619972926e+00
4.408543403021250029e+00
4.511779076655737519e+00
4.523357506349388046e+00
4.366079244158608041e+00
4.306608860036889475e+00
4.251012791540905056e+00
4.208679823672385467e+00
4.268144074216936090e+00
4.185384428156307735e+00
4.333419214339802927e+00
4.249792373572990556e+00
4.213347107279783010e+00
4.088016850302451211e+00
4.216031908779449999e+00
4.333035520094432158e+00
4.332214883123925553e+00
4.338713044132728847e+00
4.255480349371692839e+00
4.392072383248664558e+00
4.382898869999375613e+00
4.382215920540565079e+00
4.340006445085857756e+00
4.227885014917084128e+00
4.100280123028833934e+00
4.183400152376944625e+00
4.347086970228077440e+00
4.375410515022246649e+00
4.367428025658174562e+00
4.308831704841479038e+00
4.353794253320908858e+00
4.539707897549448923e+00
4.477779579783609520e+00
4.421376961237460712e+00
4.286792525875784854e+00
4.286402784819182799e+00
4.348707291903376237e+00
4.314702922011284691e+00
4.372110826203661205e+00
4.272509021660679807e+00
4.331116746501902703e+00
4.243136279597439220e+00
4.187196413637122916e+00
4.138311525064664487e+00
4.190302583201511943e+00
4.250618620881520648e+00
4.265549651509896734e+00
4.250247803705461180e+00
4.197853760023076752e+00
4.295365906936955191e+00
4.243441425378125409e+00
4.181236409550774802e+00
4.288159386323060041e+00
4.299049971493286826e+00
4.136172117397130421e+00
4.081584531963223128e+00
4.119151034209468598e+00
4.028168544094161696e+00
4.067964758824728300e+00
4.151930106179825941e+00
4.196370801393491945e+00
4.263144842475504070e+00
4.324565781946196452e+00
4.230740820564543370e+00
4.339174758164300982e+00
4.240876642553245368e+00
4.184750112700533542e+00
4.067468187425830273e+00
4.117372099756067882e+00
4.270530047997564971e+00
4.229157907741443623e+00
4.233531213681891892e+00
4.304152267031701840e+00
4.341010894695486400e+00
4.260449929698688187e+00
4.337055615255968277e+00
4.365654877252215016e+00
4.341646754551314658e+00
4.230875401638156674e+00
4.337307333110586249e+00
4.278538984743034845e+00
4.278862532313761236e+00
4.267450949716987907e+00
4.185619208823656123e+00
4.258689403190852651e+00
4.351997196442066951e+00
4.452778690393299321e+00
4.413100486268453970e+00
4.369962996636862052e+00
4.359661679570620230e+00
4.216809921193880761e+00
4.285659617124954579e+00
4.333837656017507811e+00
4.176614945135387558e+00
4.086225851886178262e+00
4.153034960980442669e+00
4.302328400921563656e+00
4.307596133810589478e+00
4.234860529242424398e+00
4.207674818171737385e+00
4.206063219147362808e+00
4.277683154649514208e+00
4.300855777162378324e+00
4.359481961191041144e+00
4.407022408235748756e+00
4.368270590981222057e+00
4.268689354351772991e+00
4.178587260444496465e+00
4.245323360800083101e+00
4.251351432348114301e+00
4.248028364397897327e+00
4.236763267252560361e+00
4.219102563479410151e+00
4.235709853313539774e+00
4.322045342459579942e+00
4.151646475032103822e+00
4.293261839010783731e+00
4.258778895630223715e+00
4.257400673244702283e+00
4.263052388814071669e+00
4.339008698804621034e+00
4.358159488019698991e+00
4.372524414129786763e+00
4.518184026399388209e+00
4.580845702596775482e+00
4.430872314292681580e+00
4.414723616337122181e+00
4.427517512840338121e+00
4.234266261028174050e+00
4.330711312106638289e+00
4.283624031453727277e+00
4.373537380768007132e+00
4.325808531595440876e+00
4.297171931823045909e+00
4.401789243903901472e+00
4.381899173001182923e+00
4.246527948287766918e+00
4.303259890496784479e+00
4.178238088770979353e+00
4.217484322903802152e+00
4.335130954737126174e+00
4.350072905097600362e+00
4.398246538717664578e+00
4.441368417883036379e+00
4.431012930528686056e+00
4.427993518683601692e+00
4.390972620125176640e+00
4.361842521445204568e+00
4.298002968333569207e+00
4.247631096182739263e+00
4.391057288354375920e+00
4.263283666442953646e+00
4.355571459606307982e+00
4.237201226717469460e+00
4.311208263643062644e+00
4.333457895730250087e+00
4.369199077119517938e+00
4.388084783568134917e+00
4.367931205130542338e+00
4.358838522140534799e+00
4.377045099824468544e+00
4.240624906364514501e+00
4.281408171470308943e+00
4.263989264928127909e+00
4.265848322810715132e+00
4.376433917872182278e+00
4.440558139092439127e+00
4.351141113985199205e+00
4.444257572091028230e+00
4.438943195748901616e+00
4.285929196387195717e+00
4.294612604910989617e+00
4.263171867851656138e+00
4.221473258760094716e+00
4.195856313296713935e+00
4.274698638314800903e+00
4.292204187642577828e+00
4.234809223578110071e+00
4.139124717239317519e+00
4.150850205950887606e+00
4.097106288199070079e+00
4.171661874762071953e+00
4.234034723126297806e+00
4.163060596645300926e+00
4.189053326169075220e+00
4.149812834925754146e+00
4.292172070178171595e+00
4.307383897559222241e+00
4.423583101516814331e+00
4.453813007697519311e+00
4.462059338350547577e+00
4.532342131025459686e+00
4.431652847621829316e+00
4.257330957484652068e+00
4.213216823526741983e+00
4.269718146766635414e+00
4.138306852889918730e+00
4.188163279294356833e+00
4.161994215773240136e+00
4.098042543461477116e+00
4.081798111855643896e+00
4.262426415550456760e+00
4.239223969679946968e+00
4.209205128256599870e+00
4.366996947647011851e+00
4.363310487312769936e+00
4.168708728053867496e+00
4.216383244026918220e+00
4.263729761881403846e+00
4.170437388433707149e+00
4.244571710302994738e+00
4.145813464423646622e+00
4.202994954912414372e+00
4.175685134010191035e+00
4.303129289734853202e+00
4.262337985901000437e+00
4.379047472423406084e+00
4.376576280480005465e+00
4.407270706035823160e+00
4.436435585448129437e+00
4.225831091209241386e+00
4.281131712837012770e+00
4.363830252851406577e+00
4.358815222709178983e+00
4.389264387773864406e+00
4.288465161678987059e+00
4.464709206713603606e+00
4.342021476525038892e+00
4.341647894942131103e+00
4.338424400800431791e+00
4.492624413945790707e+00
4.470709545643544836e+00
4.388414253166390111e+00
4.315609568158782494e+00
4.461315127460640184e+00
4.434106327620017218e+00
4.177013317496672151e+00
4.213721883988596595e+00
4.210540744907008914e+00
4.178439321462992240e+00
4.272587997706382090e+00
4.322015897684392094e+00
4.287461847800864589e+00
4.184692113742206843e+00
4.135450178598091497e+00
4.218788084970912955e+00
4.197968112461193613e+00
4.253506665455927482e+00
4.152240409300594237e+00
4.106022436584462199e+00
4.151320810813709627e+00
4.256169146545137671e+00
4.174266349687926869e+00
4.287783226714813267e+00
4.273048781941912289e+00
4.287483241168668080e+00
4.213221781847445335e+00
4.309568502506392562e+00
4.223544434143848392e+00
4.115729097703694883e+00
4.090166316816700842e+00
3.969570417057885159e+00
4.148725465455808781e+00
4.085109141743722638e+00
4.044043342715252010e+00
4.052284768518941149e+00
4.048063789923161515e+00
4.150912762532684042e+00
4.072293695140404068e+00
4.255633019717171450e+00
4.266226507951305535e+00
4.232695001533190116e+00
4.248525442995212842e+00
4.114405703785266155e+00
4.221738021566246779e+00
4.261402106261441780e+00
4.163611183064381827e+00
4.234256634236316152e+00
4.193726855664210440e+00
4.187203369282888055e+00
4.234233578726496638e+00
4.378695660130643930e+00
4.214496707543929688e+00
4.233695069452586779e+00
4.370224693423096163e+00
4.425452850672852989e+00
4.328876022013535163e+00
4.288737186427994175e+00
4.198078394919988021e+00
4.263310006976027466e+00
4.220328171545849827e+00
4.445059103105777787e+00
4.395713896829646750e+00
4.168804927158427986e+00
4.240705910124649591e+00
4.079126964163220848e+00
4.179168034203059712e+00
4.180588525284389512e+00
4.328534537562013007e+00
4.237098706545138427e+00
4.350901889109446863e+00
4.329815001921894613e+00
4.323167776405589358e+00
4.203883649675884904e+00
4.207819800120453202e+00
4.372619443797791661e+00
4.270911771966384940e+00
4.446180261664325783e+00
4.370587495385367838e+00
4.356189356686352987e+00
4.428519677208315741e+00
4.476358078107778304e+00
4.370492134623078506e+00
4.288760046640947010e+00
4.252429198584014358e+00
4.280313992655081279e+00
4.251695468051711835e+00
4.296396586580284449e+00
4.231608748790767649e+00
4.211999407540479190e+00
4.243341797200446130e+00
4.323068677924160497e+00
4.198862001473732342e+00
4.119003198025052548e+00
4.205062611898593872e+00
4.153419343494715754e+00
4.179628206227639531e+00
4.126609104706283837e+00
4.255158362633316038e+00
4.241370129114224952e+00
4.177601193982056316e+00
4.149863324653071395e+00
4.352750028347719180e+00
4.272906077142537562e+00
4.340636418051031953e+00
4.293667597312944118e+00
4.169182740063989812e+00
4.113379051362448635e+00
4.196453393171282187e+00
4.251809999236866311e+00
4.087622057399308950e+00
4.233246909972462113e+00
4.280948668639232402e+00
4.284448301326112762e+00
4.246858253044108800e+00
4.308094567658956819e+00
4.156807078432931846e+00
4.128910421080257187e+00
4.067090813051184028e+00
4.057639830690156657e+00
4.144749971459915194e+00
4.167328981424215151e+00
4.073406531120011387e+00
4.113320371443025536e+00
4.237395489929434156e+00
4.471293929785945309e+00
4.440330605419591237e+00
4.484750073710626950e+00
4.440395717162630262e+00
4.380179290110804757e+00
4.373818318363455582e+00
4.244217095460617095e+00
4.217737456017615294e+00
4.386333371651294222e+00
4.386348585923550480e+00
4.252549639128629266e+00
4.422634575774369026e+00
4.438739700698580926e+00
4.304415044156513659e+00
4.292470386696908946e+00
4.370483925904741440e+00
4.146828857914630184e+00
3.987043960746370352e+00
4.005447537431830796e+00
4.089901106994571656e+00
4.143921241516146381e+00
4.135040144415469854e+00
4.254490468232246414e+00
4.234625980071628604e+00
4.303545533668756029e+00
4.195945483606596582e+00
4.343705183034025197e+00
4.282710869827678124e+00
4.351844259422240846e+00
4.384477859117686727e+00
4.355484601108087439e+00
4.301906963426754160e+00
4.240194172936253558e+00
4.327487240421838521e+00
4.362901554986367891e+00
4.224685526967799198e+00
4.275583535598499019e+00
4.362611669069392129e+00
4.273032759050705565e+00
4.358081792265593890e+00
4.313873119542849466e+00
4.244995309941488770e+00
4.183335007324424204e+00
4.150537893393092759e+00
4.202652164192526740e+00
4.275964636592443746e+00
4.168048933997696714e+00
4.273871956351391610e+00
4.381018227946241517e+00
4.481369743432010111e+00
4.379887755447029463e+00
4.407248194245590334e+00
4.401402585862081551e+00
4.480692812929405022e+00
4.421460402358762032e+00
4.406695114967961402e+00
4.260406566636566694e+00
4.202613853676831823e+00
4.207481828346296027e+00
4.303473018728557697e+00
4.189337848020466382e+00
4.282664225625519627e+00
4.299522443749190792e+00
4.331775821470865040e+00
4.292432270703264052e+00
4.449803865100220079e+00
4.328730257407098492e+00
4.296552857110581769e+00
4.325962056372329556e+00
4.265362511263446343e+00
4.258232432158992609e+00
4.296259584153387046e+00
4.340031723259471619e+00
4.399824169846155542e+00
4.307788280904146561e+00
4.302582296886584778e+00
4.283289020269909209e+00
4.223726875729966856e+00
4.213942993466083919e+00
4.355801529968716501e+00
4.292281518755284075e+00
4.403332628612436572e+00
4.333518949660693842e+00
4.394544352784888197e+00
4.365033519380422611e+00
4.401383689125838217e+00
4.391563574395389580e+00
4.374308184168056890e+00
4.352759289301753931e+00
4.458970231350711799e+00
4.341920930264926426e+00
4.345078507658361566e+00
4.225236428767767727e+00
4.334989061826171941e+00
4.362659404839803301e+00
4.308842308197752935e+00
4.343547586737348531e+00
4.301618508111165973e+00
4.227018846075273117e+00
4.111516369443368291e+00
4.121043765307214279e+00
4.237404041434978730e+00
4.333537032026370639e+00
4.252685661216045965e+00
4.320195908712876509e+00
4.323409671170833413e+00
4.272748121293401979e+00
4.129272893971156932e+00
4.169232421494956320e+00
4.192256899974710294e+00
4.211946476084012403e+00
4.169719024279245900e+00
4.188083832714583288e+00
4.308638019043572243e+00
4.296951394824694681e+00
4.285560093928933334e+00
4.386093463810587956e+00
4.282845770661706020e+00
4.229685714999507518e+00
4.342122598499548403e+00
4.277204053665198735e+00
4.339004700823928751e+00
4.256381246535603680e+00
4.349660069284738029e+00
4.337897744214405549e+00
4.401093078093065714e+00
4.376226291363953358e+00
4.466976463879843706e+00
4.413073947447316847e+00
4.375812882019902261e+00
4.252272083517299350e+00
4.183821822501791132e+00
4.247622200571477435e+00
4.264006981246538430e+00
4.315330252004250688e+00
4.306858661923178566e+00
4.220544517803707762e+00
4.215953920596134274e+00
4.398619227302085655e+00
4.422384430441174352e+00
4.334896183451157015e+00
4.251655613881426099e+00
4.156511450533555418e+00
4.245874101929067557e+00
4.214614397854578698e+00
4.217264513604072285e+00
4.279389541129129171e+00
4.182237316921256998e+00
4.315162297444742556e+00
4.211646383868577814e+00
4.218604482929448452e+00
4.235102679585937224e+00
4.143666234582879859e+00
4.195252872546835654e+00
4.322896316658358273e+00
4.190896583758107141e+00
4.270604167362719750e+00
4.258637335932061063e+00
4.230927222485049377e+00
4.165228676734077595e+00
4.226834339356689618e+00
4.298679045512367125e+00
4.400408574526438521e+00
4.302106087177068439e+00
4.155479860920490154e+00
4.086474220341080432e+00
4.126230962402029689e+00
4.090441069716857392e+00
4.119661320847555430e+00
4.233988497072556534e+00
4.295375253051437525e+00
4.359287904072528974e+00
4.444919123667879113e+00
4.436941838968420093e+00
4.375152264344288611e+00
4.324238025264692808e+00
4.360657652734984957e+00
4.260704049027315143e+00
4.105594406568228827e+00
4.249736485579219902e+00
4.401999778530894858e+00
4.382642517144716976e+00
4.341107394799516683e+00
4.355160922063184614e+00
4.369418623430779469e+00
4.326020284619756850e+00
4.231302462307906964e+00
4.243076011734792097e+00
4.343716802848177849e+00
4.403518213130538150e+00
4.393802600554771232e+00
4.352047285368429996e+00
4.335670926590768026e+00
4.366474408190104128e+00
4.403066622652526796e+00
4.434758950943575861e+00
4.303514577707379551e+00
4.343635321800383586e+00
4.436593486220689719e+00
4.312331445205197511e+00
4.266783020340917609e+00
4.338525099300718502e+00
4.304936667835582043e+00
4.193891311792272703e+00
4.124422119196442971e+00
4.053569865934091077e+00
4.107131483594459453e+00
4.186982451651330983e+00
4.358895430962817841e+00
4.377340196772041558e+00
4.401515019702536335e+00
4.383005794990523896e+00
4.445517477224174563e+00
4.403899883740013621e+00
4.307143698391659115e+00
4.367498501481434481e+00
4.396139261546542443e+00
4.262701946912451412e+00
4.190788965655869447e+00
4.249580959766224630e+00
4.192588183371939614e+00
4.121460259881596144e+00
4.173478000268484145e+00
4.214307239225267843e+00
4.289236597630706527e+00
4.377997025705252732e+00
4.358891639951711028e+00
4.320657841585639147e+00
4.161852385303906665e+00
4.060175488907333374e+00
4.142282991772280987e+00
4.210599732827820851e+00
4.270589979920904611e+00
4.301190346762744809e+00
4.350866780935327860e+00
4.384190732648217903e+00
4.199822237009766646e+00
4.257315767119976613e+00
4.311701108349373257e+00
4.248854878783562938e+00
4.317708031852691697e+00
4.409920351210645073e+00
4.362641111391902804e+00
4.245570168617248896e+00
4.108072875674265489e+00
4.104804972670127228e+00
4.170905137274170116e+00
4.216560050035327301e+00
4.392145913948668046e+00
4.425021197705854448e+00
4.445245276513140276e+00
4.354481683276993920e+00
4.219377745655010337e+00
4.404561740006458059e+00
4.370210942841525892e+00
4.396853569597443112e+00
4.430043753625876768e+00
4.384881460502180417e+00
4.310666766611974232e+00
4.256525658662480005e+00
4.247411420886318290e+00
4.196481696183106180e+00
4.230407733367655965e+00
4.383206891059988841e+00
4.177448288328010406e+00
4.141977318327872304e+00
4.137588643308428793e+00
4.207959133225749326e+00
4.099997145000982002e+00
4.034089314588626962e+00
4.014675573096085692e+00
4.017069541314721270e+00
3.991786918191729150e+00
4.132115399612975359e+00
4.101550512059669806e+00
4.125225042915204199e+00
4.183424794143404846e+00
4.156894718561053637e+00
4.251996531207555385e+00
4.140872257923138733e+00
4.228142510190559200e+00
4.272778049843092063e+00
4.318075658838002262e+00
4.284361218435670082e+00
4.272108430557113756e+00
4.349202185597991210e+00
4.299289275528443532e+00
4.297157933574156097e+00
4.207857637232419457e+00
4.251582516228244124e+00
4.131647125981547930e+00
4.181484789870877350e+00
4.195341453045884350e+00
4.269399213258094683e+00
4.290787110152437300e+00
4.215799196809655314e+00
4.361370864754141152e+00
4.346159740970430008e+00
4.337832954191124912e+00
4.321257482507107284e+00
4.314650208949935006e+00
4.296745594198501550e+00
4.202293462806055757e+00
4.347345989061731864e+00
4.376838625089771284e+00
4.335571937091414085e+00
4.398100850345485036e+00
4.337051382853041481e+00
4.316907688525139619e+00
4.175060591742110638e+00
4.203355848596635802e+00
4.174187504018291861e+00
4.200333670172939016e+00
4.246914215323826625e+00
4.413949969766871817e+00
4.447694128150796011e+00
4.385562178979296455e+00
4.389910034326375943e+00
4.278526274426915244e+00
4.130376476865086133e+00
4.226870450942462831e+00
4.310076636677895756e+00
4.293049272502886815e+00
4.319073550959649843e+00
4.325982612237271319e+00
4.377834163578842031e+00
4.317842717206743508e+00
4.165828445247527156e+00
4.121933790689144672e+00
4.263630261840401836e+00
4.227941607113952394e+00
4.148163114567847920e+00
4.000157365020462485e+00
4.077012595921035931e+00
4.123811800548556228e+00
4.365610479699269852e+00
4.357736552731127588e+00
4.350718331401421501e+00
4.196836164241656952e+00
4.268819883466742127e+00
4.386320459753878076e+00
4.369604574772806949e+00
4.219248932718184797e+00
4.311885305779908251e+00
4.252076764450924529e+00
4.265186992687003631e+00
4.153566892353206974e+00
4.258878883465293974e+00
4.254584335566579334e+00
4.209228392786353190e+00
4.229881302868742310e+00
4.220818218006175293e+00
4.114002055011298786e+00
4.234991375354293375e+00
4.146846738475992389e+00
4.280289077942877718e+00
4.396484000094174505e+00
4.232739717625941367e+00
4.269835042624707810e+00
4.413387731696002625e+00
4.436619430629703764e+00
4.477212634829405680e+00
4.497403799562907700e+00
4.418302750608336993e+00
4.399739648593575581e+00
4.435808302971003592e+00
4.322446208334264739e+00
4.226945406072527334e+00
4.250120373108952521e+00
4.399984410932296974e+00
4.456356749011097129e+00
4.356604519238827855e+00
4.350232056627360677e+00
4.275457679198982675e+00
4.362330596831039742e+00
4.138297237163356179e+00
4.214237910534648357e+00
4.130725037652799969e+00
4.398120420509251893e+00
4.490261209683524157e+00
4.478696603339750837e+00
4.357485761422268844e+00
4.188854991767650304e+00
4.495571937882933966e+00
4.484252275169023250e+00
4.350585145464916259e+00
4.454367845354630262e+00
4.332319782767044991e+00
4.395433527876942748e+00
4.433157610385263681e+00
4.341799710666903067e+00
4.547327967242354774e+00
4.470415406314043771e+00
4.169269211679514697e+00
4.149469628371966756e+00
4.184352267741488163e+00
4.173963546515384593e+00
4.140907077988641660e+00
4.219198048078327545e+00
4.162079739235238662e+00
4.184262700944116453e+00
4.387157489984355507e+00
4.333395463882260046e+00
4.230214922149561296e+00
4.134027995833549518e+00
4.161053808650009955e+00
4.196977453098825528e+00
4.046499538606679103e+00
4.117267970701366409e+00
4.276851110305761594e+00
4.348543287419148307e+00
4.343184393727846704e+00
4.440311186332001725e+00
4.726666499459001081e+00
4.493124987409247595e+00
4.541667020756471551e+00
4.733793723692063971e+00
4.669624256507804994e+00
4.689428569265086111e+00
4.505267489674817050e+00
4.559338213117815286e+00
4.325955670455270408e+00
4.306660744620110393e+00
4.256704491365746357e+00
4.316493113440944107e+00
4.222673950677931387e+00
4.250926269683671599e+00
4.275694143900742539e+00
4.170576931197442327e+00
4.226440251504521406e+00
4.224829044321213978e+00
4.186476785614352103e+00
4.133774213116797824e+00
4.221102498784741641e+00
4.277766596361704643e+00
4.233763286486887267e+00
4.175737929985289476e+00
4.300011874375966769e+00
4.119626762046535440e+00
4.257727227517110080e+00
4.239518870851711974e+00
4.210749070322933996e+00
4.344836255698486305e+00
4.456855928523691723e+00
4.642856682023679404e+00
4.521834151848256766e+00
4.726478494831988009e+00
4.521106811403608816e+00
4.350829817174998837e+00
4.235310284024752292e+00
4.280749621257371018e+00
4.192552948802587665e+00
4.328285459082048980e+00
4.272319150553714806e+00
4.292063715444665029e+00
4.445098817911596001e+00
4.421979963969910443e+00
4.617220402670474400e+00
4.514969767506874732e+00
4.509305380347568892e+00
4.420116984899336465e+00
4.227785366169640291e+00
4.106954720444224272e+00
4.345139539768387849e+00
4.258874668904048200e+00
4.454182536909166323e+00
4.306989868800796373e+00
4.386508979106485739e+00
4.325062521440967700e+00
4.348705036719373140e+00
4.393189169257344595e+00
4.302268639020408791e+00
4.284755210234414413e+00
4.223275202646547655e+00
4.162571804835041966e+00
4.191417731355031151e+00
4.164075717038810964e+00
4.247374803875708871e+00
4.209463841710920917e+00
4.079762556758216974e+00
4.129942322526675369e+00
4.298077998283759804e+00
4.214049385766194256e+00
4.243270312454966664e+00
4.122218196081798958e+00
4.105194609274223971e+00
4.158348356843155180e+00
4.114339376901217982e+00
4.062371342902094895e+00
4.236604129635709093e+00
4.155383020502939395e+00
4.261662471163519150e+00
4.313001043821047986e+00
4.093971541610813780e+00
4.003003807475326248e+00
4.118879246531213845e+00
4.129413620926356998e+00
4.204898073673247971e+00
4.137545315568271320e+00
4.183366030625169429e+00
4.273224838329921837e+00
4.203074197748944307e+00
4.166277812699253680e+00
4.052152972879794035e+00
4.263157143358800916e+00
4.249607502190664299e+00
4.283578073463768732e+00
4.494259159852073360e+00
4.390875276133919591e+00
4.485750817251962452e+00
4.413283741968107243e+00
4.174680892778533270e+00
4.220138325074713315e+00
4.121510146070205494e+00
4.255595360903660307e+00
4.133085452748189503e+00
4.153346934648886268e+00
4.173161521981032962e+00
4.181064352590762034e+00
4.287667661212935855e+00
4.277002825910832584e+00
4.290472677948094393e+00
4.250367837930900450e+00
4.299714565432718238e+00
4.346825993763181906e+00
4.430271656749543041e+00
4.328463157890945823e+00
4.374911495027855146e+00
4.246529835818720677e+00
4.189236037055004580e+00
4.210170654571892435e+00
4.338279596373943114e+00
4.363934755063712423e+00
4.260716140640528060e+00
4.225219615156337483e+00
4.322446675895612600e+00
4.185320026471160304e+00
4.136035918805576195e+00
4.086646090919968444e+00
4.034801973191695978e+00
4.067104091493772167e+00
4.207874793011662895e+00
4.279340753083121562e+00
4.413138570564464125e+00
4.301959881610462944e+00
4.310361176221752189e+00
4.316458623022246144e+00
4.229566831268520843e+00
4.282949410849411720e+00
4.391282985458756727e+00
4.233755107789965777e+00
4.221110351714591147e+00
4.187818270055307934e+00
4.359056773460173950e+00
4.256323851531517377e+00
4.235281374516858932e+00
4.148198183930190019e+00
4.188732253013645490e+00
4.225737941883011217e+00
4.365614935371628036e+00
4.332840341610515011e+00
4.264027957775136102e+00
4.169934210385993545e+00
4.437209521287008407e+00
4.608944558733869101e+00
4.437787799575444225e+00
4.313903074070422505e+00
4.204598915397161463e+00
4.149919570276644265e+00
4.254295648848646749e+00
4.304407818439897504e+00
4.413224605358912811e+00
4.277805158920219064e+00
4.449485183942032407e+00
4.371281934285621951e+00
4.357702842183213576e+00
4.201612013111851063e+00
4.190477760222692361e+00
4.155118640272189801e+00
4.327147262928773053e+00
4.321271121811852467e+00
4.414414481465171569e+00
4.546913694159630204e+00
4.541964265233445097e+00
4.626042441138727312e+00
4.464465806060977648e+00
4.536980464043108618e+00
4.364534240070888416e+00
4.331357567270542219e+00
4.398150383752800430e+00
4.399298265000592956e+00
4.281223632545775537e+00
4.373757777539071689e+00
4.212282356834792019e+00
4.196647291573563088e+00
4.294004390679582173e+00
4.128554580434808940e+00
4.139619964028331545e+00
4.205618466558074253e+00
4.148034472788793003e+00
4.386944372007788751e+00
4.380024944451236912e+00
4.473037540709796644e+00
4.369559609014071810e+00
4.263517595431246754e+00
4.328896839143027364e+00
4.301936500732024271e+00
4.305015109787587058e+00
4.423820453937564068e+00
4.232229918574798688e+00
4.267331457214043944e+00
4.442143484729300873e+00
4.517147580286656527e+00
4.547080595835531369e+00
4.380723399258139139e+00
4.392987507107115164e+00
4.283013026095240150e+00
4.210321494558528777e+00
4.162503484815723631e+00
4.191120815851979486e+00
4.177380089203212243e+00
4.267900496519120956e+00
4.237903607995814781e+00
4.167774481558240929e+00
4.080254925627871287e+00
4.139685528967982364e+00
4.200137592683486965e+00
4.176396225759942737e+00
4.252123430157549677e+00
4.352339483048002222e+00
4.462005160859986219e+00
4.384403258112859803e+00
4.293124672723176438e+00
4.152059412315553644e+00
4.130667133202280183e+00
4.158553418762769738e+00
4.289358680781576005e+00
4.231087762890179071e+00
4.234576616003709049e+00
4.286484503210056474e+00
4.251897297843935775e+00
4.180747782560507275e+00
4.213409607958042535e+00
4.306807804455996980e+00
4.294373305572270816e+00
4.343264033227639764e+00
4.266007796826004395e+00
4.388246440319698571e+00
4.505882453768537133e+00
4.531843524600168038e+00
4.455844606001523545e+00
4.362967329593613108e+00
4.261401615618151340e+00
4.273088422742900683e+00
4.255182428111648818e+00
4.304608105789415440e+00
4.292242715123691710e+00
4.313786488019385246e+00
4.345612907565378435e+00
4.338879676524662443e+00
4.296556265816821707e+00
4.320381199751561319e+00
4.213466186498960653e+00
4.185985961149160772e+00
4.279146475137014960e+00
4.323031914467716064e+00
4.395188553688776700e+00
4.218761064323804710e+00
4.193975029778330033e+00
4.230047397201269987e+00
4.258417146212350346e+00
4.351877822370898485e+00
4.576960974977557051e+00
4.440808645250089448e+00
4.395609412196487042e+00
4.327625882141270530e+00
4.380128287177392110e+00
4.457712142360840346e+00
4.435950188765767521e+00
4.451917853926556035e+00
4.308324121731786249e+00
4.305092165540475690e+00
4.201420147286541784e+00
4.239577466568468900e+00
4.260760659569541531e+00
4.379544152583266126e+00
4.387328602049886506e+00
4.220634817904947766e+00
4.216606834139122739e+00
4.370373892118371906e+00
4.415958129117869113e+00
4.323437622626263632e+00
4.136906176311815564e+00
4.288261941504455166e+00
4.229653172044654852e+00
4.321574423654320540e+00
4.326954420405908053e+00
4.156977714260872148e+00
4.245795407796901344e+00
4.360862523977949046e+00
4.398407250761634302e+00
4.320185464356588234e+00
4.353432377972444201e+00
4.362258082660003922e+00
4.364718596948614859e+00
4.412971645530944897e+00
4.439341977867194089e+00
4.419033365981458239e+00
4.492461508468177378e+00
4.267458361852445314e+00
4.295766959071078084e+00
4.177739801693900468e+00
4.215157247250393091e+00
4.303758375850938123e+00
4.249092649690992651e+00
4.406786956727981597e+00
4.326945842549310584e+00
4.249075406534385202e+00
4.387282257800475982e+00
4.441131262766814913e+00
4.444933649264283915e+00
4.386362507821362833e+00
4.516057926645562048e+00
4.469979004194318151e+00
4.428405227441042591e+00
4.383843712868514153e+00
4.211922538182726328e+00
4.130402916779932987e+00
4.219060735158966402e+00
4.155692790944081949e+00
4.337351846089256391e+00
4.342459848803986056e+00
4.467167670777715927e+00
4.293394745652522104e+00
4.249587405793930905e+00
4.456148445241849387e+00
4.310996063407571022e+00
4.192305459842226689e+00
4.170438296432568137e+00
4.234139383780902932e+00
4.161685123726628355e+00
4.257169441804980359e+00
4.222533399018302269e+00
4.283209064363702190e+00
4.254135174392835061e+00
4.247642030134413993e+00
4.260943600508134921e+00
4.245963329875332981e+00
4.235933790201007021e+00
4.085499935928138093e+00
4.097865947608805293e+00
4.182092999721104043e+00
4.092831508172251276e+00
4.123311029505026148e+00
4.123670844016183779e+00
4.276892362432894501e+00
4.223493690513091536e+00
4.183799151802103822e+00
4.085740142616339554e+00
4.205801275417116791e+00
4.295023678177235738e+00
4.370047807449022770e+00
4.454565990033982459e+00
4.413476552569907341e+00
4.236841916437384725e+00
4.212882193142153398e+00
4.138829157065378794e+00
4.094418891876584254e+00
4.181542106108381951e+00
4.139407115544999627e+00
4.210565884844386098e+00
4.179015961713956173e+00
4.170513522760080249e+00
4.116494229895072188e+00
3.980425313669573306e+00
3.914913138459931830e+00
4.008731071726891138e+00
4.112774121738036470e+00
4.130403124271187387e+00
4.133080591266065085e+00
4.184677584750765789e+00
4.315853471260870933e+00
4.250436295469292247e+00
4.140439811929828018e+00
4.163298910275211817e+00
4.197197104297625714e+00
4.306880641179223090e+00
4.352358519126406478e+00
4.273481493343449955e+00
4.476293092608335300e+00
4.525134977182355023e+00
4.383047569637860796e+00
4.334415420387127682e+00
4.299689462802590789e+00
4.233941360646941376e+00
4.299283409161539282e+00
4.249212655350512513e+00
4.306002378770864780e+00
4.291116793006250596e+00
4.328883872312393244e+00
4.434850801481400318e+00
4.324421218928291566e+00
4.306680696085989801e+00
4.381052164152241524e+00
4.269160255920805724e+00
4.075492470084664198e+00
3.974518910669879279e+00
4.073854084715374135e+00
4.064092883465204586e+00
4.110400482135152522e+00
4.197718756217291514e+00
4.299125234230283255e+00
4.306031521914134963e+00
4.125350290160691102e+00
4.237303180452639317e+00
4.212930224956672021e+00
4.283577439825117850e+00
4.471966059840744023e+00
4.376616370407315770e+00
4.394342692124510563e+00
4.328982161804037609e+00
4.300800565887453963e+00
4.417362858576058926e+00
4.482500111633671125e+00
4.423318155133341811e+00
4.324045598865700057e+00
4.504449996117385169e+00
4.467990282134502777e+00
4.436258485137774876e+00
4.327240225436143284e+00
4.230687142762156405e+00
4.204598330622037139e+00
4.283903468932996006e+00
4.270250043844951549e+00
4.245201725063869169e+00
4.261354806744686918e+00
4.279729683888056968e+00
4.307552885980508783e+00
4.250615838698865723e+00
4.137699425880666304e+00
4.240145039150820416e+00
4.250593354030590021e+00
4.328893867188948974e+00
4.362383645302114310e+00
4.252004021963382563e+00
4.392174845807022443e+00
4.425091645439341193e+00
4.428919455789237070e+00
4.345861422600504120e+00
4.391628154386248539e+00
4.382417499172104769e+00
4.371153861666585705e+00
4.352793396174975626e+00
4.292085647156829609e+00
4.338122177457734097e+00
4.249076570764860783e+00
4.155037196504137498e+00
4.229624751195927068e+00
4.222691304593242378e+00
4.168628636054108938e+00
4.080703476787328476e+00
4.181695599379438022e+00
4.314682169308717619e+00
4.299491405160174473e+00
4.241884453909576358e+00
4.235904726964051292e+00
4.123152779735874240e+00
4.131844793781678682e+00
4.363288540006567295e+00
4.327216063715808581e+00
4.417947698698375447e+00
4.566027761254457751e+00
4.601689355490727884e+00
4.276918555052805715e+00
4.340826621828987264e+00
4.263093945775945137e+00
4.289556793506801746e+00
4.106881126585077979e+00
4.202213130635875871e+00
4.335163148774139330e+00
4.373832483954084971e+00
4.458408313975602333e+00
4.271833153215597534e+00
4.325175187787917430e+00
4.478348524108107576e+00
4.383222840531030506e+00
4.307530912599011330e+00
4.270412260627893808e+00
4.239317902141380046e+00
4.324710449466766526e+00
4.316801114163975939e+00
4.249141252641808641e+00
4.194117699088767637e+00
4.320896051933747373e+00
4.293422598485870267e+00
4.378117401864462188e+00
4.483143444083979468e+00
4.525938864571688924e+00
4.581380260613437727e+00
4.455363266567831104e+00
4.506609055729748015e+00
4.255609825554339309e+00
4.075999992036975605e+00
4.143253389429281341e+00
4.206117353159348760e+00
4.368265186339572281e+00
4.182579774396248951e+00
4.188496711578896026e+00
4.156015378564768881e+00
4.251135616766199554e+00
4.327633743047186954e+00
4.283780331301498379e+00
4.377307377157191759e+00
4.339541611954611966e+00
4.399201357485057251e+00
4.294155785957842753e+00
4.432667417496432449e+00
4.391272301974255221e+00
4.326231440710018639e+00
4.419768686058122675e+00
4.546671358944680108e+00
4.507585981200920244e+00
4.422759269010753336e+00
4.327568652347529188e+00
4.379851876647793851e+00
4.423217372855707374e+00
4.379013091034997807e+00
4.327176108550449207e+00
4.298208938769022325e+00
4.355085338540345852e+00
4.375351214022561663e+00
4.383458616339102498e+00
4.351888542276484806e+00
4.418293526498159984e+00
4.322077318492309139e+00
4.255945343270373549e+00
4.224775519426477111e+00
4.289415822597201888e+00
4.159555910134060674e+00
4.196706545473293026e+00
4.196976052554813208e+00
4.138412391965474946e+00
4.147798590567558286e+00
4.238614694408905592e+00
4.263311249240295808e+00
4.435136596840693279e+00
4.520327635350993134e+00
4.471199837792691589e+00
4.348871874697413986e+00
4.284379145901754171e+00
4.337946185707046709e+00
4.446033000760172271e+00
4.531314114709170227e+00
4.425442792140596104e+00
4.390320586204620845e+00
4.084348952843710912e+00
4.224587723792216920e+00
4.155917441687712710e+00
4.239111348121139322e+00
4.316257342444226985e+00
4.252500450539122845e+00
4.343702221890409554e+00
4.319600037879318677e+00
4.356088695821825674e+00
4.349628930752847289e+00
4.325886895291962908e+00
4.287234871052356233e+00
4.277004902656109664e+00
4.297227344348849343e+00
4.336592314222456501e+00
4.319963722062366784e+00
4.227477180474719098e+00
4.084303274362288683e+00
4.159320313274622372e+00
4.174846512368877605e+00
4.234251246051693229e+00
4.179476875868099128e+00
4.163617194957790701e+00
4.247122413316734679e+00
4.202460705725709289e+00
4.279893486867340613e+00
4.268670329967508614e+00
4.257773060064844906e+00
4.267671094419274169e+00
4.360410115743480475e+00
4.280743488068839753e+00
4.317212874253157473e+00
4.275552631829368622e+00
4.283170355190885736e+00
4.347710047339653272e+00
4.239324864410875193e+00
4.243315399455773296e+00
4.174363555365293799e+00
4.138756982093506842e+00
4.317374476137097794e+00
4.395561459701133877e+00
4.426133440151234666e+00
4.382144910690851880e+00
4.326364508399878517e+00
4.260003622730851092e+00
4.280378020803890848e+00
4.220363162854370742e+00
4.392232836212142111e+00
4.477101923127832173e+00
4.350649880239404688e+00
4.262771094953355266e+00
4.233480940535240933e+00
4.363700703584337148e+00
4.378874626840818074e+00
4.394577144050871631e+00
4.320630480884158686e+00
4.328183383501021275e+00
4.323885747089212472e+00
4.199894029104495274e+00
4.214344186003083692e+00
4.202934265656551815e+00
4.355858151187168126e+00
4.344970122275619850e+00
4.234110515115248496e+00
4.308269624267828668e+00
4.310426773359821162e+00
4.265233472124829284e+00
4.394388868912183277e+00
4.415326364899493150e+00
4.320697209360233160e+00
4.254565763232275089e+00
4.219506089257795800e+00
4.214936467624565530e+00
4.216310251706480550e+00
3.986694397852697858e+00
4.051523604002251311e+00
4.068338711510278927e+00
4.121733270983128250e+00
4.173508585885647548e+00
4.126979440852546865e+00
4.112951252432591076e+00
4.378879179522036758e+00
4.457706892683518163e+00
4.278395647302924765e+00
4.364292304449230109e+00
4.244675682481262591e+00
4.369570282380164095e+00
4.336950382215474242e+00
4.319173827216862271e+00
4.206568203450156140e+00
4.313003359173213092e+00
4.369556007199440373e+00
4.371285324444361464e+00
4.336138884995922815e+00
4.338281670992921057e+00
4.308443999322274287e+00
4.273520024828021846e+00
4.302145265962038501e+00
4.307821095580738557e+00
4.280751998480706533e+00
4.270615390210159568e+00
4.395387493121877043e+00
4.331610153445268452e+00
4.230951213406114242e+00
4.242189342874658209e+00
4.328141904009123131e+00
4.235086142109968144e+00
4.255712791509800752e+00
4.321282524781979717e+00
4.189578111333898569e+00
4.141150860024966462e+00
4.088806469266567767e+00
4.318525170612725006e+00
4.302218464927348052e+00
4.283138685010434266e+00
4.244178213162838276e+00
4.396942780326578593e+00
4.430196205903672357e+00
4.369843310823039673e+00
4.369823975874499666e+00
4.322085548471588545e+00
4.319586712880457924e+00
4.302218716993243319e+00
4.314659823752496237e+00
4.170592482485795394e+00
4.146607324406696549e+00
4.116784699688206928e+00
4.284469306173549263e+00
4.392062915151149660e+00
4.307000411949345242e+00
4.225541219979261243e+00
4.107813051563685036e+00
4.105334706135008283e+00
4.274610729005079435e+00
4.488500870163365519e+00
4.453953324079349407e+00
4.269377210375966847e+00
4.264987956163127869e+00
4.253381912806594833e+00
4.268966332347831738e+00
4.206483158151742785e+00
4.354128234989640411e+00
4.300147508584849732e+00
4.265633054438445981e+00
4.258221914190309043e+00
4.213130132573098763e+00
4.218559836099169402e+00
4.168348365616591167e+00
4.342113763643587809e+00
4.424857237847106717e+00
4.348957978218788156e+00
4.393906665575874726e+00
4.454775850414052663e+00
4.604166296977650674e+00
4.631969148011163995e+00
4.506578522662038289e+00
4.258879894113671405e+00
4.384819920258022030e+00
4.320159082506692449e+00
4.274791031253466045e+00
4.328230700919286633e+00
4.134306378734480703e+00
4.037920082736384586e+00
4.078369792722504883e+00
4.086979448427812578e+00
4.115072253619078246e+00
4.333462175457015064e+00
4.198105354174299642e+00
4.409601121657354739e+00
4.407663389630750217e+00
4.384100258987650101e+00
4.492125556964015942e+00
4.495508374503168092e+00
4.405110836581855871e+00
4.303650046550134611e+00
4.220466796399989562e+00
4.206767126713217841e+00
4.247110187488225996e+00
4.369143139943390430e+00
4.223678687115478780e+00
4.165002755227941833e+00
4.208199336316928552e+00
4.255529535520167883e+00
4.306848885165257101e+00
4.347631057149842881e+00
4.412587610061571297e+00
4.299509404301231186e+00
4.384715066565203934e+00
4.282619763520639111e+00
4.236910016375492027e+00
4.204843492945982142e+00
4.384639328524168711e+00
4.344293561966120265e+00
4.280308189693968757e+00
4.324758457912504461e+00
4.353667945064263023e+00
4.258209980472787315e+00
4.224906171171008751e+00
4.159318566587968391e+00
4.247539482049087489e+00
4.334412820299082370e+00
4.310138768579389712e+00
4.174691378178820855e+00
4.233972076886345803e+00
4.187804764855528106e+00
4.329968590696406494e+00
4.355607326764841858e+00
4.254871461944799371e+00
4.266797188146522757e+00
4.160784223400847637e+00
4.163751097541310564e+00
4.129541759807340284e+00
4.307069221652704449e+00
4.253987835510610438e+00
4.222319569281663298e+00
4.313026628572658616e+00
4.229802170705276865e+00
4.375713710593977623e+00
4.348954410327970699e+00
4.430109940609249897e+00
4.256070309520349149e+00
4.195181627504028121e+00
4.170527687003530382e+00
4.193331638047891552e+00
4.416714854199129014e+00
4.363275419499012209e+00
4.439851538604424164e+00
4.320302026644698756e+00
4.374904478986265666e+00
4.456202088838558062e+00
4.409094127983127720e+00
4.270435755605549666e+00
4.321605068875829403e+00
4.302305811284565351e+00
4.196342325446033250e+00
4.259523435608941533e+00
4.220914868722366542e+00
4.075140189487245657e+00
4.166517692888381141e+00
4.084794552811287005e+00
4.021182827206054355e+00
4.150765431017070739e+00
4.177474030063597965e+00
4.211032160061465746e+00
4.356512181084386981e+00
4.272105439180141850e+00
4.169609647770579741e+00
4.266180158527818733e+00
4.200535804341194890e+00
4.196420489841691470e+00
4.231028736420208602e+00
4.211763074990444444e+00
4.229125028674764586e+00
4.339700073467009922e+00
4.277637409052746698e+00
4.218733454265930938e+00
4.271770148538041489e+00
4.310244240191766885e+00
4.212624184392188553e+00
4.154658481507380152e+00
4.155016012897791100e+00
4.232751989320461483e+00
4.193672645939864552e+00
4.319143709737500281e+00
4.304202621932866180e+00
4.222263630515710631e+00
4.329601388677286167e+00
4.238326605308636807e+00
4.155761320318095642e+00
4.121178239893029449e+00
4.129114081960548077e+00
4.153451064959162942e+00
4.200208736967976364e+00
4.215856933991125821e+00
4.235453992921851984e+00
4.300127410426202168e+00
4.304722815098028121e+00
4.356134461247136436e+00
4.385503108336981093e+00
4.231029356542187259e+00
4.203675679700926260e+00
4.226558658497328480e+00
4.097668195709911032e+00
4.098265067818086749e+00
4.131285733158901685e+00
4.229877690850509353e+00
4.220573301930187426e+00
4.341581826581626835e+00
4.249134407454739915e+00
4.127307113649060888e+00
4.127512335815468170e+00
4.119169864370570977e+00
4.192252225027489843e+00
4.227643094821869063e+00
4.146593968614969761e+00
4.187092240181298664e+00
4.227156214096602582e+00
4.383136151760084864e+00
4.410457723869281033e+00
4.385139293828806295e+00
4.398476833056411905e+00
4.220546139724521417e+00
4.204835221137136259e+00
4.225663056272010110e+00
4.237874701891607643e+00
4.196943312164861162e+00
4.303358839144859616e+00
4.228924360654930048e+00
4.220790825979121585e+00
4.155434450832402149e+00
4.089660396228033790e+00
4.089490773324022221e+00
4.155836426284956531e+00
4.247416062924656899e+00
4.371348887212142209e+00
4.301644024973486857e+00
4.172006811707023921e+00
4.423344078195841078e+00
4.512328279450454005e+00
4.581929726380688628e+00
4.535087778506114553e+00
4.540443149307984427e+00
4.608688465939354550e+00
4.460124980764835101e+00
4.529781448206423811e+00
4.359218561727022490e+00
4.295320768508138265e+00
4.231458408773655755e+00
4.232866055111147219e+00
4.061507880422782435e+00
4.178382825277883406e+00
4.260708711065551491e+00
4.339975031405622019e+00
4.267213339258751681e+00
4.176180136198202497e+00
4.114649964004621907e+00
4.195672872377142149e+00
4.220613382147066162e+00
4.111348588757959277e+00
4.116534749364803680e+00
4.193505480658971329e+00
4.373892920753697844e+00
4.419512761475544060e+00
4.386571397756855895e+00
4.300620040788298404e+00
4.305831998906385572e+00
4.321506366060302362e+00
4.338085702719478576e+00
4.325913530050802258e+00
4.428039035855024785e+00
4.363356229277790987e+00
4.355511283499628128e+00
4.204059701848170683e+00
4.341311840537219524e+00
4.482362459503653973e+00
4.353205018864716003e+00
4.195209953776631195e+00
4.283637890932764591e+00
4.188403310581087169e+00
4.267071529556925924e+00
4.290717743161102327e+00
4.361012771764200657e+00
4.341562220880732959e+00
4.221966783409467183e+00
4.155752985178202685e+00
4.258837803213516793e+00
4.187401201735254652e+00
4.380366093273027062e+00
4.411541489707296648e+00
4.420836986513211109e+00
4.436557954196909570e+00
4.249988580517372938e+00
4.299835279884443473e+00
4.258262450779437991e+00
4.448023012435927015e+00
4.324156827086863331e+00
4.324407491435651174e+00
4.354521059014376583e+00
4.298345889817155374e+00
4.355074887714752485e+00
4.297212652712719461e+00
4.190201206252007538e+00
4.298558043999279654e+00
4.173862640014087688e+00
4.148636419886654103e+00
4.165251469788628036e+00
4.218509224823579373e+00
4.295722792669617540e+00
4.240093023179801968e+00
4.225498041201754873e+00
4.341357542217584076e+00
4.388166690432867334e+00
4.166850981176362545e+00
4.183634964072646234e+00
4.225264046629697567e+00
4.257514343562452730e+00
4.172908432485574082e+00
4.175209595105357607e+00
4.329133534873919942e+00
4.292715777571247671e+00
4.365890549562801759e+00
4.295736651359251645e+00
4.289320813755013617e+00
4.286009941963857983e+00
4.400388250511422683e+00
4.398733308448209200e+00
4.487819545804465626e+00
4.381071275882890248e+00
4.294177119284736222e+00
4.169382407506649457e+00
4.203050664059933439e+00
4.272876631208323062e+00
4.244087487283041860e+00
4.366568531752363924e+00
4.394794689299005519e+00
4.262070975681295337e+00
4.180324624349144536e+00
4.223034989087549818e+00
4.358816870005679078e+00
4.270707423190733820e+00
4.158828413841379579e+00
4.079677966623514784e+00
4.205055382460884061e+00
4.311639905146711804e+00
4.307401311960251000e+00
4.289420013635287354e+00
4.329106132905321758e+00
4.421213230762305990e+00
4.405511449964132353e+00
4.271797521694193023e+00
4.371784760738884223e+00
4.318352396114989666e+00
4.439398348752275680e+00
4.414677632277926200e+00
4.308400437181724385e+00
4.424894858197106373e+00
4.268527596593075124e+00
4.208965129214419676e+00
4.266940281858285999e+00
4.431987953240049904e+00
4.350274278972072750e+00
4.252408685280387957e+00
4.388010127774816027e+00
4.484538414332480016e+00
4.441271482616481414e+00
4.456294050723921707e+00
4.433831565957534693e+00
4.366899608791420029e+00
4.478560894996491015e+00
4.423387431744771447e+00
4.355083654155810002e+00
4.358447182273457621e+00
4.283625094330430372e+00
4.439002213136523878e+00
4.347102695437978781e+00
4.345167357483821213e+00
4.454732476906805516e+00
4.374052348584013927e+00
4.156484802006854551e+00
4.255923428714250001e+00
4.168153917941618936e+00
4.187893778180945326e+00
4.103663096969148327e+00
4.107142612070306065e+00
4.205773780876258527e+00
4.278524795119190927e+00
4.433247826015434434e+00
4.305141915324774082e+00
4.366635858570416140e+00
4.428925559305898041e+00
4.205628280232327043e+00
4.198768764154174882e+00
4.206482305885218764e+00
4.368277176658470928e+00
4.348676863455482433e+00
4.255830798944933768e+00
4.205341755689409489e+00
4.343076407814878692e+00
4.384444900913579524e+00
4.310805673757981182e+00
4.426619358748233424e+00
4.405320285379876744e+00
4.362689752488498662e+00
4.232042610499810564e+00
4.210616571396315955e+00
4.185427564838928305e+00
4.212867329683064987e+00
4.279872642259846316e+00
4.145526190640560493e+00
4.125817058961564143e+00
4.026092635336559589e+00
4.151337689626243943e+00
4.161819687109866273e+00
4.283691069078706448e+00
4.250366297837238960e+00
4.257820941965546169e+00
4.412992314359760471e+00
4.311099158264011244e+00
4.262689590450261967e+00
4.375614566381988091e+00
4.422887306547340636e+00
4.379641128466779776e+00
4.299665511632762893e+00
4.303181523497687344e+00
4.416606060334358652e+00
4.254530066121197329e+00
4.342107958571636672e+00
4.322876628583999903e+00
4.385828544915646887e+00
4.498245325354171875e+00
4.469086714741108857e+00
4.329079048959448173e+00
4.423548726184918678e+00
4.454170434876020934e+00
4.259386095637482050e+00
4.322225367166385723e+00
4.289513088066291502e+00
4.261561761874589571e+00
4.311926229863946247e+00
4.295700797076358768e+00
4.223585167373346216e+00
4.299010026542534391e+00
4.296245033346625775e+00
4.270642896347033535e+00
4.118479490780437402e+00
4.107375227220203762e+00
4.228148448484799538e+00
4.334710242114798717e+00
4.218011929075108135e+00
4.225140619267365949e+00
4.232256608259649333e+00
4.227531862090909698e+00
4.289072072873097774e+00
4.454365492855146158e+00
4.446627918662140466e+00
4.322150995825106534e+00
4.333402538192640208e+00
4.392257487281162831e+00
4.309472165023666257e+00
4.184714940058060328e+00
4.240250126824970600e+00
4.306986142460006661e+00
4.184802199800249589e+00
4.200123535106078165e+00
4.237178103266119322e+00
4.091526416253831400e+00
4.205482266250209378e+00
4.278424723418217113e+00
4.216290214383897172e+00
4.349790599783860401e+00
4.186595803368301283e+00
4.082634449974318791e+00
4.175288072856497834e+00
4.226995174589271542e+00
4.370481071454002553e+00
4.219758562986928752e+00
4.346649253799172108e+00
4.374084320074768328e+00
4.280182120320207062e+00
4.219601115191068175e+00
4.262417386052690382e+00
4.256836259715861992e+00
4.233767909328647328e+00
4.230882479124318252e+00
4.210228834103122431e+00
4.026708683118317644e+00
4.163339634631414654e+00
4.115576666275511108e+00
4.158491259457446354e+00
4.171907773252388374e+00
4.002935193780707834e+00
4.088074848281245899e+00
4.179656952237787770e+00
4.204981415036571413e+00
4.186532814181481932e+00
4.242460127759287936e+00
4.201400153354293288e+00
4.228934501106042632e+00
4.386738699038355449e+00
4.307042994103449374e+00
4.316790034642817631e+00
4.300657452237647504e+00
4.302462130362342485e+00
4.263962795750876111e+00
4.227468483033493207e+00
4.239867526842608036e+00
4.208615761035065184e+00
4.067167338813545641e+00
4.219043708964456130e+00
4.212250741614376182e+00
4.169453323361631547e+00
4.240088776274368421e+00
4.259834321920736855e+00
4.223674089373049334e+00
4.155066768689550827e+00
4.114387285175513220e+00
4.250587402223823474e+00
4.369300596079489729e+00
4.306399735832419751e+00
4.248958024982794512e+00
4.310705035048369993e+00
4.349967014488619554e+00
4.320007668088357455e+00
4.294234522347205818e+00
4.223950212415815919e+00
4.242406025760391053e+00
4.302729593945554321e+00
4.105523673326689327e+00
4.154471100565448438e+00
4.164261158864855261e+00
4.210449292636067042e+00
3.980602617798232323e+00
4.144902734199760630e+00
4.264717311812805001e+00
4.213892396915242422e+00
4.351252200393251002e+00
4.323182162967986741e+00
4.312474388147427895e+00
4.278780316625917735e+00
4.286555938320057102e+00
4.381785417496545598e+00
4.510616543700109560e+00
4.407667560299334930e+00
4.447719151412021787e+00
4.411431419674642918e+00
4.420839940453302752e+00
4.331270666154565241e+00
4.348132775946766060e+00
4.280329712719683322e+00
4.390077547779814182e+00
4.302566296046300032e+00
4.274530719719629168e+00
4.179511483138381500e+00
4.126581786305061783e+00
4.088360887769925789e+00
4.097992930048459215e+00
4.049156543505906036e+00
4.056432014147133280e+00
4.048228925508890796e+00
4.161897900941617046e+00
4.285114968030980798e+00
4.309179830535432743e+00
4.200756615617330603e+00
4.199140101639041056e+00
4.148929333191925473e+00
4.293051752436534585e+00
4.147476468763778179e+00
4.134012157470811744e+00
4.268190283712134381e+00
4.321544261455831482e+00
4.376984265563893750e+00
