3.333333333333333148e-01
4.153846153846154077e-01
4.870940882597835087e-01
5.562474269246603376e-01
6.049414325033604101e-01
6.391176470588235681e-01
6.601910572368949737e-01
6.726797606001854168e-01
6.790166204986149978e-01
6.831752722163680902e-01
6.955699621826040291e-01
6.919708029197080279e-01
6.915581458883526267e-01
6.944239970555760033e-01
6.933642691415313752e-01
6.980815794375115901e-01
6.979828165857302480e-01
6.909274935590724587e-01
6.936771588510599607e-01
6.905389439243843075e-01
6.896896896896896889e-01
7.004450213239384881e-01
6.903761784747503016e-01
6.897282358360202759e-01
6.924793157943665012e-01
6.879643387815750355e-01
6.893006021306160580e-01
6.940814040328603385e-01
6.820404021769209679e-01
6.816404473947440534e-01
6.879308759996323186e-01
6.956890060240963347e-01
6.962457337883959374e-01
6.961461982766783407e-01
7.033479170629636235e-01
6.949345475241889281e-01
6.976067573908962816e-01
7.060897741351377377e-01
6.907197147414845251e-01
6.874485031584729455e-01
6.864638367644380068e-01
6.933997050147492347e-01
6.988753514526709898e-01
6.876625789669268407e-01
6.877218530991171530e-01
6.896988333182598740e-01
6.867524465386009025e-01
6.911605206073753171e-01
6.890227210511907785e-01
6.864445046509527470e-01
6.936526727984700935e-01
6.889051361725461176e-01
6.968475073313783463e-01
7.134325528486112900e-01
7.028763183125599223e-01
7.038921873527471673e-01
7.060545952583356932e-01
7.069357589539511100e-01
6.963370304781433262e-01
6.962094854422267165e-01
6.889995473064735032e-01
6.892624728850325067e-01
6.944874715261959430e-01
6.975713362267984552e-01
6.977632805219011747e-01
6.916189772937050284e-01
6.917978458989229029e-01
6.990861618798955845e-01
6.919588018520268502e-01
6.980900151285930333e-01
6.874000188199868022e-01
6.907466021225098229e-01
6.888079222720477901e-01
7.037426007256062377e-01
6.950581395348837122e-01
7.054548977812227228e-01
7.055927530523827818e-01
6.982104648900991917e-01
7.042839183831350880e-01
6.976901517348023107e-01
7.048959136468774256e-01
6.995904836193447274e-01
7.088856161021109825e-01
6.982167352537722582e-01
6.984203429011751618e-01
6.900967558338075847e-01
6.887640449438202639e-01
6.967888604717249468e-01
6.961299569995221814e-01
6.955357996367460549e-01
6.893982267496698846e-01
7.089537807000579894e-01
7.044896355241182517e-01
7.048415321796617228e-01
7.152873790242938457e-01
7.042559494420854715e-01
7.042995027785902140e-01
6.995341614906832595e-01
6.925740669488265056e-01
6.941120153183341079e-01
6.967016059236464942e-01
6.981077706272211802e-01
6.952162704096247481e-01
6.918144096567333534e-01
6.944418231574973621e-01
6.915773641661966398e-01
6.853796821265917272e-01
6.925439821278972508e-01
6.984877126654064350e-01
6.933831274537968214e-01
6.886471144749289897e-01
6.875587295621123918e-01
6.980845818319741936e-01
7.031265124382924947e-01
6.920342077447871887e-01
6.985068912710566957e-01
7.012395893860158269e-01
6.946298984034833257e-01
6.887808597845772596e-01
6.901739539257170097e-01
6.860595840359752229e-01
6.864879955332217065e-01
6.821912754772664345e-01
6.817303267372296638e-01
6.873661670235545751e-01
6.998562529947293109e-01
6.992662676192314963e-01
6.897636294319481332e-01
6.950875211744776960e-01
6.971093825026409840e-01
6.979237083534524100e-01
6.977644440143230264e-01
6.889929294859544751e-01
6.923804121762148212e-01
6.909656733308185972e-01
6.887640449438202639e-01
6.933031075847737590e-01
6.935988620199146082e-01
6.918060674794442866e-01
6.972927082350721673e-01
6.925265553869499602e-01
6.897465001891789349e-01
6.812857276731327794e-01
7.041040849516885247e-01
7.005170227294897911e-01
6.929588303193535692e-01
7.081181171425786625e-01
7.028334485141672916e-01
7.007827788649706457e-01
6.904853251486667842e-01
6.984895981761185535e-01
6.930843970280052835e-01
6.942313157146916547e-01
6.914913776767102060e-01
6.970684039087947648e-01
6.934644303065355952e-01
6.833062899685024005e-01
6.853541529489229900e-01
6.877010406811731036e-01
6.952855500191644778e-01
6.855266969199574900e-01
6.985529765951248304e-01
6.975754576942108098e-01
6.923452450693223792e-01
6.929080747735594237e-01
6.882140137090632104e-01
6.937799043062200521e-01
6.901953200541481870e-01
6.942650602409639049e-01
6.866870696250956252e-01
6.941728963005558972e-01
7.050274941084053726e-01
7.002086023641601598e-01
6.950201355466064657e-01
6.955503512880562011e-01
6.951100720826027812e-01
6.981261650152065235e-01
6.966236834334087469e-01
6.893384149320824772e-01
6.887970791698693196e-01
6.952565343659244945e-01
7.027617723028014574e-01
6.928273395589111816e-01
7.002383790226459626e-01
6.945793281141611208e-01
6.995622761639475051e-01
7.020140986908358638e-01
6.966483241620810007e-01
7.017107618858166029e-01
7.001610954490535832e-01
6.994834094973176875e-01
6.999503722084366997e-01
7.084745762711864847e-01
7.073294189107106611e-01
7.121613363210429481e-01
7.102360581383362348e-01
7.028565619599471681e-01
7.066976932416025869e-01
7.008486562942009002e-01
7.059234841674157934e-01
6.991008991008991202e-01
7.020602218700475738e-01
6.887060436869428814e-01
6.896319784760257532e-01
6.979146365230949334e-01
6.970983024082115787e-01
6.913737393518065710e-01
6.881512929370898757e-01
6.917191283292978277e-01
6.999605988967690928e-01
6.951898230967998860e-01
7.009383110401277150e-01
7.085247575293517341e-01
7.016467218983327703e-01
6.890067020106032114e-01
6.917672669701168120e-01
6.914619651347068130e-01
6.888910677517403602e-01
6.863051111978150098e-01
6.869741804467652813e-01
6.910933541220034559e-01
6.910840534171248661e-01
6.938775510204081565e-01
6.929337038507343838e-01
6.977972690122595800e-01
6.978676544198618714e-01
6.910011918951132204e-01
6.918331374853113891e-01
6.889667932612717482e-01
6.944094564480186582e-01
6.878913399479819057e-01
6.920261941448382359e-01
6.984546165884194524e-01
6.804915514592934089e-01
6.889565300104631973e-01
6.917861294072065181e-01
7.077457795431976173e-01
6.979281353217896555e-01
7.042534116943918177e-01
7.002684163435729525e-01
6.933966837971492492e-01
6.973645823203344918e-01
7.056483691328560015e-01
7.043320205998182537e-01
6.977911646586345551e-01
6.887599567312420179e-01
6.905018096449183629e-01
6.967180703835508249e-01
6.923228929947633503e-01
6.938633885198770557e-01
6.922848076160253994e-01
6.966224967619806252e-01
6.976581963129048214e-01
7.020171759536648626e-01
7.011206724034421134e-01
6.934688239936859233e-01
6.915742362327300663e-01
6.923076923076922906e-01
6.862291606437312952e-01
6.862669986592606630e-01
6.954744525547444933e-01
6.830945003872966881e-01
6.941255908170155253e-01
6.889687317925811127e-01
6.870214395099540905e-01
6.862970410801493282e-01
6.938123365933959175e-01
6.920300458491854823e-01
6.842205323193916167e-01
6.905055487053021190e-01
6.936561743341403963e-01
6.986436986436986851e-01
6.942624578121897594e-01
7.024940617577196678e-01
6.975653562163240951e-01
7.004585326953748359e-01
6.923683691579569643e-01
7.005400098183602875e-01
6.907971864009379015e-01
6.856761396147244003e-01
6.870308788598574745e-01
6.958658571841572771e-01
6.969343065693430761e-01
6.958978856084965248e-01
7.005805372429401157e-01
6.900584795321637044e-01
6.873973925639788041e-01
6.943333658441431799e-01
7.004797121726963338e-01
7.143003798377990377e-01
7.056584362139918243e-01
7.033266129032258451e-01
7.047532911265199651e-01
7.052174790594408771e-01
7.082063782246597050e-01
6.967787114845938046e-01
6.904045794120500235e-01
6.924937125169278174e-01
6.899089676544644112e-01
6.984049319894314323e-01
6.958814166335057783e-01
6.971053416890480303e-01
6.859970311726868442e-01
6.922848664688426856e-01
6.920483838984731184e-01
6.992473657802308340e-01
6.884837617055190595e-01
6.974471479856402256e-01
6.980368346488564635e-01
6.930293553919095739e-01
6.862512363996043918e-01
6.926660059464816444e-01
6.890329012961116106e-01
7.018096787311914886e-01
6.961843052555795053e-01
6.879038772213247332e-01
6.763375295043273505e-01
6.884008236101578637e-01
6.972255729794933909e-01
6.918668945410676452e-01
6.930172584804602520e-01
6.903674280039722166e-01
6.908498667456322018e-01
6.906603212373587652e-01
7.010143617555488760e-01
7.057145767546093573e-01
6.921753213888045542e-01
6.878401108142870868e-01
6.956134270719873669e-01
6.923307369682444312e-01
6.907041691601835121e-01
6.998078284616162659e-01
7.043648746259415505e-01
7.046562273151508737e-01
6.961506961506961355e-01
6.944250523586317225e-01
6.914777788775611223e-01
6.916355782446494960e-01
6.960221650504651025e-01
7.025944104978463223e-01
7.022816363453613375e-01
7.015844182056716338e-01
6.952985518746280791e-01
6.948536633274405849e-01
6.930644367929168492e-01
6.887540373886659184e-01
6.898961467533728520e-01
6.869640620483669080e-01
7.063939124419409410e-01
6.900964756841897474e-01
6.953425712086219734e-01
6.931609916079868317e-01
6.999511002444988028e-01
7.053394204049225902e-01
6.955020714144801719e-01
6.970674486803518644e-01
6.989735491512041321e-01
7.047694911878921165e-01
6.990699069906990415e-01
6.980071033938437530e-01
6.939055457573976016e-01
6.956096607020632039e-01
7.015511486353819270e-01
7.033316757831924448e-01
6.970115395995660768e-01
7.039441329792466284e-01
6.940063091482649993e-01
6.882081812944114141e-01
6.976922340323661320e-01
6.925525757283426120e-01
7.030108155510085277e-01
6.934996589026410918e-01
7.051707317073170334e-01
7.003719655442443015e-01
6.955682147339963262e-01
6.845131492129323814e-01
6.985523701390859985e-01
6.903514620440042160e-01
6.926128849423767164e-01
6.822543083372146766e-01
6.891714980362820819e-01
6.898139447472280139e-01
6.932405753501926782e-01
6.903328944893737384e-01
7.016794762311414635e-01
6.996245306633291916e-01
6.958958768763062741e-01
7.035670356703567219e-01
6.963981042654028286e-01
6.929519149336595962e-01
6.863977485928705047e-01
6.999433855444423536e-01
6.916147580258744654e-01
6.957845656104291177e-01
6.906250000000000444e-01
6.938563327032135630e-01
6.925821596244131628e-01
7.040893600908746386e-01
6.908622663105684625e-01
6.957876841707593130e-01
7.032029152282316398e-01
6.982452775913318144e-01
6.927342795375505125e-01
6.892167780252412834e-01
7.036757775683317728e-01
6.993364928909953093e-01
7.024034822104466835e-01
7.054374880336971021e-01
7.036752710872277161e-01
6.985385423631674806e-01
6.922717065868263520e-01
6.919023849140322202e-01
6.980271729015448123e-01
6.992855799962398589e-01
6.938220680603731649e-01
6.959798994974873976e-01
7.011376352107422383e-01
6.970765661252900092e-01
6.977151280633867581e-01
7.032125513634666092e-01
7.028506701906739318e-01
6.904431492274956117e-01
6.967515688445921063e-01
6.911067744633397902e-01
6.901860166773572391e-01
6.930629473297852394e-01
7.013132159821179323e-01
6.905311778290993407e-01
6.970499589003561480e-01
6.994080651128375958e-01
6.893310212649448321e-01
6.935381834613646435e-01
6.902582691436338624e-01
6.901344886722627914e-01
6.921197864833077418e-01
6.990906585836318410e-01
7.103727409638553869e-01
6.978047641289116809e-01
6.903272595412927037e-01
6.999638728323699377e-01
7.009969816152931132e-01
7.006715113605004319e-01
7.009681881051175178e-01
6.945316829854054630e-01
6.923356668788072099e-01
6.912459135488557838e-01
6.956880733944954542e-01
6.987012987012987120e-01
6.969583528310715481e-01
6.912352449112371122e-01
6.891220320265046828e-01
6.907834101382488434e-01
6.881789725649051226e-01
6.908537709754748457e-01
6.841475756739350267e-01
6.842824601366742643e-01
6.825483256193847215e-01
6.844545454545454266e-01
6.868343738523686737e-01
6.924360400444938834e-01
6.908347276445435670e-01
6.887398714724783932e-01
6.933483652762119087e-01
6.892437764208548812e-01
6.801810121906168849e-01
6.854352984121190318e-01
6.838140731214403800e-01
6.873437644662531154e-01
6.999811249528123946e-01
7.000957854406130165e-01
7.027961948688382643e-01
6.941041347626339952e-01
6.931742876076871784e-01
6.863589551540117961e-01
7.020693565151657767e-01
6.981964696853415475e-01
6.951358540756222837e-01
6.975197187113940656e-01
7.006172839506172867e-01
7.008963367108339559e-01
6.982214014967440541e-01
7.006145741878840871e-01
6.950724637681159335e-01
7.022204984000776085e-01
6.975040955960296607e-01
6.940078117557397785e-01
6.889223246191461536e-01
6.960344182566404747e-01
6.866510538641685812e-01
6.907747005988024158e-01
6.997137404580152653e-01
6.962675714978187047e-01
6.962355212355212375e-01
6.924401913875598558e-01
6.893389377149408137e-01
6.834350070389488829e-01
6.878574777308954502e-01
6.956190476190475813e-01
6.971987981002228940e-01
7.009172521467603723e-01
7.089789431863329217e-01
7.077047686544497562e-01
7.017171717171717393e-01
7.035517758879439310e-01
6.894819775457947664e-01
6.882630010573872470e-01
6.845323397344034166e-01
6.930978208697321508e-01
7.031311930241775920e-01
6.960764787890858507e-01
7.126518218623482115e-01
6.977521263669501650e-01
7.055878229521329592e-01
6.978230477331736070e-01
6.914998036906163659e-01
7.056815900421602450e-01
6.989888776541961501e-01
7.029394000402657827e-01
7.014036150661415725e-01
7.097036961612870343e-01
7.049197095223483922e-01
7.048561518057538944e-01
6.997042928520444960e-01
7.015574433656958098e-01
6.928614277144571343e-01
6.885635140482786465e-01
6.792943898207055575e-01
6.986086615716244896e-01
6.935741368988226352e-01
6.974191634529812722e-01
7.037857430527587610e-01
6.947888317709908224e-01
6.969276511397423102e-01
6.947535771065183052e-01
7.024743512371756093e-01
6.965274282838449516e-01
7.055919395465994892e-01
7.028206168831169220e-01
6.895793785592966296e-01
6.937634830358894167e-01
6.928606597735106343e-01
6.867258363405832622e-01
6.889859291606016400e-01
6.966633954857703870e-01
6.906001375110499829e-01
6.834817970565453260e-01
6.945721271393643370e-01
6.949438760305950424e-01
6.983949613978057691e-01
6.972883802453860858e-01
7.000620989443179232e-01
7.023028029592580657e-01
6.998233031909364410e-01
7.036497868358115859e-01
7.100480467933988349e-01
7.129541362143840821e-01
7.078093627813589750e-01
7.009589326662497566e-01
6.911106590724166443e-01
6.913567839195979836e-01
6.892746062004615482e-01
6.878370281605752368e-01
6.879327398615232569e-01
7.074788286909499124e-01
7.022226838388034853e-01
7.064286451346609708e-01
6.941343616805357719e-01
7.002283785125608118e-01
6.973671137605563786e-01
6.948598593641676091e-01
6.933791074055909442e-01
6.947885939036381187e-01
7.014717581543357117e-01
7.024561403508772228e-01
6.932479053721044560e-01
6.951636541279921921e-01
6.937366271153472264e-01
6.928218541121766716e-01
6.952058111380144956e-01
7.033075856605268683e-01
6.995137441698918712e-01
6.890953545232273436e-01
6.866074874565805120e-01
6.982370225269344255e-01
6.928104575163398504e-01
7.000791608945181599e-01
6.912957467853609872e-01
6.956906729634002584e-01
6.969303069693030261e-01
6.958350020024028915e-01
6.949559647718174249e-01
7.071544058205335714e-01
6.931152836664647987e-01
6.978873239436619302e-01
6.818947577048855013e-01
7.017195109830036692e-01
6.977664974619289806e-01
6.946450060168471996e-01
6.950816387859360956e-01
7.011354420113544705e-01
6.990528567063856169e-01
7.002547121752419335e-01
6.964014191586416214e-01
6.939329912466042360e-01
7.025615268709191064e-01
6.945594024427172997e-01
6.879580114874233043e-01
6.913056350537846173e-01
6.904196357878068513e-01
6.853126228863547498e-01
6.925885719924997908e-01
6.868175501290451068e-01
7.038155642806805945e-01
7.049584231598398087e-01
6.939105806190573045e-01
6.935291782453354426e-01
6.971474008547857704e-01
6.929675810473815423e-01
6.887286377556059991e-01
6.791095557499756685e-01
6.846405228758170036e-01
6.988854916658447936e-01
6.975024975024974871e-01
6.928085232317253706e-01
6.885022839926134841e-01
6.993399665057630221e-01
6.898369618275895787e-01
6.976517587450062896e-01
6.904461074934395981e-01
6.902382782475019463e-01
6.913282531108324580e-01
6.907642089093701809e-01
6.958171206225680638e-01
6.982439024390243443e-01
6.948608137044968158e-01
6.857333842627960641e-01
6.959748786754210714e-01
6.880638116038363394e-01
6.875989937575701649e-01
6.933208780943483918e-01
6.930263282060961094e-01
6.909585443631588442e-01
6.908389766741911409e-01
6.933308355189209404e-01
6.919092022228501282e-01
6.883895131086141816e-01
6.893021508406124154e-01
6.867910377800693356e-01
6.858190709046454447e-01
6.959543074726320944e-01
6.922115384615384892e-01
6.989195446652517463e-01
7.028638451764246398e-01
6.946498054474707917e-01
7.005720934742557526e-01
6.914412246076826474e-01
6.991582169504495514e-01
7.021214480342545805e-01
6.954602169114117993e-01
6.878081152825180622e-01
6.984700180556875360e-01
6.985172981878089438e-01
6.897082892076634719e-01
6.986970684039087720e-01
7.008248423095584378e-01
6.976654447231332989e-01
6.976365898000191912e-01
6.971434030763351553e-01
7.001427891480247467e-01
7.015845905683650852e-01
6.886590252539371848e-01
7.021573368049097708e-01
6.892581932968154801e-01
6.889987186527548602e-01
6.866024359207416605e-01
6.847254937488675974e-01
6.941792141020932672e-01
6.827883118072730628e-01
6.978052379195868182e-01
6.978376860432462525e-01
6.993531452142121019e-01
6.903454054557304209e-01
6.940664630195315654e-01
7.038683438948264426e-01
7.058431036126203706e-01
6.940284537626356665e-01
6.981009726725335707e-01
7.071476158751308638e-01
7.002680451847597132e-01
6.905182841723271903e-01
6.981079317736974543e-01
6.885123813070191945e-01
6.976765885975553250e-01
6.917398617080919854e-01
6.986519378393559743e-01
7.068223136541957885e-01
7.061657032755298546e-01
7.002002479260036605e-01
6.935288075450555256e-01
6.909291425420457378e-01
6.883438963901901131e-01
6.970034326004267422e-01
6.992324457500236345e-01
6.905546661644222928e-01
6.951025376907949971e-01
6.950341344805012200e-01
6.953542937587986472e-01
7.015262860373092657e-01
6.990907368819851975e-01
6.936102535316680529e-01
7.017411764705882016e-01
6.976722180166540221e-01
6.968529826209488576e-01
6.978363123236124288e-01
6.940876463921420436e-01
7.002155374379158692e-01
6.915222482435596785e-01
6.994095041709625926e-01
6.994214170539694297e-01
6.911833598800711798e-01
7.045433167152667098e-01
7.176253758851488529e-01
7.134594647583569760e-01
7.089609887987640136e-01
7.055963390218323861e-01
6.897412199630313934e-01
6.941818181818182332e-01
6.970839849139913724e-01
6.927760863548297898e-01
7.010022271714921871e-01
6.995414990174978476e-01
6.912348757735291560e-01
6.918700679023673805e-01
6.902108849802007784e-01
6.937127122533272017e-01
7.011162790697674785e-01
6.891201337916937897e-01
6.978751043889764860e-01
6.963998866106019259e-01
6.937699981178242492e-01
6.832303862819212315e-01
6.786518878976299796e-01
6.854136429608127523e-01
6.889872717210846487e-01
6.869597204340629482e-01
6.917062273108069981e-01
6.940256313607237049e-01
6.947160586686724759e-01
6.927682664421367376e-01
6.890367905342946742e-01
7.008899297423887287e-01
7.043686989918387376e-01
6.946232487694055102e-01
6.977073308802717033e-01
6.977449308319120247e-01
6.907956027575926639e-01
6.939174107142856984e-01
7.015471167369901062e-01
6.914993432163633047e-01
6.989690721649484129e-01
6.957953155864923245e-01
6.970293318339424449e-01
7.010562052055827609e-01
6.900922732780314650e-01
6.949356541061012527e-01
6.923796166432912846e-01
6.868234415826800499e-01
6.876735147140478066e-01
6.899563318777293119e-01
6.874536693847294044e-01
6.968529826209488576e-01
6.869220607661823408e-01
6.905227844562482620e-01
6.910789350770667472e-01
7.037351443123939232e-01
6.927637150653994658e-01
7.038015281577210125e-01
6.934032983508245929e-01
6.898029916089019054e-01
6.977383023532643946e-01
6.980730035204743000e-01
6.963093471810088975e-01
6.929365298061909151e-01
6.961397058823529660e-01
6.996949810518532376e-01
6.950524186132057691e-01
6.924968129666727590e-01
6.934180662732637446e-01
6.995846792801106995e-01
7.021375898441146735e-01
7.010193584588048088e-01
7.016559079427449053e-01
6.929039402048537966e-01
6.996580722668884755e-01
6.898139620556271723e-01
6.973564266180491966e-01
6.932661475034356258e-01
6.896426298081295148e-01
6.935425027362276396e-01
6.940298507462686617e-01
6.868031438493876761e-01
6.947378004369992865e-01
6.893438808748254543e-01
6.908904810644831418e-01
7.040864700862804471e-01
7.051528552201499211e-01
7.087066614725360258e-01
7.008133230054222063e-01
7.021600532876581813e-01
7.006278538812785728e-01
7.029383886255924363e-01
7.106448213088052412e-01
6.928999144568006585e-01
7.064540479335723600e-01
7.021560770845258759e-01
7.005761783319165437e-01
7.003674738528220534e-01
7.035109302545661247e-01
6.911146407549285664e-01
7.004888847892261072e-01
6.965053261072696733e-01
7.043641482871890735e-01
7.019448640483383350e-01
6.910320548452844047e-01
6.928887251289609361e-01
6.964517926806613746e-01
6.882961048550858552e-01
6.932347302109010956e-01
6.947581015330946963e-01
6.896488493627945804e-01
6.959161147902869216e-01
6.852476963780677055e-01
6.972318339100346263e-01
6.979853309813387474e-01
6.826407201964171945e-01
6.802636266476665972e-01
6.987501140406897626e-01
6.952825782344699279e-01
6.943930421909696449e-01
6.934062876750440862e-01
6.854210574544121748e-01
6.947435663442234066e-01
6.842920959066459696e-01
6.788860218880683473e-01
6.960116289633869746e-01
6.894358407079645978e-01
7.029406255853155594e-01
6.969954648526076602e-01
6.909308976842881700e-01
6.974012762415611189e-01
6.944983818770226192e-01
6.922161172161171994e-01
7.023467210833874708e-01
6.931608133086876178e-01
7.028205604008165297e-01
7.056941176470588051e-01
7.058990625887699988e-01
6.945118536494306882e-01
7.070348945698824439e-01
7.021972884525479186e-01
7.014165355059717166e-01
6.930810712000731177e-01
7.062276437677703633e-01
7.024263270428557915e-01
7.035806570690291695e-01
7.046541574687270604e-01
6.944167044938719391e-01
7.011876912002878992e-01
6.933010492332526420e-01
6.932628797886393190e-01
6.967003959524856738e-01
7.013067278827476159e-01
6.973719139899123842e-01
6.880285988316331425e-01
6.924350705943873585e-01
6.847911741528762697e-01
6.903438693990968655e-01
6.925574863963489536e-01
7.002055222947011215e-01
7.006698044895003363e-01
6.973026080743122135e-01
7.007104795737122416e-01
7.002033418795862163e-01
6.974192415730336991e-01
7.008674318759309241e-01
7.130088495575220842e-01
7.001765225066195475e-01
6.951890034364260895e-01
6.946010592858363752e-01
6.900977475563111474e-01
6.968121377429253860e-01
6.915384615384615463e-01
6.902348369657036464e-01
6.956337071015969986e-01
6.971921140223606983e-01
6.968121377429253860e-01
6.966139186659860982e-01
7.026473099914603004e-01
7.070645554202192873e-01
6.987469544030630031e-01
6.919338335607093660e-01
6.939293878587756703e-01
6.979637045241543492e-01
6.983010125278874547e-01
6.986488797674020867e-01
6.964392451541285833e-01
7.058060050186034662e-01
7.053594771241830097e-01
6.986941105249502293e-01
6.899511866689109763e-01
6.942114093959731447e-01
6.932250697792438077e-01
6.947180706521739468e-01
7.097110127570944726e-01
7.001488746825466070e-01
7.053664466828759583e-01
6.959296309072093845e-01
6.996327611239218092e-01
6.969929295510690626e-01
7.012898265994703673e-01
6.992713244749250157e-01
6.980728051391863476e-01
6.932687404385518004e-01
6.980037536256611386e-01
7.018281692558578921e-01
7.075774672337470372e-01
7.071416037901385732e-01
6.967902506007552788e-01
6.995671730459136484e-01
7.048518677544010069e-01
7.002154243860404526e-01
7.026723168727838642e-01
6.957384403036577236e-01
6.963242871865338302e-01
7.042832167832168144e-01
7.123007036608176579e-01
7.048988764044943345e-01
7.020390070921985748e-01
6.948825797406239513e-01
6.899231499870477347e-01
6.915350274725274859e-01
6.895340870161014157e-01
6.897706776603967915e-01
6.878937510641920383e-01
6.829598308668075601e-01
6.845484497761257225e-01
6.902238933515638664e-01
6.923742002420888442e-01
6.955387424993477730e-01
6.854204476709013782e-01
6.971249891427082623e-01
6.897152312113559169e-01
6.888583455029636538e-01
6.895126571379369684e-01
6.853009160174642345e-01
6.850000000000000533e-01
6.981246218995765807e-01
6.983705278072972478e-01
6.967445152158527888e-01
6.987151085511741355e-01
7.040679481448368637e-01
7.063025590017180111e-01
7.017322266329845126e-01
6.926475786496995024e-01
6.932857267264651568e-01
6.879069363660039738e-01
6.908141053548105814e-01
7.024624411058760787e-01
7.021391335610281947e-01
6.838427947598253454e-01
6.868816103718867749e-01
6.925941966219142376e-01
6.895171813832100538e-01
6.814349621472814977e-01
6.924736751251510114e-01
6.955907042502430526e-01
7.020170327207529981e-01
6.972460658082976215e-01
6.881218631680902087e-01
6.918078848011238735e-01
6.848054679284962809e-01
6.916958041958042314e-01
6.879739023099982198e-01
6.976909413854351927e-01
7.074792748474082460e-01
7.086330935251798913e-01
6.991118029484479912e-01
6.951252600162792783e-01
6.925763410047460766e-01
6.924390901735143489e-01
7.002339812814974973e-01
7.059367486591455743e-01
6.985477754139302053e-01
6.880295655309176528e-01
6.969096314983331819e-01
7.020262216924910703e-01
6.985936207372001050e-01
6.929880550743138246e-01
7.028587135788895157e-01
7.018650830472301649e-01
6.941046629265151813e-01
6.904740242016195184e-01
6.950509461426491731e-01
6.949308755760368328e-01
6.989405803777061221e-01
7.021158129175946172e-01
6.990139157681319881e-01
7.052738524060220282e-01
7.044587173042912154e-01
6.974217311233885663e-01
6.849092386887022377e-01
6.961796125294223980e-01
6.956320989934435817e-01
6.996296296296296013e-01
6.855323020928116851e-01
6.863783201722900573e-01
6.947108796930665520e-01
6.898126998629511286e-01
6.794906286431710019e-01
6.892655367231638186e-01
6.975476839237056970e-01
6.939900753537953104e-01
6.893960223627532136e-01
6.939410580267252326e-01
6.952916244356399655e-01
7.005854474491218786e-01
7.067207853501982218e-01
7.041627246925260541e-01
7.045947730918010743e-01
6.919647004180213834e-01
6.957158549981691253e-01
7.082710978342046104e-01
7.098386944627865791e-01
7.087802562885618940e-01
7.033348990136214507e-01
7.024088480644858912e-01
7.084780771758519835e-01
6.893355359765050983e-01
6.902964959568733683e-01
7.030750980928917038e-01
6.944008855271653902e-01
6.961036574159161772e-01
6.951309479896716770e-01
7.042569081404033149e-01
6.870404411764705621e-01
6.868932038834951737e-01
6.957311534968210198e-01
6.903655090693646690e-01
6.878779673255709382e-01
6.904308390022675379e-01
6.968750000000000222e-01
6.905858511422254820e-01
6.929342851912868584e-01
6.913253671440299231e-01
6.891069319523939196e-01
6.981339187705817295e-01
7.016744186046511844e-01
6.904278863887863826e-01
6.930451297820385825e-01
6.965592972181552378e-01
7.003500368459837366e-01
7.006487488415199527e-01
7.023964332156790169e-01
7.011944755505785665e-01
7.032474804031354498e-01
6.935631762332661321e-01
7.027323403088732157e-01
7.062592867756315451e-01
6.905698344461721483e-01
7.051282051282051766e-01
7.019000184467810710e-01
6.968128575320076123e-01
7.144180874722015906e-01
7.129041433583009901e-01
7.080739483116392785e-01
7.057215571684418709e-01
6.931133561961256850e-01
6.981668194317139919e-01
6.959515285045442257e-01
6.939186099679927056e-01
6.975354055545337495e-01
6.941003761813010486e-01
6.888989578613502474e-01
6.948659700136301520e-01
7.001194743130226827e-01
7.116870876531573575e-01
6.957328385899814727e-01
6.962506792247781240e-01
7.006549026741859532e-01
7.030507855316039389e-01
6.986611181472770493e-01
7.002090719025543253e-01
7.017035157665820755e-01
6.993759609297277580e-01
6.925618358782034134e-01
6.885231550380810361e-01
6.947692307692308056e-01
6.945232187167671434e-01
7.116098090670527343e-01
7.073148318323837502e-01
7.049537289058247502e-01
6.993563382799928840e-01
6.865527814279457353e-01
6.983974078290567933e-01
6.848956058355900600e-01
6.947138488422892610e-01
6.984736231366598380e-01
7.065403698691925527e-01
6.999458874458874824e-01
6.954883846084850552e-01
7.023691559318980815e-01
7.021218468263363821e-01
7.029216346591425912e-01
7.019432533527962814e-01
7.050810014727540986e-01
6.975471870155922627e-01
6.966615675335192659e-01
7.020147508544701820e-01
6.971869328493648377e-01
6.977685801691559941e-01
6.971654108360243463e-01
6.933510638297872841e-01
6.968727789623312407e-01
6.954242558862727686e-01
7.069834413246940397e-01
7.032275711159737819e-01
7.009245130598689144e-01
6.994809378915338716e-01
6.986411585910959898e-01
7.009547829219960891e-01
6.929338103756708112e-01
6.890822784810126667e-01
6.914069378411692446e-01
6.960556844547564070e-01
6.857520952801058334e-01
6.910526772541872864e-01
6.791484996152860054e-01
6.870494444915613563e-01
6.946545204537641904e-01
7.015490230593205423e-01
6.972444757461043752e-01
6.840922837639332732e-01
6.923275195463527432e-01
6.913387194857093521e-01
6.873438442319289576e-01
6.883833160978972687e-01
6.995801994052824879e-01
6.891310078200509892e-01
7.078283945157010093e-01
7.050104573974720346e-01
7.073037293699279138e-01
7.038998995342040654e-01
7.057002367510472052e-01
6.987104337631887541e-01
6.935069536717157757e-01
6.935298790714096162e-01
6.971166563795079263e-01
6.960325174516214242e-01
7.032385395173589293e-01
7.004699927693419648e-01
7.052545898525820478e-01
7.076825281511078813e-01
7.021295876755777599e-01
7.057481751824817851e-01
6.973624580803045037e-01
7.058288624170228065e-01
6.978758318898714563e-01
6.954084356647090015e-01
6.989631748301752268e-01
6.993898061737258143e-01
6.995296671490592866e-01
6.975587703435804920e-01
6.936452451375817452e-01
6.943921040825482560e-01
6.913035649981994490e-01
6.963916134257176482e-01
6.991582948683138232e-01
6.950745594215996803e-01
6.926999463231346965e-01
7.061051492470015178e-01
7.067620286085826153e-01
7.040863388986255966e-01
6.959883562266897528e-01
6.914931482470190183e-01
6.889871738168952264e-01
6.933650541897964370e-01
6.957372964314318953e-01
6.946102449888641450e-01
6.918784872907625116e-01
6.988037217545414181e-01
6.926920674578388448e-01
6.928972462347384731e-01
6.952673410404623944e-01
6.929084380610412985e-01
6.969560112004336005e-01
6.948983297022512939e-01
6.914674545617334189e-01
6.967805226076875247e-01
7.027027027027027417e-01
7.040741420444117660e-01
6.922518599165305986e-01
6.907336252345634975e-01
6.940913160250671288e-01
6.976281006699257548e-01
6.984979517523896009e-01
6.961114652581732454e-01
6.943560847041715389e-01
6.935923035033580986e-01
6.874048876555366450e-01
6.849181777974348018e-01
6.871553104429817260e-01
7.022456586962451119e-01
6.979766103582698555e-01
6.962002024105253817e-01
6.926655719759168273e-01
6.870920957215373992e-01
6.823792486583184491e-01
6.916591928251121235e-01
6.909847936278059599e-01
6.864737367322870654e-01
6.861773975686628058e-01
6.861549497847919676e-01
6.783408508003891946e-01
6.890195030724017844e-01
6.797226724293174982e-01
6.954054548782719891e-01
6.958758066024501865e-01
6.889176928062216154e-01
6.931524547803618042e-01
6.911968897528464328e-01
6.953550651029642982e-01
6.928617600886508576e-01
6.957527528453779642e-01
6.820247182842602562e-01
6.904633620689655249e-01
6.933699131229995594e-01
6.882347580424679201e-01
6.803956834532374209e-01
6.906526848671126206e-01
6.948573538916074099e-01
6.949638955748935754e-01
6.935886761032472592e-01
6.995353159851300795e-01
6.994067237969676665e-01
6.948915976551596207e-01
6.946791716965363683e-01
6.956278026905829970e-01
6.936233500650678119e-01
6.971620612397311234e-01
6.995397764628533688e-01
6.979362101313321132e-01
6.979828165857302480e-01
6.960565476190476719e-01
6.955875522526706600e-01
6.909324287155037547e-01
7.037140204271123967e-01
6.975072355522360379e-01
7.010839095496168571e-01
7.026291079812206908e-01
7.001783535154416649e-01
6.990472632168877043e-01
6.887320069680021861e-01
6.903571753158229685e-01
6.874829808477807003e-01
6.991199629458082487e-01
6.938851952430002967e-01
6.991175366128427049e-01
6.969384889055332266e-01
7.008698905621550956e-01
6.950807360120164757e-01
6.979821679962459058e-01
6.909244169710593297e-01
6.996169298327571395e-01
6.969152157456471874e-01
7.027129938124702102e-01
7.024174980813506775e-01
6.981769074949358833e-01
7.018017150014452810e-01
7.110266159695817212e-01
6.986568035818571110e-01
6.991691337981090770e-01
7.023673157693776092e-01
6.980880814230000508e-01
6.971021377672208530e-01
6.977735670298437221e-01
6.921341979137298761e-01
6.975088967971529996e-01
6.996996996996996954e-01
7.045798637395912500e-01
7.070591597599313882e-01
6.967536123100018797e-01
6.919288645690834239e-01
6.968143537165872869e-01
6.974859563495717785e-01
6.948236371965185176e-01
7.007600036626682183e-01
6.964844468985826875e-01
6.953267615918218292e-01
6.919923476359660652e-01
7.004033736707003799e-01
6.967647596417474443e-01
6.946930657264261955e-01
6.958832537609224156e-01
6.933548271538599872e-01
6.970988213961921698e-01
6.878378378378378066e-01
6.914593259220045418e-01
6.930123944673971526e-01
6.856127886323267751e-01
6.967111111111110588e-01
6.906695542320880898e-01
6.943995691976305729e-01
7.014179240138156413e-01
7.041981218928373698e-01
6.927931223705872110e-01
6.932947767937827077e-01
7.028798227801366094e-01
6.957125659783313099e-01
6.922726444322945261e-01
7.050073909830006924e-01
7.028169014084506561e-01
6.949448529411764719e-01
7.060447143251449287e-01
6.930475405331134597e-01
6.935644912408096552e-01
7.013728922878467165e-01
7.005581395348837725e-01
6.896392656149090694e-01
6.814994606256742360e-01
6.888848693135569690e-01
6.886731984250527017e-01
6.866135968524109678e-01
6.955561689207838683e-01
7.028358902835890598e-01
7.077418133636191877e-01
7.029702970297029285e-01
6.966872750761280431e-01
6.995569503415174362e-01
6.979742173112338799e-01
7.092079485026587804e-01
7.025983807192619501e-01
7.012610929472209431e-01
6.991200149784684292e-01
6.961046136845013832e-01
6.947938664952713061e-01
6.967694566813509294e-01
6.930866243210899169e-01
6.935395314787701215e-01
6.900109569028487488e-01
6.925326752582030565e-01
6.854178044784270396e-01
6.834125773750785449e-01
6.938217605248769848e-01
6.930206692001111835e-01
6.938095678726751148e-01
6.878205128205128194e-01
6.942744954798648616e-01
6.982582916435056131e-01
6.956886898096305005e-01
6.983073038436360402e-01
6.957169459962756486e-01
6.930958094886469079e-01
6.884467968607410615e-01
6.995227606461086323e-01
6.882770052491021806e-01
6.825282815586281027e-01
6.916629112212708819e-01
6.906605922551253274e-01
6.989726338758068813e-01
6.908014571948998261e-01
6.930612244897959018e-01
6.928998369860532858e-01
6.950477055883689248e-01
6.977720964207451138e-01
6.915870850386539592e-01
6.937042724234486757e-01
6.951639195797862936e-01
6.919405673120215816e-01
6.935993500045138926e-01
6.966936879497221957e-01
6.838334079713389579e-01
6.883993604547876677e-01
6.972968069666183322e-01
6.952372127501853516e-01
7.066716712020267854e-01
6.876974540048318429e-01
6.903548680618744049e-01
6.974363703430468409e-01
6.912523020257826945e-01
6.849302744039585944e-01
6.911287414352687009e-01
6.912530847271730616e-01
6.912928759894458874e-01
6.951686417502278559e-01
6.983467257781472703e-01
6.958174904942965311e-01
6.946858135918777544e-01
7.072830434378197806e-01
7.055335968379446987e-01
6.988715844446516945e-01
6.970032272936836915e-01
6.903465795681364980e-01
6.874102011494253039e-01
6.898135639016481635e-01
6.898405303709013170e-01
6.872990353697748800e-01
6.919151222132688961e-01
6.984618185127878798e-01
6.832208726945568911e-01
6.883968113374667741e-01
6.956639322095015121e-01
6.899196823391390287e-01
6.911777877295118833e-01
6.949182977195187405e-01
7.024581924517956377e-01
6.896801012109162743e-01
6.988406578592613050e-01
6.960757534371301292e-01
6.949736889856650279e-01
7.076823518535638735e-01
7.036171604822880621e-01
7.058276791523375726e-01
6.990693817377683361e-01
6.897140802014026795e-01
6.966372954504586046e-01
7.063770794824398847e-01
6.945263545890159040e-01
6.897823349523295455e-01
6.875896700143472318e-01
6.926789291568020701e-01
6.901421450987631490e-01
6.935096153846154188e-01
6.969411764705882861e-01
6.879022479246339472e-01
6.842586664227567894e-01
6.909290416971470838e-01
6.969583176868193730e-01
6.961571145312057673e-01
6.918848411441349544e-01
6.914636414357447913e-01
6.797948342187213333e-01
6.838692245339097475e-01
6.958237723726480306e-01
6.977353546696611897e-01
7.007525870178739069e-01
6.981644502715864675e-01
6.934756602558204142e-01
6.984434005710601356e-01
7.046917265180486778e-01
6.933469047839363464e-01
6.983735380116958824e-01
7.058933060236477486e-01
6.970175601598067594e-01
7.019935095039406825e-01
6.968605724838411453e-01
6.986991572004397355e-01
6.938349954669084108e-01
6.964821379874557294e-01
6.875954369891313922e-01
6.938848279550722253e-01
6.956756270790254160e-01
7.002348265895953494e-01
7.004353346635225908e-01
6.930666427482284897e-01
7.009052612709509855e-01
6.971824646682869275e-01
6.871013465627214822e-01
6.970497578159401408e-01
7.016833198307678154e-01
6.890629171487051563e-01
6.902192829794639994e-01
6.948822383566495287e-01
6.998480922169600937e-01
7.004139668826493414e-01
7.008992805755395183e-01
7.026443604964921485e-01
6.949982200071199712e-01
6.953097654882743894e-01
6.949480725224432831e-01
6.925925925925925375e-01
6.909871244635192866e-01
6.942658557775847061e-01
7.003695881731784034e-01
7.004338971044009599e-01
6.996575041714235832e-01
6.937647987371744485e-01
6.870485036119711175e-01
6.931339692360574123e-01
6.928132837498919283e-01
6.960070206230802858e-01
6.848721283051582009e-01
6.887474191328286643e-01
6.893801473775466038e-01
6.932045592969633407e-01
6.871411171045762600e-01
6.838103374626227637e-01
6.879721585603938427e-01
6.892626131953427659e-01
6.940090560780215467e-01
6.916109743228983087e-01
6.966470122326849923e-01
6.976805949008498819e-01
6.902952094749867928e-01
6.946244090351952893e-01
6.897005882869435833e-01
6.823082894850340807e-01
6.949726491273768847e-01
7.021124877440056977e-01
6.969562121751512462e-01
7.104410441044104463e-01
6.899204006797244881e-01
6.956939470696130723e-01
7.145049192165358054e-01
7.060398965644625324e-01
7.061728395061728225e-01
6.990669444696077095e-01
6.952854479268401056e-01
6.872989654872642129e-01
6.956146408839779527e-01
7.021087285345671836e-01
6.978583488847418526e-01
6.930343427209323393e-01
6.895556333100070212e-01
7.000534188034187588e-01
7.023192360163710291e-01
7.053677207691606554e-01
6.995194487260857352e-01
6.988784208165096379e-01
6.941260108415533425e-01
6.875492169043661006e-01
6.953131844064827094e-01
6.952491309385863127e-01
6.996333720826254376e-01
7.017860364423597064e-01
7.001995645863570150e-01
7.031563583287721020e-01
6.976976069615663523e-01
7.039948807020751653e-01
6.994405209575346172e-01
7.044604579038584724e-01
7.071422005699052882e-01
7.071242559523809312e-01
7.047343356055654207e-01
6.938305709023940837e-01
7.060948499444238413e-01
6.881296940831653774e-01
6.935440180586907033e-01
6.984564498346196304e-01
6.859086313080245967e-01
6.821531272465851670e-01
6.931467005998909192e-01
7.047441860465116781e-01
6.979166666666666297e-01
7.018266978922717003e-01
7.018288084464554544e-01
7.035280728376327453e-01
6.967345007098911802e-01
6.874130414618310203e-01
6.969219358427590771e-01
6.992445703493862519e-01
6.866604477611940593e-01
6.919125887187149715e-01
6.846971798428108658e-01
6.955196304849884381e-01
6.945379723157500962e-01
7.064436885865457150e-01
6.824146981627297048e-01
6.909157375251324673e-01
6.983579025937675100e-01
6.922004276285209645e-01
6.920450350682908480e-01
7.021675893778737132e-01
6.950066200113486081e-01
6.906118636151331591e-01
6.971929497342161941e-01
6.931542622645029406e-01
6.980779996267960641e-01
7.014615747289014713e-01
6.983098591549296019e-01
6.973268980879896439e-01
6.894914635259745683e-01
6.967473045211560745e-01
6.952556425610317836e-01
6.965745247497474590e-01
6.940175631174533288e-01
6.940114848236259570e-01
7.004830917874396157e-01
7.077451708766716587e-01
7.025841962869671109e-01
6.919340054995417599e-01
6.950965285960301054e-01
6.947128532360984376e-01
7.070247165954283153e-01
7.073147799924783818e-01
7.014813425839114824e-01
6.921439807532154820e-01
7.043478260869565633e-01
7.055780265261969442e-01
6.939759036144578230e-01
6.973225747295066501e-01
7.071102413568166600e-01
6.926681367144432722e-01
6.976004362843118978e-01
6.948331047096478752e-01
6.965454545454545787e-01
6.931539230839167676e-01
6.955769930833636261e-01
6.940312046444121474e-01
6.915803692030616512e-01
7.040592430060340634e-01
6.920614596670934260e-01
6.963449765934461855e-01
6.964041875284479044e-01
7.037511436413540489e-01
7.021296042409286287e-01
6.997622965807277495e-01
6.959324496095877777e-01
7.002448091395412355e-01
6.893536464437032274e-01
7.044263775971093544e-01
7.042240587695133280e-01
6.964074579354252448e-01
6.909300469899813946e-01
6.916747766079801574e-01
6.920331876170934260e-01
7.004533091568450054e-01
7.006351836509251418e-01
6.927348871085214910e-01
6.825974948920671137e-01
6.996571634788885108e-01
6.892386530014641410e-01
7.020449708522253918e-01
6.973708745105351436e-01
7.021535580524345121e-01
6.979225154407636689e-01
6.949215486027295885e-01
6.939865549313932735e-01
6.990156017830608803e-01
6.968764568764568290e-01
6.945373467112597732e-01
6.873223943532862368e-01
6.868012982329606553e-01
6.877076411960132418e-01
6.860298078649668119e-01
6.992474302496328731e-01
7.042519091166210554e-01
7.044790193305044967e-01
7.010696190654907012e-01
6.915238536359425980e-01
6.916355693091835732e-01
6.957637997432606358e-01
6.971876440756108462e-01
6.953391785879095011e-01
6.975672687062293154e-01
7.048503611971104199e-01
6.991100702576112935e-01
7.008212019410228200e-01
6.984555266096017512e-01
6.939077378200979584e-01
6.952189414023219882e-01
7.022626931567328423e-01
6.965930018416206515e-01
7.013178508893189722e-01
6.926123802505527172e-01
6.986099604160913579e-01
6.981062012625325330e-01
6.934933087217350911e-01
6.878975104488460612e-01
6.984199470271257315e-01
7.010338083263480957e-01
7.120007571455612139e-01
6.993291127279599451e-01
6.961147086031452824e-01
6.970846830171216757e-01
6.917072274772706475e-01
6.954379562043795371e-01
6.956641557964358125e-01
6.947117587755475832e-01
6.985760220486908478e-01
7.065828957239309593e-01
6.969924812030074968e-01
6.928432191590085942e-01
6.944546794399409917e-01
6.987828672303261213e-01
6.950991395435839326e-01
6.906940208853156182e-01
6.880169086564970060e-01
6.978659678023212409e-01
6.916895149853455882e-01
6.867064973861090049e-01
6.891479322786566719e-01
6.877261341497356018e-01
6.917502787068003922e-01
6.898792943361188312e-01
6.918798665183537588e-01
6.938013442867811964e-01
6.919973731119242188e-01
6.869281045751634007e-01
6.913258175719743104e-01
6.922859564848827807e-01
6.995327548393248662e-01
6.940700808625337448e-01
6.925929447561091079e-01
6.859635954212798259e-01
6.870588235294117219e-01
6.884085331319614864e-01
6.911694510739856412e-01
6.985613594670271320e-01
7.029227147901138117e-01
7.045252005149024166e-01
6.944308505432122969e-01
6.972993977074023464e-01
6.974814525575946389e-01
6.945440449655974069e-01
6.985301275187384418e-01
6.942879347192539852e-01
6.940053970701619557e-01
6.898134863701578245e-01
6.877965458341240845e-01
6.905893536121673337e-01
6.852129855507600453e-01
6.883826021464883871e-01
6.783824640967498487e-01
6.851347544370363085e-01
6.887939221272554313e-01
7.025971489943370063e-01
6.951687493850241539e-01
6.940843972322385813e-01
6.957284961966061498e-01
6.980761680408323899e-01
6.897323600973236379e-01
6.968957438500585910e-01
6.996129800535874077e-01
6.907674097455119844e-01
6.837381718856696544e-01
6.898764951862297323e-01
6.944280370151604265e-01
6.967729240456512763e-01
6.906566899675100624e-01
6.960593055013656327e-01
6.966148395985042319e-01
7.003446578040374293e-01
6.948700207571414378e-01
7.042561654733492382e-01
7.005796522086747968e-01
7.028188724510195939e-01
6.952181291803933849e-01
7.082997582594682262e-01
6.993741166969513756e-01
6.961534638703905653e-01
6.981977496763914770e-01
6.972385604625660482e-01
6.931164451497718870e-01
6.971824023727137831e-01
7.007284702125536890e-01
6.999596041203797192e-01
6.992775436484045537e-01
6.937869822485207560e-01
7.019542374545811869e-01
7.043123194900906547e-01
7.055939157410187068e-01
6.977667493796525511e-01
6.910363601011082491e-01
6.905627871362940429e-01
6.979497545480797260e-01
6.887970791698693196e-01
6.835323100246352146e-01
6.882774217866566291e-01
6.897838148077291009e-01
6.951372171401059008e-01
7.023600546128340172e-01
6.969279243796769885e-01
6.984327849703104718e-01
6.879146235938852216e-01
6.967932811605268562e-01
6.929790907347016526e-01
6.895465393794749653e-01
7.042786455806733237e-01
6.889340691257623828e-01
6.918754167063529970e-01
6.937397511334040257e-01
6.916626506024096122e-01
6.968546109650404219e-01
6.973658344800471864e-01
6.953041101239870736e-01
6.974888066965154731e-01
6.991063537267995232e-01
7.036668985392030562e-01
7.114046586669355854e-01
7.009185424447360591e-01
6.982639573880450312e-01
7.000884694780300510e-01
6.981409001956947469e-01
7.017146235711470004e-01
6.995953814270206017e-01
6.966666666666666563e-01
6.990614000782167103e-01
6.955125085174730382e-01
6.964181428849522959e-01
6.945861122008630817e-01
6.942675159235668358e-01
6.936224240648500849e-01
6.931851418543433230e-01
6.934178449536810840e-01
7.035898452994843177e-01
6.989636784384747337e-01
6.935531641820514848e-01
6.992257296009529721e-01
6.948884941780145708e-01
6.848402972112322962e-01
6.940722891566265540e-01
6.808694815812253998e-01
6.828784587779771487e-01
6.904186406265107045e-01
6.942091786488083782e-01
6.928986506451295657e-01
6.934041089157574334e-01
6.921109580956128493e-01
7.047306698469488762e-01
6.886439677228891609e-01
6.998730344760230038e-01
6.908930842218526935e-01
6.965645129806753433e-01
6.958516349438750304e-01
6.927710843373493521e-01
7.040415930939768474e-01
6.929010838785274462e-01
6.994085135266169262e-01
7.013063549749533054e-01
6.985794901731854356e-01
6.885859652491119753e-01
6.921318346351685857e-01
6.919394983725828396e-01
6.954934178918036336e-01
6.973633191159364086e-01
6.955388180764774386e-01
6.969285921906791526e-01
7.036454750908912592e-01
6.994615761135585252e-01
6.888676540850453556e-01
6.915375897242160841e-01
6.933672988017737238e-01
6.988295746502997119e-01
6.935821748238431006e-01
6.935106283359865342e-01
7.050346069972504015e-01
6.989451677278342157e-01
6.959586466165413876e-01
6.904542097488921559e-01
6.946025335046814853e-01
6.875287197867843147e-01
6.844251155205218762e-01
6.882572651908536177e-01
7.021832431423773446e-01
6.959857771123795223e-01
6.955110369133741255e-01
7.001768593502746274e-01
6.967458387881054760e-01
7.011558538404175644e-01
6.997460257736807243e-01
7.003020577685482584e-01
6.878720238095238360e-01
6.936256448047163348e-01
6.964951528709918405e-01
6.958939660765595114e-01
6.903803950256035549e-01
6.913035484464056246e-01
6.921506773056225192e-01
6.924305033809166066e-01
6.949472096530919796e-01
6.837179130757112810e-01
6.898529275737674826e-01
6.882232176185143491e-01
6.932721998689996834e-01
6.913231695840391655e-01
6.965504169825625924e-01
6.929170989342638975e-01
6.930367867867868181e-01
7.033607026923811567e-01
7.072818339433635249e-01
7.005557684936757346e-01
6.989906612583718371e-01
7.012459882952615242e-01
6.985210466439135679e-01
7.061130775853822206e-01
7.013448607108550004e-01
6.921045184416564355e-01
7.104059462550028625e-01
6.999129341201508758e-01
6.902907087212616366e-01
7.045935037478378016e-01
6.948564823733385243e-01
6.968627824926099112e-01
6.898400752587018347e-01
6.992702113543739495e-01
6.892863903085367783e-01
6.892787160585984729e-01
6.960414703110273660e-01
6.940805202256861151e-01
6.937458479643162645e-01
6.938292636759416654e-01
7.027027027027027417e-01
7.053432137285491343e-01
7.003974023456430720e-01
7.037679483473064934e-01
7.045695045695046232e-01
6.970219285645886664e-01
6.993929045721873905e-01
6.923368381168892860e-01
6.956929717556535886e-01
6.988992218637312126e-01
6.963216424294268458e-01
6.901474593782286338e-01
7.005357646395338200e-01
6.964438122332858860e-01
6.972219623982789383e-01
7.038015281577210125e-01
6.926678527952055964e-01
7.002903437295120437e-01
6.913855589629216425e-01
6.877046198617678963e-01
6.891365407266467624e-01
6.974190005491488487e-01
6.883045237219566070e-01
6.892459375570567648e-01
6.966540694994930449e-01
6.952178336879104581e-01
7.013023255813953805e-01
6.979381443298968701e-01
6.838550698183809562e-01
6.902877697841726112e-01
7.001571309732876891e-01
7.008116428771340445e-01
7.027916157533602437e-01
6.972485679406517090e-01
6.968313140726933863e-01
6.867105985722130601e-01
6.910532480403639433e-01
6.978364503116978312e-01
6.914348462664714479e-01
7.007881231671554412e-01
6.891546467044001867e-01
6.867951336471006529e-01
6.919583222014427104e-01
6.863376251788269045e-01
7.031905195989061053e-01
7.005654955038471687e-01
6.908111070515162710e-01
6.901357791565506661e-01
6.930531654741418635e-01
6.978993919292426629e-01
7.005397357156151195e-01
7.053664057342261540e-01
6.965253129086493855e-01
6.986426999266324156e-01
6.998154981549815634e-01
6.909225228552959841e-01
6.974866996881305958e-01
6.906195018057227353e-01
6.952468850946008638e-01
7.006572769953051116e-01
7.020693565151657767e-01
6.936962214739992305e-01
6.930555555555555358e-01
6.983355152421918399e-01
6.888189559422436270e-01
7.042161353650556732e-01
6.929319618760025890e-01
6.892225986631260737e-01
6.976379405794427280e-01
6.956196181205540618e-01
6.983572507552869846e-01
6.942227290003800677e-01
6.898425787106446938e-01
6.891665112809994831e-01
6.813452248234856956e-01
6.906716417910447881e-01
6.899335232668566409e-01
6.976432266717762509e-01
6.907944996180290786e-01
6.952850773171426191e-01
6.966541317134317124e-01
6.932821497120921217e-01
6.881496881496881324e-01
6.927495291902071584e-01
6.952818451526462384e-01
6.807970673935520578e-01
6.896968569834480700e-01
6.990056955304566610e-01
6.831882116543871453e-01
6.970192307692307798e-01
6.981466876971609281e-01
6.888478725471147701e-01
6.927309585867361674e-01
6.932646515696374578e-01
6.958484640298361334e-01
6.919988247967877593e-01
6.860206743309824606e-01
6.905127712694449915e-01
7.007263922518159882e-01
