3.333333333333333148e-01
1.473022708709215367e+00
2.145420838008694542e+00
2.815996372344853782e+00
3.126441879266978585e+00
3.353766135767605849e+00
3.450481963391727636e+00
3.476610639313205908e+00
3.543860672402075362e+00
3.596561576938719362e+00
3.667246935187981283e+00
3.729635686668738792e+00
3.759616936347057070e+00
3.740493365397886905e+00
3.668616095954849055e+00
3.714648359420370305e+00
3.749526260923059962e+00
3.707784705730450270e+00
3.768145666397182403e+00
3.622911554777172860e+00
3.671249690004283028e+00
3.587323406225956468e+00
3.581531364099995507e+00
3.614715141695850953e+00
3.671417504155257472e+00
3.730244896564208101e+00
3.676793919811083722e+00
3.667468087578500846e+00
3.679199344426911100e+00
3.783341770836783802e+00
3.793737226570133458e+00
3.765143916026034265e+00
3.713533662379521871e+00
3.685805584550214231e+00
3.660987217327563492e+00
3.772547665630169078e+00
3.744536737241158431e+00
3.738888041533150908e+00
3.673788302993964194e+00
3.652674677142663473e+00
3.691173069452680977e+00
3.669558960075232967e+00
3.615981966083984478e+00
3.638418286291129178e+00
3.674000483911740833e+00
3.659782844798111334e+00
3.680744014618638982e+00
3.690745089730934403e+00
3.734964189787778110e+00
3.736810910670055552e+00
3.680031078841925929e+00
3.688868754628139346e+00
3.660353981416700098e+00
3.716781319463874134e+00
3.721329178646812785e+00
3.676476111770681232e+00
3.713347960980533990e+00
3.714154403705878238e+00
3.691287975826324619e+00
3.662619844408000702e+00
3.643654157653942072e+00
3.611332351522867690e+00
3.677016477996569943e+00
3.601672218969479200e+00
3.626468060999754606e+00
3.683218020975755458e+00
3.632836425535285851e+00
3.659872525833842705e+00
3.715045875825445876e+00
3.748043645202160601e+00
3.685405441683923922e+00
3.685244162579049299e+00
3.731073194678918181e+00
3.695309285784518227e+00
3.670843461288724185e+00
3.790281569690655328e+00
3.781173400355038794e+00
3.798935100769974760e+00
3.764723029182543090e+00
3.681759395991432093e+00
3.671300201360862214e+00
3.689774569663681003e+00
3.658623805336753243e+00
3.645679986468302047e+00
3.759403650378918549e+00
3.742065963104174831e+00
3.745041318288897081e+00
3.709722722441342491e+00
3.749185117592960470e+00
3.759543300091058970e+00
3.758320825754184025e+00
3.702932477245366449e+00
3.714623052578014395e+00
3.764766530826862745e+00
3.705885324132700109e+00
3.759796301217119829e+00
3.793086020289090143e+00
3.780164063455917489e+00
3.702265350262585297e+00
3.679814301399638943e+00
3.635269252041647636e+00
3.657141061977241314e+00
3.691600774673373220e+00
3.679681601827410109e+00
3.660122735381036829e+00
3.660610060797103493e+00
3.688252929301738092e+00
3.761411412679215527e+00
3.738279877988269551e+00
3.621279559885094201e+00
3.609724086449956015e+00
3.651455653410019320e+00
3.544378238142468440e+00
3.622008540057609416e+00
3.708652126167291563e+00
3.664818873970569602e+00
3.682955229046725787e+00
3.710249927929993863e+00
3.717168008140932844e+00
3.718148214560522469e+00
3.708447454460033210e+00
3.728253723637394490e+00
3.776363952662747270e+00
3.818994591904901981e+00
3.791988207921153986e+00
3.724347053478436198e+00
3.650878976164892986e+00
3.687853939474849074e+00
3.687434699378160374e+00
3.751086126563386358e+00
3.696292433880807859e+00
3.689525646248243085e+00
3.732968833152523036e+00
3.742336224283757673e+00
3.774273216894280303e+00
3.774743835581465756e+00
3.735643004867361228e+00
3.690387029336213320e+00
3.735272539575892115e+00
3.718553123209633160e+00
3.643750976374342088e+00
3.732832669009815696e+00
3.601655404817818873e+00
3.683103289730849106e+00
3.599284017694668769e+00
3.660374821700662196e+00
3.710996731072676802e+00
3.686897279592087795e+00
3.749894906832976549e+00
3.748966210678605027e+00
3.618288193395207131e+00
3.623766584707109217e+00
3.696785987314950450e+00
3.678074695639887537e+00
3.681096778359938870e+00
3.643096985114062214e+00
3.713335286380943234e+00
3.643202588098019667e+00
3.648268113001223334e+00
3.696476467721108161e+00
3.595227742643380520e+00
3.552618515618894968e+00
3.537860929223791917e+00
3.584581098325269277e+00
3.573266251498739887e+00
3.630669394338558842e+00
3.688552583618943448e+00
3.636271714612131500e+00
3.715401657445345229e+00
3.594331432858504538e+00
3.593962229844350098e+00
3.572795798169265957e+00
3.631568996913133063e+00
3.724285120313350017e+00
3.664028137750731329e+00
3.723799310244099825e+00
3.645360044592200310e+00
3.624475891395829485e+00
3.630925114648829499e+00
3.645244948733628920e+00
3.703017149267726627e+00
3.616372129128820667e+00
3.684697322984545220e+00
3.682167018640627898e+00
3.736114090970658719e+00
3.742941814736539197e+00
3.690075326774398423e+00
3.684841694280831526e+00
3.597182066773242148e+00
3.633218437254357447e+00
3.641376584456015753e+00
3.633734404094422388e+00
3.624136597907359647e+00
3.645154129899116136e+00
3.673803551368986398e+00
3.599886323385365294e+00
3.632525575817607155e+00
3.673557442127946882e+00
3.734634076190154861e+00
3.733517648092459229e+00
3.726338269077651422e+00
3.704978956436976834e+00
3.646312974022582587e+00
3.673737798204534055e+00
3.711554940699795413e+00
3.749323527455174609e+00
3.701487396969743937e+00
3.624193389157902789e+00
3.663848288281327026e+00
3.679638998260520655e+00
3.663995594244826570e+00
3.712405318372538510e+00
3.709685917562604462e+00
3.745696995575428012e+00
3.683697394213133247e+00
3.690006044125556883e+00
3.730024546410729780e+00
3.635121593778722016e+00
3.740395759966048228e+00
3.697725994452939258e+00
3.681242083320615865e+00
3.734589172856805472e+00
3.737314369699451078e+00
3.754992523392314485e+00
3.716518977650290712e+00
3.726555312949721088e+00
3.634412886354263073e+00
3.752757250058531557e+00
3.726373151662197625e+00
3.716972753749248071e+00
3.689095161856973615e+00
3.723273812334614075e+00
3.719696112392662624e+00
3.724231046325518157e+00
3.785008689964654227e+00
3.748523322695861193e+00
3.814670254236511848e+00
3.868638379137523398e+00
3.779790868497625134e+00
3.744091434555472997e+00
3.749985011294863835e+00
3.708599671585425472e+00
3.693979130369952291e+00
3.752101328490475840e+00
3.661675866336401075e+00
3.689904466092240209e+00
3.705202576888802835e+00
3.668074063683330888e+00
3.678537108490435248e+00
3.666481159402823486e+00
3.685964124885872550e+00
3.720687907815762419e+00
3.695291406950704349e+00
3.709689177045522257e+00
3.643224261388960272e+00
3.550334226858011810e+00
3.632872640842149892e+00
3.652916042606325409e+00
3.612122916219037805e+00
3.660641653966727027e+00
3.735749507919229551e+00
3.760898690477956219e+00
3.676889554102217517e+00
3.703674972662608145e+00
3.714694445281955471e+00
3.799959392871209651e+00
3.862429850788357211e+00
3.824453795606714390e+00
3.836266791710668311e+00
3.753434991738688886e+00
3.687633134087000553e+00
3.710625262991035456e+00
3.692256090541844227e+00
3.758715541755111467e+00
3.686121924742018496e+00
3.770274477266530422e+00
3.686196229857856554e+00
3.692057040610681629e+00
3.690276095910144605e+00
3.571903889233392082e+00
3.602833720998193989e+00
3.657416009987219052e+00
3.642389475011555078e+00
3.610324477749589978e+00
3.601386041344414313e+00
3.597605701662481170e+00
3.665507647274901082e+00
3.680300106130546034e+00
3.702654899180346071e+00
3.705207760019910701e+00
3.637987817757339037e+00
3.666960621956139033e+00
3.701627274522214517e+00
3.726438656227639701e+00
3.734329803854158580e+00
3.717236623399208906e+00
3.798228661903474634e+00
3.683785456849934192e+00
3.613007473402534142e+00
3.635191818667055319e+00
3.688408345638410246e+00
3.724115496157743177e+00
3.732106547753416770e+00
3.757923373431680591e+00
3.798432641060061066e+00
3.710173481682236929e+00
3.632089721593325216e+00
3.754604707180238421e+00
3.785661055432867350e+00
3.804223162916692047e+00
3.719520052090485862e+00
3.792459250544449656e+00
3.655940241414388225e+00
3.662638080018564946e+00
3.678860148961491827e+00
3.638978795071915684e+00
3.664158734204976398e+00
3.642496356585825268e+00
3.660676662758227451e+00
3.635127693540410210e+00
3.710184437353482689e+00
3.665028551111652266e+00
3.676857264951909343e+00
3.680467256646109853e+00
3.650083388475884760e+00
3.713685031130510517e+00
3.783876719381842335e+00
3.850479285870676005e+00
3.761282679680679752e+00
3.782162040867036445e+00
3.742643538521463586e+00
3.673509797764840101e+00
3.667823845657212978e+00
3.623206104190596299e+00
3.688432270390104684e+00
3.727784188880730376e+00
3.542314438136354493e+00
3.544288025403623088e+00
3.643705251963344605e+00
3.602758098416055876e+00
3.775625340270603481e+00
3.732498728727339898e+00
3.695284223021350289e+00
3.684662297900351824e+00
3.711383001071115295e+00
3.693635890720953441e+00
3.725558766261626076e+00
3.743666168243835468e+00
3.637338357976557024e+00
3.635715794936386303e+00
3.660986029066224390e+00
3.630213358453242556e+00
3.681308669414220525e+00
3.715972088998063416e+00
3.700660647463775099e+00
3.686656728700925978e+00
3.649499900917649420e+00
3.640434849700406872e+00
3.664384219538125986e+00
3.720091067848569466e+00
3.719434588725600399e+00
3.728727668690027031e+00
3.667824491896832573e+00
3.707034949944226110e+00
3.763120641332550864e+00
3.749615046543897545e+00
3.699225855110298777e+00
3.665435325302490721e+00
3.634301190235528001e+00
3.626577323970152644e+00
3.663434367416937398e+00
3.674747812215542808e+00
3.639010584986474228e+00
3.730829666317559301e+00
3.714134333714307346e+00
3.767969975051399523e+00
3.688074524652859232e+00
3.632864558502760133e+00
3.616836034180296533e+00
3.689189858190102367e+00
3.740114442748646351e+00
3.712804355851313964e+00
3.683915551594387328e+00
3.705841157239140760e+00
3.660724140052936892e+00
3.665347236129928632e+00
3.645532935741754077e+00
3.750769037324815258e+00
3.646397599935608635e+00
3.685192514491450133e+00
3.684940398827878827e+00
3.658198525528198797e+00
3.608929150566513755e+00
3.603522252717339391e+00
3.599277108356083499e+00
3.639362902077544426e+00
3.655709079034163977e+00
3.575819190178235019e+00
3.689399007304482225e+00
3.702853665585763121e+00
3.650614883207427219e+00
3.673882979585999742e+00
3.653280820168149035e+00
3.662906917812467356e+00
3.682539744129488479e+00
3.670921764656163599e+00
3.728482204401893263e+00
3.709510056668646083e+00
3.715275361821611888e+00
3.665870207811776638e+00
3.669704988979043403e+00
3.656848548058143411e+00
3.797193630443339352e+00
3.827975192951627914e+00
3.736508726610173525e+00
3.747179783694778443e+00
3.781646638510024694e+00
3.768249843208785421e+00
3.678050330533729539e+00
3.661960561114795620e+00
3.626509732659241703e+00
3.691411506728336622e+00
3.693479704445128409e+00
3.706015716777679714e+00
3.698499191630359118e+00
3.714514244527310716e+00
3.738108740443292888e+00
3.665467506099954864e+00
3.633921714184891627e+00
3.709903575632178985e+00
3.593934456155424062e+00
3.567222237745679259e+00
3.583157468165068860e+00
3.654141099356960076e+00
3.642016080747407791e+00
3.669875778056797877e+00
3.760938591346275395e+00
3.677959829756018539e+00
3.723791699602106764e+00
3.754910372557084486e+00
3.748341122873226627e+00
3.728435837190312796e+00
3.777105179773056598e+00
3.687965684191769622e+00
3.681090133446628165e+00
3.644971717603090688e+00
3.696950472980772506e+00
3.671642566859987244e+00
3.674495026771543493e+00
3.727118511398294309e+00
3.706565350064191300e+00
3.644422078474783167e+00
3.637998267486962867e+00
3.668196219509091360e+00
3.764735699135356661e+00
3.786683158978553898e+00
3.748353213399955752e+00
3.781570771300719169e+00
3.673402271864393942e+00
3.672914601772660159e+00
3.708597961572553281e+00
3.660000675188406216e+00
3.715565125643716105e+00
3.640729241194862187e+00
3.673513519711196107e+00
3.637195160597104682e+00
3.659564176547843051e+00
3.583549622840860760e+00
3.616442058379404134e+00
3.547802425290795814e+00
3.619234080870919357e+00
3.679997955640500251e+00
3.577434382155066039e+00
3.653113331927322793e+00
3.649463641238742895e+00
3.650697012920872897e+00
3.627224348755669681e+00
3.703984669214753112e+00
3.693001983629316864e+00
3.693002045683494661e+00
3.656438913437367155e+00
3.714185243795131708e+00
3.644863410249882474e+00
3.579128239328021710e+00
3.681048666087129551e+00
3.711740860427046762e+00
3.671809958111449834e+00
3.703723076940292458e+00
3.704557578010772900e+00
3.692283213727041158e+00
3.698942696662112617e+00
3.694599528025840574e+00
3.683270427905879441e+00
3.665987579490098902e+00
3.641625669031112178e+00
3.645969547121076904e+00
3.600093208031481140e+00
3.639238629763226651e+00
3.664567291329735799e+00
3.689589772048109673e+00
3.757704282766574089e+00
3.762242117364329452e+00
3.655619161465441191e+00
3.704703974399973010e+00
3.666403928871687867e+00
3.691832641171952645e+00
3.663883243841407289e+00
3.679034299886691173e+00
3.654942969262656050e+00
3.662156940084408063e+00
3.634143410930448681e+00
3.634688845517826561e+00
3.599195486850452763e+00
3.657609830280535768e+00
3.660377013045378103e+00
3.663413467285803637e+00
3.723117167593608112e+00
3.680343872119069548e+00
3.673326880000525207e+00
3.606612667511545300e+00
3.708845508644117217e+00
3.694321062105454079e+00
3.725690326611953207e+00
3.709643805161807695e+00
3.628818406008035513e+00
3.637222910430016665e+00
3.739220879399951070e+00
3.685770734336119681e+00
3.667616882318379457e+00
3.577110389790809197e+00
3.585669862521540185e+00
3.555683231620765827e+00
3.647504257401545935e+00
3.741120821404573249e+00
3.706034545820390047e+00
3.695008187644235775e+00
3.627140964751217389e+00
3.627902838105782291e+00
3.638718981503754168e+00
3.641032138583677913e+00
3.636114912544991196e+00
3.720587645592410730e+00
3.649333860924217632e+00
3.620725068668203761e+00
3.681680330793927425e+00
3.737426180392894537e+00
3.775248157845764396e+00
3.767676760378309897e+00
3.760128079318187044e+00
3.818729627589354969e+00
3.729110388718408053e+00
3.734018174134281942e+00
3.686827503460678557e+00
3.751501991278469283e+00
3.689550330203879014e+00
3.657705617024346267e+00
3.602562993649536249e+00
3.635322023800691582e+00
3.676862915515345609e+00
3.734487629847073720e+00
3.726587709741687959e+00
3.725826830624879182e+00
3.726966552546895795e+00
3.596469198398163591e+00
3.607316969106097559e+00
3.654046143880672393e+00
3.645093221757060853e+00
3.698320036453496495e+00
3.739348141974369266e+00
3.743163382695500641e+00
3.647120133296431366e+00
3.679719534401028280e+00
3.647783586000190592e+00
3.674139446983368362e+00
3.665615838020688244e+00
3.731417003880133532e+00
3.645569662863673344e+00
3.705851090777290580e+00
3.683016554760281558e+00
3.622206681298094644e+00
3.550279720109362103e+00
3.589734487756863768e+00
3.616138725013477995e+00
3.586658756851355268e+00
3.749758077200598283e+00
3.730908306166906385e+00
3.701310842245641552e+00
3.688302733428094005e+00
3.595528451276149617e+00
3.646543368359152826e+00
3.682224008177258590e+00
3.545985128839498568e+00
3.648269567441359218e+00
3.633902983156912736e+00
3.588313492520893710e+00
3.594235540547727314e+00
3.614422466722520877e+00
3.694206057586446601e+00
3.646686783605985749e+00
3.690022258245290843e+00
3.681241084103008543e+00
3.736407974289819300e+00
3.691617012284782895e+00
3.726156441995822632e+00
3.690345004772505710e+00
3.664087296828731244e+00
3.577936281663928852e+00
3.657937463286868862e+00
3.598596792111480092e+00
3.732716991509835047e+00
3.693943916627928648e+00
3.752623405266755974e+00
3.680331316633489891e+00
3.598922084607906413e+00
3.626270456046610136e+00
3.705552399165811472e+00
3.790839234057042706e+00
3.673609679859705768e+00
3.659548111640450685e+00
3.691632861100917040e+00
3.640329322894434227e+00
3.674455814919975527e+00
3.602304034136105670e+00
3.657780077175249112e+00
3.690071576959121025e+00
3.788921954717090479e+00
3.774542565842769815e+00
3.810216704701006485e+00
3.727673532533992251e+00
3.700849293511911497e+00
3.654095921043402306e+00
3.696890052478919664e+00
3.682866502875103976e+00
3.678359778231397925e+00
3.618958447767036901e+00
3.679020087263151328e+00
3.750386464088020233e+00
3.690102052136290389e+00
3.712513851924641006e+00
3.770183478968387458e+00
3.689669282963761177e+00
3.692029546645127169e+00
3.638848352288419186e+00
3.737497418719068154e+00
3.673278376004247558e+00
3.688901510130453865e+00
3.681672295982552523e+00
3.674334002695476276e+00
3.657533643367702592e+00
3.660416151482845493e+00
3.640673796028488507e+00
3.707838908859373284e+00
3.806630933606441669e+00
3.777215773173685065e+00
3.755297070150698246e+00
3.738693910623757777e+00
3.711593772936622848e+00
3.677755490316417131e+00
3.667857370367011871e+00
3.744048472770651781e+00
3.687903743570805304e+00
3.649259940065002539e+00
3.598440028815632186e+00
3.679391519168346392e+00
3.724155764818434911e+00
3.767780084976667609e+00
3.711023637216758431e+00
3.762605924089895471e+00
3.795295702568360685e+00
3.937886249271601802e+00
3.841714988413116316e+00
3.864829078354098613e+00
3.725993810716297538e+00
3.762564106033449818e+00
3.774346365984634133e+00
3.754901330750071153e+00
3.673022179145142285e+00
3.725135681107619945e+00
3.654517726228744046e+00
3.685436770163359910e+00
3.754576873627558431e+00
3.729734308105935980e+00
3.718341429572933787e+00
3.720344874254073897e+00
3.645285334291112900e+00
3.650404690981703393e+00
3.675253572828404369e+00
3.684641664369809000e+00
3.686291521531243731e+00
3.690059701402926162e+00
3.703916593657878398e+00
3.759867311128371359e+00
3.772263163828129873e+00
3.770322725306765932e+00
3.775445276393494698e+00
3.661085407600438657e+00
3.661786790140647341e+00
3.738261402121993093e+00
3.684535697234768481e+00
3.764283390467141110e+00
3.755226365708334679e+00
3.659258582626661926e+00
3.754079414024636296e+00
3.740749041707994937e+00
3.776330897759564209e+00
3.674523858643524488e+00
3.658204000653216159e+00
3.784853913430511696e+00
3.729125260032587708e+00
3.695293385972166611e+00
3.693250225204418591e+00
3.691474710835980666e+00
3.685637038606129234e+00
3.644456899664245242e+00
3.624653550285378500e+00
3.640496592301849521e+00
3.700405452668817929e+00
3.746425665680928052e+00
3.757319952099912097e+00
3.657732318374616209e+00
3.714344471354950716e+00
3.672308869467227233e+00
3.612940877901272163e+00
3.597733200936700904e+00
3.698890785288504457e+00
3.621191877851042573e+00
3.606988636180138208e+00
3.652744255029205078e+00
3.630137039633336560e+00
3.707100167675633884e+00
3.689002710347372371e+00
3.664878668572788101e+00
3.650879967085316480e+00
3.719040243089839937e+00
3.667935611217995717e+00
3.642144483949707023e+00
3.740032769384685096e+00
3.721621519671245881e+00
3.746036804934008480e+00
3.700822050462119428e+00
3.639195342105809416e+00
3.705581084250278767e+00
3.750135949953145253e+00
3.724065590699579875e+00
3.780396162938720828e+00
3.772744273916257107e+00
3.667663067912979358e+00
3.683657846695915339e+00
3.645831369667902333e+00
3.698792061172023526e+00
3.632292297714872387e+00
3.676864916814538642e+00
3.590498379807199214e+00
3.595708269476879160e+00
3.709548288889060519e+00
3.680977660275426722e+00
3.701099186447776024e+00
3.722898229234956169e+00
3.717421471727827775e+00
3.793566851826500663e+00
3.711831220790921648e+00
3.748045854389319143e+00
3.734410383308176318e+00
3.734207398977392067e+00
3.740845420788550868e+00
3.718656627997385833e+00
3.712954413517161711e+00
3.783055121486179395e+00
3.731356851658049312e+00
3.765299485298526427e+00
3.752675280986766726e+00
3.847127270039516045e+00
3.902079574359423653e+00
3.878423641679974665e+00
3.741686772249976922e+00
3.664830299865634800e+00
3.657952559272959814e+00
3.642679703948330072e+00
3.772066352076033802e+00
3.725175875278063042e+00
3.663217099686037592e+00
3.709518169746661265e+00
3.617440099246726160e+00
3.732055097344674000e+00
3.687081516216074384e+00
3.672928107855864877e+00
3.680422623132566518e+00
3.679934489496897054e+00
3.631635420416667870e+00
3.626847506115587372e+00
3.703700852706881097e+00
3.700315168980136793e+00
3.656144040818301910e+00
3.707534915416887067e+00
3.669127531230667039e+00
3.629048034610485196e+00
3.710584723581174416e+00
3.686315041948954985e+00
3.645777018172629447e+00
3.681258404805249462e+00
3.659982661004590465e+00
3.648354224375370158e+00
3.670881122140977393e+00
3.715921673504339218e+00
3.747382096395734496e+00
3.723982230184041065e+00
3.626622099315121694e+00
3.665405249415883304e+00
3.756512473070524827e+00
3.730108305887160469e+00
3.751685869516693028e+00
3.727762086230662408e+00
3.737506498518010201e+00
3.785402050990648526e+00
3.677992189913356302e+00
3.684154829777043894e+00
3.700662807364503593e+00
3.702950505700968620e+00
3.656038816336913300e+00
3.650613012878400010e+00
3.714950459110740066e+00
3.696057243705137996e+00
3.738896221921089058e+00
3.716869659944914694e+00
3.648320732167167790e+00
3.709245939990700958e+00
3.698883936955598362e+00
3.771178327177331813e+00
3.722857785994076352e+00
3.765138155037586198e+00
3.689061715661385410e+00
3.689292463626526519e+00
3.753374042919007891e+00
3.655738509133095615e+00
3.743769193982201315e+00
3.748457030338526952e+00
3.756420439571122927e+00
3.770179404446232674e+00
3.689588990854681505e+00
3.694609366955402319e+00
3.753080779706233994e+00
3.728190946656391613e+00
3.721827189405455094e+00
3.622269801295423086e+00
3.662642540612354836e+00
3.697142537188051747e+00
3.771048615798478387e+00
3.687401311485140720e+00
3.642807185383256208e+00
3.634010974804044558e+00
3.668054130234978505e+00
3.662219287452348038e+00
3.710450884006616157e+00
3.697960019151732336e+00
3.795966739804938594e+00
3.811235735258138746e+00
3.683799408070423720e+00
3.754311579652612529e+00
3.766210250497942447e+00
3.728756546059193600e+00
3.745346336614986171e+00
3.823386183816388062e+00
3.754364238511818108e+00
3.683259823299139146e+00
3.651366034765893165e+00
3.606503415283048852e+00
3.710246174445696710e+00
3.656812032131199874e+00
3.612961290193170694e+00
3.604251903908765264e+00
3.610737989477917242e+00
3.669957053743483133e+00
3.651531851686348418e+00
3.622160277549591800e+00
3.723406150706600304e+00
3.728599222657133616e+00
3.674237559422802946e+00
3.686904205901480491e+00
3.705700321776082440e+00
3.685503812508953203e+00
3.645820781132262933e+00
3.613380356796283444e+00
3.613225426820450448e+00
3.616664130106737041e+00
3.621850574177756688e+00
3.596005950242869620e+00
3.648699180200252634e+00
3.661808716180466661e+00
3.726520823864233556e+00
3.756635001548257691e+00
3.743586727197651953e+00
3.804307798324039425e+00
3.755343920179068817e+00
3.664195678033866255e+00
3.647094811289483651e+00
3.631982526545783685e+00
3.763423148767274018e+00
3.789323171011144353e+00
3.739699625863949883e+00
3.737725873225830941e+00
3.713454046698438926e+00
3.794321056555829852e+00
3.831250915532910639e+00
3.732917387511597074e+00
3.664158164128669348e+00
3.697279862805094908e+00
3.654177920744915653e+00
3.721488741261882449e+00
3.744788674751562851e+00
3.756587546158514979e+00
3.697214558076632240e+00
3.726558428327692685e+00
3.624652971432454240e+00
3.712497386063361660e+00
3.727464547406035944e+00
3.693894429486484832e+00
3.732948551295095285e+00
3.781980225544089969e+00
3.690717692371547010e+00
3.630997828710185171e+00
3.653889122041890758e+00
3.671571965178311192e+00
3.609155483627385141e+00
3.621669729679602323e+00
3.670539996057620158e+00
3.663820096906203361e+00
3.741125804474915828e+00
3.694224440449189295e+00
3.718959449617612378e+00
3.660468198909614834e+00
3.667465193266823409e+00
3.661001574363332622e+00
3.714673497727532858e+00
3.678839146889959721e+00
3.693204021171488272e+00
3.676433121237261847e+00
3.683232171511309883e+00
3.599322306026810470e+00
3.651075960023260958e+00
3.720501616852075699e+00
3.722660258340578121e+00
3.686053533729454657e+00
3.703298591164187137e+00
3.671894819506090979e+00
3.671648569964932829e+00
3.718530290983044218e+00
3.686747075124098938e+00
3.693252227221078154e+00
3.601466036672284154e+00
3.631603303835969854e+00
3.717364194449451542e+00
3.649842860298389002e+00
3.614292782159281181e+00
3.682809451818620516e+00
3.693094364927715922e+00
3.720327531613941030e+00
3.784894621088067179e+00
3.824104850329998584e+00
3.797766812117200796e+00
3.672715511903403396e+00
3.708188060652236384e+00
3.809173387075610151e+00
3.829444992147955418e+00
3.867451429386115080e+00
3.728328508187060297e+00
3.700878876024490172e+00
3.710432745595356074e+00
3.616284894323881005e+00
3.667470386001705052e+00
3.720550709619896868e+00
3.737494042611867684e+00
3.714705284002753682e+00
3.714604240389806300e+00
3.674089677515656849e+00
3.720603731240395007e+00
3.792306222716650410e+00
3.801190259513073322e+00
3.702709569658782840e+00
3.726327496707589670e+00
3.698503714315146684e+00
3.646552984579787271e+00
3.721904859693272893e+00
3.752734350401637275e+00
3.728474931195561393e+00
3.685909151840052633e+00
3.706495773286277107e+00
3.776543591627225638e+00
3.658683334310682600e+00
3.569798842643324033e+00
3.622815286851660765e+00
3.643034790157457348e+00
3.708585103953618844e+00
3.663167449825164734e+00
3.592523663739992656e+00
3.583533541746629414e+00
3.649965160104546413e+00
3.555347656625138963e+00
3.616654932510100284e+00
3.614549490870518245e+00
3.722876907776795363e+00
3.655139771802430548e+00
3.664054291252822448e+00
3.693856146180736211e+00
3.639719151350561788e+00
3.657306260620505345e+00
3.708022072680935644e+00
3.791094155438478719e+00
3.740345106092813676e+00
3.690496215982965289e+00
3.666032484071060971e+00
3.678986932214122429e+00
3.628651013905898282e+00
3.666633057843988297e+00
3.674592200910923534e+00
3.708331861777593552e+00
3.675777983577658947e+00
3.704609747602690017e+00
3.621276550190861254e+00
3.657346688164766046e+00
3.712597343078142043e+00
3.762680453793930457e+00
3.697765321693638363e+00
3.674014605798869848e+00
3.710620861409075655e+00
3.719234053838925913e+00
3.750293309101436545e+00
3.696738481992920988e+00
3.667488727287954386e+00
3.769490963000828643e+00
3.685874862219719716e+00
3.723286923591814457e+00
3.711275225580847881e+00
3.818109859040513587e+00
3.812442268502953535e+00
3.779056671461288985e+00
3.708326004815453825e+00
3.614456989172902368e+00
3.623425004422344831e+00
3.717266833628654954e+00
3.723583003239439027e+00
3.681311118878816124e+00
3.637695295082406410e+00
3.618398306612657933e+00
3.701880306656420316e+00
3.706487716491544404e+00
3.718842933177516130e+00
3.697103345604627833e+00
3.619150670611978704e+00
3.638062088698509999e+00
3.586416993941987208e+00
3.524667694002182383e+00
3.619856459330127674e+00
3.580556178794125799e+00
3.570394009514605838e+00
3.597556900563479321e+00
3.603703435136287325e+00
3.648663201211439500e+00
3.717302025581133318e+00
3.663591246527671874e+00
3.736186566210439874e+00
3.693197392162027803e+00
3.734071421573750715e+00
3.750954256385508057e+00
3.713412327620020825e+00
3.707330453327803532e+00
3.618812333354142652e+00
3.635316242312511825e+00
3.750456550606067641e+00
3.669452386174780312e+00
3.697903371305040654e+00
3.637893982571559270e+00
3.601046732462395372e+00
3.726605805123383686e+00
3.719132380442783603e+00
3.697858033034908232e+00
3.697229942417774584e+00
3.659972003296865672e+00
3.661219852587745294e+00
3.667323355489976677e+00
3.595891324358665653e+00
3.684594586585955511e+00
3.589298267978247470e+00
3.619806903381631358e+00
3.686218380122081584e+00
3.631096150400921818e+00
3.634682785174967456e+00
3.689348505153156488e+00
3.683352527086037220e+00
3.646794434249615247e+00
3.641675538519840050e+00
3.657307128418534337e+00
3.738100650322159435e+00
3.705955383454996088e+00
3.617578679710080625e+00
3.664559422930179888e+00
3.711827279602372798e+00
3.628687716154009202e+00
3.655879437615129568e+00
3.650194861747725117e+00
3.652997057098005040e+00
3.687238247984260031e+00
3.712589505106172805e+00
3.658721860772893741e+00
3.599749829091730913e+00
3.640974685608993955e+00
3.665879580534476379e+00
3.644830739659223440e+00
3.664208176919886650e+00
3.666864125808495523e+00
3.604502104526005724e+00
3.675123944885788418e+00
3.663545682487865385e+00
3.722051055966973721e+00
3.648069581310130705e+00
3.561850481012320824e+00
3.528771198960199307e+00
3.619375946953755641e+00
3.632490483260550462e+00
3.662860831290143615e+00
3.715104921207658339e+00
3.661069623638129489e+00
3.714118032907698819e+00
3.665364240026505627e+00
3.654157727292102198e+00
3.591213650562036452e+00
3.674512253312201437e+00
3.693023244090801960e+00
3.716915511421879703e+00
3.817957972842534353e+00
3.797036237181703910e+00
3.783695866832136989e+00
3.678627456474842461e+00
3.670533220953871467e+00
3.682085463938105541e+00
3.704637040320547747e+00
3.737440837649709025e+00
3.705063951663092769e+00
3.755669904780250867e+00
3.735063241763711517e+00
3.703850048037760967e+00
3.673208023360931218e+00
3.588530704311841735e+00
3.645691093295615914e+00
3.754723037915716599e+00
3.642658704871170716e+00
3.575351336921696710e+00
3.619656794059136651e+00
3.617178560387074526e+00
3.683188556604548136e+00
3.671850594307749294e+00
3.708717321161253633e+00
3.758582388744160063e+00
3.705472114526799032e+00
3.711626484322703146e+00
3.734973210719922498e+00
3.659675144170584815e+00
3.669233024311646219e+00
3.703519983229881518e+00
3.652370923932846569e+00
3.562608599626067907e+00
3.624609317449911217e+00
3.668306522321826524e+00
3.580147863181405210e+00
3.628097606339599768e+00
3.737897214195323503e+00
3.747216110575819492e+00
3.705367389377226317e+00
3.746707944606219698e+00
3.715192130813329996e+00
3.646067620468798509e+00
3.620906850015587430e+00
3.758179994842179017e+00
3.663838861376067069e+00
3.719766029633148285e+00
3.717234114085035124e+00
3.635245294909230207e+00
3.611505101849590282e+00
3.646677979636379074e+00
3.612289532106664591e+00
3.601459961532023968e+00
3.716210845927776951e+00
3.677663042589250253e+00
3.706753946311880377e+00
3.651685647757448194e+00
3.661238896230744722e+00
3.724878845675433148e+00
3.727578629637300356e+00
3.819782897562895130e+00
3.761000102380641419e+00
3.790125238843681021e+00
3.794699030753395430e+00
3.781876964946917052e+00
3.796186738209110789e+00
3.881123694781270839e+00
3.783142211128762256e+00
3.744247954705928194e+00
3.709661611269970738e+00
3.692987461065783794e+00
3.704057631249865423e+00
3.684137280973444284e+00
3.652690414091395166e+00
3.636978144027052551e+00
3.605911559378622400e+00
3.716249601312892281e+00
3.696706252743584553e+00
3.614621098518425502e+00
3.635732087197233842e+00
3.617971463352975814e+00
3.600941736180524710e+00
3.631796752515364712e+00
3.572011703322308218e+00
3.497285559381344999e+00
3.596217068202400391e+00
3.634727926919224306e+00
3.682764051616971290e+00
3.726279061319926811e+00
3.726949505235221061e+00
3.736326580838372990e+00
3.720442743231079596e+00
3.722717433639258999e+00
3.706443918876584753e+00
3.684004244751407420e+00
3.681743935239179866e+00
3.650618186350942818e+00
3.744342850045656146e+00
3.755821653692229312e+00
3.631389073044909654e+00
3.749310495558542566e+00
3.700052068980411946e+00
3.685051593229587308e+00
3.709192218095581861e+00
3.661213573657278175e+00
3.754109959463398205e+00
3.783744846882426849e+00
3.705513515471497765e+00
3.743855893379330446e+00
3.725402454763859783e+00
3.681099020675397071e+00
3.536793621663471221e+00
3.564247305399363519e+00
3.602984203714427736e+00
3.618623694734275809e+00
3.644323200561379483e+00
3.790895454682326804e+00
3.742706839847611988e+00
3.737093514667185978e+00
3.789931874890331898e+00
3.735829215053007246e+00
3.749894247166494221e+00
3.767401759248591997e+00
3.725573600098956550e+00
3.726896556465487453e+00
3.753261340767823473e+00
3.695441896077365840e+00
3.696251420023888734e+00
3.816648340704492437e+00
3.750378371100429042e+00
3.706984343216372491e+00
3.695443704175613409e+00
3.738346941342947982e+00
3.773252405354539984e+00
3.705349375148836000e+00
3.712404506510535107e+00
3.734349393026619612e+00
3.740263055681300131e+00
3.780831465131762048e+00
3.870058040131808763e+00
3.749201186806844444e+00
3.691750589439806163e+00
3.669948350016682959e+00
3.729646772202678040e+00
3.565655826267965178e+00
3.669264142110302718e+00
3.754293425403973039e+00
3.705014030392748126e+00
3.703557250219782215e+00
3.626471925352919623e+00
3.694677812217588730e+00
3.640279993189525332e+00
3.748007533530444135e+00
3.725225360603641178e+00
3.707202547809139048e+00
3.699581681690419455e+00
3.701695515071681264e+00
3.687791151223413610e+00
3.654469378955585324e+00
3.652538836310892378e+00
3.626369644267001480e+00
3.610659648507316355e+00
3.602164015571473143e+00
3.730955289279524134e+00
3.618720627293581238e+00
3.634386743302567169e+00
3.566171353688584844e+00
3.535249185030876706e+00
3.572083130509470905e+00
3.680376801053374169e+00
3.723520886411948894e+00
3.754925209481779991e+00
3.708775742833446909e+00
3.641963824298254604e+00
3.730295032607309658e+00
3.794963503428114393e+00
3.655569540955261765e+00
3.656589923825654953e+00
3.682162908411756419e+00
3.702426063659579825e+00
3.693348277859391349e+00
3.735448380693587644e+00
3.723713522321965730e+00
3.718025476639806648e+00
3.606676285399768034e+00
3.616687564136122468e+00
3.665969784835109824e+00
3.696765607853287339e+00
3.764038779314106797e+00
3.701995537038814899e+00
3.721869563221416044e+00
3.644972965842971035e+00
3.606583523317669293e+00
3.621967609834044310e+00
3.651453862093964720e+00
3.751172266404378508e+00
3.736469992035184262e+00
3.766837685769623967e+00
3.770136800030885915e+00
3.745588960316208471e+00
3.779540685553211432e+00
3.698115328532828094e+00
3.734315839271655779e+00
3.679755925447631526e+00
3.583700739638503219e+00
3.639896702562926301e+00
3.700672864648034466e+00
3.763988666467678268e+00
3.729801761354553324e+00
3.778627422482563336e+00
3.714583963650732290e+00
3.705365400387433894e+00
3.717806308198113197e+00
3.698598667200593049e+00
3.808979150434873340e+00
3.740106500424297042e+00
3.759539445027929805e+00
3.822207417276259456e+00
3.745774983626686261e+00
3.679343234803213125e+00
3.657660429897681809e+00
3.674446209095730609e+00
3.728646871495909565e+00
3.764483557544789250e+00
3.653747007580002926e+00
3.602525306763957769e+00
3.715265838200407345e+00
3.760453892788007124e+00
3.755523098000224547e+00
3.716841150647983483e+00
3.690863852693762936e+00
3.650243083078913653e+00
3.751295979765826072e+00
3.730150280426380860e+00
3.772054810845477668e+00
3.681637149258038200e+00
3.629552452207145841e+00
3.651602300486169739e+00
3.687143017564713077e+00
3.712093703481681661e+00
3.752755128423584274e+00
3.713241604522921069e+00
3.610546998775884031e+00
3.596538200719111344e+00
3.733859922892809546e+00
3.685881703282610999e+00
3.740972793204968561e+00
3.653492898467917360e+00
3.754934931997863767e+00
3.715540212055924663e+00
3.683972851819560912e+00
3.683798681535776609e+00
3.770535095981972784e+00
3.781138245993143077e+00
3.760429991275603623e+00
3.733472225200062500e+00
3.661710942723050088e+00
3.655780934496640100e+00
3.742192843139814595e+00
3.719546028291033757e+00
3.782631335201096512e+00
3.715739541741460705e+00
3.726746086360846366e+00
3.718994431767185471e+00
3.703968557255288285e+00
3.732598573567710076e+00
3.685440570615929889e+00
3.679659508139128565e+00
3.661845853743245893e+00
3.573263626430838613e+00
3.679826355525998238e+00
3.720920338351563217e+00
3.610929885902491421e+00
3.641058914713146244e+00
3.698396452168815074e+00
3.697994701604819578e+00
3.732016953716518870e+00
3.672533307872396513e+00
3.677352719227879874e+00
3.780841000724302070e+00
3.722618982070041049e+00
3.725117909195109878e+00
3.725260521050467677e+00
3.715750092621818546e+00
3.628858832744119578e+00
3.776492714039901166e+00
3.625443803905629370e+00
3.688897624713051826e+00
3.648662855986435805e+00
3.656542099522473332e+00
3.641931679193604054e+00
3.610180300013249077e+00
3.619110068725354346e+00
3.702749145413630760e+00
3.667094033060035674e+00
3.626816683958326681e+00
3.563253286261060193e+00
3.617495818475643610e+00
3.570763618193531830e+00
3.611394863619289630e+00
3.644813091926173865e+00
3.661423432516921928e+00
3.640855407983162095e+00
3.733023503225117778e+00
3.670498038840747324e+00
3.757771693405360214e+00
3.747999593764464787e+00
3.670793214764910051e+00
3.658288458396555143e+00
3.656827409181010236e+00
3.643916078311108642e+00
3.593029785031132128e+00
3.593089164175929273e+00
3.678787872755522326e+00
3.684824217427135284e+00
3.721010082767115090e+00
3.734003358757212343e+00
3.756748902538435075e+00
3.735573321418278692e+00
3.792083925390060450e+00
3.745761257774206321e+00
3.708843713193441083e+00
3.710353183017839118e+00
3.718198529431944621e+00
3.776579260416207617e+00
3.760789469191307077e+00
3.654551996501654632e+00
3.653660877840224419e+00
3.710397140787082382e+00
3.658535518053169788e+00
3.639437835776139885e+00
3.663543512060648322e+00
3.624216913324719513e+00
3.519919789466594118e+00
3.617350212755855665e+00
3.607408783119648188e+00
3.577268298761242526e+00
3.581663809594644476e+00
3.603080388335759832e+00
3.602835412713212282e+00
3.687740483114815060e+00
3.730873392119958609e+00
3.640307301897783177e+00
3.603817678238719235e+00
3.691259154054725489e+00
3.684101440640318526e+00
3.725879961534074525e+00
3.631063496370906307e+00
3.643202919725154754e+00
3.702053334440486676e+00
3.738058628120475291e+00
3.771426793923984722e+00
3.742553062750434645e+00
3.677559153904994993e+00
3.723552606595619263e+00
3.701416684503452625e+00
3.687884733120160963e+00
3.749800714221538822e+00
3.712596837299268149e+00
3.728526077328705224e+00
3.786351281879647424e+00
3.731005869277131737e+00
3.693123274388723676e+00
3.651695869326598842e+00
3.720010450058364171e+00
3.700064245104733196e+00
3.734416116568413102e+00
3.761773174354778426e+00
3.765724699104219031e+00
3.734481977689301235e+00
3.758741909226593680e+00
3.724361008912879356e+00
3.745434673801462111e+00
3.756585374607765537e+00
3.737728258794101865e+00
3.675134600251650063e+00
3.762077797484692177e+00
3.772027035431933406e+00
3.708868987803040085e+00
3.665061789159839378e+00
3.746115647855582154e+00
3.657270248065642715e+00
3.694733935176845563e+00
3.713687747139392314e+00
3.745037809043873622e+00
3.690951551149654453e+00
3.720836790291127905e+00
3.742024283403511120e+00
3.604900821883550766e+00
3.684633259504173086e+00
3.699555252066529132e+00
3.694714723025792846e+00
3.709940679994926160e+00
3.609283475189285717e+00
3.633725442170889330e+00
3.708110147556509251e+00
3.641642735843356071e+00
3.621934218229662328e+00
3.714518550169206623e+00
3.649031689693293945e+00
3.704712458265763786e+00
3.695047582446388645e+00
3.752512424145919123e+00
3.681409846113175899e+00
3.717214691587309439e+00
3.677308004471699476e+00
3.685186695335358920e+00
3.674197246629951508e+00
3.755505928659872428e+00
3.732314826795227081e+00
3.687814083691469680e+00
3.731456249004594827e+00
3.729115175127048154e+00
3.700547778887685713e+00
3.684562867115010576e+00
3.668996155111466262e+00
3.629807452307056703e+00
3.708504514232174198e+00
3.704746399971597715e+00
3.652063624505396788e+00
3.666344349832242333e+00
3.735860184804697948e+00
3.714825074286780993e+00
3.804313850613778136e+00
3.761952395897103951e+00
3.693775927708709883e+00
3.682137947267702049e+00
3.712669083643894030e+00
3.739104785672706210e+00
3.728415574446883873e+00
3.727544525325303226e+00
3.687771942938107728e+00
3.635087979202181074e+00
3.718619148329156410e+00
3.699497739935259322e+00
3.593511201141074363e+00
3.594468044691208064e+00
3.663874021673838133e+00
3.673041077041287128e+00
3.721758828687864451e+00
3.752402186280053176e+00
3.742787826678394936e+00
3.830811107207958699e+00
3.796119742192424429e+00
3.776968438777889236e+00
3.693381614373280275e+00
3.620548380109769759e+00
3.674788314559134239e+00
3.625908583480374148e+00
3.648938672498605040e+00
3.666428779216755807e+00
3.713669290233795106e+00
3.692418469158521788e+00
3.737265438865948308e+00
3.703517559643838553e+00
3.639319569993602954e+00
3.628963290202362746e+00
3.663304909039388324e+00
3.667998964854147559e+00
3.806776873413074025e+00
3.803147706609661949e+00
3.746900703237037611e+00
3.676801842496261408e+00
3.727192946268456986e+00
3.733951399814763317e+00
3.681461071549710695e+00
3.678159675261636785e+00
3.736197662064383973e+00
3.744448458810976543e+00
3.750898519232376493e+00
3.679940953496196432e+00
3.617530918029028708e+00
3.657702606168000692e+00
3.643413480493267187e+00
3.724421569267554410e+00
3.713143000706170316e+00
3.677513941555938803e+00
3.710554765265160260e+00
3.743533377427488151e+00
3.758717293348048383e+00
3.721615192457103483e+00
3.711275274668226487e+00
3.703173571433469480e+00
3.723511732255817996e+00
3.667408421356911585e+00
3.617522048554766556e+00
3.647297016521165780e+00
3.645076795576429163e+00
3.632733598847916578e+00
3.673161221091684858e+00
3.657400113237334160e+00
3.668301524189553131e+00
3.582623115444264705e+00
3.641649128515524136e+00
3.635034159494843209e+00
3.645823772576758159e+00
3.713701132704698260e+00
3.825053678641973764e+00
3.767486737676629893e+00
3.757803979922912152e+00
3.675201097632755598e+00
3.701871541232100160e+00
3.640550581873502889e+00
3.672384428506390908e+00
3.622271112771092483e+00
3.687042659577704384e+00
3.613107572345269691e+00
3.607262206394475701e+00
3.589218803358182885e+00
3.614719735672441203e+00
3.622696251455876926e+00
3.673927214072960634e+00
3.673395669756705839e+00
3.618334083223491149e+00
3.657197303681888556e+00
3.702965696531032247e+00
3.634141268996395890e+00
3.650112944423685946e+00
3.648492915210689524e+00
3.703159053541829948e+00
3.677596237366009380e+00
3.635308898610363659e+00
3.610781579652300177e+00
3.605895773284780947e+00
3.661745914857153394e+00
3.700366632762113639e+00
3.706937953573600009e+00
3.626941475099751067e+00
3.628073685772613022e+00
3.638266247403298514e+00
3.699244812486364165e+00
3.652849116130444163e+00
3.683003188372850900e+00
3.692477196672790729e+00
3.728880234792992798e+00
3.774869535471810256e+00
3.689093359444828746e+00
3.692449685693698580e+00
3.684305515879994442e+00
3.616564164122701985e+00
3.612955470598645746e+00
3.654124629405377966e+00
3.685758813239022214e+00
3.695627699496020657e+00
3.707905803405987299e+00
3.764635595746554042e+00
3.731124394617158835e+00
3.770887505763736769e+00
3.740551040385755144e+00
3.740022723327378174e+00
3.640613057960773169e+00
3.706077820405210943e+00
3.725508141429458409e+00
3.645985097943223341e+00
3.706195614352273182e+00
3.727396826179067091e+00
3.739505800682565440e+00
3.781361394236588236e+00
3.706384631367483085e+00
3.637353633445221224e+00
3.650791971348148923e+00
3.584907355353731617e+00
3.611813161175735143e+00
3.672516558671867326e+00
3.683749844190172151e+00
3.839003290803843171e+00
3.780127844989907171e+00
3.618277056527133162e+00
3.696647520555667477e+00
3.662979738463705726e+00
3.711121949220965277e+00
3.661124728016641683e+00
3.659778916882166389e+00
3.651529964502713721e+00
3.649552225146448059e+00
3.595629411385172780e+00
3.662473377817744957e+00
3.689340727705322731e+00
3.709760398578104024e+00
3.671455507718146549e+00
3.687426607639398668e+00
3.626183012848740006e+00
3.648979551912129526e+00
3.616120750402242567e+00
3.714091648732803730e+00
3.662613309577607890e+00
3.661430343955366595e+00
3.620686381554014233e+00
3.660490597810685198e+00
3.740633638209614364e+00
3.750556667706593572e+00
3.707330061982367031e+00
3.721196660578571347e+00
3.812329660642181928e+00
3.742317340606959863e+00
3.685073198678927131e+00
3.720087000239951536e+00
3.693455247165857713e+00
3.674807616953237321e+00
3.695530811923582792e+00
3.689738348413321489e+00
3.664758684340274630e+00
3.675624756314446628e+00
3.649076432632504030e+00
3.684131598632899518e+00
3.699545847206473059e+00
3.717182896809897663e+00
3.760181046701014829e+00
3.693057047814751304e+00
3.757252625275439240e+00
3.706599203314687063e+00
3.717724503035503059e+00
3.773971167845244779e+00
3.689328565687274075e+00
3.677963790729838145e+00
3.663652184711767568e+00
3.712681552173211941e+00
3.710147349771153458e+00
3.608956436649656041e+00
3.678908172600519499e+00
3.762954769592774973e+00
3.778866331986676208e+00
3.736837184483785101e+00
3.688611553548087674e+00
3.703835249107858552e+00
3.718383157064954592e+00
3.693902033444974808e+00
3.691563499446274044e+00
3.706378266669640098e+00
3.717746712549363064e+00
3.687461460875247177e+00
3.737599105032650915e+00
3.667772279348140430e+00
3.627616569746649589e+00
3.673881597467253179e+00
3.607432117931084203e+00
3.599201685398337514e+00
3.612915085215803401e+00
3.694697380558880973e+00
3.650685901788762067e+00
3.672957488508945545e+00
3.682154761246288821e+00
3.588264045509193423e+00
3.706351312507650597e+00
3.691351236043257433e+00
3.709654039145649840e+00
3.731713550056794837e+00
3.699527916941435901e+00
3.775463998201308069e+00
3.659523483737418204e+00
3.735460295228127503e+00
3.775147501663829619e+00
3.647623366664030531e+00
3.690681264300829767e+00
3.669863483572542773e+00
3.742463309439906460e+00
3.701190201480562436e+00
3.666545230796670385e+00
3.649692003845023791e+00
3.696963156154641883e+00
3.676625387863367234e+00
3.639753332962866850e+00
3.659624457160060462e+00
3.677348805780299656e+00
3.771522963431647391e+00
3.720966704088922938e+00
3.738748558385650789e+00
3.656313212927434275e+00
3.695390872643906199e+00
3.630877536769217429e+00
3.661195632210234141e+00
3.663802338646512169e+00
3.687855688060533321e+00
3.727691615720545748e+00
3.668259649872194217e+00
3.721229600330273168e+00
3.688154265786287134e+00
3.626216617677357146e+00
3.715366615179443777e+00
3.648194706975556478e+00
3.676951461286167344e+00
3.763411965560581329e+00
3.731843587176903121e+00
3.694139486264945038e+00
3.688015090342623648e+00
3.705301090970749556e+00
3.665205714071539500e+00
3.704059203077795903e+00
3.689442338596522042e+00
3.681426659781408262e+00
3.781649913636867755e+00
3.763801777241183810e+00
3.762386645364380833e+00
3.706853503279714968e+00
3.673764108713485577e+00
3.709935389369288572e+00
3.612183135649320587e+00
3.603856232600296305e+00
3.630172533415346958e+00
3.725285559024362314e+00
3.757332942073961846e+00
3.745313297251395390e+00
3.750651924807624216e+00
3.772550411644739921e+00
3.809117856522620471e+00
3.766055424535628138e+00
3.823288601420792965e+00
3.812530439983034647e+00
3.749175301988899811e+00
3.753014869347480964e+00
3.794575998977650855e+00
3.739433804798069083e+00
3.684071944193160864e+00
3.643314964246766596e+00
3.619600585675407434e+00
3.616593366375038254e+00
3.680686197495713685e+00
3.676840105248178059e+00
3.591773966741597324e+00
3.661601008260786383e+00
3.715695975985776833e+00
3.683708346351022733e+00
3.648891799803961611e+00
3.727288402447568316e+00
3.696095084998590963e+00
3.720911622531837715e+00
3.731465681962241820e+00
3.793723245258375343e+00
3.775589329966725138e+00
3.764273359443204736e+00
3.658456873229780637e+00
3.719025649579858150e+00
3.700920101614172175e+00
3.624730111965436041e+00
3.667101989519166771e+00
3.733191886776510149e+00
3.694243515206638406e+00
3.667293058508004577e+00
3.707162965351642026e+00
3.727782367579868694e+00
3.723625181499762071e+00
3.784139213171277660e+00
3.702750626950093160e+00
3.741726189449016360e+00
3.695405309812680450e+00
3.708196909302820199e+00
3.719812569973560912e+00
3.683256760291559573e+00
3.715411375837637031e+00
3.668352352582598730e+00
3.713491527452098317e+00
3.725721993683751787e+00
3.766903381175105814e+00
3.784670434469134204e+00
3.620625410244571629e+00
3.612654460354272068e+00
3.617858840309775559e+00
3.647275562915180291e+00
3.620589723386897330e+00
3.680558373261688665e+00
3.645158807264317069e+00
3.587780497541479097e+00
3.614748302961447557e+00
3.606008410654748531e+00
3.649519261660967739e+00
3.658845563371861509e+00
3.652847089862379715e+00
3.632131013789469343e+00
3.650203638968437136e+00
3.704099146231436102e+00
3.782478902271248611e+00
3.684956110100342297e+00
3.724969520688194535e+00
3.765275865692205404e+00
3.722032903728357489e+00
3.738902517338056786e+00
3.644932347766012271e+00
3.650653940323376201e+00
3.660955698424649629e+00
3.720340957928216064e+00
3.775493173995310592e+00
3.782637544369868099e+00
3.740692407987399104e+00
3.706730075734488761e+00
3.735900106389747677e+00
3.656086273178022594e+00
3.660834385583032091e+00
3.622130052643378839e+00
3.628155616724329846e+00
3.724371807656702060e+00
3.681936675145811133e+00
3.661942716834642120e+00
3.593710349801532367e+00
3.667900310837259426e+00
3.692836936225618150e+00
3.692236149341320939e+00
3.691132061467119030e+00
3.690762786267463902e+00
3.720860966319325058e+00
3.713705334100887878e+00
3.759716502175645125e+00
3.758567626891778701e+00
3.667673258890749910e+00
3.674834542159911788e+00
3.676202672092619750e+00
3.687610267364016980e+00
3.604869503578901124e+00
3.631877188746996499e+00
3.639424200801351539e+00
3.695361878154392876e+00
3.695222170377994164e+00
3.681697471089241613e+00
3.632624652171208002e+00
3.585656064386816055e+00
3.676625346410839157e+00
3.670629616975332077e+00
3.645535272544658589e+00
3.606424664210482245e+00
3.615957110380859429e+00
3.640388622713109257e+00
3.751963267684812919e+00
3.740204108321257159e+00
3.747170687218918772e+00
3.693199294133092891e+00
3.694899683303588311e+00
3.774813143153118666e+00
3.709185385886518915e+00
3.698830747779046302e+00
3.718311895558584101e+00
3.753529803550489152e+00
3.759898851812528697e+00
3.720995410966097872e+00
3.661339166383656085e+00
3.663792900232852201e+00
3.672958951397901295e+00
3.702163820157988727e+00
3.756425068385411681e+00
3.754198926680750503e+00
3.809820683584986600e+00
3.838306497956152086e+00
3.702559015813304821e+00
3.742639261058813727e+00
3.656073969498775611e+00
3.663152782747123304e+00
3.664594581641211324e+00
3.644118610855731522e+00
3.636739371776223084e+00
3.639141812550395372e+00
3.644231315569337326e+00
3.645321134964620846e+00
3.755748504324444514e+00
3.743580556589399588e+00
3.770064081006147649e+00
3.717064664872928859e+00
3.738894638967681150e+00
3.770966857009100170e+00
3.740052181583208402e+00
3.736162686043728254e+00
3.764247244440852569e+00
3.750117263184514549e+00
3.694386324438320379e+00
3.675366362689947763e+00
3.684401723602237944e+00
3.641227673122976238e+00
3.709499100447770203e+00
3.676913693204864941e+00
3.668094047285549664e+00
3.666752515287921455e+00
3.669309615072863462e+00
3.686628891518433537e+00
3.697206559778021706e+00
3.667627102706154218e+00
3.668523829060539754e+00
