3.333333333333333148e-01
2.639234838258213145e+00
4.924813431164566602e+00
6.241266319137307228e+00
6.701684245487032676e+00
6.437362159456121447e+00
6.424990692056853803e+00
6.698876603109648720e+00
6.769980696154549449e+00
6.488017353237848894e+00
6.626130223327148627e+00
6.631006085856498089e+00
6.635051691294046705e+00
6.624059395203636846e+00
6.728418776565671777e+00
6.611091317238772191e+00
6.709923729504921219e+00
6.764032940853172526e+00
6.818865929897170552e+00
6.567015022812025649e+00
6.538229338641595945e+00
6.696781276545451966e+00
6.738279805961713720e+00
6.842122381314759139e+00
6.484221823083159641e+00
6.838974726968251261e+00
6.739543405874950821e+00
6.773966443807955429e+00
6.461887281757239698e+00
6.639441163856951711e+00
6.938229842247347179e+00
6.918269720868321926e+00
6.890756123163958691e+00
6.834337130518751913e+00
6.831125977295398499e+00
7.083480666100538059e+00
6.879897923002393334e+00
6.592860593885981224e+00
6.710058280047766388e+00
6.823115662599064102e+00
6.815711536083504107e+00
6.877512095300522432e+00
6.701850576308929774e+00
6.714963244135072173e+00
6.730530096146850383e+00
6.838476306190340637e+00
6.836700266423802574e+00
6.611000065269228010e+00
6.593438429695695824e+00
6.598649418759613638e+00
6.697256787017394686e+00
6.587539928462096128e+00
6.598819086479926987e+00
6.715903393885681361e+00
6.856831677676187731e+00
6.637142086687624065e+00
6.563016094727045058e+00
6.481078604425957401e+00
6.455897656629167258e+00
6.344004839872519064e+00
6.438459032509179281e+00
6.701366767275867886e+00
6.843383539686645811e+00
6.746748696355609809e+00
6.760235601121564741e+00
6.806993292471014811e+00
6.938061049855722473e+00
6.680298519463158335e+00
6.861530203913056347e+00
6.965320014033049567e+00
6.705154070885581241e+00
6.595144921609988664e+00
6.667634273487514918e+00
6.641604668897351793e+00
6.616596423067016453e+00
6.666082901040232933e+00
6.452889526662111130e+00
6.554084214177580137e+00
6.736930874381390488e+00
6.651075637450063915e+00
6.645575190152725575e+00
6.494530941865000351e+00
6.815060137271071738e+00
6.617786486791398914e+00
6.622878222355772060e+00
6.537977841388138422e+00
6.795473796900096453e+00
6.970193482777758298e+00
6.934431132563090294e+00
7.111075592892700747e+00
6.902332743803563098e+00
6.752673038935490979e+00
6.532948683739539852e+00
6.622757325274482909e+00
6.496548312459391461e+00
6.436192676383359235e+00
6.512328335782799016e+00
6.493218471076500187e+00
6.726168371233464782e+00
6.676023723735318605e+00
6.517630021225263803e+00
6.762566051702488146e+00
6.792066181016891413e+00
6.775176657866305518e+00
6.728915730124969130e+00
6.660039523518413773e+00
6.450171796651698486e+00
6.336136872929539088e+00
6.560184779225661345e+00
6.581832834941332422e+00
6.609711690277922713e+00
6.906386858209348389e+00
6.778834744820692926e+00
6.635856635560173800e+00
6.683228704685038934e+00
6.740044038968516560e+00
6.832441559370098005e+00
6.945265309142764742e+00
6.691559547742820691e+00
6.553363525931362510e+00
6.497484718635475609e+00
6.585239409314923797e+00
6.466070088000363647e+00
6.508701242519102870e+00
6.411318383017210465e+00
6.611371673319138331e+00
6.828442111274897641e+00
6.784469477763702017e+00
6.904296358235290754e+00
6.631590835358630365e+00
6.718717931196618309e+00
6.905875160378811550e+00
6.868955565141761532e+00
6.783880729667748355e+00
7.014338165268348746e+00
6.858789377872883009e+00
6.728327669731046790e+00
6.605807432533934431e+00
6.684810720355690350e+00
7.008159816072533133e+00
6.805499954423754438e+00
6.581268990765980931e+00
6.757830812653026875e+00
6.691015025278749917e+00
6.762678779670054929e+00
6.824334651021131570e+00
7.065858119960228834e+00
7.017893141501226673e+00
6.756408319381997707e+00
6.796751319508799405e+00
6.995439307987953548e+00
7.125375373279778657e+00
6.891376182217079815e+00
6.895088079875439036e+00
7.145200088967959218e+00
6.956295031510674853e+00
6.931540977693144256e+00
6.645550455214090491e+00
6.803219587795833689e+00
6.541282799495807154e+00
6.749289062657211957e+00
6.684414538848421294e+00
6.688252394386893229e+00
6.574773199911427390e+00
6.614830898978963702e+00
6.679774675832113928e+00
6.798505195793010714e+00
6.749484953974923762e+00
7.034402377107267235e+00
7.271983365155135104e+00
6.835559557950758425e+00
7.007742746151544466e+00
7.183131614615557936e+00
6.966380952140483807e+00
6.853093930115291776e+00
6.913131539256078817e+00
7.218690978142831227e+00
7.016444779942065502e+00
7.098389691691453507e+00
7.041417307739259002e+00
6.799374718864274136e+00
6.773456343419827164e+00
6.943545223981538506e+00
6.707181192584437568e+00
6.815085034106750150e+00
6.822668051582303050e+00
6.585360242369325157e+00
6.569809499605887559e+00
6.686816154701843651e+00
6.827993696813714486e+00
6.651883252870492313e+00
6.536410467519266021e+00
6.725510755969954957e+00
6.716154415485116047e+00
6.865346062875276267e+00
6.884370816894382017e+00
6.680799935538947132e+00
6.643591182085584634e+00
6.507825061554737722e+00
6.650063685634270527e+00
6.966375028929324920e+00
6.999858475883295128e+00
6.673020215755722795e+00
6.782713961812164349e+00
6.890035300994350465e+00
6.859733939402892666e+00
7.046143955754756938e+00
6.998040880763094052e+00
6.962821258747748487e+00
6.753636097061098909e+00
6.801975025766792804e+00
6.613621349976235742e+00
6.568061866187314024e+00
6.641512823274899446e+00
6.806731068138691221e+00
6.817692515392241859e+00
6.914657230346413108e+00
6.908803404457533048e+00
6.873133930307315786e+00
6.886660437470610852e+00
6.758054533779158213e+00
7.006184377272564490e+00
6.865378643854342933e+00
6.693555961411938426e+00
6.706262033234581921e+00
6.508488778936078134e+00
6.545897356379680510e+00
6.711038621224272305e+00
6.458559083016131908e+00
6.595198275331468629e+00
6.627348502556137610e+00
6.867099291001276029e+00
6.709735716810234507e+00
6.814602303994817589e+00
6.949945729131001393e+00
7.173277484858437525e+00
6.803480913108608696e+00
6.601633584916103636e+00
6.839811915235005202e+00
6.804875990889806658e+00
6.735021513455650144e+00
6.729838416325232942e+00
6.814139156119217944e+00
6.760928982413112465e+00
7.031549580777424424e+00
6.830924134441085371e+00
6.712477736968143205e+00
6.647763716491098762e+00
6.704220820411472381e+00
6.884001035541439606e+00
7.004855392049355700e+00
7.006519776339698247e+00
6.842698135212995858e+00
6.956062329891960161e+00
6.623752516907156718e+00
6.381733265492757212e+00
6.414311039458296726e+00
6.460614953342547651e+00
6.538109455246870816e+00
6.684339971747706777e+00
6.795114711470588986e+00
6.519227987900775290e+00
6.427570039596504081e+00
6.465500643212936716e+00
6.401610820658743428e+00
6.380771794297252164e+00
6.745080484769507834e+00
6.756433326282768270e+00
6.552502200365144525e+00
6.813018550906426718e+00
6.812845626083332107e+00
6.886967111805448738e+00
6.582843795804019571e+00
6.536227558741900090e+00
6.701355684454421535e+00
6.745753385614746911e+00
6.681680470877287448e+00
6.616391308000219240e+00
7.050152672055213010e+00
6.743182947704108976e+00
6.872968345417814540e+00
6.572257644865944215e+00
6.741290132657906220e+00
6.699529155945669778e+00
6.770050111714604135e+00
6.895438922878976307e+00
6.544597152801548745e+00
6.657792599556710655e+00
6.605839727625507862e+00
6.623592121443905079e+00
6.532082607640930405e+00
6.693160894187514032e+00
6.593030031146884795e+00
6.723343168328852038e+00
6.687845187290694327e+00
6.657028416011354643e+00
6.728809533771002549e+00
6.833439443216176912e+00
6.464099210036552634e+00
6.894679592148878378e+00
6.897466108399244789e+00
6.657514037632672022e+00
6.668591202493170833e+00
6.913535926051043390e+00
6.701204331225313560e+00
6.808613361336051106e+00
6.772963359339960299e+00
6.533627819180344076e+00
6.527523611815173155e+00
6.647239451705270419e+00
6.586590589397534501e+00
6.434039164842216607e+00
6.638557515727438130e+00
6.908032267965409368e+00
6.619825566464000666e+00
6.485625540865360250e+00
6.586722053951969968e+00
6.627198530803873666e+00
6.640719384525647584e+00
6.664682222939535272e+00
6.769915735117778333e+00
6.618752769241088352e+00
6.972570590541094404e+00
6.823364490141513805e+00
6.904713469906545775e+00
6.681515845354789818e+00
6.808457606856819666e+00
6.902628146735776404e+00
6.714407320737403317e+00
6.748650959586424136e+00
6.839977296015230301e+00
6.992433537620712514e+00
7.041195768211690798e+00
6.518574691238709917e+00
6.822446881664444795e+00
6.797478939476057747e+00
6.548667430265454392e+00
6.877093935048097073e+00
6.708819732287468085e+00
6.738053184421204378e+00
6.767060116014105731e+00
6.933368475378429707e+00
6.877595988966799467e+00
6.995194680015272226e+00
7.007498255558406441e+00
6.872352931897165007e+00
6.859327275784202094e+00
6.673635903168070982e+00
6.811187456951899755e+00
6.626602741620333248e+00
6.931532329538147685e+00
6.953947043054270694e+00
6.664654315445133648e+00
7.020876475028518193e+00
6.798905720032792033e+00
6.880957578621618609e+00
6.809881623636674597e+00
6.669841334150839351e+00
6.690641443523897003e+00
6.634886471945899089e+00
6.942457081309599154e+00
6.784808508301389374e+00
6.948398154268270233e+00
7.019633799909085425e+00
6.701352401193005903e+00
6.618494676585862990e+00
6.826548755824675574e+00
6.603010591313061894e+00
6.835573380319508452e+00
6.731011495308425907e+00
6.984807640561777831e+00
6.777511742192122490e+00
6.827176192753073636e+00
6.540948541508850411e+00
6.666030244816044004e+00
6.682609041302853825e+00
6.772023019420287504e+00
6.876042690051426653e+00
6.777626114306843697e+00
6.554885115538017892e+00
6.435867892288417380e+00
6.483100827812152467e+00
6.642616045070555586e+00
6.467184928357673890e+00
6.789431554075966879e+00
6.546172973699591502e+00
6.603749320018025060e+00
6.755949000579543728e+00
6.938396623270294938e+00
6.562441688716944554e+00
6.635371241065652015e+00
6.885201364193520135e+00
6.558427746591956264e+00
6.640280352382375462e+00
6.875032438549640190e+00
6.861343397895550034e+00
7.011617907714940756e+00
6.953429948687844586e+00
7.033021823934833883e+00
6.970262499810955248e+00
6.816943412854823414e+00
6.735858632937559598e+00
6.957224625896406778e+00
7.039307122965966279e+00
6.604752644652340798e+00
6.780519417346086541e+00
6.729687241909378059e+00
6.694263970723476120e+00
6.963826996618504239e+00
6.875768509319891919e+00
6.826144392350974144e+00
6.649525086471138380e+00
6.665496053653042097e+00
6.870235636398475343e+00
6.836185926196961304e+00
6.911549535910320508e+00
6.933477528351962071e+00
6.648032523994344523e+00
6.678024985979786443e+00
6.795075257191362184e+00
6.438468383869451195e+00
6.523056386995833122e+00
6.536773575756413379e+00
6.574469751645545479e+00
6.572572987787531851e+00
6.846819439955551090e+00
6.723643889995112310e+00
6.586714339701055465e+00
6.489568494346261041e+00
6.653664879127039633e+00
6.573553237596384768e+00
6.924389927820774560e+00
6.742749438507994242e+00
6.881812461577156981e+00
6.881200908053098253e+00
6.764057736365369777e+00
6.765086490774349315e+00
6.867595193244289575e+00
6.623321714610996835e+00
6.906366629628646336e+00
6.859282068270567301e+00
6.752768586771642489e+00
6.797787662787527552e+00
6.847396982444566405e+00
6.576025363341391206e+00
6.585516820638242841e+00
6.734781265096348335e+00
6.880860157875559047e+00
6.937649733996652301e+00
6.921880358104602671e+00
6.869521730144516170e+00
6.850231437564398895e+00
6.996722716487185245e+00
6.525742905922975901e+00
6.574966577075615604e+00
6.777603444045579906e+00
6.860988968517961695e+00
6.955728118531872006e+00
7.048448524527582748e+00
6.918588193758059113e+00
6.913739156744138192e+00
7.069182905799328509e+00
6.921436185378337491e+00
6.752202896857042447e+00
6.911527918815910887e+00
6.686141573590608012e+00
6.663749345209410535e+00
6.621564605264030234e+00
6.649879482994115243e+00
6.578120742742750160e+00
6.354580982442665338e+00
6.895267735178775226e+00
6.761399268327019207e+00
6.846219139655778108e+00
6.823519511955645989e+00
6.768782337671577665e+00
6.909027221201339941e+00
6.830721378274368760e+00
6.856337431247657044e+00
6.827452644045143515e+00
6.596625731366753342e+00
6.770627287697765340e+00
6.625641117968465998e+00
6.591630916368148796e+00
6.399395459355355698e+00
6.618492739525193791e+00
6.494238228414626946e+00
6.416436893978924694e+00
6.489343386718080531e+00
6.535324725418181657e+00
6.619767099692221990e+00
6.718483905100057996e+00
6.570588647319294040e+00
6.712100325163445902e+00
6.739879682540950157e+00
6.781713434743122271e+00
6.767548864129775410e+00
6.560269551792105247e+00
6.557159519208907383e+00
6.503361853542878990e+00
6.623973160123617809e+00
6.661808161377960502e+00
6.675329022474198126e+00
6.564956828973075531e+00
6.687383337617053058e+00
6.947344020910922957e+00
6.797126306542095264e+00
6.964073344547936806e+00
6.583439619205558202e+00
6.752331705138677975e+00
6.846074241083071499e+00
6.908118738880498100e+00
6.899214525876401716e+00
7.078042626666611881e+00
6.735561565547511620e+00
6.866668211756598694e+00
6.799023106900770941e+00
6.697598894004769932e+00
6.810198144116566432e+00
6.811640633164873115e+00
6.807959796335772751e+00
6.826535606499475328e+00
6.902833720311839727e+00
6.792414485198992935e+00
6.813897681558469088e+00
6.781174848726869264e+00
6.982107731792697614e+00
6.743194839817213015e+00
6.687271878523893598e+00
6.466634557785888582e+00
6.808802571148493854e+00
6.561957896193107764e+00
6.315822273305546020e+00
6.468083661274953045e+00
6.539495126391652313e+00
6.458379720256513856e+00
6.512871161605363390e+00
6.870334036878773531e+00
6.507856607719213926e+00
6.882683050126997770e+00
6.612362410373649801e+00
6.492315914516988862e+00
6.637181106646035111e+00
6.904773489307224565e+00
6.765915447779458525e+00
6.529251303230396708e+00
6.769567913551474803e+00
6.787993062521347376e+00
6.699156679422855198e+00
6.808689065061237500e+00
6.706924013988853517e+00
6.583724169521265601e+00
6.865577564044729186e+00
6.860094764127969036e+00
6.638295973115297066e+00
6.392491776047851459e+00
6.565362068327575962e+00
6.722511611717245650e+00
6.982782033850563508e+00
7.070770004275344078e+00
6.775859998467940848e+00
6.810232519200505763e+00
6.520574782907726075e+00
6.789468627050402105e+00
6.718343959529009091e+00
6.435112173272623082e+00
6.591306538151905592e+00
6.646675030264255213e+00
6.895808248061964463e+00
6.557228581437819059e+00
6.524689007723156742e+00
6.722873768452386045e+00
6.883236989405263628e+00
6.825987082190972721e+00
6.864190788729795933e+00
6.820403123073693230e+00
6.525870952004227732e+00
6.567636613592581440e+00
6.617491404167331837e+00
6.439059469998692720e+00
6.519278211547861801e+00
6.456698053999616604e+00
6.575637878631360067e+00
6.474874047847988479e+00
6.720183340224752833e+00
6.774158796860907827e+00
6.979497677092784791e+00
6.979669316825991565e+00
6.782006715785029449e+00
6.660747634500746805e+00
6.498504881040422454e+00
6.893291805331475786e+00
6.912403433037556333e+00
6.920432395808173709e+00
6.981012095707682441e+00
6.646910165645396162e+00
6.600233451721480016e+00
6.690451821058924331e+00
6.789595675871952452e+00
6.758926766871502956e+00
6.900282785422025000e+00
6.813281374093516085e+00
6.685388941245151706e+00
6.652518297203110720e+00
6.425626036508632843e+00
6.295889390364442839e+00
6.842982427816534319e+00
6.974440196625151245e+00
6.900872020355735437e+00
7.000861953783391378e+00
6.861583081382820914e+00
6.557573796592700788e+00
6.633824938209728295e+00
6.564451545243665365e+00
6.777754896592318445e+00
6.631550896051487953e+00
6.938904995524580066e+00
6.800312317384659799e+00
6.701698736047788429e+00
6.707574485373073436e+00
6.838703416544324121e+00
6.716691598863729240e+00
6.921211817045254122e+00
6.501428651999062502e+00
6.582147691796111921e+00
6.550497890615664787e+00
6.564232323762817956e+00
6.798627889805012536e+00
6.706769002010517511e+00
6.777902115518342541e+00
6.749630747320400026e+00
6.828820198444143230e+00
6.479559734696691109e+00
6.794707093005841969e+00
6.980940177244955080e+00
6.974531180194921021e+00
7.013004424616939403e+00
7.248490768850242461e+00
6.977054006670806885e+00
6.929622368340006666e+00
6.731751558409602154e+00
6.592262822914177534e+00
6.812218426664927939e+00
6.517558625099668212e+00
6.497246972946778776e+00
6.598307662399971463e+00
6.532734971442756056e+00
6.673968429059836005e+00
6.771233882729890574e+00
6.768813798671855508e+00
6.758646019156058671e+00
6.820468860206389650e+00
6.772595450611243351e+00
6.911469119568513619e+00
6.769220448374343668e+00
6.692572170265422393e+00
6.719268201756444903e+00
6.782758931979838479e+00
6.652811966206334304e+00
6.687363807939976645e+00
6.513809195063131163e+00
6.477956949373891327e+00
6.702667565612284939e+00
6.515782554021415152e+00
6.377121493856547474e+00
6.803885939119168391e+00
6.982406367670544789e+00
6.945521141240447172e+00
6.677856305829327432e+00
6.759768285698222634e+00
6.733478515930162445e+00
6.809827528526430029e+00
6.866189128861996060e+00
6.812238916831575786e+00
6.960237823310698069e+00
6.616986631459748303e+00
6.529432079877499184e+00
6.622623387084985325e+00
6.564623526087299155e+00
6.634143259868768183e+00
6.744670368327989607e+00
6.772141951682218775e+00
6.699992449807893991e+00
6.576238915179224875e+00
6.564385815938188706e+00
6.523455751849993156e+00
6.888942124649188870e+00
6.551449159234282504e+00
6.604268087547228383e+00
6.645367288774520098e+00
6.642169705576582039e+00
6.810550688167457345e+00
6.694164797866520189e+00
7.102910471171711926e+00
6.905198826604011408e+00
7.027928220763259404e+00
7.111583846586261970e+00
6.704128698103067663e+00
6.485253979499750798e+00
6.697604175994221976e+00
6.556644992235398206e+00
6.434618657308505796e+00
6.744390002962112440e+00
6.804747094961915543e+00
6.761126711255381672e+00
6.798976366241826774e+00
6.991766263913445023e+00
6.641193451969786388e+00
6.766544515664940640e+00
6.799855753412158421e+00
6.557008780834082451e+00
6.623950302159847148e+00
6.621859087682976153e+00
6.352321194107743985e+00
6.706099564408553704e+00
6.668908849234663094e+00
6.705291316592741246e+00
6.769151309214342938e+00
6.621443979738288910e+00
6.552559623246104081e+00
6.733027188277511677e+00
6.849429765173734808e+00
6.666696171612667143e+00
6.799463805793244831e+00
6.658173606559746993e+00
6.586908196894851741e+00
6.550937221857162207e+00
6.688349265925644715e+00
6.911791150690723917e+00
6.758875643603517780e+00
7.152386904106220911e+00
7.260823012663936815e+00
6.922858764731953940e+00
6.824742243337601266e+00
6.512745685401723605e+00
6.928595882256791683e+00
6.958376472771425902e+00
6.573686239797929431e+00
6.668175194198789235e+00
6.528719825557519840e+00
6.436075842136347980e+00
6.565011648957687740e+00
6.741313371490756268e+00
6.542891889566602615e+00
6.323814966080634647e+00
6.619890300712726550e+00
6.441865442446260026e+00
6.464832391304268455e+00
6.472505737859853170e+00
6.561926029828054396e+00
6.455384164608479303e+00
6.860214963697825574e+00
6.922195925938686045e+00
6.705200516126543775e+00
6.768804036352040754e+00
7.048490819502529092e+00
6.869070189372034285e+00
6.759833477747463348e+00
7.137541390736592106e+00
6.768808061402030063e+00
6.800864392791195812e+00
6.927558211958903200e+00
6.860367892232103415e+00
6.617799984805365021e+00
6.801892848883977827e+00
6.548066563249280492e+00
6.591270511327390835e+00
6.798462182813165278e+00
6.767490902836148514e+00
6.719891305428059347e+00
6.598135570417353435e+00
6.564034563500122488e+00
6.583862645530990321e+00
6.706316792011845607e+00
6.899164851674513876e+00
6.688760839178364392e+00
6.666398592154980207e+00
6.779861955754446612e+00
6.666330193543665850e+00
6.745794289899049723e+00
6.953749271254973330e+00
6.784200543030967978e+00
6.721002150503514905e+00
7.048113758845151011e+00
6.733925499796034053e+00
6.762922425251544745e+00
6.863012648109363845e+00
6.876440652405752196e+00
6.921683086365884918e+00
6.833793662563388160e+00
6.783354396097424299e+00
6.874120561875084690e+00
6.739330294306311586e+00
6.641179081277868157e+00
6.695062089746674161e+00
6.565536433064920629e+00
6.547265865693742803e+00
6.589852144606764384e+00
6.390806138601253572e+00
6.476646758799128989e+00
6.433305889278168266e+00
6.402487710081211425e+00
6.551128974927746818e+00
6.722500727225338757e+00
6.819532336472449607e+00
6.600562710641973752e+00
6.424737921172145150e+00
6.497813490097016142e+00
6.465092347174105747e+00
6.500405500314183627e+00
6.491910017322618742e+00
6.292817989269016365e+00
6.299912271226694394e+00
6.505835389915104017e+00
6.636639060428938919e+00
6.817682379715478191e+00
7.009042510150648830e+00
6.755160220605999299e+00
6.896438690020342932e+00
7.009810351259795347e+00
6.862695997878992316e+00
7.023386804231894764e+00
6.753860242995241236e+00
6.693601156824643184e+00
6.848149403504839583e+00
6.944964042033309859e+00
7.031773198851232642e+00
6.881671068607383646e+00
6.924251482923879486e+00
6.852275749822949180e+00
6.865172349451101219e+00
7.080311381393846304e+00
7.123662369055037580e+00
7.023747228996792380e+00
6.836164459149784989e+00
6.895813352637405025e+00
6.776216296794373761e+00
6.710194288406341023e+00
7.023286891041533586e+00
6.659988267514768800e+00
6.571239227307293262e+00
6.523155319607010227e+00
6.791931322606454380e+00
6.492368496690139601e+00
6.807392971151087657e+00
7.033355684977734334e+00
7.097444084021753419e+00
7.032814602340965671e+00
7.015514752712287638e+00
6.991454026427035728e+00
6.516396532529349805e+00
6.622847730613081296e+00
6.594842422034157714e+00
6.723493785526352795e+00
6.800281264617848542e+00
7.013706728413417579e+00
7.034640123703915116e+00
6.973565386515125475e+00
6.723259990862701763e+00
6.868775740505677518e+00
6.898532651660337578e+00
6.912517956442956191e+00
6.940848124527286167e+00
6.841525750184449528e+00
6.559529895212242501e+00
6.725914958772190921e+00
6.730968636937443961e+00
6.814149589458986078e+00
6.856167659769034195e+00
6.652386130809651910e+00
6.940759574118603226e+00
7.089004708892636231e+00
6.961925448690262641e+00
6.994773163922358705e+00
6.586578673646049431e+00
6.755223462646568144e+00
6.739110191454726895e+00
6.929329514131114642e+00
6.696292804138314736e+00
6.568856701502956419e+00
6.624087995302266663e+00
6.859640251474558248e+00
6.728090328876544568e+00
6.554544462582676090e+00
6.309842668839631408e+00
6.560587627028948710e+00
6.614186050294606822e+00
6.684015500739663551e+00
6.665410392401253326e+00
6.763811591971197856e+00
6.742251368595151284e+00
6.983699195879832011e+00
6.846416438499337787e+00
7.009744421928119529e+00
7.160535804124027237e+00
6.638487931383820317e+00
6.795012255204309959e+00
6.766404225814350859e+00
6.791514275408857770e+00
6.537648102545418283e+00
6.633143625101207697e+00
6.676770612571151453e+00
6.722862461738021267e+00
6.814098643254530963e+00
6.686450181096040168e+00
6.731256462148605735e+00
6.957426336182111370e+00
7.009104167229312843e+00
7.003429495397316629e+00
6.809234207028780794e+00
6.734514750569232433e+00
6.780833101302363275e+00
6.686885064355803543e+00
6.778908129435215812e+00
6.926277161490519418e+00
6.772233862494978496e+00
6.982625816689622233e+00
7.024159001817895209e+00
6.796490758553901834e+00
6.816428829842883452e+00
6.974796975352710149e+00
6.782905318822848528e+00
6.675938698300158514e+00
6.641381253438430221e+00
6.735951947266091366e+00
6.793639017337806507e+00
6.653554809145491689e+00
6.843760805609815812e+00
6.989914739829319323e+00
6.900548656525879565e+00
6.764922307215620378e+00
6.856848245585334567e+00
6.770663782941678477e+00
6.644156527338369145e+00
6.834706725395200522e+00
6.874634069627469479e+00
6.871404043204493384e+00
6.770493992506803949e+00
6.718658271367419665e+00
6.727490136622514605e+00
6.998577299993817391e+00
6.558723583698600201e+00
6.588026126155114071e+00
6.663556863856777923e+00
6.578333266491037890e+00
6.471735423167861434e+00
6.633389916064275305e+00
6.596038813093020536e+00
6.370865524852239226e+00
6.454488887854016532e+00
6.508500824315433420e+00
6.710474884378988314e+00
6.674528847203551329e+00
6.778446880208322867e+00
6.654849313443612857e+00
6.349533749567772389e+00
6.398814000856392958e+00
6.284014826728547831e+00
6.610740085233757668e+00
6.754285027635803296e+00
6.476690358561706162e+00
6.463766537782082544e+00
6.731199627003940478e+00
6.654142677818309259e+00
6.800547083772711332e+00
6.936513068932741888e+00
6.860421133673209937e+00
6.842445621455027549e+00
6.816417548245313540e+00
6.686264304913713374e+00
6.590109326920724264e+00
6.854077351287265252e+00
7.100310441080980972e+00
6.831274244013756380e+00
6.920110908081764656e+00
6.745266201055468258e+00
6.636507294175751248e+00
6.897497923521008545e+00
6.945344368512444078e+00
6.943816769317891158e+00
6.855516659947017644e+00
7.009641870962730614e+00
7.051783413707127579e+00
6.816989589278315442e+00
6.905794749835792778e+00
6.611025552665326543e+00
6.577919224345706084e+00
6.787073723819535331e+00
6.922413837523872182e+00
6.737590415018100742e+00
6.652083416185763376e+00
6.634155686398639951e+00
6.586699458438157073e+00
6.623637223433608945e+00
6.794512894981135531e+00
6.621757537760979417e+00
6.410988578363817858e+00
6.505654849754292535e+00
6.333612672303816638e+00
6.480758218024648798e+00
6.455393398304344110e+00
6.560646716750459184e+00
6.622524197686820990e+00
6.856446584000811306e+00
6.665442053839219838e+00
6.638306196779274693e+00
6.622247369777442216e+00
6.608400739610210906e+00
6.627856669945114909e+00
6.634018051168350638e+00
6.624622182095826872e+00
6.571932037116121172e+00
6.595134496700150173e+00
6.316745911953775661e+00
6.471898591321179950e+00
6.304734476947969846e+00
6.448851346913676785e+00
6.273004347544381964e+00
6.309330020337052147e+00
6.376803483972921960e+00
6.433863645304715106e+00
6.611763688665861949e+00
6.660654989646794810e+00
6.791691584125912229e+00
6.569784869347459200e+00
6.623650578598889282e+00
6.618520894534977828e+00
6.684489565557755419e+00
6.906280773216951552e+00
6.726838561307713960e+00
6.694419473158029987e+00
6.514530545243551352e+00
6.696870258676857368e+00
6.326383896348089841e+00
6.587912895934985080e+00
6.633249242655510969e+00
6.773195089498279309e+00
6.717366850344838269e+00
6.762606006658933744e+00
7.115535795644309047e+00
6.346999377456001845e+00
6.716233508672090124e+00
6.522316087113757099e+00
6.449363679929381199e+00
6.747562706978101232e+00
6.869836255848081663e+00
6.809805204029703241e+00
6.547261091725767201e+00
6.663721798223408932e+00
6.616586181010449152e+00
6.514374425258593782e+00
6.576420787463980844e+00
6.520438700591075332e+00
6.588407855450222783e+00
6.665895017533808975e+00
6.675889165342930198e+00
6.617170687709346133e+00
6.622461766989566456e+00
6.877244354900986956e+00
6.759720489648093356e+00
7.038611693814073256e+00
7.096405895308021350e+00
7.044104348766473400e+00
6.906279228064633458e+00
6.767574855536728329e+00
6.923106946647232363e+00
6.955405264943438581e+00
6.899550844635292002e+00
7.113438092046437511e+00
7.272322874737420229e+00
6.964243930360384915e+00
7.071053165902917215e+00
7.217360733736599698e+00
7.142882632809667065e+00
6.895068597124470067e+00
6.886701607346926046e+00
6.733817476974216731e+00
6.643645817710133628e+00
6.706694201106125242e+00
6.556863317753820475e+00
6.500798271876331746e+00
6.461250496224131723e+00
6.633361102279801358e+00
6.938695628079755373e+00
6.964250752558030833e+00
7.027842810332502133e+00
6.911695098050926411e+00
6.939885909271149345e+00
6.775966730596254983e+00
6.728427316927025004e+00
6.646125340844168505e+00
6.621582524612683152e+00
6.552943382194042599e+00
6.531003218380510233e+00
6.586844224376208423e+00
6.609123879838105786e+00
6.671621260334838155e+00
6.908432160052514703e+00
6.898418722807048376e+00
6.955203454480029635e+00
6.820525445409597154e+00
6.598358883897257776e+00
6.617244951292604149e+00
6.706899918577035713e+00
6.844036527391364366e+00
6.628467047453346694e+00
6.683949901727298304e+00
6.838634374999727150e+00
6.601356978715791080e+00
6.413426637942184705e+00
6.526685318721261453e+00
6.569997527631397993e+00
6.471131014041704432e+00
6.494054829383613558e+00
6.678602917383178017e+00
6.792795639097112037e+00
6.907983442506772320e+00
6.885591266215670636e+00
6.524797037744868078e+00
6.742918881123993735e+00
6.751866769411989821e+00
6.978344431823866323e+00
6.787517143590758195e+00
7.032873493918458507e+00
6.795024793765138682e+00
7.051148840626032310e+00
6.920867474988875223e+00
6.704777114871260046e+00
6.705338265281961085e+00
6.431223725151403947e+00
6.505357006384085317e+00
6.787446080941154314e+00
6.811066109109503053e+00
6.972209640100991201e+00
7.058345188234859791e+00
6.943418965105026430e+00
6.976325002445695311e+00
6.858443295793761330e+00
6.872823236747169773e+00
6.708811676976252691e+00
6.672841130154955280e+00
6.750933557620073522e+00
7.026292379031210622e+00
6.806222478366819928e+00
6.918991089732618782e+00
6.709949674398058228e+00
6.694866092158287429e+00
6.768119221048054968e+00
6.600879658973934028e+00
6.574188710307740102e+00
6.594774686294066157e+00
6.382837155016808595e+00
6.386309307382972200e+00
6.527999592000498730e+00
6.534535116609330174e+00
6.337424429912121404e+00
6.614242131887904108e+00
6.596813497490887634e+00
6.418697333549177486e+00
6.522917563243844974e+00
6.656084464680112056e+00
6.583262906901208744e+00
6.630189932699805944e+00
6.717220203242008303e+00
6.923689395057814444e+00
7.046704302297271738e+00
6.853433779408926618e+00
6.873632164253916876e+00
6.357048738474089689e+00
6.502618665125264208e+00
6.538043160796695119e+00
6.908355784249439857e+00
6.705707785724662529e+00
6.788673032142647834e+00
6.759743768356714533e+00
6.746514338051559534e+00
6.663041242904150785e+00
6.796485482165635084e+00
6.673646142745941923e+00
6.587934291440718404e+00
6.749911575015572041e+00
6.550428576487989929e+00
6.671167863060649239e+00
6.976710016121515423e+00
6.997984594768168698e+00
6.781239465829620450e+00
6.789661535293623373e+00
6.873859867855697914e+00
6.683099798393994817e+00
6.837534739138752649e+00
6.848422329123539321e+00
6.722328158603931847e+00
6.668030749802976054e+00
6.742364812455291734e+00
6.706561910406580118e+00
6.641660229568058682e+00
6.736519644167686671e+00
6.749600055405060139e+00
6.947060250482222976e+00
6.794978460702209233e+00
6.950266259374946465e+00
6.772527909037627580e+00
6.787270353795147315e+00
6.546796296257181069e+00
6.561242111535393384e+00
6.651269404154964704e+00
6.673611906614336675e+00
6.639498594262710718e+00
6.629786011274603652e+00
6.712039267159986444e+00
6.659109169552824170e+00
6.470726467062918985e+00
6.484217193143246405e+00
6.420558112147579877e+00
6.625087632258291670e+00
6.622358422276233725e+00
6.473857443666447331e+00
6.367071668275061214e+00
6.686604745971267860e+00
6.860085448934635899e+00
6.617646979052008938e+00
6.845544313576403361e+00
6.726841790074746363e+00
6.666165021567106663e+00
6.676189890304941699e+00
6.392633796199430840e+00
6.618224269966893836e+00
6.459210173701514179e+00
6.699839239984063610e+00
6.744840318689145242e+00
6.603911024201791768e+00
6.745470834970254792e+00
6.729512687955679695e+00
6.691341814385129538e+00
6.609495924333876893e+00
6.685706248377370819e+00
6.521606268879160950e+00
6.733933818009618655e+00
6.522818360338469290e+00
6.421702510443199508e+00
6.456111595726855334e+00
6.694256326827256132e+00
6.561071239259900878e+00
6.600485711807094091e+00
6.419239873113200545e+00
6.543907611588657858e+00
6.666442740852924764e+00
6.504035358985266413e+00
6.593564376073420163e+00
6.520160578742833835e+00
6.625313428540533955e+00
6.496925897892245949e+00
6.575943465327824811e+00
6.910351384443091938e+00
6.674345441337836249e+00
6.627431445343799687e+00
6.748579131070275849e+00
6.791045776013048041e+00
6.861487418424581541e+00
7.075226017408196455e+00
7.115806741526717438e+00
7.143348255010651293e+00
6.869348984479825226e+00
6.756604144892857100e+00
6.997117782515403839e+00
7.124429855151177549e+00
7.065033470904460877e+00
6.800465353117902900e+00
6.748366223207439951e+00
6.857436790014101113e+00
7.077784316322399683e+00
6.867355749422133115e+00
6.667139886470715204e+00
6.675307241809366410e+00
6.561262850683563741e+00
6.546891407059686863e+00
6.594147756260109183e+00
6.459948264829810327e+00
6.411423578347944741e+00
6.746548765509237100e+00
6.800816330103851115e+00
6.838523362165237707e+00
7.067972101476767577e+00
6.959970362278472322e+00
6.641046469227866567e+00
6.797458363363682032e+00
6.716892247974500130e+00
6.985098177918940721e+00
6.896668280324926847e+00
6.807111789459203699e+00
6.677302396797729855e+00
6.718195277222406503e+00
6.535031010693423070e+00
6.697023553464204859e+00
6.896656495199161796e+00
6.893197199594544244e+00
6.985037784542326378e+00
6.601827271382465945e+00
6.604384092639898007e+00
6.731317267806604221e+00
7.051512471432291207e+00
6.858794940690573938e+00
6.924408691253576720e+00
6.974400843483984147e+00
6.808618112029732217e+00
6.764099797661153879e+00
6.699986369744103776e+00
6.655721515329759086e+00
6.745939924245752728e+00
6.676493595216145494e+00
6.534741011157893631e+00
6.734773426389525142e+00
6.832057167847918500e+00
6.720253405522403689e+00
6.731473724885543852e+00
6.590938581895255943e+00
6.552671745765899836e+00
6.471750381181682776e+00
6.374382865804427034e+00
6.696988689725832167e+00
7.025380916235130613e+00
6.743099727746923122e+00
6.795167800352341914e+00
6.685217318218101390e+00
6.416117846086154763e+00
6.735268953756278876e+00
6.708008507371970630e+00
7.003775475575762854e+00
6.873555161866694796e+00
6.970634365194780635e+00
6.809004891961059514e+00
6.782860055180792713e+00
6.528499035753211110e+00
6.671599303797846936e+00
6.923901786754850463e+00
6.764088453435713078e+00
6.988771464335223449e+00
7.343216863714756570e+00
6.984580851225725695e+00
6.881167584210380994e+00
6.947770843282420117e+00
6.957780542335473939e+00
7.124347443672471414e+00
7.007589726342411396e+00
6.951435566798133792e+00
7.016170561547252049e+00
6.930200597195200984e+00
6.864149045204340993e+00
7.174769920091860875e+00
7.516034718882309562e+00
7.100056050787878270e+00
7.150900838277979510e+00
7.092552653872056467e+00
7.003546669502298094e+00
6.879990576064411556e+00
6.628330491406682512e+00
6.832192004073370128e+00
6.770674665584914820e+00
6.579742000949560854e+00
6.519819086679982334e+00
6.832101546956797833e+00
6.729152108605904736e+00
6.740369948654159060e+00
6.753101369148128974e+00
6.803525933896653832e+00
7.102361758367644384e+00
6.952521081050849538e+00
7.124207554329990977e+00
7.188269701565430658e+00
7.206356507241101106e+00
6.870603066741419518e+00
6.835193715097386935e+00
6.798209468955660029e+00
6.995903540825594291e+00
6.843519806610864009e+00
6.876051854748286729e+00
6.632530928061108888e+00
6.427758424882256350e+00
6.609661905837844742e+00
6.810506285952206973e+00
6.511929880410525229e+00
6.633816377211404713e+00
6.900881187545388151e+00
6.707288650191356005e+00
6.773816620017528933e+00
6.686646702264422260e+00
6.872211165778058017e+00
6.686621172795695678e+00
6.841241541993731801e+00
6.769634914125164826e+00
6.775593947048043297e+00
6.761265879227373432e+00
6.641631638096630930e+00
6.694922778924270013e+00
6.554176642105656647e+00
6.720953980132431838e+00
6.445401493502017409e+00
6.549961637993262364e+00
6.887242321074030116e+00
6.754933594371432370e+00
6.585571736043269730e+00
6.588196791324036461e+00
6.686684816199184311e+00
6.511527976690725694e+00
6.438968087105601867e+00
6.575334458197217735e+00
6.665193109783751346e+00
6.473221895126091141e+00
6.425833919177838638e+00
6.348524987986267298e+00
6.713610864722345362e+00
6.829004736949126020e+00
6.704440956126759943e+00
6.688878881875654159e+00
6.580058376320695679e+00
6.428693480923041825e+00
6.354872234157179278e+00
6.610305074030213390e+00
6.392310299503952464e+00
6.622323184158835474e+00
6.668103651687767197e+00
6.461236366777177054e+00
6.848190576123225348e+00
6.763586478653845546e+00
6.883325411847517117e+00
6.729817527273390887e+00
6.674326000068745657e+00
6.607705152465669585e+00
6.349712339580184661e+00
6.549124866188010152e+00
6.677695810361257145e+00
6.828345229327228871e+00
6.936333257368986871e+00
6.976045370407406132e+00
6.924702500317041931e+00
6.963957000953514331e+00
6.999841541055295657e+00
6.683410743764463646e+00
6.830146705210721869e+00
6.816914976563736239e+00
6.719630356081694345e+00
6.685054447303071967e+00
6.932874344189640325e+00
6.878083312954370143e+00
6.809033172345245966e+00
6.688864595820953163e+00
6.596165151539437055e+00
6.768264857738468976e+00
6.767868298026205487e+00
6.872146119739440451e+00
7.139786685047976533e+00
6.742975486261589602e+00
6.900722012570687625e+00
6.731009030881848432e+00
6.822282599474533527e+00
6.780827309034092032e+00
6.861282378979763230e+00
6.757845071022599015e+00
6.789126755686591963e+00
6.804574273276989160e+00
6.474071418659672617e+00
6.727769442729243821e+00
6.634742992786591742e+00
6.671168357373336910e+00
6.872339013672702279e+00
6.835873145522793237e+00
6.783389050061661152e+00
6.697359775834651252e+00
6.808019078932231238e+00
6.906010784165835581e+00
6.953279380285194655e+00
6.984086223791537762e+00
6.823740494164542980e+00
6.895917831885200577e+00
7.006032016890193503e+00
6.962062123994738450e+00
6.880734527678915136e+00
6.721407126382815456e+00
6.761098735413374250e+00
6.926397160122458097e+00
6.923433828476749596e+00
6.861597875574376282e+00
6.665824075656644254e+00
6.506661484325354294e+00
6.575417938078066626e+00
6.634530826390367508e+00
6.916952794207632316e+00
6.925530760478550540e+00
6.894998300924691570e+00
6.654230901626938532e+00
6.723075720068118599e+00
6.632330664379190388e+00
6.840224109369254180e+00
6.911375084446014228e+00
7.177111831776922024e+00
7.065232586915610291e+00
6.831407666396503764e+00
7.011408691414525940e+00
6.693923851814028936e+00
6.913084295471715990e+00
6.700815933578200934e+00
6.886160908443678785e+00
6.667061692466131007e+00
6.425316249678982850e+00
6.263803515202282846e+00
6.266010363028080121e+00
6.651799898849085402e+00
6.765626559915904892e+00
6.811244762288590771e+00
6.574786379411560411e+00
6.597851338484909789e+00
6.711873048881084713e+00
6.499971576965827502e+00
6.707469186391368687e+00
6.859852253869094696e+00
6.760691451225806503e+00
6.597916101499413877e+00
6.497786882599615232e+00
6.404974850612282999e+00
6.485061739027561778e+00
6.516786164907447443e+00
6.477280735488892383e+00
6.845436559741482796e+00
6.914887238835478733e+00
6.850491935126404641e+00
6.626593790115646421e+00
6.872280668912345902e+00
6.666861848646652433e+00
6.658607154711284615e+00
6.534563080820463554e+00
6.565497512257175927e+00
6.721096982219099125e+00
6.720821879536452492e+00
6.880213286830619168e+00
6.780138700160344811e+00
6.957952445757177529e+00
6.888076418467242057e+00
6.970305644047204652e+00
6.860451439160864417e+00
6.929545264330531751e+00
6.817423589157420416e+00
6.808446616776589799e+00
6.842045423801610404e+00
6.649186419342051124e+00
6.741299443032558791e+00
6.865050477118700201e+00
6.871926580626161574e+00
6.783055432617988600e+00
6.784195606996973993e+00
6.458745255992424994e+00
6.751543330943447607e+00
6.697435074229963980e+00
6.646722220828297445e+00
6.704890038828428267e+00
6.605255280048443645e+00
6.767915129405930763e+00
6.885529435491165806e+00
7.282234187502400147e+00
6.945417127705112215e+00
6.759643722819171252e+00
6.575869316778617524e+00
6.793633645098355878e+00
7.013848291582684524e+00
6.920085740255204954e+00
7.001272934818156379e+00
6.954026397645670876e+00
6.662886956731679966e+00
6.614779262670356097e+00
6.622302192845643809e+00
6.457704826914600460e+00
6.520031090237754512e+00
6.568852720555971025e+00
6.957596061198531245e+00
6.947834977522948208e+00
7.086970255358172821e+00
6.963616175648379425e+00
7.037567455031997099e+00
6.550262233315121918e+00
6.610061033133091790e+00
6.697000964195927608e+00
6.721706934585916393e+00
6.642046571939072663e+00
6.795555658614221173e+00
6.904999415105786298e+00
6.959640597223690328e+00
6.926797272204983535e+00
6.717822491045068567e+00
6.867367797098975046e+00
6.946462613501004135e+00
6.713481546458787363e+00
6.815305459088196294e+00
7.038101804047158794e+00
6.998467216554103310e+00
6.616069048874673619e+00
6.743264272081652244e+00
6.909788434726286788e+00
6.953858543371793210e+00
6.799424039769296435e+00
6.680188306407337961e+00
6.885362565115423550e+00
6.883895427241370157e+00
6.766271422267832847e+00
6.597251461543538475e+00
6.659894497883902531e+00
6.772234741682957804e+00
6.437591557777944118e+00
6.615562966583504512e+00
6.514540887674026060e+00
6.681130526515125290e+00
6.720787979155971037e+00
6.596849163903786284e+00
6.498426690256903449e+00
6.735262500891415982e+00
6.737024424177624482e+00
6.882702124799678245e+00
6.768117784074607179e+00
6.835407393908545792e+00
6.833185264618359511e+00
6.898248559325104168e+00
6.649082820459172538e+00
6.665801104108661335e+00
6.703995948067539068e+00
6.626438314750179970e+00
6.491372374126037847e+00
6.814527500197553600e+00
6.937755156954578339e+00
6.608644122295605605e+00
6.711385586014623428e+00
6.366502706130713563e+00
6.558635477987606599e+00
6.617557756580036532e+00
6.591476367580542117e+00
6.940668039414445545e+00
7.026493365096958321e+00
6.804625847422022922e+00
6.930044455657251135e+00
7.075587085395628861e+00
6.985956282971701903e+00
6.892298843305029621e+00
6.803953625524044035e+00
6.718780274949827103e+00
6.740560309561739238e+00
6.997726203444883275e+00
6.845298633691228041e+00
6.672138893205613819e+00
6.642606505811901485e+00
6.731397325706985235e+00
6.991157980111522896e+00
6.545042837239951616e+00
6.638047876853688578e+00
6.447808166536546537e+00
6.811922814922239056e+00
7.133530481924772459e+00
6.968011291692787879e+00
7.090338675637553933e+00
6.864553960552739476e+00
6.642208687989292315e+00
7.005817250696670051e+00
6.866901476877496968e+00
6.630519732570435920e+00
6.750660654522093296e+00
6.764914027878657699e+00
6.565950911426008396e+00
6.821442243848881759e+00
6.818621643002400035e+00
6.652763377525769073e+00
6.472692695890346570e+00
6.494564929498183758e+00
6.532818899715072014e+00
6.534769261815773334e+00
6.650868647045616200e+00
6.541284253612478672e+00
6.592225576872559500e+00
6.733114110225547400e+00
6.709202239759330944e+00
6.891456936616566331e+00
6.878182982680372426e+00
6.777458676801717097e+00
6.548459221102283401e+00
6.687943175485987268e+00
6.719519799521664893e+00
6.801325634387389130e+00
6.778261351414655245e+00
6.613731734547355856e+00
6.459928379501099549e+00
6.346497693494709935e+00
6.389361211790922646e+00
6.685534742468862035e+00
6.537330449850582426e+00
6.746721653620213033e+00
6.765205973801601935e+00
6.634620986487143490e+00
6.358542145529519019e+00
6.384658333735658609e+00
6.867767650297976978e+00
6.653346638362918064e+00
6.655228234312108526e+00
6.869038311939172026e+00
6.722026914842004430e+00
6.837915353588150502e+00
6.846401512354027830e+00
6.885395046343707470e+00
7.140498102721437590e+00
6.699823448642708179e+00
6.733240018629222945e+00
6.791360261979145108e+00
6.976289703895599992e+00
6.913053783951340847e+00
7.002747025367432876e+00
6.990291495124648868e+00
6.796723763752460457e+00
6.742460164693170555e+00
6.729731780133072938e+00
6.486193195010373280e+00
6.357094872600534075e+00
6.478352760579007885e+00
6.340921687643682247e+00
6.716753263181034050e+00
6.586083305956573319e+00
6.590784407439650217e+00
6.666685485486274487e+00
6.587529580298912002e+00
6.573102916817100905e+00
6.492665405055768169e+00
6.599763305207917874e+00
6.724989899704213236e+00
6.389325562470952846e+00
6.737449384066502844e+00
6.566748256315519505e+00
6.801986156529383543e+00
6.791898447612841672e+00
6.822340074124482179e+00
6.890274311670675722e+00
6.534554899709465126e+00
6.510367706721655878e+00
6.756665003287820603e+00
6.780014281984363400e+00
6.702154684337290114e+00
6.466037223657074229e+00
6.504755741131952540e+00
6.544328911639864188e+00
6.450145508262087546e+00
6.601292769711490926e+00
6.800935238063337884e+00
6.668901061522205964e+00
6.840676363250929093e+00
6.794357838332024890e+00
6.614666369884717234e+00
6.528091804359505090e+00
6.476200033110208309e+00
6.524543279629264170e+00
6.570109543284742948e+00
6.653588388501999518e+00
6.596531706198094369e+00
6.708326601776412268e+00
6.830778927042475246e+00
6.707346987172399189e+00
6.679856437461926255e+00
6.903124218547348256e+00
6.705071192900873278e+00
6.825154845978230966e+00
6.876596820676526001e+00
6.612975918087044214e+00
6.789520861258266926e+00
6.862317272391585732e+00
6.830327737345962547e+00
6.633915702213623256e+00
6.463731406066250962e+00
6.549185307157974201e+00
6.633224576187503274e+00
6.613741856392564067e+00
6.563655829335649727e+00
6.567939529398755916e+00
6.877492733438753447e+00
6.760378138402294290e+00
6.757865680376311524e+00
6.797498739389991940e+00
6.792036520262905164e+00
7.002407893809123429e+00
6.913671763504544820e+00
6.952657547191743781e+00
6.787376270971199332e+00
6.859050165765549600e+00
6.916564921786745757e+00
6.679312421165131575e+00
6.621842270440940759e+00
6.599917559739095552e+00
6.857419023188758622e+00
6.887425103058630427e+00
6.759408883113337652e+00
6.740166895718563644e+00
6.645034533667564247e+00
6.768566988133938089e+00
6.905230137398556955e+00
6.804210443964379351e+00
6.704899294099297968e+00
6.867719574971711261e+00
6.979919506647561889e+00
7.106760105940040262e+00
6.943083741950428767e+00
6.942960141110626537e+00
6.956106702905690220e+00
6.865227193248853332e+00
6.765514539191160637e+00
6.996026839892574678e+00
6.845658609511485082e+00
6.780944657692539401e+00
7.031628256474229843e+00
6.733012623568763289e+00
6.607210787545435338e+00
6.875818965404893568e+00
6.634083130406824402e+00
6.956050073862243721e+00
7.071432959135276697e+00
7.100917385126073178e+00
7.133403707764652601e+00
7.270564467778696915e+00
6.698451171902384260e+00
7.188710116035771591e+00
7.050649115832340996e+00
6.616246330758298377e+00
6.641065988000849352e+00
6.543980464341592196e+00
6.603943537530262198e+00
6.651581875672630595e+00
6.653263290045672740e+00
6.782482913230496457e+00
6.912998834044325136e+00
6.740493575302914486e+00
6.944156174498958833e+00
6.855487312381720599e+00
6.757718454761169724e+00
6.914561408990976155e+00
7.065819083751228469e+00
6.730536903274329852e+00
6.625347467679441493e+00
6.682959215865667879e+00
6.585221381350243597e+00
6.866044529135524321e+00
6.957931185433998245e+00
6.793966778313262900e+00
6.641990838662009899e+00
6.596229201237359341e+00
6.519473243291415088e+00
6.602828630839844948e+00
6.432066321070487369e+00
6.466023121442463051e+00
6.552316203146302698e+00
6.575817586755179356e+00
6.522341924532023327e+00
6.563633628629360395e+00
6.762735780437664879e+00
6.504310237216890833e+00
6.724549218187482857e+00
6.748785395687895594e+00
6.697993408538795101e+00
6.640113223184423319e+00
6.889322215767505142e+00
6.955307663229183923e+00
6.703317636301095561e+00
6.605154832743781235e+00
6.638874133968814206e+00
6.619729507941250368e+00
6.459899724203810756e+00
6.427677125719682749e+00
6.543783461495718434e+00
6.566839119626509458e+00
6.364480890068946906e+00
6.385695110842352307e+00
6.393206215627442290e+00
6.673303706419329018e+00
6.783319567493156121e+00
6.692548573926571542e+00
6.733008609740338990e+00
6.848545284451251547e+00
6.791725198835846022e+00
6.541369690201261022e+00
6.623522316289427891e+00
6.511398200887742682e+00
6.546724404965672761e+00
6.736449966263767131e+00
6.686821952384333301e+00
6.662720131951531677e+00
6.729989086476481752e+00
6.812209384274171775e+00
6.703530665235783559e+00
6.703551775053087525e+00
6.855174015162816659e+00
6.791221478500133024e+00
6.635414035425973189e+00
6.654633575882308527e+00
6.591463414948091959e+00
6.601859060062714946e+00
6.824764649462439436e+00
6.688294192582230124e+00
6.625228680030472717e+00
6.688577262907836385e+00
6.673125453920166095e+00
6.903564334311064421e+00
6.766250760116567342e+00
6.919672944526536362e+00
6.813380544591931987e+00
7.111274645603515410e+00
6.994841677339859842e+00
6.927766854907222438e+00
6.701620355224967795e+00
6.856496025105337289e+00
7.101809622483439277e+00
6.950034480262475611e+00
7.072931971919073746e+00
6.868346390731566053e+00
6.892914503684461458e+00
7.004267084121356568e+00
6.632810261597625434e+00
7.063076855335902238e+00
6.940990152499553645e+00
6.871095727439346490e+00
6.592577843038569974e+00
6.688758884683973172e+00
6.777356532108322895e+00
6.716915938555271914e+00
6.741001630376204368e+00
6.625678029408731184e+00
6.546330700636791455e+00
6.506962340294693448e+00
6.709611228012397177e+00
6.765048474781162113e+00
7.054805498943571784e+00
6.746616469347952894e+00
7.165164785676185311e+00
6.613226336012510309e+00
6.779271544225183632e+00
6.778157263367844187e+00
6.684008749239754188e+00
6.869737097381987567e+00
6.731624586206345739e+00
6.677503097671110055e+00
6.960583450966518093e+00
6.920665882468783003e+00
7.092291984875837230e+00
6.961392400903000599e+00
6.919229351257668803e+00
6.806915575366099702e+00
6.525784946992774671e+00
6.744925179970969964e+00
6.748697067322303234e+00
6.736000133293000403e+00
6.884914858058725606e+00
6.775298066822231569e+00
7.044363135224811501e+00
6.930168840405644737e+00
6.971467036801067607e+00
6.898990425902971957e+00
6.739567622524032409e+00
6.772431830100619443e+00
6.672386002650455339e+00
6.817175147147008119e+00
6.515903315824649766e+00
6.682523507607839086e+00
6.680203847324471589e+00
6.456331473249767861e+00
6.652182314186733336e+00
6.567997073461752322e+00
6.825969320099791737e+00
6.495149950958250429e+00
6.632240671067158644e+00
6.595857791557426353e+00
6.755241319775214137e+00
6.744752841198826232e+00
6.740441437020236570e+00
6.970722510337002298e+00
6.836889853477270407e+00
6.773236415374382702e+00
6.855212380939170735e+00
6.605119735836351147e+00
6.914888369413045410e+00
6.955126064810333020e+00
6.773516178728502091e+00
6.673132755059381971e+00
6.833767923870148309e+00
6.766958636968246843e+00
6.736381526768106198e+00
6.602483857594540595e+00
6.625453653647208618e+00
6.775880583994276840e+00
6.859881040803716523e+00
6.875134070923039964e+00
7.271412341592833783e+00
7.128768396995788237e+00
7.161700739038372454e+00
6.744345941140147183e+00
6.422030775989689744e+00
6.408562288641782345e+00
6.638070180251345320e+00
6.828119774090894545e+00
6.737645448857477959e+00
6.751889102108224350e+00
6.722988923383021564e+00
6.635300410748163458e+00
6.532080199266508735e+00
