3.333333333333333148e-01
7.103879525114518145e-01
1.206265024747375625e+00
1.522677773236396304e+00
1.725904846184376895e+00
1.906783745544261555e+00
1.988454951068819643e+00
2.053769207583881151e+00
2.066170843480663599e+00
2.156108956705047319e+00
2.135694391892735133e+00
2.106364329591169149e+00
2.111206100179588319e+00
2.106209918629871058e+00
2.151131858214140546e+00
2.150745551043519832e+00
2.120124778880201344e+00
2.129907317088338914e+00
2.152231886386317683e+00
2.112306930362198187e+00
2.117600894321372440e+00
2.134649928396074259e+00
2.127289525516348867e+00
2.128322827382897131e+00
2.122402684749713941e+00
2.078366671848943081e+00
2.081719164598475391e+00
2.063946644345927783e+00
2.127362829486105777e+00
2.118329783786826237e+00
2.132746089470117123e+00
2.138825171237166867e+00
2.135883184723459394e+00
2.143636337974802242e+00
2.197354521596780685e+00
2.121598925493649368e+00
2.143786116560795207e+00
2.130960795752556258e+00
2.157967878880950874e+00
2.127298042974043124e+00
2.087088978095559710e+00
2.075237299684857373e+00
2.135775577847929707e+00
2.145586141865555518e+00
2.108903491520291329e+00
2.109831515267049262e+00
2.089806218807300109e+00
2.097344531284570213e+00
2.089622207354657757e+00
2.094543538720550657e+00
2.095431698153274791e+00
2.083661018531824283e+00
2.096658416948241843e+00
2.126187633355563378e+00
2.076231673770765340e+00
2.099725444759641846e+00
2.140348616419665451e+00
2.096881276764411606e+00
2.126374751763337567e+00
2.154376837455356242e+00
2.100385148425099935e+00
2.127954021746410795e+00
2.113096599377103146e+00
2.154123904951503743e+00
2.154614097343848123e+00
2.131322692913063310e+00
2.154955933260898071e+00
2.200673733114146824e+00
2.198849268167199167e+00
2.138148942547081433e+00
2.137966756199705554e+00
2.158607568525941378e+00
2.137911074595894245e+00
2.164260614336686928e+00
2.132552215619993419e+00
2.125304822926952664e+00
2.108634827674925827e+00
2.105686351410848811e+00
2.133613139142108039e+00
2.112888594193989888e+00
2.088666978400034235e+00
2.084858331756473504e+00
2.076181965202664514e+00
2.157462804852177118e+00
2.142896536796156770e+00
2.176413643133282783e+00
2.138297162694226206e+00
2.135843571648575523e+00
2.161362587739276808e+00
2.091258022377694648e+00
2.101665443254361776e+00
2.093151861636689315e+00
2.073430065783167464e+00
2.060487567345771431e+00
2.075284237599740234e+00
2.095857631718756497e+00
2.145107302483624689e+00
2.142418924161087368e+00
2.101615375465396784e+00
2.149294926896728075e+00
2.171720569998701222e+00
2.118166470083912678e+00
2.106685531741721018e+00
2.127234069902097957e+00
2.103443530779409709e+00
2.075503004455037548e+00
2.149711904456957701e+00
2.117967120123012137e+00
2.136064329143738227e+00
2.185900753101640781e+00
2.127989944935841038e+00
2.105744465302914925e+00
2.128792945444358153e+00
2.153288694618624710e+00
2.158305167668950642e+00
2.152625936344433111e+00
2.173211743157907883e+00
2.221500585862853150e+00
2.201674804341164471e+00
2.122629482164366976e+00
2.092593833315994356e+00
2.116236885921621180e+00
2.108452332195947410e+00
2.084855081138006216e+00
2.117046761267640242e+00
2.080893647218480691e+00
2.132273918358561726e+00
2.094938717949308415e+00
2.139217609318608382e+00
2.151685040439104579e+00
2.161424683618342169e+00
2.134373499178375155e+00
2.093239907378217524e+00
2.146934697314169860e+00
2.151565011241395542e+00
2.126194859804685144e+00
2.142985202134655598e+00
2.168183006233516341e+00
2.122670509731606092e+00
2.148152508579066033e+00
2.161320097807266194e+00
2.169807073303217315e+00
2.157635752435475673e+00
2.151340806025986652e+00
2.190375316193051258e+00
2.144852529089302351e+00
2.163486587681887841e+00
2.127341920593691871e+00
2.143036713407687976e+00
2.161911396540283636e+00
2.172715562886604168e+00
2.187903491799608080e+00
2.170298507431887014e+00
2.128644708469743296e+00
2.144845379094136639e+00
2.129617855838037421e+00
2.174442196365828472e+00
2.142475622215728404e+00
2.145901055628429255e+00
2.158207150728948864e+00
2.144247465146368103e+00
2.156443283281527457e+00
2.151397151117039108e+00
2.203309653619120123e+00
2.119034842247471406e+00
2.165901282800297700e+00
2.162505844803848554e+00
2.153010324239640561e+00
2.125227052232395941e+00
2.179160186888853712e+00
2.180047221922451151e+00
2.162362471173678191e+00
2.156896088145139778e+00
2.137560543186685535e+00
2.115100732772871694e+00
2.114398251818065511e+00
2.120021996198083070e+00
2.074801549534623479e+00
2.101421077554271655e+00
2.086910691164648224e+00
2.123071885313783103e+00
2.123402920905040236e+00
2.111290453759123942e+00
2.129222778642108960e+00
2.111124255810380212e+00
2.143690255167516323e+00
2.135786449844995438e+00
2.091801693175035837e+00
2.121387954689024635e+00
2.056539598274587100e+00
2.102089976493425549e+00
2.152415632759864472e+00
2.159168154183825017e+00
2.167375888844225162e+00
2.141741626590704772e+00
2.127152586474816420e+00
2.131119414963449810e+00
2.160610860429962976e+00
2.114614201025062812e+00
2.089842259760749776e+00
2.122263197175504157e+00
2.148023145914968346e+00
2.136310720596265700e+00
2.125292942467583490e+00
2.129224166444599664e+00
2.141697631610291808e+00
2.151202435304524041e+00
2.161850239323828582e+00
2.122379187756405106e+00
2.185064158692192837e+00
2.118691834910272132e+00
2.169301973197077515e+00
2.125619424098404320e+00
2.156331063101989187e+00
2.143940435012702928e+00
2.108532653339345586e+00
2.109343344188225888e+00
2.085944913136017043e+00
2.104166453112979340e+00
2.136478231561596441e+00
2.124753133137917249e+00
2.171413898057807934e+00
2.209454630743193704e+00
2.183800330425037739e+00
2.201228630027157074e+00
2.118843184213116349e+00
2.100757401110912248e+00
2.118308887870316681e+00
2.188616801182294846e+00
2.220236995783634093e+00
2.164854744964153532e+00
2.103180676520516101e+00
2.080151166422384179e+00
2.081116084187502935e+00
2.096721556949189047e+00
2.144770835570862566e+00
2.193249422839282037e+00
2.181941026801465622e+00
2.165780649195643726e+00
2.184229490879990632e+00
2.184743325116120349e+00
2.173248416553362539e+00
2.144972492906458861e+00
2.182171217057552237e+00
2.168808144573994401e+00
2.189435688053690932e+00
2.116961756833467323e+00
2.132810439875781672e+00
2.159695299147319503e+00
2.151301412186098272e+00
2.179236565196000619e+00
2.198509572879713048e+00
2.113154005063376584e+00
2.127964639141290970e+00
2.125557770138732483e+00
2.093218455594948235e+00
2.098813310895771611e+00
2.094527254827787566e+00
2.096148611127980121e+00
2.100718305131394459e+00
2.123464715873939479e+00
2.176443324076734243e+00
2.145678055031187803e+00
2.163241969252765795e+00
2.104630243754430197e+00
2.111857576958027227e+00
2.106280375496714541e+00
2.163821444918545112e+00
2.126984254804046515e+00
2.145192376236308540e+00
2.144586505245849040e+00
2.152460322478862320e+00
2.125350135315084543e+00
2.142782446043926203e+00
2.118857610735075614e+00
2.113264755683345264e+00
2.107462693558992850e+00
2.129355798897182517e+00
2.152687275800087452e+00
2.158251896496907296e+00
2.165650937104308671e+00
2.181144460711773370e+00
2.146397525288634256e+00
2.139824100439282173e+00
2.139191247161076337e+00
2.142114404726078725e+00
2.116495752264128338e+00
2.144263440339014615e+00
2.156112056841041902e+00
2.155258341750978524e+00
2.150648441131765232e+00
2.170532174736512943e+00
2.129979786093881611e+00
2.134343570942101032e+00
2.093861248002331088e+00
2.105163886789525485e+00
2.113479559153954135e+00
2.099881750329606334e+00
2.136217575358367426e+00
2.104145888540573051e+00
2.101607898182216605e+00
2.123903809333376635e+00
2.107784339432454246e+00
2.105007577763344351e+00
2.124152040295624211e+00
2.125860861606135188e+00
2.096414476407676197e+00
2.113028650302526845e+00
2.135005935560004620e+00
2.118828561219738393e+00
2.126416971740593631e+00
2.182102876143807269e+00
2.129100652903781032e+00
2.155680071401364195e+00
2.177128746693933081e+00
2.149283792047893105e+00
2.108777241831979676e+00
2.091694870817654373e+00
2.122597156335112256e+00
2.142174373848859670e+00
2.096086929427193102e+00
2.109720434173472547e+00
2.100339839948234477e+00
2.110942619035849788e+00
2.126925463134903271e+00
2.140867640242251735e+00
2.089258974534118796e+00
2.079919328587208405e+00
2.103513049336934504e+00
2.115401748009853922e+00
2.126862827317964832e+00
2.145536624451259922e+00
2.172954790434289851e+00
2.154155408461366772e+00
2.144789376020917349e+00
2.169373334627096028e+00
2.187364327762713501e+00
2.189605847526745031e+00
2.148823673878146323e+00
2.150994120274108301e+00
2.126732064255437038e+00
2.151063468974841797e+00
2.122103618138141190e+00
2.134724956405363194e+00
2.132869286895362038e+00
2.141803506164086990e+00
2.133771188295902732e+00
2.127391573473672803e+00
2.129246105486029883e+00
2.111345586656785844e+00
2.098673557386192989e+00
2.077216392288169899e+00
2.141408193805867111e+00
2.128588106880003217e+00
2.105014691356272838e+00
2.127974847842635242e+00
2.134607126676344890e+00
2.145390228369527197e+00
2.154766571634527228e+00
2.150805736052013639e+00
2.134806914993371940e+00
2.123605227272130413e+00
2.091099630894581285e+00
2.112655904767557935e+00
2.126172846901926761e+00
2.123488737512885915e+00
2.140124990713518027e+00
2.144024994501093406e+00
2.130531005606339345e+00
2.132525413134540582e+00
2.143595480117189034e+00
2.137809164604473899e+00
2.146847189763513519e+00
2.182037408687324209e+00
2.179209729319799838e+00
2.159611755679827549e+00
2.095831807296857807e+00
2.118767836639481317e+00
2.134739486722252000e+00
2.153235624957551497e+00
2.149156359885431300e+00
2.151511886398808304e+00
2.138208058818771296e+00
2.138449343399932534e+00
2.093564609581080038e+00
2.139761493974248641e+00
2.184693063477734398e+00
2.154658351068591493e+00
2.144724166031650725e+00
2.220395508259102257e+00
2.192996910960424373e+00
2.146761802201271774e+00
2.153423369836386048e+00
2.128565281313963276e+00
2.107374588888411449e+00
2.132693163447770601e+00
2.146913129343166471e+00
2.136761624953359195e+00
2.101505575891127187e+00
2.115570369483902979e+00
2.114253252154738139e+00
2.110633776494062364e+00
2.119004578770848468e+00
2.118794250117383982e+00
2.130354016890912305e+00
2.119295337366732035e+00
2.110262318440424334e+00
2.109768586475077701e+00
2.157640710760978298e+00
2.142832431567945672e+00
2.166944790926522035e+00
2.150730878854021366e+00
2.123343067960774100e+00
2.087824767161574169e+00
2.121620241555867814e+00
2.144012150994016430e+00
2.092180256188782561e+00
2.145663394947701530e+00
2.182353106792881192e+00
2.138896400636621120e+00
2.162065087251077600e+00
2.141417911384839723e+00
2.136541905108877870e+00
2.153035412059949305e+00
2.128899378165105105e+00
2.137147008602056975e+00
2.153006286148394732e+00
2.125611046067068965e+00
2.158113292519932447e+00
2.141878089708043831e+00
2.125450675815216961e+00
2.134865224674218354e+00
2.155151496530388844e+00
2.178226515471777702e+00
2.176114988526519411e+00
2.135822198530534344e+00
2.170292824519640007e+00
2.158264386456655970e+00
2.155454577243623326e+00
2.159056503822065487e+00
2.123268421135909634e+00
2.138148014954336595e+00
2.131063452492701238e+00
2.099309714041686536e+00
2.127591072072848366e+00
2.120315326402080203e+00
2.107982442065167383e+00
2.094253982996611807e+00
2.084779854755101081e+00
2.107077471952838899e+00
2.077964408276489650e+00
2.048743775677225543e+00
2.054839049248609051e+00
2.081302699407712176e+00
2.070705551842215719e+00
2.126412070289409595e+00
2.143626200745733623e+00
2.175050419842748717e+00
2.178758941581640851e+00
2.180696764190556358e+00
2.139793312775053469e+00
2.160412470901186932e+00
2.150032634994245129e+00
2.133261825487850594e+00
2.146649556887165744e+00
2.167703463154125654e+00
2.204321931751436203e+00
2.176507730200678559e+00
2.144781235830593324e+00
2.129572504019023427e+00
2.142004408546414496e+00
2.099866709150159050e+00
2.085551917788531551e+00
2.124679393585191534e+00
2.086006191996056636e+00
2.068315959408067339e+00
2.093914073956863131e+00
2.125658939418835214e+00
2.126793204767674084e+00
2.111623606253587138e+00
2.135982438573299280e+00
2.117339285826317585e+00
2.115206945234930025e+00
2.091776388001575615e+00
2.102618352694284987e+00
2.179457530472177051e+00
2.145094985153992884e+00
2.168914686249654000e+00
2.128362929333134979e+00
2.154424328348245599e+00
2.123819333326021130e+00
2.130790772140586320e+00
2.117256888887651733e+00
2.140175020770094694e+00
2.132885159202668302e+00
2.173567285994357334e+00
2.172897851773244682e+00
2.151629634242488542e+00
2.118073874344479357e+00
2.144888450422502313e+00
2.139551933375344106e+00
2.117674386976551748e+00
2.131881698258709879e+00
2.113008742698700093e+00
2.167636121870376353e+00
2.166391602626097868e+00
2.159861764973955989e+00
2.130642519055771622e+00
2.127954698464513683e+00
2.129602357212233343e+00
2.098527616743263824e+00
2.152335499990444045e+00
2.153896560153797601e+00
2.142117665194526843e+00
2.133581727479294088e+00
2.130033381451299057e+00
2.166683930604136776e+00
2.148037679593537863e+00
2.120345070015087874e+00
2.148587376928555503e+00
2.150235109535732825e+00
2.111503240143956628e+00
2.116119442043038035e+00
2.129334035264697889e+00
2.161255178238191466e+00
2.166516550842462419e+00
2.180043897540971276e+00
2.182827887358921526e+00
2.129379937739552808e+00
2.107811785588646902e+00
2.111990511371791168e+00
2.090044856510697269e+00
2.085518896419586543e+00
2.110908194457154607e+00
2.135958964326068799e+00
2.118395027383122464e+00
2.137241205941668998e+00
2.142180316196869772e+00
2.104055690758738439e+00
2.099868384335490390e+00
2.123823260417687653e+00
2.150155523279477343e+00
2.135509682013461141e+00
2.115551068616036368e+00
2.128815146737244923e+00
2.162372453446933740e+00
2.141974783926603898e+00
2.098247584986979941e+00
2.129259134512463625e+00
2.138955186206952686e+00
2.155583772939859255e+00
2.148583698084980842e+00
2.120599074050469657e+00
2.116770672513908824e+00
2.082273375694558837e+00
2.100715843118313053e+00
2.138913022464383751e+00
2.102909498023071588e+00
2.075632311741734348e+00
2.089286928477233296e+00
2.124412627863398573e+00
2.117628075833880352e+00
2.094289695950761310e+00
2.152580497129323867e+00
2.154761719711752566e+00
2.153437352643501779e+00
2.180890942415814493e+00
2.167146543169286677e+00
2.158465856333888766e+00
2.158601519017465886e+00
2.140918406731762147e+00
2.166409235989682713e+00
2.127247044907366824e+00
2.130301224171697871e+00
2.098050367774848990e+00
2.106490223231519909e+00
2.087697079915937781e+00
2.116259302183701507e+00
2.193793779307607661e+00
2.196979959669993043e+00
2.148333219570301544e+00
2.145054762664416970e+00
2.129325860162727402e+00
2.086409916956122768e+00
2.103157688924228275e+00
2.110555687856107809e+00
2.145447707523715497e+00
2.123060888223167630e+00
2.143482020290743417e+00
2.161452985573672603e+00
2.124527577862891814e+00
2.098335675795537814e+00
2.121128834745805047e+00
2.141469762077687466e+00
2.155507462831958154e+00
2.123979717424795854e+00
2.102244498789376692e+00
2.126695521996884608e+00
2.134629398923196586e+00
2.117193888406470048e+00
2.111091227610156551e+00
2.152001655166615013e+00
2.107469640320112525e+00
2.065558141015254368e+00
2.140043107259854693e+00
2.099881696016543842e+00
2.111956494227292147e+00
2.103702714077409830e+00
2.126464786315806155e+00
2.159795809378469045e+00
2.154026216392064264e+00
2.147094015652730281e+00
2.129334644379872188e+00
2.148147998742540477e+00
2.126601328990176398e+00
2.082780957031920899e+00
2.101133482732095104e+00
2.133249565184115681e+00
2.141423943291107523e+00
2.166606445881668286e+00
2.168849073041425157e+00
2.128368501767354370e+00
2.142850317154015638e+00
2.132234090446346819e+00
2.152596875739601678e+00
2.120664449574257038e+00
2.127324362156973958e+00
2.127194490203274224e+00
2.116578758420168516e+00
2.136625206086476325e+00
2.152313267013199916e+00
2.136837740358300319e+00
2.080253277366507003e+00
2.087257547494045795e+00
2.125049459613702840e+00
2.107412300485173251e+00
2.111011166271290929e+00
2.154915003513869998e+00
2.151203135553459322e+00
2.155542480036623854e+00
2.174742676665015306e+00
2.151710639989016460e+00
2.132711410524563256e+00
2.121032278984812613e+00
2.083972105082898096e+00
2.147370759902434312e+00
2.171841544938811541e+00
2.150843085956382073e+00
2.130044251673365086e+00
2.141828959322307657e+00
2.137615456666566160e+00
2.087897107651687456e+00
2.086438802502496248e+00
2.095563443000397541e+00
2.107474346315438396e+00
2.131395323916160933e+00
2.100988421012129237e+00
2.065674735116797667e+00
2.058601578473108873e+00
2.066602911050414715e+00
2.108373531281889424e+00
2.100436784623659570e+00
2.092413990422729686e+00
2.110005146223332684e+00
2.108404454008633078e+00
2.129557943740183923e+00
2.116832969912722628e+00
2.088432832581377241e+00
2.066549454867896429e+00
2.088861457080243067e+00
2.091243904728665282e+00
2.091577030281313032e+00
2.161159149597876805e+00
2.195262661243536861e+00
2.130233772609889886e+00
2.097474278633151279e+00
2.121576112940355419e+00
2.143707702548581562e+00
2.139513611364175727e+00
2.092018751986268299e+00
2.148532045358749532e+00
2.153576792925632866e+00
2.141831533443389723e+00
2.108910201418090047e+00
2.149124688761641533e+00
2.136251508812402999e+00
2.135375527102827853e+00
2.170000033204631418e+00
2.132626440342046514e+00
2.150631350272545816e+00
2.140597678392703429e+00
2.178197300918774726e+00
2.184907117776449859e+00
2.188416793773213964e+00
2.185874632748047830e+00
2.152812038357760915e+00
2.154044172901789178e+00
2.133683858367144470e+00
2.138661850952904508e+00
2.139590501738711570e+00
2.123547406056331965e+00
2.150157817819818629e+00
2.146246604785307710e+00
2.157180556689472173e+00
2.146182924400146685e+00
2.125722272997720541e+00
2.130724744033717588e+00
2.117033582187767493e+00
2.090549733715586278e+00
2.098876333575434572e+00
2.074363253615550740e+00
2.123438973867604052e+00
2.097494314292477124e+00
2.069340668309096465e+00
2.090592283054474532e+00
2.123040699071657489e+00
2.124603032265853120e+00
2.117576359007127262e+00
2.124704283459327492e+00
2.109815332380547304e+00
2.103963925515818456e+00
2.152747131342266584e+00
2.113244578204150237e+00
2.111798455735229840e+00
2.100178735998664781e+00
2.080639738710891251e+00
2.154743388322169828e+00
2.179645883780622295e+00
2.140722657623888026e+00
2.101623748016720583e+00
2.043281591668361319e+00
2.097972101991399718e+00
2.133252792394243258e+00
2.145368848548068197e+00
2.136754944052952521e+00
2.139139486712187121e+00
2.132664058800825213e+00
2.159340287024522187e+00
2.111174996064977272e+00
2.127114905249954280e+00
2.122274735136775448e+00
2.141891439699564526e+00
2.132963551946656544e+00
2.091370319606629113e+00
2.090310535712217810e+00
2.092175688784764009e+00
2.111970753283437752e+00
2.118304330066811847e+00
2.127379538468055387e+00
2.120617956569773810e+00
2.106122178440714698e+00
2.108088681614847637e+00
2.137711474773959175e+00
2.121544249140157490e+00
2.136732117398029818e+00
2.097612898248081503e+00
2.119190467274377543e+00
2.102102471390716598e+00
2.124924079422444212e+00
2.135414532200298865e+00
2.098888103008123451e+00
2.101045816975099179e+00
2.113269359393767477e+00
2.128700392438604094e+00
2.112155829626263248e+00
2.145096947590152237e+00
2.076969913204821605e+00
2.071723182067058744e+00
2.064081920657946601e+00
2.113371633909546521e+00
2.115316476516218458e+00
2.114521355572157812e+00
2.189441883308576031e+00
2.155125513663791459e+00
2.162549291263252016e+00
2.191857572713802771e+00
2.166335963325436431e+00
2.185368131181524287e+00
2.167579796573677164e+00
2.115059046646726948e+00
2.087919728803538710e+00
2.109600101277510742e+00
2.106301589920486883e+00
2.091840470845337308e+00
2.098973402503416796e+00
2.130007020215966662e+00
2.105537206872326372e+00
2.114733549579456362e+00
2.135717918082670419e+00
2.146284786812464151e+00
2.147976608703537238e+00
2.125060930051402064e+00
2.128981001405071183e+00
2.156886712512680049e+00
2.155091114497590166e+00
2.169629598345391486e+00
2.193381147475223614e+00
2.155116562294785876e+00
2.126724500411813157e+00
2.097706280225215103e+00
2.127787735355251897e+00
2.136713506000694096e+00
2.094351274338059454e+00
2.109000116317054196e+00
2.120539588786124696e+00
2.138293568247888743e+00
2.184915505378920653e+00
2.208402623220758976e+00
2.196671104689700726e+00
2.171762914600257055e+00
2.179778521433773264e+00
2.125241272206051857e+00
2.148844378266617117e+00
2.113063608112051295e+00
2.070709487049516184e+00
2.101000456060450272e+00
2.052230213646406565e+00
2.078978283621752965e+00
2.097413567804383927e+00
2.113073451430772742e+00
2.150742569386910219e+00
2.165693044976208181e+00
2.152379864798195541e+00
2.165613902287804482e+00
2.115607482428766506e+00
2.134707206986017347e+00
2.105120268718569498e+00
2.125460142186697876e+00
2.087705802143022371e+00
2.138439269845727519e+00
2.127661055047566752e+00
2.156628970764831177e+00
2.166130386433185784e+00
2.194571205400616343e+00
2.202170018032742149e+00
2.177629363608615698e+00
2.199890265907802789e+00
2.195673293652520730e+00
2.223722291111204008e+00
2.205714673296080175e+00
2.154976105129936315e+00
2.189435826060937007e+00
2.138651747344510134e+00
2.093454950136349524e+00
2.123421974920648214e+00
2.131639204661853526e+00
2.104745357843600839e+00
2.117952197435839512e+00
2.104897600402836133e+00
2.115825119937654097e+00
2.088010736910224985e+00
2.072273245519341334e+00
2.111257949515415788e+00
2.084840229494142161e+00
2.125602837300321291e+00
2.119919582064885955e+00
2.138301009085338489e+00
2.172724527374499726e+00
2.168529243842271192e+00
2.169257516438973799e+00
2.174781941030882404e+00
2.191603237779620184e+00
2.147645290162345511e+00
2.157729621336189396e+00
2.178758295452694504e+00
2.162873469378515878e+00
2.158777017026777489e+00
2.176231103041772474e+00
2.141255705446482693e+00
2.135861964994429041e+00
2.144959556912674259e+00
2.145197296844864265e+00
2.174713050458954022e+00
2.147203831563307297e+00
2.165767251852873887e+00
2.165674702930250994e+00
2.163973344627582396e+00
2.170787661427514781e+00
2.190324187322044036e+00
2.142047334762557931e+00
2.110762530476339993e+00
2.115935859158655674e+00
2.092814482932620290e+00
2.069695886095297865e+00
2.057069529398836583e+00
2.065173245021394877e+00
2.100327060722576800e+00
2.125819063837162570e+00
2.115873868259712687e+00
2.113696420226923500e+00
2.150406536952440995e+00
2.160972538657127906e+00
2.176342514243334136e+00
2.144909056029526528e+00
2.094492911765999388e+00
2.113044455032169644e+00
2.121146403691411386e+00
2.187699600231109098e+00
2.137524510281723966e+00
2.112298621503984286e+00
2.125218862052008717e+00
2.123360977098049940e+00
2.108490640775045222e+00
2.101807152039776305e+00
2.117366960742688153e+00
2.111354253750524101e+00
2.129783737005716659e+00
2.120332442573380938e+00
2.132378857174189069e+00
2.108739094810408332e+00
2.118593586452509392e+00
2.132050886415720825e+00
2.113483513724438545e+00
2.132979968441520935e+00
2.103426559889447933e+00
2.150294394445303681e+00
2.127952754232181221e+00
2.106163181067385981e+00
2.136340349475485123e+00
2.149171196228147007e+00
2.137651353782238139e+00
2.130359363020835506e+00
2.118288551178398649e+00
2.103346735064394402e+00
2.093353078890202390e+00
2.116472248207944329e+00
2.112700791062458894e+00
2.156036117232836613e+00
2.129036793947581607e+00
2.113515401643501157e+00
2.114596705660060749e+00
2.110522303708774583e+00
2.081580129187773576e+00
2.097838661984260167e+00
2.142514714594018876e+00
2.131883221308051191e+00
2.122795218462235844e+00
2.163864437288794740e+00
2.156504441099795333e+00
2.161835446159943608e+00
2.111447991505359667e+00
2.134072754369864100e+00
2.124137311846406195e+00
2.104882902318108151e+00
2.089458237043089639e+00
2.146257384726405260e+00
2.154631847359850472e+00
2.148087022652869216e+00
2.162786160698137117e+00
2.125480953995932509e+00
2.129464016458368469e+00
2.149108624144466795e+00
2.151818656698068377e+00
2.180679182115999648e+00
2.189471693332468938e+00
2.166229539525012626e+00
2.132716659845274698e+00
2.134649348149573189e+00
2.187253233012759868e+00
2.154299773970315801e+00
2.158439575994868687e+00
2.141867239323017369e+00
2.066301909577547669e+00
2.083101773890212005e+00
2.088560089064432024e+00
2.099477680416232062e+00
2.095389860555286088e+00
2.104043974941343542e+00
2.100113369674294184e+00
2.059693228863316516e+00
2.091222275417157661e+00
2.092682956263264948e+00
2.127661245705460669e+00
2.088349018949759550e+00
2.133579566630606994e+00
2.153305056608538770e+00
2.145346098815367419e+00
2.157972588931140745e+00
2.118269272252744972e+00
2.136455923645261379e+00
2.120197359257977698e+00
2.118747511190768762e+00
2.100979633925336376e+00
2.141699972571693866e+00
2.168693444012885330e+00
2.147898789429754984e+00
2.148766430993502841e+00
2.156872562530858684e+00
2.148955092950002310e+00
2.157545925029116241e+00
2.144163879250104099e+00
2.133984419192775484e+00
2.130855565888352121e+00
2.136523347207165191e+00
2.142768020357021630e+00
2.145878524358409756e+00
2.165545564613026830e+00
2.137591343028172108e+00
2.107417044439114484e+00
2.103089307777254113e+00
2.100926278839118311e+00
2.078723638611488234e+00
2.110478867534036684e+00
2.068322788313257110e+00
2.108334340318506417e+00
2.175371876803619209e+00
2.144416208967413695e+00
2.111579166238832350e+00
2.140694697567333993e+00
2.130476162261504047e+00
2.114058153619417180e+00
2.121314657826822270e+00
2.114207936432256574e+00
2.095798768323590355e+00
2.116813834510338221e+00
2.105378156059470651e+00
2.113272004643337088e+00
2.105789445344420141e+00
2.088389565731382458e+00
2.161669588372665096e+00
2.157858462298706037e+00
2.094354082964036134e+00
2.145168954362200342e+00
2.121914096977792319e+00
2.134965930182606719e+00
2.168569142180345466e+00
2.159499263998953644e+00
2.153773709722990759e+00
2.152964871924696766e+00
2.129786638981886693e+00
2.164274157280184685e+00
2.122156741585223383e+00
2.132362387636346668e+00
2.111515651952147632e+00
2.173275274407989954e+00
2.166957267090309003e+00
2.135815771115300521e+00
2.137574463099230382e+00
2.129041806287359062e+00
2.161909308638810590e+00
2.146742061671089274e+00
2.134775236601422321e+00
2.163154757846738274e+00
2.138409794787488050e+00
2.138269225587513755e+00
2.086960633215855232e+00
2.140965554601089504e+00
2.180552686743381319e+00
2.092221157697331080e+00
2.126493638964138455e+00
2.095748750649862213e+00
2.089122274291453252e+00
2.086420955289474577e+00
2.086864761934254187e+00
2.087554336123419674e+00
2.127683735708345569e+00
2.161229057757783512e+00
2.181435745895587086e+00
2.157173870565401774e+00
2.186979249870967479e+00
2.119164270187923638e+00
2.122708072827608650e+00
2.135133312721588350e+00
2.162063303876707199e+00
2.148102671107500417e+00
2.128652514763201165e+00
2.128171309938529987e+00
2.116863921158108841e+00
2.141330662270391816e+00
2.176035019961308770e+00
2.140213734160645309e+00
2.150390833727483297e+00
2.167789093157007407e+00
2.121951136352469014e+00
2.136820171144509839e+00
2.149191087720855098e+00
2.112222391985358438e+00
2.111655129264915498e+00
2.119507939478052716e+00
2.148029541896739225e+00
2.128880318606517275e+00
2.137688295388239457e+00
2.180703299846072696e+00
2.148876752724369066e+00
2.166519072111110500e+00
2.155925983747871921e+00
2.095635996256757672e+00
2.119076758949367090e+00
2.161953683786685509e+00
2.195281339338527982e+00
2.148348828410750144e+00
2.172507995497461764e+00
2.108117846838639231e+00
2.108422969436638095e+00
2.101136997269799966e+00
2.099469044281520258e+00
2.139870381945094824e+00
2.071815194238530555e+00
2.092053953565443436e+00
2.099663072257498708e+00
2.082582362130392717e+00
2.135348355935822617e+00
2.130972380353969520e+00
2.134668476147293159e+00
2.099357035448392139e+00
2.140864270771519529e+00
2.165196824049435254e+00
2.143126961436943478e+00
2.170985735905476943e+00
2.185625791477756596e+00
2.142311758169673119e+00
2.099649449464802586e+00
2.150420390312682173e+00
2.146561702798092774e+00
2.126183744404054554e+00
2.116715637422607710e+00
2.148623753529492308e+00
2.147093092598654884e+00
2.172134698193977087e+00
2.148439066007007181e+00
2.130325972547989277e+00
2.106903860624453451e+00
2.147802883853714206e+00
2.173207389398485567e+00
2.179178960331878745e+00
2.162819456575882260e+00
2.197766581525899543e+00
2.184193943650868164e+00
2.147140644251954722e+00
2.197774898234452046e+00
2.209454669174476305e+00
2.164208359675229509e+00
2.115769093998103312e+00
2.133917096355712140e+00
2.083765810321857703e+00
2.103353191458708693e+00
2.119657432388280860e+00
2.139283441395796626e+00
2.095775992568129631e+00
2.091844133028481156e+00
2.126610802154520030e+00
2.187521584752456061e+00
2.202481582551400585e+00
2.176918380418960908e+00
2.191259986084301836e+00
2.125232379574142350e+00
2.114695391237921385e+00
2.114826575651421958e+00
2.132696996727151628e+00
2.112198678907691196e+00
2.108516265434936088e+00
2.136060591354865590e+00
2.138451206441435826e+00
2.119583764175517082e+00
2.144884015233718078e+00
2.114210868196894300e+00
2.163459145669064387e+00
2.193012075899410718e+00
2.119431538081131272e+00
2.129276870789664322e+00
2.068026514332129917e+00
2.087669147708027140e+00
2.095212354994071990e+00
2.130571969946682742e+00
2.127044326534980989e+00
2.137422338288184953e+00
2.144722329253561988e+00
2.146382390222282943e+00
2.130786125072732240e+00
2.146609815394723508e+00
2.148997141976416003e+00
2.169499707366815411e+00
2.202378987784449293e+00
2.151753450054109784e+00
2.163055151750912231e+00
2.136447179740310176e+00
2.138906430591534846e+00
2.144400973967223845e+00
2.120104815835275325e+00
2.113466432865302114e+00
2.124604697393512875e+00
2.098754905460486153e+00
2.124871769431269986e+00
2.093509481631439240e+00
2.100572079696154670e+00
2.149487102696638008e+00
2.134507738881402883e+00
2.136887686127324049e+00
2.203246794615631554e+00
2.159962283726386545e+00
2.170627774079981531e+00
2.174871225537391428e+00
2.130581629157590751e+00
2.099501599714833855e+00
2.039689773695236852e+00
2.109943583713176363e+00
2.094819754798182831e+00
2.094387620844955222e+00
2.107824535751350759e+00
2.155679327439365522e+00
2.147887698364951081e+00
2.095863803683928772e+00
2.113198605560146159e+00
2.084354585763907863e+00
2.101578355141707100e+00
2.129724422828122687e+00
2.138818209301585505e+00
2.126783122170072815e+00
2.129507029981175581e+00
2.179247650424758209e+00
2.158066143148724692e+00
2.145628879754318596e+00
2.131800221826906316e+00
2.117358948533169638e+00
2.148796812676199597e+00
2.164516952351878576e+00
2.115684101709629061e+00
2.090267218439558317e+00
2.113549470842447153e+00
2.106005605035002226e+00
2.111354793694731669e+00
2.130456711095514599e+00
2.097579001993683967e+00
2.116710973040184740e+00
2.137212100057941377e+00
2.110296173677107756e+00
2.094286447456285227e+00
2.119375220458106668e+00
2.132815742025992556e+00
2.148691884851746448e+00
2.144329610097199801e+00
2.119832403792781150e+00
2.136531532745800543e+00
2.116801328557592399e+00
2.104936678550810569e+00
2.089874613481535359e+00
2.067728017902199067e+00
2.099446352810892424e+00
2.146047675463919280e+00
2.101516871596522229e+00
2.091037077276375555e+00
2.082059656679723592e+00
2.122957875859357912e+00
2.087618097584289956e+00
2.119435093134900416e+00
2.118603598082736905e+00
2.101887428396106205e+00
2.129650213041029083e+00
2.165264868894975603e+00
2.159323272156886020e+00
2.140178582183088540e+00
2.098494770274518029e+00
2.131665623884300587e+00
2.113011529804724287e+00
2.111780916792604046e+00
2.145455796006201954e+00
2.135845895826518515e+00
2.135367526765947765e+00
2.185350661773898029e+00
2.167496508001635291e+00
2.131061247746928178e+00
2.115516757731692010e+00
2.142359128674846680e+00
2.112440239267658448e+00
2.095972806772846919e+00
2.112825893817536382e+00
2.107393127763234730e+00
2.131739847945993471e+00
2.164202409447530062e+00
2.169372479325532233e+00
2.177820012433265617e+00
2.184047513737779056e+00
2.177460282555736537e+00
2.165604664081547615e+00
2.126469590584856739e+00
2.145747080830056053e+00
2.126920335194867562e+00
2.107198994146008086e+00
2.134953125608186397e+00
2.147963135606310026e+00
2.122480335631648618e+00
2.117411334121290789e+00
2.124200880430626270e+00
2.159955946543637761e+00
2.163548314499493141e+00
2.179584379671643646e+00
2.172857847478582904e+00
2.169963130790083294e+00
2.127127578101242644e+00
2.101699568552719555e+00
2.110895130937436637e+00
2.142718425011362449e+00
2.159171995898985674e+00
2.151707029516947145e+00
2.178317909403265418e+00
2.167162320922374263e+00
2.170254562262546205e+00
2.144863148856885005e+00
2.157153464452274516e+00
2.179532247183820992e+00
2.161681640694453677e+00
2.141394204689370362e+00
2.144855806908996687e+00
2.132020460226221381e+00
2.097965968756793753e+00
2.129826833111911455e+00
2.153515697211321633e+00
2.143524056220992513e+00
2.097393355911647994e+00
2.151894686932642742e+00
2.138284796094267470e+00
2.134603364405494919e+00
2.142562697928196425e+00
2.150002372096928571e+00
2.134650472734494819e+00
2.136920980955645533e+00
2.137369420008127019e+00
2.135480410503347137e+00
2.209372841746203520e+00
2.210104163636251062e+00
2.173059777978635143e+00
2.148252748193686390e+00
2.152736596657964352e+00
2.135348022952316960e+00
2.139149877306279812e+00
2.150397169477134440e+00
2.148334098066464026e+00
2.098124695170519249e+00
2.116684920156743921e+00
2.109463327081179784e+00
2.066466823279444753e+00
2.071980364020513221e+00
2.115274706244421044e+00
2.104622079509991472e+00
2.107775229964268249e+00
2.139425323331660245e+00
2.107242670566624732e+00
2.076470689242872147e+00
2.041988560473070535e+00
2.071157930036105377e+00
2.075878652352606935e+00
2.138982389581672194e+00
2.136790035469882554e+00
2.137243315878678107e+00
2.127686278866629976e+00
2.107484841241012763e+00
2.129259914199676640e+00
2.177689423161339732e+00
2.180422675607258221e+00
2.138671860172019379e+00
2.101722421610554559e+00
2.092786704981115964e+00
2.082882486347354511e+00
2.089697086603808707e+00
2.105938728882057021e+00
2.134092644888905266e+00
2.119089182506808111e+00
2.130791057337301897e+00
2.143966465199789617e+00
2.148755080496415282e+00
2.132229253894970089e+00
2.121449050721123442e+00
2.166244688439692645e+00
2.149322841833705588e+00
2.130768120400132748e+00
2.154360557618218763e+00
2.135815201144351860e+00
2.131279666080352353e+00
2.146409213840627661e+00
2.133195198980571750e+00
2.112993034356795530e+00
2.148026115367913214e+00
2.112006456488218831e+00
2.140368785901573201e+00
2.111111026195967799e+00
2.114641135258195970e+00
2.142795332864684710e+00
2.181856838233779960e+00
2.168226368776701385e+00
2.162994898450101733e+00
2.152541792799305576e+00
2.156568770374825306e+00
2.145168381570814908e+00
2.167498997703940056e+00
2.175166056471157905e+00
2.180345888264610288e+00
2.183332170270741557e+00
2.200827279182399288e+00
2.169419858047404670e+00
2.171143347438845073e+00
2.169613019646509766e+00
2.187023265176625486e+00
2.200739439318462942e+00
2.153429843633956509e+00
2.157736448506554439e+00
2.157059227859514650e+00
2.149286926870078052e+00
2.140099087900129593e+00
2.116056126952461369e+00
2.068945327652912614e+00
2.092413302247895679e+00
2.095615777571280258e+00
2.143525196390799081e+00
2.133384158644807904e+00
2.110791278925953307e+00
2.113185381749778546e+00
2.095075369877855920e+00
2.124349628264229128e+00
2.127067864288362919e+00
2.177180557409469142e+00
2.201722782233934694e+00
2.158612189013225269e+00
2.159188681403471755e+00
2.112462898868148642e+00
2.118594826263017428e+00
2.090135784461236046e+00
2.100297544598891619e+00
2.121353228368366484e+00
2.068627978909038490e+00
2.082690683602521187e+00
2.147689060148646245e+00
2.116615122655057135e+00
2.200861655923497917e+00
2.142850814379208657e+00
2.155160815258049922e+00
2.171622675671877278e+00
2.123246252554342739e+00
2.137802983254786682e+00
2.117764336489653232e+00
2.110783231437258323e+00
2.109160340576325954e+00
2.131890983451345534e+00
2.121420922774952533e+00
2.095058829167655290e+00
2.093545117436332426e+00
2.108005758760920223e+00
2.108232006939897207e+00
2.060556780637759378e+00
2.099489755350009812e+00
2.109102382678603060e+00
2.088179368854988560e+00
2.095097925183867282e+00
2.122048634170339287e+00
2.106690059850688801e+00
2.106329428519297053e+00
2.073118301476348346e+00
2.120042413282945848e+00
2.133924567667126571e+00
2.152973768766718088e+00
2.156653305654120611e+00
2.136991315153324411e+00
2.161700219334778961e+00
2.181257615053424637e+00
2.163659965856641776e+00
2.140168023345497605e+00
2.134076588900931437e+00
2.166102444837676000e+00
2.197632729807756924e+00
2.201785314324113063e+00
2.183208797962409076e+00
2.163488095976999315e+00
2.134460364601872495e+00
2.150359120612682418e+00
2.143921593643447032e+00
2.140216086194917988e+00
2.129929173019366573e+00
2.166443468300164099e+00
2.182344469285136146e+00
2.116527473447391117e+00
2.084834998730412448e+00
2.148568406944684206e+00
2.149908805375313037e+00
2.137050783091895223e+00
2.119982085193677701e+00
2.094050285702631076e+00
2.105929109362792317e+00
2.124083997372662846e+00
2.140862117455480274e+00
2.175127446722854963e+00
2.172039257396868983e+00
2.119795137074726110e+00
2.102524296611678167e+00
2.092794065039892626e+00
2.147195496766970191e+00
2.120418650689589235e+00
2.113352261447167368e+00
2.107190172060966926e+00
2.154695373367032207e+00
2.142343527223807609e+00
2.100106751406020322e+00
2.122858411407476886e+00
2.147080446004814736e+00
2.136865379552454147e+00
2.137840508445221221e+00
2.127946260763227126e+00
2.146672649774023167e+00
2.110530513611652559e+00
2.083230860813884089e+00
2.097800784174182365e+00
2.108883672431004719e+00
2.107866811173023880e+00
2.124928910675871307e+00
2.177489204925899813e+00
2.132728320562767177e+00
2.124508264109411737e+00
2.097182766117982933e+00
2.110920252471132574e+00
2.104363419599514895e+00
2.100123112508695655e+00
2.110446920492064393e+00
2.057505444043086662e+00
2.090969265413020306e+00
2.056016330663235525e+00
2.075843572292088268e+00
2.106895644583841598e+00
2.072540681323726819e+00
2.087677176436637527e+00
2.050183009657551292e+00
2.102524741226210470e+00
2.097973491216168718e+00
2.138607320158835812e+00
2.146371640729412444e+00
2.117768841370241795e+00
2.099359082044096159e+00
2.105176262641623275e+00
2.099884132019286920e+00
2.100918802684308417e+00
2.125891255158475879e+00
2.141857485345966872e+00
2.124892574088377284e+00
2.110001158567679003e+00
2.123630953885619288e+00
2.157487565286788200e+00
2.126437057747236015e+00
2.128761859117898503e+00
2.136362758342930768e+00
2.147293668818589740e+00
2.142288361694633103e+00
2.152935619655388155e+00
2.188546990827993977e+00
2.186416085500073159e+00
2.184512814573960515e+00
2.149420770873510911e+00
2.147841268499013356e+00
2.120592321593186558e+00
2.156056557702925591e+00
2.160126369413356340e+00
2.201004319989722902e+00
2.140778437926166955e+00
2.119468720798245887e+00
2.180764677599945411e+00
2.143454145670949273e+00
2.236370746065688309e+00
2.158733450414231481e+00
2.138391997122078614e+00
2.130335392681788065e+00
2.143644112797267631e+00
2.110663630507505051e+00
2.131993804849903640e+00
2.120591519989361906e+00
2.069122284928685662e+00
2.124525003277922597e+00
2.129057322229054527e+00
2.174781048697889130e+00
2.192032824244608769e+00
2.183809727762406006e+00
2.147586563962711637e+00
2.165834457746530273e+00
2.146510175247553942e+00
2.163058763319960054e+00
2.173210503330235355e+00
2.185843880375420323e+00
2.181017508736101895e+00
2.159259555324277713e+00
2.195368352826667646e+00
2.166281079585773206e+00
2.180884975168214002e+00
2.187064016066468941e+00
2.187567793700713192e+00
2.138699785403046061e+00
2.168797710387829980e+00
2.110978035670089348e+00
2.098993798457023274e+00
2.132638445066289634e+00
2.145405794246689091e+00
2.148462446717836372e+00
2.151047232949886645e+00
2.115198421722255695e+00
2.130065621244721985e+00
2.140832297229486869e+00
2.171320532996354302e+00
2.145348983366747841e+00
2.115864720021200185e+00
2.107195850414575133e+00
2.135017043504102929e+00
2.151813791373235585e+00
2.125701543669416882e+00
2.167375818786760888e+00
2.137489727719605881e+00
2.089623283308272850e+00
2.128347267270258136e+00
2.122068959958579359e+00
2.157637226328663616e+00
2.161316135078464651e+00
2.229593203017925074e+00
2.145592941977410462e+00
2.160518913198666624e+00
2.151782516434976422e+00
2.149568473071788777e+00
2.113379772702064230e+00
2.106106133427405602e+00
2.136080366400835207e+00
2.156337196515381027e+00
2.139333915036890854e+00
2.114121962079698491e+00
2.125713648403348977e+00
2.122443436410958562e+00
2.175337423518187929e+00
2.151764907898622958e+00
2.123940100564216671e+00
2.152124768787136322e+00
2.166038197998087167e+00
2.223194188419755690e+00
2.186587692947232764e+00
2.177306927445164852e+00
2.134097422247690723e+00
2.119680633218004928e+00
2.103752950253579446e+00
2.139894171567540138e+00
2.101846608123497884e+00
2.128703028232302952e+00
2.129501755451115752e+00
2.158721486114591581e+00
2.147820941594126509e+00
2.190689159228155880e+00
2.176083016653050262e+00
2.154614461194519937e+00
2.136740964716123958e+00
2.129360617538559541e+00
2.093082637888089792e+00
2.089651178873910276e+00
2.137701177206169589e+00
2.140435912638774418e+00
2.137382422198228049e+00
2.121451126711315194e+00
2.150096883892861133e+00
2.191502486342201461e+00
2.158701102439830155e+00
2.171400282106088042e+00
2.165466016413266193e+00
2.153250993355348974e+00
2.147281260868354025e+00
2.178620631710204147e+00
2.144455517278265333e+00
2.150706532153791706e+00
2.165589567017613959e+00
2.123773561734856763e+00
2.153104308949105761e+00
2.089691917069131044e+00
2.128897434845909320e+00
2.184523388386403919e+00
2.150909950591865627e+00
2.163099077811290627e+00
2.147675591477247625e+00
2.128747203403128285e+00
2.134547562882486815e+00
2.180749785552889897e+00
2.137315178748568023e+00
2.129367217576799920e+00
2.141580952523439052e+00
2.172139075709110578e+00
2.158860915967073524e+00
2.198410348853048202e+00
2.152536509097570327e+00
2.143598213482186932e+00
2.144134298904733171e+00
2.195251197226226303e+00
2.174323230962389886e+00
2.194571518929156806e+00
2.156346117598206824e+00
2.160950218984146076e+00
2.150868381811195107e+00
2.141508719721284315e+00
2.132673684002078129e+00
2.176045510183842513e+00
2.142721350466655128e+00
2.113160516318818516e+00
2.118854678432750660e+00
2.111221755775210429e+00
2.123777006631118347e+00
2.113518230497890560e+00
2.122443833524797707e+00
2.134302002506414553e+00
2.145897312058014261e+00
2.155301833551783730e+00
2.172476380526793260e+00
2.136928501103466438e+00
2.120440818407173023e+00
2.139222458732198628e+00
2.129795003855416535e+00
2.124872292033210819e+00
2.130737137897711797e+00
2.175280118201118107e+00
2.197041633146274098e+00
2.156684662602067259e+00
2.142331673739361175e+00
2.121333797511654407e+00
2.134685491475155406e+00
2.119646151656330524e+00
2.141608991593952016e+00
2.154765489424539382e+00
2.152742296314453352e+00
2.149567767154826559e+00
2.163317389041122141e+00
2.149804155486854995e+00
2.121897321030741246e+00
2.102706980974763606e+00
2.124761675798339855e+00
2.130633331519005580e+00
2.135491264272915579e+00
2.180962376575592110e+00
2.161526613793852913e+00
2.160926895943068526e+00
2.155823434944089012e+00
2.151209455166893658e+00
2.136739295795225591e+00
2.092757934601046532e+00
2.102066254723385708e+00
2.117987379848490281e+00
2.111186331127644422e+00
2.127566666463524214e+00
2.147603450096011279e+00
2.118076329878437303e+00
2.140508503221433489e+00
2.162750883610153441e+00
2.115406928871368386e+00
2.112954556251012139e+00
2.106459079742636131e+00
2.133242034910211693e+00
2.089816081028102346e+00
2.119154136517410247e+00
2.172785429616798769e+00
2.109710775632236857e+00
2.123664869780264031e+00
2.094330712484672397e+00
2.125241206492685997e+00
2.116974544119416990e+00
2.169942493578035592e+00
2.138752503517923120e+00
2.105970043563707428e+00
2.145087507144204153e+00
2.118970136159656459e+00
2.092614306386252565e+00
2.100755124784618566e+00
2.114001435371690718e+00
2.117795564887191340e+00
2.122157612437228114e+00
2.120146387154914436e+00
2.140877018377786101e+00
2.110267637557541764e+00
2.131605476739320881e+00
2.139249030758665793e+00
2.123791882081254023e+00
2.107698769856606980e+00
2.084888264498532262e+00
2.122809166406300463e+00
2.110202962362548451e+00
2.150814183757142395e+00
2.126567753790793880e+00
2.114326301651876516e+00
2.125984501628855661e+00
2.118533584241276913e+00
2.131237331285939174e+00
2.122961453566922785e+00
2.136273723534181102e+00
2.127632558208515157e+00
2.134232412002917467e+00
2.138485533767427782e+00
2.126537073824640522e+00
2.110988728425181815e+00
2.141033248332547156e+00
2.152330775369751148e+00
2.144912537078355719e+00
2.159665369552794090e+00
2.137109746882647432e+00
2.153689409845914504e+00
2.107710254753669687e+00
2.077726310517862274e+00
2.088606328298291182e+00
2.075724333876739713e+00
2.060053458603445353e+00
2.062689701222210736e+00
2.100113070697923412e+00
2.111640874888567332e+00
2.083263931513633427e+00
2.096969281857249623e+00
2.146216055293398650e+00
2.144797232616571403e+00
2.151655217560254130e+00
2.131341724025998197e+00
2.117641544381752450e+00
2.101538732047792291e+00
2.118388795950935766e+00
2.139702231783239927e+00
2.135476971315880323e+00
2.142156311022749726e+00
2.101428388134255698e+00
2.109870059139534515e+00
2.114583168960269433e+00
2.154125515684143455e+00
2.118906774767856493e+00
2.142154296586856521e+00
2.121539807927992349e+00
2.173593432973438322e+00
2.174483359738541122e+00
2.129703528362504983e+00
2.132392352964479265e+00
2.142945325934755285e+00
2.151842344353393610e+00
2.138921295004076573e+00
2.118594628087982823e+00
2.098748496980973322e+00
2.138030597609576144e+00
2.117474634446887105e+00
2.121010766785326851e+00
2.106721237668716995e+00
2.103251695341733729e+00
2.075041998064913074e+00
2.036629228380624657e+00
2.095534505562479666e+00
2.099583753395080077e+00
2.092483844936273929e+00
2.131058344877578392e+00
2.122767752204541836e+00
2.113762862640252038e+00
2.159487260524216357e+00
2.131773628577138258e+00
2.178497789972557275e+00
2.118378369827640384e+00
2.101224557347769473e+00
2.127134902220648272e+00
2.110388396501025721e+00
2.131547071082638745e+00
2.126374249959904539e+00
2.170761337003339619e+00
2.153106028432227426e+00
2.146752960323342396e+00
2.173432657000042401e+00
2.101240537969623290e+00
2.099394420853600174e+00
2.150024798167855966e+00
2.162974051233232498e+00
2.149656202592582499e+00
2.123135395111812151e+00
2.103061744285054324e+00
2.128189720280563968e+00
2.127264774025376504e+00
2.126967726047924057e+00
2.124266238213788682e+00
2.143673091847234424e+00
2.135189502450236088e+00
2.140626436222624385e+00
2.108265287201821714e+00
2.121146294529736132e+00
2.148957348843007154e+00
2.126405140991427523e+00
2.119510533716558509e+00
2.131118356466246144e+00
2.105113299426297324e+00
2.106579555970803597e+00
2.125752955895212182e+00
2.112016092543445467e+00
2.149747088561559938e+00
2.146836574916888285e+00
2.189739582664072870e+00
2.141539737542932365e+00
2.140418863511121206e+00
2.143980759226087773e+00
2.197059809342012837e+00
2.175530874511418133e+00
2.197654533435403401e+00
2.173028277074958936e+00
2.147943863870614312e+00
2.155805719763993267e+00
2.106665534518106675e+00
2.108753090279171349e+00
2.108414166748407759e+00
2.125168495026443782e+00
2.139287490363763755e+00
2.113293696089051377e+00
2.102520911719294894e+00
2.121205226229336827e+00
2.117631379414464554e+00
2.120496746604083160e+00
2.124561820540626478e+00
2.138516823028131508e+00
2.099306786534063551e+00
2.073336045689837537e+00
2.080780271034284645e+00
2.095444801274886970e+00
2.102368772273904174e+00
2.092880909433265213e+00
2.111342125002702019e+00
2.150419353165407887e+00
2.174929694936093227e+00
2.165312255254057572e+00
2.154544097378423562e+00
2.118982842961231849e+00
2.130557186013291027e+00
2.131327565560916959e+00
2.169062935784254353e+00
2.137089355179218053e+00
2.108970016847603546e+00
2.128852433857575388e+00
2.117206979298252190e+00
2.105001186743238772e+00
2.154095526232709279e+00
2.132328019507411909e+00
2.151195971272729324e+00
2.156607751109734572e+00
2.129952935331385522e+00
2.154446772470708815e+00
2.154037490581676373e+00
2.167233839302688647e+00
2.163093937297555058e+00
2.142594005113565014e+00
2.139497963144714188e+00
2.167976119207040142e+00
2.122285200631878865e+00
2.125657518287083381e+00
2.135912468679804999e+00
2.140195926779808300e+00
2.115748553339537708e+00
2.114352699850446715e+00
2.112527609725685984e+00
2.114303502275881375e+00
2.134775752235484436e+00
2.160923547246341059e+00
2.203201200274080396e+00
2.170462113439323826e+00
2.168249995381641870e+00
2.184849525433635087e+00
2.231549170573007501e+00
2.157429749458794621e+00
2.155739091257375062e+00
2.178852451694731851e+00
2.156180484996147229e+00
2.137972722992652397e+00
2.170847227529808521e+00
2.141038717296503080e+00
2.136340307411852990e+00
2.115866142790431503e+00
2.131955941915423480e+00
2.147164235017485545e+00
2.150764200142394778e+00
2.157506964670595551e+00
2.145157345200434218e+00
2.118513427348636569e+00
2.107311133347482102e+00
2.141074076862327313e+00
2.138580259163256336e+00
2.094485273155242133e+00
2.105309346392778558e+00
2.112768297090791059e+00
2.109434095234853590e+00
2.109540134746054729e+00
2.084442035663125470e+00
2.105634194502828738e+00
2.110935220463209472e+00
2.106984763871268207e+00
2.108611353873231842e+00
2.100770936243558040e+00
2.066987505111427037e+00
2.072067765313579280e+00
2.136946045614237732e+00
2.167692883736985099e+00
2.123294867695294297e+00
2.095577322351815930e+00
2.071356634367345073e+00
2.095300351393494687e+00
2.110012435704363476e+00
2.111853600505817496e+00
2.102607513832787323e+00
2.106108260964867362e+00
2.073956800752516205e+00
2.133114260856630473e+00
2.114296277327938345e+00
2.102370038335732882e+00
2.125033528447609843e+00
2.113327371500132390e+00
2.118401524257484070e+00
2.133621472403834041e+00
2.163834296466562890e+00
2.125931402809234871e+00
2.139626691745009079e+00
2.107289456680047746e+00
2.135139039402525807e+00
2.090408519066458748e+00
2.130829010227002662e+00
2.159824652937863299e+00
