3.333333333333333148e-01
1.180459652198727172e+00
1.964822538764723348e+00
2.184215599476958314e+00
2.348089588822140694e+00
2.515138943508860692e+00
2.637714334934301963e+00
2.650242519852693324e+00
2.590505880971469832e+00
2.632741394221753239e+00
2.632522185111850099e+00
2.713157046647424853e+00
2.715044619408663706e+00
2.683524702484985980e+00
2.742983869683610632e+00
2.655166748165414869e+00
2.697179443391459763e+00
2.644800870518368541e+00
2.726619739113518737e+00
2.805843997501030973e+00
2.740647422618065931e+00
2.732764397490960118e+00
2.740965356009070319e+00
2.728827465547980058e+00
2.796759428929399771e+00
2.828291365304687055e+00
2.748379562254630315e+00
2.784812229224114866e+00
2.700317140547181527e+00
2.753717378150813300e+00
2.711881456634079424e+00
2.688756000022915593e+00
2.726217888945726031e+00
2.759665651659882535e+00
2.827165045791622866e+00
2.693056289524429214e+00
2.690830999377009203e+00
2.702387721867665960e+00
2.753243212775896342e+00
2.710241081031727006e+00
2.698014048695797307e+00
2.756210347841678843e+00
2.767368216554316973e+00
2.686385830423299925e+00
2.629316713566411945e+00
2.671263834576054652e+00
2.739750386982878982e+00
2.653259002644508868e+00
2.684883084765626649e+00
2.684127676516002481e+00
2.732758521342236513e+00
2.670080171856295870e+00
2.755276490316084903e+00
2.811270094210136516e+00
2.765205395632813534e+00
2.794372161837099355e+00
2.739267927434371419e+00
2.700811947829810045e+00
2.681713240178961843e+00
2.684326631329338575e+00
2.698610765483063112e+00
2.665102273820222578e+00
2.672957854118649834e+00
2.680272261131192657e+00
2.663979561975275967e+00
2.679046635424137790e+00
2.696393005504452933e+00
2.716381917020363357e+00
2.675073112860351543e+00
2.681876177952505103e+00
2.683079546691833350e+00
2.641208902776022605e+00
2.667522171184788959e+00
2.731066038442954369e+00
2.770806911194029887e+00
2.694178483426954429e+00
2.760886154414286864e+00
2.772249262129546477e+00
2.752575549464875149e+00
2.743692598086228784e+00
2.727297870638369481e+00
2.671504687574325132e+00
2.615548311595794928e+00
2.673439913068931695e+00
2.658547466351657729e+00
2.658257579319607267e+00
2.681932039376835331e+00
2.725802697825832954e+00
2.681318931205307621e+00
2.634277493998212094e+00
2.715944017710522740e+00
2.736852050213654852e+00
2.696887699849040310e+00
2.659016158538649144e+00
2.656348467404618496e+00
2.697890240692842667e+00
2.651243766909668675e+00
2.647948897988378736e+00
2.666034854869757442e+00
2.686361607773068538e+00
2.683707628005467249e+00
2.614931705587043353e+00
2.605625018549295735e+00
2.705837827338934964e+00
2.699167328950163647e+00
2.727359907585595877e+00
2.750312838033964979e+00
2.764929304028864276e+00
2.740421638828420825e+00
2.684510851245597518e+00
2.622538208739623844e+00
2.668970140609353336e+00
2.671707059320576061e+00
2.786842344127309357e+00
2.803734657987426271e+00
2.728662081204650480e+00
2.732575644459152908e+00
2.729351000779730363e+00
2.744936841768803593e+00
2.710473723829338155e+00
2.687722584366643463e+00
2.647560337637767436e+00
2.665873597321309685e+00
2.644272025464453613e+00
2.649552197872300674e+00
2.634779235461543134e+00
2.592849749925928649e+00
2.660351547736283351e+00
2.699595301614965859e+00
2.709603788887741338e+00
2.797127761774908183e+00
2.772565264569786248e+00
2.782338188366361376e+00
2.785764250301238310e+00
2.746955715127525899e+00
2.690472657506682630e+00
2.614019286883350723e+00
2.654153569125605294e+00
2.693944659205643077e+00
2.700157348667152846e+00
2.721947072694967051e+00
2.791816026468819878e+00
2.753246395037383998e+00
2.647834227516463912e+00
2.669352379991541735e+00
2.690344987980294533e+00
2.609877429675103944e+00
2.630553631443227847e+00
2.691421990645497697e+00
2.760613369884575174e+00
2.749548245354177745e+00
2.675368934263818055e+00
2.702778905628905104e+00
2.690673391744260012e+00
2.680943780953475741e+00
2.761845512892686205e+00
2.722549362610055645e+00
2.733546334830974978e+00
2.676403176794166949e+00
2.644559585094164778e+00
2.664707687651704404e+00
2.723692824939603963e+00
2.780643752289600368e+00
2.759840079493094400e+00
2.775072188355611313e+00
2.773572626833327615e+00
2.688585757057776249e+00
2.657989076152426300e+00
2.634890556622295765e+00
2.661313884570993604e+00
2.642040669505738570e+00
2.693411426126196329e+00
2.759446469783264799e+00
2.725715831118715737e+00
2.698080549801294303e+00
2.722467081434582159e+00
2.672664058004416976e+00
2.640560070378887847e+00
2.641317578458599158e+00
2.750215284622239853e+00
2.706298135177268360e+00
2.689229357006991172e+00
2.701438637419896427e+00
2.644220465187644198e+00
2.666978603003227200e+00
2.690893572653759058e+00
2.765536673783738575e+00
2.677936005046660739e+00
2.680003524852962116e+00
2.688647631236150470e+00
2.672926997287764284e+00
2.663692421370966290e+00
2.682492198864468769e+00
2.708950481187678783e+00
2.744389625249694653e+00
2.709021920841872433e+00
2.726091377467952270e+00
2.756705411278263629e+00
2.758306589230761219e+00
2.742030023256800675e+00
2.760887993781070637e+00
2.726362855409597330e+00
2.709853313980643996e+00
2.678799176041696928e+00
2.659455399172502954e+00
2.661902954443573943e+00
2.661997753762697982e+00
2.667567550724132541e+00
2.636010661019878576e+00
2.639442088503073602e+00
2.618252506421605563e+00
2.632235024538116086e+00
2.656104638902949233e+00
2.660250966118924421e+00
2.703599872998776910e+00
2.681524646267334777e+00
2.708246217369045361e+00
2.658009412626755275e+00
2.691303622222150249e+00
2.684197843864446487e+00
2.738275837335534035e+00
2.731610883961584246e+00
2.713524376615350064e+00
2.769138160418237238e+00
2.676607880937877493e+00
2.628966605879885066e+00
2.659153911237892576e+00
2.724806207490863219e+00
2.737158845853864264e+00
2.696691650611786617e+00
2.674396904536413544e+00
2.654181735176103896e+00
2.640278510049995475e+00
2.696926411227859699e+00
2.701436253863320314e+00
2.749218328609531969e+00
2.716811362166926092e+00
2.662496825095141517e+00
2.645660765908409484e+00
2.691180066799323978e+00
2.694844982793713317e+00
2.725319049119989678e+00
2.717337463887167015e+00
2.647253339039878028e+00
2.714363497856996599e+00
2.659549164542191590e+00
2.692012803781206998e+00
2.795551061005554505e+00
2.754733740103824324e+00
2.678001410772576474e+00
2.706858390567564943e+00
2.683570947184344746e+00
2.715492771627199708e+00
2.648655462319138731e+00
2.687626074324315439e+00
2.659543195454789899e+00
2.726173417286052114e+00
2.696157209221865081e+00
2.677951351633777843e+00
2.611270298687332403e+00
2.601412538133852870e+00
2.659584229714072379e+00
2.596523775250985988e+00
2.684332362370884351e+00
2.615291002536836107e+00
2.661708340457112687e+00
2.685241319671219706e+00
2.697494859835143810e+00
2.630222519834946926e+00
2.663288569507947123e+00
2.715898416067552557e+00
2.762833693042033190e+00
2.696698222265425215e+00
2.638807174166359903e+00
2.696567214892140463e+00
2.658134164711511094e+00
2.728101115013502387e+00
2.729562209325276712e+00
2.704122280715215876e+00
2.698301069641248162e+00
2.686751561460676729e+00
2.646278875255808405e+00
2.653444251619154315e+00
2.693411360258651577e+00
2.698725450637482481e+00
2.718169152622178064e+00
2.663006280197951270e+00
2.711148985481801166e+00
2.733081962356336714e+00
2.652860298562607966e+00
2.683219492803190054e+00
2.645571558026105663e+00
2.583111707360361109e+00
2.670366737900037091e+00
2.674338240974028391e+00
2.664448853541877771e+00
2.676704012221864382e+00
2.684133589490768301e+00
2.770006031972696903e+00
2.736341711223742923e+00
2.708701570958171434e+00
2.722859052438480365e+00
2.658117821390098001e+00
2.648553613776861937e+00
2.660352324944821767e+00
2.685004536762575889e+00
2.734629090852213729e+00
2.728660571852090655e+00
2.693053645543521668e+00
2.623366309084781189e+00
2.633640365128659955e+00
2.707863200235065992e+00
2.676690288416138763e+00
2.704968762138824090e+00
2.669226849899648979e+00
2.657875532487579129e+00
2.684041208970982861e+00
2.787788687542604560e+00
2.707890214924982608e+00
2.681480261980830893e+00
2.643731750832553296e+00
2.622174061681569412e+00
2.652791918564948670e+00
2.721285978226913205e+00
2.707689162925399184e+00
2.700310080110080335e+00
2.697066220615409460e+00
2.683694848626484220e+00
2.690680443491984430e+00
2.683612350976623873e+00
2.725588401431947361e+00
2.763707661396034965e+00
2.741015505584854406e+00
2.737751497760755992e+00
2.684258357034176701e+00
2.630871887270606280e+00
2.635959638741236066e+00
2.705102790138632862e+00
2.717942620324926395e+00
2.764544359430970655e+00
2.726844567027370214e+00
2.827988192897638697e+00
2.739681596883889014e+00
2.654934201214043554e+00
2.697955699794301943e+00
2.682987058098606159e+00
2.659123956574148906e+00
2.696294778932685876e+00
2.648878006735670088e+00
2.663732168790014398e+00
2.657708141097371968e+00
2.646707003792753810e+00
2.685723981858314513e+00
2.630024322765878608e+00
2.590175587529627510e+00
2.653129759987049585e+00
2.640712383514262296e+00
2.723176490567532859e+00
2.702798548755855013e+00
2.706096766129997278e+00
2.818704890215402159e+00
2.789388720027196733e+00
2.721142907705040415e+00
2.709905649750487644e+00
2.713528459987703645e+00
2.770462567373964013e+00
2.766169051867448658e+00
2.743031947089324074e+00
2.760378871784977317e+00
2.729137635722370003e+00
2.666035033061789683e+00
2.702823673763049328e+00
2.729371922051269994e+00
2.650315126326225457e+00
2.684374554346654396e+00
2.672103502010528153e+00
2.690583329876126140e+00
2.741388554572724789e+00
2.718854227011821667e+00
2.716577765560499902e+00
2.692883842938726513e+00
2.794213732065226719e+00
2.707906616584802251e+00
2.709996936477056639e+00
2.676254560731978316e+00
2.782308136705676560e+00
2.807897017973032483e+00
2.786136221430656867e+00
2.720224963191459899e+00
2.710955724834815506e+00
2.694144319919503427e+00
2.714960966007337273e+00
2.734906717871197657e+00
2.701760751919447312e+00
2.660820270266979204e+00
2.648142113042835089e+00
2.627382733970025086e+00
2.705152332141273153e+00
2.679016179947494969e+00
2.578079705399415555e+00
2.591006149162697891e+00
2.644643794360938660e+00
2.645212766589179587e+00
2.670512273469530573e+00
2.691547159978735504e+00
2.690654584873561017e+00
2.725503260527889271e+00
2.691382043443738770e+00
2.628833861673378181e+00
2.694639073924856021e+00
2.734370340549371114e+00
2.673100944435939930e+00
2.719091736253457015e+00
2.646582690871756238e+00
2.677799733578793973e+00
2.662380556453557645e+00
2.634221378582712880e+00
2.686161538938708571e+00
2.733409058639991063e+00
2.653470774291370571e+00
2.697493316366277316e+00
2.710099929541144537e+00
2.695741193308056172e+00
2.748485135045123151e+00
2.719544149566078595e+00
2.727776196764125860e+00
2.652985342655939771e+00
2.664912446546692681e+00
2.647746105604836586e+00
2.690778289618464214e+00
2.666670420441211498e+00
2.641534734819602992e+00
2.681819974021649067e+00
2.725784864958403109e+00
2.642205185761112851e+00
2.720062934250966791e+00
2.657070096156015193e+00
2.732994128417462587e+00
2.740451644146730814e+00
2.736974414416415424e+00
2.681606706326064682e+00
2.763103989607907263e+00
2.767608261030085171e+00
2.741093096304065391e+00
2.707546762665638873e+00
2.714230248925599387e+00
2.723426896767586758e+00
2.698041272859471373e+00
2.646028533344028766e+00
2.671350031363623145e+00
2.707048982777830126e+00
2.731793041653174381e+00
2.693890012690203228e+00
2.715572255548664771e+00
2.707436090111289939e+00
2.722734390013695549e+00
2.706871733566919680e+00
2.715736900508233465e+00
2.684647523498887800e+00
2.672016455206176033e+00
2.668629487640373998e+00
2.674723502611781267e+00
2.636378458631407629e+00
2.658088951176796666e+00
2.690544768459520508e+00
2.686371946819674950e+00
2.667717932310107454e+00
2.608338898806417117e+00
2.615037786577195433e+00
2.579666124091730239e+00
2.618102884855502577e+00
2.593566007114173733e+00
2.680472855396079268e+00
2.650034202913610137e+00
2.661424676075726303e+00
2.648758293868382907e+00
2.723188022211801229e+00
2.730205243421374384e+00
2.715446868307907380e+00
2.693223363580176777e+00
2.704368321253826313e+00
2.726719120015459019e+00
2.726853148936575266e+00
2.697511170113573442e+00
2.708561313689759498e+00
2.770565508065973681e+00
2.769548848603824887e+00
2.759422627438013809e+00
2.736356641565252268e+00
2.687994232010713969e+00
2.752859041432373033e+00
2.746946762387441510e+00
2.692837012806911456e+00
2.649982654226802126e+00
2.664544489173763075e+00
2.680746078316068370e+00
2.710036892845845369e+00
2.676718812882867393e+00
2.683879336090560841e+00
2.788352196764317004e+00
2.734707838930927615e+00
2.780515090834902114e+00
2.708294910220608198e+00
2.668207982903389563e+00
2.694381908289313454e+00
2.655340635342630762e+00
2.659893197667429821e+00
2.640156192859334450e+00
2.641905785190284739e+00
2.612456300361039485e+00
2.658655177202549513e+00
2.670666633938809209e+00
2.692104813994823154e+00
2.679493086903335985e+00
2.720304442258135502e+00
2.768038051878714878e+00
2.800261698466339322e+00
2.791670068641941338e+00
2.802212375657167964e+00
2.855911058537320635e+00
2.759248607565210953e+00
2.752202131390954598e+00
2.707967635328973000e+00
2.751984307470248137e+00
2.734429370884866817e+00
2.712065413162857208e+00
2.669932623258751914e+00
2.624086658950956608e+00
2.623525860510124819e+00
2.661827472458456079e+00
2.639177366939620129e+00
2.708441913248619937e+00
2.747401801875146710e+00
2.777802358811118921e+00
2.771781604120287401e+00
2.726789761581393190e+00
2.769931158081714084e+00
2.663655504689506071e+00
2.660698765457914838e+00
2.697015303344503678e+00
2.713219068502308762e+00
2.620711862487838939e+00
2.671805778536041398e+00
2.650217808787301621e+00
2.574158601394444190e+00
2.668704505867522503e+00
2.709329055657850205e+00
2.687315659968183557e+00
2.709494610349686639e+00
2.757150362043856884e+00
2.714847352002430547e+00
2.732264839431323811e+00
2.729973790323757754e+00
2.690849777257773745e+00
2.695639359602495677e+00
2.754109430886604315e+00
2.592976469094264047e+00
2.671028312023578266e+00
2.619377902374474765e+00
2.736542301198392035e+00
2.680834731234982282e+00
2.640384759521421820e+00
2.602659807020636595e+00
2.636935064836634091e+00
2.662253394740133672e+00
2.693524452195348751e+00
2.685298879965104302e+00
2.696501448046818794e+00
2.692489721808426495e+00
2.647329146596624661e+00
2.672679815532944758e+00
2.671365159060539618e+00
2.704232855621083509e+00
2.676032842748663043e+00
2.621903089615966742e+00
2.700297815907940269e+00
2.697609859559013668e+00
2.662566190570246238e+00
2.697136089941020387e+00
2.630055018079125340e+00
2.750900155343351194e+00
2.682882723978293971e+00
2.765959596903583062e+00
2.696455519665029055e+00
2.754457088111917251e+00
2.719824293296290385e+00
2.707241457632265647e+00
2.690185807977496513e+00
2.667957038631450395e+00
2.684614351991176484e+00
2.671654695410520919e+00
2.682291096385450491e+00
2.685490149727081111e+00
2.654160372798052947e+00
2.584297656651573849e+00
2.623688771128549480e+00
2.662918888453238431e+00
2.619912856808444435e+00
2.622106899819236947e+00
2.638698951184068608e+00
2.706410325295232067e+00
2.676432749185783333e+00
2.681542715732706306e+00
2.688060354150004105e+00
2.678289950539054498e+00
2.701053278126642532e+00
2.718198904298908314e+00
2.663111729960535357e+00
2.728089578527246761e+00
2.774178296275246591e+00
2.824540042666339179e+00
2.716626890580190246e+00
2.769360688263982073e+00
2.719654835798375636e+00
2.698057303434538756e+00
2.709967446891609288e+00
2.693337706895588823e+00
2.709860656622457675e+00
2.692643508607425407e+00
2.682212498559966907e+00
2.725299313790730871e+00
2.698254910256884909e+00
2.690601177628934693e+00
2.701940024274421148e+00
2.676347631689893536e+00
2.682773653199370667e+00
2.748291016938688269e+00
2.740329566143970830e+00
2.744166351068321852e+00
2.695717103892728783e+00
2.621125428350579156e+00
2.753075328437155189e+00
2.707451391210713876e+00
2.681678580128094680e+00
2.746223806712211779e+00
2.756789027417322568e+00
2.671245278958428226e+00
2.633176148940513439e+00
2.629239475089581557e+00
2.711914804050941985e+00
2.760177387768998791e+00
2.710802518784232618e+00
2.694099633206515687e+00
2.735628422220915734e+00
2.674159214439821408e+00
2.641139925887602935e+00
2.627551587318695869e+00
2.568867419969118604e+00
2.588845509533455491e+00
2.582062797114911934e+00
2.670416714525291280e+00
2.734446911030899763e+00
2.706239402143998163e+00
2.620162235892054881e+00
2.694854161040654006e+00
2.723525393417692619e+00
2.655012900363118877e+00
2.687944248710799844e+00
2.689696451015968659e+00
2.716948119602518474e+00
2.658732296802266859e+00
2.663264343641337017e+00
2.662373912473133597e+00
2.655928506730244720e+00
2.707631916967454089e+00
2.676680924726456468e+00
2.614006085165285320e+00
2.644265331834935395e+00
2.633111483102396289e+00
2.753946122006789121e+00
2.713149971022645879e+00
2.675676113617005747e+00
2.677801909228779476e+00
2.621128247456170346e+00
2.625385132028873691e+00
2.666527679436701437e+00
2.666241262951930757e+00
2.714691037057132217e+00
2.713972541534894312e+00
2.707435434108947270e+00
2.752616318242070204e+00
2.764287346798978806e+00
2.808284450931170184e+00
2.726775073795601578e+00
2.742658315828638393e+00
2.639758433475702937e+00
2.649054843317385721e+00
2.655553887796667567e+00
2.696815832314560790e+00
2.796940099484722442e+00
2.761586335107498513e+00
2.766009061813686554e+00
2.813384298671160355e+00
2.761138463711701796e+00
2.728615611291460574e+00
2.709271962390453758e+00
2.691225898312334053e+00
2.652591529936904280e+00
2.635429268241966660e+00
2.714697135839709841e+00
2.711401038547656572e+00
2.571625887194540994e+00
2.642208810374759853e+00
2.719894145595179946e+00
2.664394994272765160e+00
2.727121350175553793e+00
2.771836098021768002e+00
2.788579689427869823e+00
2.738367605347274303e+00
2.682564691136624102e+00
2.704030727101921272e+00
2.678375363527204289e+00
2.663957939001095454e+00
2.640451619642169234e+00
2.701355842521892203e+00
2.693397689467052825e+00
2.797763784853962932e+00
2.738605022009644063e+00
2.729843049534520727e+00
2.628979481170898413e+00
2.684687795985108760e+00
2.677453746038320315e+00
2.676592235448861157e+00
2.702928170009111675e+00
2.686479385070680959e+00
2.701041833622239707e+00
2.586637684455018071e+00
2.624729175788002689e+00
2.626191571450210649e+00
2.667824489210234518e+00
2.711650418304706989e+00
2.716574806460302582e+00
2.707217436493404517e+00
2.672036636218334316e+00
2.646792095734259664e+00
2.800363364877443306e+00
2.745051694527071096e+00
2.708659190725605459e+00
2.702057449927365518e+00
2.712299176509905152e+00
2.729169718536516687e+00
2.710380628162565753e+00
2.717372965938005258e+00
2.770631657047897711e+00
2.697503073017203157e+00
2.662440476597519368e+00
2.671522031120641127e+00
2.761864038895538442e+00
2.711816182253072416e+00
2.663282970330468125e+00
2.654294272259659859e+00
2.662564213829029303e+00
2.664588345806284231e+00
2.671113271497801644e+00
2.651379434515658051e+00
2.704272096226187916e+00
2.702342925457106748e+00
2.708677128091545150e+00
2.710514850657772978e+00
2.690921788858196440e+00
2.719010615684583687e+00
2.757974782146823234e+00
2.667749679568215182e+00
2.664004198278646651e+00
2.688062599922387275e+00
2.719489092630825056e+00
2.718620159564498096e+00
2.690200239533772741e+00
2.694260325211497165e+00
2.713230614349989800e+00
2.695066899726010767e+00
2.750953350545785270e+00
2.702241218923045807e+00
2.736453249613920669e+00
2.689950957276762811e+00
2.637159426637607496e+00
2.677048506973495723e+00
2.606265603158265609e+00
2.575957316776309902e+00
2.627717307694828808e+00
2.678330464241004183e+00
2.719095167312244321e+00
2.681032522595862222e+00
2.689288816453224928e+00
2.714252606438735338e+00
2.698062852628245079e+00
2.684566844058485557e+00
2.683743267177561620e+00
2.690206471968995761e+00
2.687601810262624458e+00
2.672064243073996259e+00
2.639591807356163944e+00
2.700806647619022005e+00
2.718047681910698898e+00
2.684722910567040710e+00
2.757733844185737304e+00
2.753292797817441073e+00
2.751978664716184131e+00
2.732073656624558478e+00
2.763855716447980893e+00
2.661598410673343018e+00
2.582891391664948966e+00
2.595718782262139257e+00
2.645619146086822138e+00
2.701200093157889004e+00
2.681402538905420130e+00
2.677694804605720513e+00
2.632774313681637501e+00
2.667279872440813993e+00
2.653911947504127511e+00
2.660800473545560152e+00
2.721136285834159452e+00
2.648516349657339841e+00
2.685782330110247251e+00
2.797861977430278202e+00
2.701547890997042511e+00
2.684101834807500975e+00
2.655951153902718076e+00
2.662784338526393846e+00
2.604347095980530824e+00
2.563937425751105170e+00
2.646923958578690339e+00
2.686124614015975798e+00
2.745848154717168477e+00
2.745977513309436180e+00
2.752605857565270320e+00
2.801519726213456796e+00
2.684459280113109525e+00
2.699210942892592779e+00
2.718796950809361235e+00
2.679464303193164643e+00
2.638906348739950669e+00
2.630038118763636579e+00
2.709274688797851827e+00
2.754237895277126036e+00
2.667490627246233093e+00
2.754695963228416478e+00
2.743719950144349884e+00
2.686005920105019484e+00
2.765644050260241293e+00
2.740811390142976478e+00
2.829815425884888214e+00
2.768108158072713820e+00
2.817444980315750414e+00
2.850227688387857228e+00
2.839728316183102841e+00
2.763130718534012153e+00
2.752164651569008580e+00
2.684712623007039500e+00
2.731253801278799909e+00
2.719003164833716291e+00
2.710306473136709027e+00
2.692134729764456669e+00
2.702895895283223826e+00
2.726942966036467908e+00
2.729719814374226949e+00
2.720256817511357283e+00
2.732910943281433358e+00
2.685582525156796851e+00
2.725056503152461396e+00
2.780440916853462507e+00
2.760353874152556397e+00
2.754084387339148954e+00
2.721821215967175078e+00
2.729109743639117625e+00
2.707963899778534689e+00
2.658406646360728320e+00
2.756830874498591655e+00
2.759177422591110762e+00
2.646933492733722471e+00
2.771264875250668780e+00
2.754357324596850010e+00
2.745156711113190706e+00
2.716057695136450345e+00
2.738146871964254991e+00
2.661902921549842205e+00
2.702256911597988420e+00
2.662888517262361976e+00
2.689784672381374975e+00
2.646698724100447375e+00
2.695308248236070625e+00
2.732539243535015761e+00
2.872890260916271643e+00
2.833424871988055482e+00
2.775915723889361697e+00
2.780115770382018514e+00
2.792086487910327985e+00
2.739952780886564909e+00
2.743297673501207345e+00
2.756391294918469015e+00
2.758292310684594906e+00
2.698265753903152042e+00
2.730910015146793324e+00
2.757552051364552170e+00
2.693079488941612532e+00
2.682054768527004640e+00
2.674632277680199621e+00
2.678094771562590903e+00
2.681312693872359709e+00
2.770019635647088752e+00
2.749670682161920787e+00
2.715298924260710844e+00
2.648010797213541601e+00
2.678301428239313609e+00
2.735939967096590930e+00
2.757979145779963837e+00
2.719031353972038989e+00
2.677339252289026028e+00
2.638709426244668421e+00
2.651149215791589242e+00
2.579538208023763879e+00
2.695892769975155812e+00
2.667416609964772700e+00
2.618963789789654939e+00
2.645250143947411647e+00
2.638489295286290393e+00
2.678687850087904110e+00
2.741974495730592487e+00
2.741251244599055781e+00
2.647709575593176101e+00
2.653258393316276109e+00
2.682942689399534064e+00
2.646733171502003490e+00
2.706312010625443687e+00
2.673678605015636034e+00
2.705944299032300826e+00
2.723805560046669516e+00
2.752912001670684283e+00
2.735728772270436870e+00
2.745395022802469054e+00
2.741929836005625898e+00
2.685894295669630782e+00
2.754829841478896313e+00
2.810366734966907032e+00
2.726703137379455910e+00
2.696525276866758691e+00
2.695535680058636085e+00
2.662512160889784596e+00
2.666873718431219231e+00
2.714077254963926933e+00
2.708602719266973047e+00
2.694887938293696550e+00
2.649039451534134226e+00
2.642665533583234971e+00
2.678828420876383731e+00
2.609005434724396277e+00
2.639460796287364186e+00
2.592915245527261714e+00
2.653014650279196029e+00
2.707642812742399485e+00
2.698230814143475431e+00
2.696376206186957170e+00
2.740022993193774070e+00
2.721835161895141741e+00
2.703876210793648927e+00
2.708963453886838568e+00
2.730223667134499710e+00
2.721452972883680488e+00
2.633243088867983417e+00
2.633253807850262973e+00
2.651039968641613953e+00
2.615256513493626311e+00
2.677276356448513805e+00
2.677717292278035011e+00
2.704853694708989842e+00
2.709036655394413629e+00
2.710639524049147653e+00
2.704881996765068131e+00
2.673337143008409189e+00
2.659018264373309126e+00
2.762279598755266186e+00
2.700398870506796722e+00
2.645027104115308170e+00
2.612700963082277728e+00
2.630078849070718761e+00
2.630008874594922386e+00
2.625362467720456561e+00
2.635940659541802678e+00
2.640088725416193327e+00
2.657025601163190753e+00
2.619363205353605561e+00
2.679284784138340481e+00
2.716073427056808320e+00
2.666735767785690214e+00
2.711385509878962097e+00
2.690479404562131638e+00
2.641871221279822990e+00
2.676373291358413287e+00
2.700478355186886503e+00
2.762792995710456889e+00
2.737866158306352382e+00
2.680941840470941528e+00
2.644540713529630604e+00
2.757385457801133644e+00
2.742592403868137296e+00
2.700221343706951771e+00
2.694539600411434144e+00
2.709210280314432229e+00
2.710030076978459768e+00
2.676434591714913491e+00
2.625650467762056461e+00
2.701883317461893252e+00
2.659303616787216828e+00
2.672489934297561653e+00
2.667666863165742086e+00
2.681121813862112013e+00
2.679683656344487019e+00
2.702116057948314776e+00
2.721537738150317409e+00
2.737823988190578817e+00
2.716741779064345330e+00
2.689606631282957405e+00
2.705680379765664778e+00
2.625596614303818743e+00
2.629854886813340897e+00
2.621225159259182647e+00
2.647715150014721353e+00
2.678073226914415184e+00
2.663776681046249983e+00
2.644687988027925041e+00
2.652392328805569743e+00
2.632721275196697519e+00
2.678037618642454376e+00
2.720267577558929784e+00
2.627853178353597663e+00
2.706383324860171857e+00
2.655637301446170273e+00
2.657552622465778391e+00
2.726730575882162722e+00
2.702047784292237242e+00
2.614793932247054808e+00
2.696359131298155631e+00
2.714846735904377084e+00
2.728867985248535355e+00
2.816846658025512706e+00
2.834417247616205504e+00
2.771220501361299160e+00
2.725299984056389846e+00
2.738854252981335780e+00
2.809651512679195218e+00
2.794209948225413243e+00
2.710723331770638289e+00
2.710002209536170881e+00
2.685045785902127058e+00
2.718624464153110765e+00
2.705617582316681258e+00
2.675472618602410257e+00
2.689823564314908211e+00
2.677097813589131015e+00
2.641312935092146486e+00
2.716953680449112341e+00
2.660007180692829820e+00
2.663518880100594899e+00
2.679990972003740257e+00
2.679451017747198627e+00
2.630981872184494641e+00
2.678453217671608488e+00
2.677481670637562150e+00
2.697816981779506573e+00
2.712757361678931556e+00
2.675597393937689361e+00
2.665466450385125086e+00
2.643133185913720595e+00
2.655529353745014198e+00
2.623962866136764216e+00
2.707679476042251565e+00
2.736426802609440934e+00
2.704433748022039286e+00
2.721545209542701294e+00
2.765974933245082479e+00
2.744243597035403770e+00
2.805354262165494994e+00
2.706497783935959855e+00
2.663727887352877577e+00
2.684215214391991289e+00
2.648915219376710706e+00
2.623092639192150077e+00
2.682251596775776292e+00
2.679177963373553961e+00
2.664503573577082118e+00
2.737799829836740084e+00
2.710732638992199295e+00
2.767414157369123107e+00
2.702187258559782368e+00
2.698722319531350333e+00
2.676851366540117461e+00
2.701049448702653066e+00
2.676301273156604932e+00
2.690466974405230971e+00
2.645030889090064896e+00
2.703012616394264267e+00
2.709986241905556703e+00
2.665630540435961038e+00
2.719729453880246783e+00
2.731910607700704929e+00
2.753305740385311839e+00
2.691830540038756325e+00
2.673230567085533860e+00
2.721749309408691531e+00
2.801115139301465273e+00
2.675027522844107164e+00
2.624544169859375220e+00
2.630864931074611501e+00
2.631230163885615703e+00
2.670204584499967115e+00
2.644830360174097450e+00
2.696879480017481345e+00
2.693369390381934458e+00
2.674947179647610529e+00
2.702060846237259728e+00
2.713907638435315128e+00
2.735396580678602252e+00
2.760585107117394355e+00
2.721628894447016833e+00
2.694021870846837086e+00
2.683852057146136172e+00
2.677885527784841457e+00
2.700942415890675186e+00
2.683628836415680396e+00
2.751027868753322725e+00
2.735679024449681140e+00
2.756348212250725460e+00
2.661225960554574055e+00
2.658131994745124960e+00
2.678052240389853900e+00
2.693766993342602500e+00
2.714157688544597935e+00
2.692685501880869303e+00
2.660997613290513542e+00
2.686058939575847404e+00
2.656553335038082775e+00
2.693867768092703230e+00
2.700456583390506982e+00
2.704053423012681368e+00
2.704545877917513774e+00
2.716543578600667086e+00
2.716560040199588411e+00
2.699610519388537355e+00
2.701643529069172711e+00
2.724434966404043479e+00
2.726028306262039180e+00
2.795743419960053266e+00
2.674788381993770336e+00
2.644575500011191682e+00
2.620686828262896118e+00
2.721345687786583589e+00
2.757235739243537154e+00
2.714230532617666114e+00
2.746494441474710335e+00
2.734680375621467263e+00
2.703600465288358290e+00
2.628741263287164731e+00
2.644187519203294645e+00
2.651092330800272734e+00
2.689575431211673084e+00
2.659731428384728869e+00
2.705212764435745765e+00
2.759970533956558558e+00
2.649061542257730384e+00
2.657306879780605424e+00
2.712866875521455334e+00
2.641761613503531336e+00
2.701635112473417255e+00
2.647048941759791330e+00
2.705567311368042294e+00
2.722750203532602331e+00
2.749463271415475862e+00
2.700676430603806022e+00
2.714612035443723759e+00
2.670698832756678520e+00
2.679052317741486000e+00
2.691694783642488709e+00
2.676324658672586398e+00
2.624868919335665129e+00
2.699974566840527501e+00
2.635006833342786070e+00
2.669405720637391788e+00
2.689943727193512490e+00
2.720863754328275430e+00
2.688070176474027129e+00
2.749545244826805401e+00
2.744580288107926425e+00
2.768480514811140658e+00
2.824843898900763595e+00
2.733136998059648715e+00
2.760084793207045806e+00
2.757475539761250261e+00
2.748219769254393707e+00
2.782048703296061021e+00
2.661945651104611787e+00
2.704384382092832606e+00
2.770166624487297558e+00
2.737167902875966785e+00
2.711065678854379435e+00
2.656888342090184540e+00
2.668636336995326985e+00
2.700348852764265839e+00
2.643990639805439802e+00
2.743041139686687391e+00
2.754545021600394605e+00
2.707584670101016666e+00
2.740980311818852488e+00
2.698255883410900058e+00
2.732632141609135701e+00
2.725579570947234131e+00
2.697777533301419339e+00
2.730579325639522104e+00
2.718568069645265428e+00
2.744817395584631115e+00
2.749166070539980300e+00
2.682758782045938872e+00
2.788270077142699588e+00
2.800597370518524087e+00
2.718789393036956881e+00
2.678883421875952298e+00
2.683969538131398824e+00
2.680425062451214036e+00
2.618937435261964097e+00
2.601946671487568974e+00
2.664373984348014091e+00
2.739390911746986124e+00
2.755427049080329205e+00
2.742521014501106968e+00
2.715757528241899088e+00
2.743793185911822974e+00
2.745988011966117970e+00
2.754002781755410023e+00
2.711735667440289710e+00
2.793841187643758328e+00
2.800070156102189678e+00
2.801403785618322040e+00
2.812503350946784941e+00
2.817232783356749426e+00
2.756152422671180879e+00
2.694072603958364898e+00
2.714488471336289344e+00
2.634890723367640408e+00
2.656703416998727363e+00
2.667298132736148908e+00
2.691735410493477421e+00
2.714401963073708846e+00
2.732804221381104792e+00
2.711407439532789621e+00
2.708916878956757479e+00
2.796717073164048273e+00
2.708268413948004660e+00
2.659476968597551672e+00
2.592947578997945701e+00
2.626340392881715502e+00
2.640948197667119857e+00
2.695512489830635960e+00
2.727156046202076300e+00
2.679935660737225778e+00
2.671667074974210632e+00
2.690152513653175870e+00
2.682588455718136089e+00
2.715384563468064449e+00
2.662565957847542464e+00
2.718656115636318482e+00
2.726130169695887950e+00
2.675959670792314338e+00
2.693022057535159774e+00
2.774596128764279968e+00
2.721145601101181200e+00
2.693681266168864052e+00
2.759308002110016478e+00
2.791513061344926605e+00
2.771732453973940746e+00
2.712505416261786539e+00
2.661570888826220393e+00
2.596111823237272631e+00
2.636678252136181122e+00
2.661457704345320696e+00
2.651493379698530717e+00
2.719095158832468773e+00
2.702340391220941385e+00
2.708684385102894332e+00
2.664207949543053733e+00
2.744809733758624581e+00
2.710696556176941829e+00
2.664357578967662121e+00
2.659474917427628871e+00
2.622529922781913658e+00
2.600469886175406753e+00
2.682089606687410921e+00
2.727788609084705662e+00
2.703027508913938615e+00
2.713549380809106459e+00
2.702224126924772207e+00
2.689547483420332341e+00
2.751901079037502917e+00
2.739124086312336726e+00
2.806439352167847012e+00
2.715955617518712728e+00
2.647940474824915125e+00
2.688482067802036024e+00
2.705490384415933480e+00
2.650522343160162109e+00
2.662063791600884688e+00
2.677100556083258809e+00
2.680151805328703229e+00
2.609702769665133371e+00
2.666081814352414092e+00
2.653206166068922123e+00
2.644536920251019385e+00
2.664289551194643391e+00
2.672263003715243723e+00
2.651866139795126642e+00
2.675509584842163058e+00
2.734768990890823037e+00
2.662191965056611931e+00
2.692041584360610251e+00
2.719155077597004144e+00
2.647775071942747971e+00
2.677456373662812084e+00
2.704441015775399304e+00
2.744417782083227397e+00
2.654344655160266964e+00
2.620933454039434896e+00
2.659944752081534247e+00
2.707896330898727388e+00
2.637664367439325197e+00
2.753905102353416456e+00
2.738936437346907393e+00
2.714800311402638222e+00
2.687763574983960346e+00
2.706905271681641523e+00
2.693369575764653856e+00
2.773436494640680650e+00
2.707270854430469331e+00
2.721992412454619981e+00
2.734128787049683762e+00
2.746469901021410642e+00
2.741545776626642894e+00
2.745941973707224371e+00
2.792363891966207934e+00
2.787930902165136615e+00
2.662624263532854307e+00
2.680204923639901704e+00
2.660970028727402070e+00
2.656871027901732241e+00
2.670571630329179325e+00
2.651572430765479549e+00
2.710868028527885443e+00
2.661877386739992524e+00
2.689089165035118523e+00
2.699463265365311671e+00
2.703785551110245766e+00
2.659722605487231384e+00
2.706230536696427880e+00
2.706348586372045784e+00
2.718369431887972532e+00
2.757399970377807374e+00
2.715411518999635287e+00
2.651939614396410239e+00
2.697107319242813439e+00
2.756149187064898864e+00
2.778449059892373008e+00
2.774626554274434387e+00
2.794441346950188976e+00
2.714486289206687886e+00
2.592942342527210897e+00
2.588165506590192511e+00
2.638897463167821478e+00
2.625502893484197742e+00
2.609959030000993607e+00
2.665945596294197362e+00
2.583387282533315066e+00
2.611907245165359992e+00
2.648826914429697421e+00
2.696984846084295562e+00
2.700305333401270325e+00
2.677733774636017916e+00
2.672432088841489417e+00
2.733541290829487380e+00
2.727354882215888843e+00
2.677760028202421427e+00
2.714609507932720600e+00
2.693586061044088709e+00
2.803515588853958906e+00
2.744135713607595228e+00
2.669545517292416292e+00
2.693234658866233922e+00
2.777038382310377251e+00
2.743432218716636672e+00
2.769145926906598998e+00
2.702215554567470868e+00
2.694122543408517867e+00
2.712482082471260103e+00
2.708370132060935020e+00
2.670745278987145088e+00
2.652442330716140884e+00
2.606748856451539975e+00
2.635512457458831559e+00
2.622870498189987298e+00
2.662889279162763412e+00
2.744970805679701087e+00
2.721591340343239462e+00
2.709761185235304737e+00
2.720379536049166269e+00
2.741632306294430332e+00
2.736209322896190788e+00
2.701753481517162214e+00
2.685811562517125495e+00
2.691583261153000173e+00
2.687134417115988327e+00
2.692797338054749190e+00
2.738004833440385255e+00
2.714522009037326544e+00
2.790812508992909446e+00
2.681512900416602285e+00
2.677171419308790323e+00
2.691083996221334651e+00
2.712355856042876656e+00
2.689699155993192647e+00
2.681815777361233000e+00
2.708138945396507236e+00
2.750992596796100642e+00
2.727361579429419702e+00
2.752962846441100453e+00
2.756505257401835607e+00
2.719108303653650083e+00
2.691899723100925623e+00
2.767012727784146975e+00
2.829066884516169722e+00
2.779387177507443241e+00
2.719330294060100517e+00
2.698294469910856197e+00
2.623564612447781386e+00
2.699721852225603680e+00
2.751928358976794442e+00
2.691513096372293745e+00
2.784523482044553688e+00
2.690283620723528557e+00
2.673836117345576913e+00
2.708641371578875301e+00
2.691480975843688395e+00
2.734303870292885463e+00
2.738498889154215021e+00
2.651192451689819318e+00
2.576082691479120168e+00
2.636400770789427916e+00
2.669652080172245423e+00
2.659016522258798698e+00
2.605078432496552132e+00
2.611958251873803150e+00
2.605441497550163632e+00
2.665567844238151629e+00
2.674398944927967037e+00
2.694128281576587458e+00
2.715110917643477784e+00
2.743999843586581111e+00
2.663311455315347853e+00
2.721815775579556895e+00
2.710051361647285884e+00
2.625614818343061874e+00
2.620670367247195376e+00
2.687806707497654379e+00
2.688181608743646311e+00
2.661586367696015643e+00
2.740868885322960136e+00
2.813186143249673865e+00
2.684537668712205338e+00
2.706392774071225471e+00
2.676577419543431091e+00
2.637443215468559643e+00
2.695776768567087256e+00
2.657377667160916168e+00
2.663432991945117401e+00
2.722653014191078302e+00
2.759029987496321557e+00
2.771362080977031628e+00
2.760732378044596036e+00
2.693942247455714867e+00
2.716309457531261184e+00
2.716644206506637627e+00
2.673015455059690737e+00
2.648912063129998273e+00
2.705026609861437947e+00
2.730784887266521910e+00
2.732792756434960335e+00
2.805185784686754058e+00
2.843190254260110184e+00
2.837750591967325153e+00
2.818258454417670311e+00
2.811526799398271326e+00
2.780541014500250263e+00
2.717390914554776771e+00
2.761310992589967483e+00
2.807108196679475309e+00
2.755501206396315350e+00
2.771596459993699302e+00
2.655504548533596854e+00
2.678351966581316468e+00
2.681855565147323706e+00
2.716891342503955364e+00
2.694024366986981889e+00
2.706418131239598068e+00
2.645489306699932985e+00
2.640566413182514616e+00
2.655538881572093945e+00
2.677437468651467700e+00
2.673075476487302815e+00
2.619013730799315987e+00
2.635608433609733847e+00
2.697619721209154164e+00
2.700363742373153464e+00
2.601263829347893797e+00
2.676540467404980195e+00
2.630266302696543157e+00
2.679829233517874609e+00
2.666601744723884782e+00
2.709384377944307865e+00
2.748369937462892487e+00
2.702992989641871180e+00
2.647235214302509299e+00
2.666791275104207770e+00
2.664813185119172534e+00
2.676403652315666015e+00
2.743287833302578527e+00
2.758190339874007524e+00
2.682885020992040292e+00
2.684196664920027509e+00
2.690782023733126582e+00
2.698597434134694328e+00
2.765054722263108111e+00
2.784852239210363845e+00
2.707063762163579579e+00
2.698869271506044054e+00
2.701841561770481626e+00
2.708409128249794851e+00
2.689088804605897387e+00
2.600689860029419265e+00
2.691583668977386878e+00
2.702262235538824608e+00
2.778608282684070119e+00
2.786997713429852030e+00
2.797841608056930607e+00
2.796053589147178275e+00
2.777765717528503764e+00
2.711849575055274908e+00
2.711277587719080007e+00
2.694871059374014166e+00
2.715006948869520098e+00
2.697623678940990199e+00
2.719712102329010506e+00
2.732293306782967335e+00
2.709525507293029989e+00
2.736604242126183806e+00
2.709700357024097617e+00
2.706727796962784094e+00
2.671267316045922158e+00
2.686723046998556352e+00
2.674232879904207660e+00
2.634759396384319885e+00
2.643793259376593596e+00
2.604374065495941526e+00
2.631685261439943524e+00
2.681828714612552123e+00
2.777241782644091828e+00
2.719617011861276357e+00
2.705844950888375511e+00
2.726060807755172455e+00
2.739284788152403394e+00
2.672268329594002623e+00
2.664052216295845099e+00
2.628026814927659771e+00
2.613577711642625090e+00
2.669739039621901178e+00
2.669290508418964869e+00
2.714285270431628927e+00
2.713286845922682211e+00
2.719923528615288078e+00
2.750996788823620420e+00
2.808310176956745341e+00
2.771608857641421064e+00
2.691349042005234171e+00
2.707722414896884811e+00
2.666507245244710944e+00
2.766903113530652991e+00
2.708146927454803343e+00
2.730052675116278582e+00
2.716955604655936440e+00
2.688735602048910600e+00
2.699133495522960668e+00
2.676109064181693586e+00
2.644147931795481021e+00
2.666205141027764292e+00
2.638866374880779020e+00
2.654334233040728908e+00
2.650087670076277657e+00
2.699848600341647753e+00
2.686730473061224700e+00
2.753515896034432142e+00
2.739665214192564591e+00
2.681040164681256943e+00
2.707266777072943498e+00
2.725181222325482544e+00
2.661234360000493737e+00
2.674569342425251683e+00
2.634717196757172530e+00
2.725286419314813635e+00
2.683963178766141766e+00
2.653598230894793630e+00
2.639355050744122355e+00
2.628999065710249550e+00
2.657545781127411466e+00
2.678545567255798066e+00
2.687894431682660734e+00
2.713796958921644631e+00
2.788158224856151612e+00
2.795727835424773655e+00
2.662025896712342021e+00
2.754460691227860192e+00
2.758108910982857154e+00
2.752860858511295916e+00
2.713766977478914821e+00
2.631691950434378757e+00
2.640526892706779538e+00
2.643792132844720033e+00
2.660434334073921381e+00
2.609509826345486783e+00
2.633047094922162490e+00
2.642540501112720541e+00
2.598363771899935948e+00
2.681778393385296777e+00
2.688780542957453612e+00
2.720031243213627103e+00
2.684213258742201624e+00
2.731010049508146409e+00
2.657556441914181278e+00
2.592173837548304327e+00
2.714245579283975918e+00
2.690226343071580040e+00
2.698810323098600694e+00
2.709388885829516536e+00
2.682969337692311829e+00
2.650511060258181395e+00
2.677346717776485363e+00
2.656389331005097443e+00
2.755659153734250744e+00
2.758597169697782014e+00
2.793442545260494736e+00
2.753617155459762156e+00
2.742227936042952230e+00
2.750336411659054292e+00
2.726198640410931073e+00
2.717324695009753821e+00
2.722986409283475684e+00
2.750761348070518864e+00
2.697944710917364208e+00
2.706920019411280798e+00
2.737072762172735096e+00
2.789594098338302519e+00
2.707722528236210735e+00
2.672360423908310967e+00
2.656416329761624784e+00
2.743529702800352243e+00
2.688180304914316032e+00
2.737534116429355180e+00
2.704411724077932178e+00
2.665867738196230796e+00
2.721541591664366155e+00
2.661732998757228241e+00
2.704753938711366601e+00
2.737674128217818303e+00
2.670294644539410456e+00
2.668762050934880836e+00
2.623838686458775715e+00
2.674911702456043372e+00
2.700780189726248448e+00
2.722694221275575810e+00
2.648050083122906351e+00
2.685521706760655380e+00
2.669064081264028943e+00
2.631094785868464569e+00
2.705078415051303864e+00
2.754274767283799275e+00
2.757173958611143672e+00
2.705744857423841410e+00
2.712368470179983948e+00
2.681583930779162905e+00
2.661295375306809152e+00
2.693163709916278403e+00
2.672142269378265045e+00
2.680300738400575256e+00
2.741688203134121427e+00
2.711855856396598430e+00
2.685215457727235577e+00
2.701396049531274102e+00
2.677223050890380929e+00
2.711804136164508883e+00
2.656211292905555688e+00
2.666245135227755192e+00
2.702696782070518111e+00
2.570383000385508598e+00
2.614779056557656300e+00
2.596073805408203317e+00
2.659159544226158634e+00
2.627440585128372863e+00
2.670597618061519629e+00
2.752269654725792769e+00
2.741332817192566829e+00
2.696334629878820000e+00
2.676565881653496959e+00
2.628628184823964098e+00
2.650792602874866954e+00
2.693845774597096732e+00
2.655009633409558756e+00
2.634970848901589946e+00
2.640882782393810135e+00
2.670495500383618381e+00
2.703145581650594931e+00
2.655415140476203639e+00
2.696121861316897572e+00
2.690200354878278688e+00
2.695616007523754298e+00
2.717589150471865445e+00
2.754323695323873444e+00
2.747053560856039578e+00
2.785913925262177404e+00
2.771922232393839280e+00
2.796738114389202945e+00
2.697791509126126641e+00
2.729374304994766298e+00
2.757393442833151465e+00
2.732814559514556318e+00
2.806740594618411855e+00
2.669167768721356193e+00
2.630216915309713244e+00
2.702597583727536446e+00
2.700342171568259619e+00
2.734915990335101466e+00
2.708322020421737975e+00
2.722501517887345290e+00
2.717390527900179542e+00
2.751861212500778642e+00
2.679878968652551485e+00
2.758168072169111529e+00
2.663490096299314214e+00
2.736948272674903038e+00
2.684854284954959258e+00
2.732999791946049584e+00
2.755090630028464105e+00
2.761448038109994396e+00
2.624429533491022593e+00
2.661458312795454528e+00
2.680190297514295938e+00
2.681932517392207949e+00
2.706128251489431591e+00
2.661647624185773164e+00
2.647257000165663676e+00
2.700209457177679795e+00
2.667552322441785417e+00
2.704133568723106507e+00
2.719840092309167456e+00
2.671083712696099344e+00
2.643379984018668694e+00
2.638082740764436274e+00
2.625906152865070897e+00
2.672166207415039185e+00
2.705016042894855310e+00
2.696394114602570724e+00
2.709129726821627226e+00
2.723893629211679546e+00
2.728433509135581136e+00
2.636194887950150445e+00
2.622374105317262671e+00
2.647874894135670676e+00
2.626483634377012599e+00
2.672227309381521643e+00
2.747828179607100463e+00
2.741527593325753909e+00
2.687442233466744490e+00
2.687598589794822690e+00
2.620904349690692747e+00
2.695926598530232088e+00
2.645336344561533437e+00
2.722137600616361564e+00
2.609850392708001898e+00
2.633321723949806792e+00
2.669480141527922790e+00
2.688044754546116355e+00
2.786455359401641907e+00
2.695667035766382558e+00
2.708984568020120332e+00
2.704959730023127840e+00
2.670091186643975600e+00
2.717096951914662828e+00
2.695631177214376173e+00
2.736700349648995001e+00
2.695216913137245207e+00
2.699151421657243421e+00
2.731477535719219585e+00
2.708253281679660507e+00
2.793728758721602645e+00
2.778402460563812237e+00
2.780362937739223383e+00
2.762186920210180752e+00
2.714924226110402294e+00
2.702167533827555701e+00
2.739099121223880218e+00
2.706145615833150941e+00
2.744901839759580575e+00
2.721506666583170642e+00
2.699313303347852244e+00
2.712326260765219654e+00
2.664222592706979142e+00
2.743618402059108341e+00
2.662695420553240933e+00
2.672367667212291131e+00
2.708343595387907587e+00
2.745417900698061242e+00
2.710525723110293939e+00
2.733998582974515035e+00
2.666662979460049154e+00
2.629720598695941991e+00
2.620257053074293019e+00
2.624731825545682184e+00
2.678165081614682919e+00
2.690810828987486136e+00
2.730035330552012862e+00
2.755219268760570994e+00
2.725252869678779444e+00
2.711803593890607100e+00
2.716414010812623125e+00
2.729029030088248486e+00
2.720351141664712369e+00
2.724729580662834660e+00
2.707999605541434374e+00
2.686474005902440343e+00
2.615745488257280815e+00
2.688895746321653846e+00
2.795621277312847042e+00
2.824477878505518902e+00
2.790578215993324118e+00
2.814053985344262543e+00
2.747770875356974507e+00
2.784011499528121991e+00
2.757247655976671208e+00
2.843067783102977142e+00
2.744871174684576420e+00
2.713152035928043659e+00
2.727989537820270094e+00
2.623098415977757281e+00
2.664323781162595051e+00
2.691425162516680736e+00
2.684436894439778509e+00
2.656596096987285716e+00
2.659572797182803150e+00
2.713704362653101665e+00
2.651888139371930908e+00
2.653594641548630673e+00
2.675872554396617531e+00
2.683035626205275914e+00
2.709348828275981003e+00
2.669856764702094765e+00
2.640140647877236013e+00
2.617156437352835763e+00
2.614477335395751556e+00
2.678477169005263114e+00
2.690253823521421950e+00
2.699548644897878713e+00
2.708328340070793594e+00
2.666021908362948611e+00
2.751179238555752971e+00
2.726894945165420303e+00
2.665774153828571968e+00
2.745502320670034635e+00
2.787754068593504275e+00
2.743954637640754424e+00
2.753957091717749162e+00
2.754092218439565531e+00
2.784992930995577431e+00
2.741968454667645272e+00
2.736908850150482131e+00
2.644485752463592299e+00
2.682181910991887630e+00
2.724661555181960626e+00
2.680576500490892577e+00
2.664929482142754935e+00
2.679653927010313907e+00
2.705122412385813302e+00
2.691174605103152651e+00
2.661996120768608698e+00
2.647713532355343347e+00
2.671472098161143727e+00
2.672152508604249466e+00
2.657278016459498460e+00
2.692774194930408260e+00
2.674948074241839446e+00
2.618690164354412264e+00
2.639342048441403854e+00
2.647741140149487027e+00
2.633876706080870544e+00
2.608241875785067609e+00
2.659434712131464096e+00
2.662495744296618394e+00
2.662915112519311567e+00
2.671177739720452582e+00
2.609300817955061191e+00
2.625030468879368417e+00
2.608992490107596041e+00
2.696000263538654185e+00
2.653031702397688818e+00
2.733948836107866320e+00
2.673245448629885779e+00
2.670926663504384457e+00
2.672256977585820703e+00
2.671343378038621097e+00
2.662799398380484739e+00
2.623481634459223333e+00
2.584277466813257540e+00
2.666812753050695317e+00
2.670896384790965694e+00
2.732194443654234028e+00
2.664206293271250914e+00
2.683931165115833295e+00
2.749441875810270997e+00
2.708123142145343110e+00
2.686614446071190709e+00
2.739930956149890129e+00
2.649361727104541320e+00
2.635324670442511064e+00
2.655467250317760097e+00
2.600469843972495365e+00
2.688937682214203040e+00
2.738985732485063718e+00
2.704336316511832816e+00
2.748578984396877534e+00
2.678422172249765421e+00
2.695075263757348072e+00
2.763554997694650517e+00
2.730266079881245034e+00
2.748959207612189370e+00
2.686207432755032265e+00
2.736154080728102844e+00
2.680357537904600296e+00
2.670560323722884100e+00
2.640024974731822294e+00
2.688679409345440696e+00
2.712354559987326663e+00
2.684379968265344196e+00
2.737523302053440410e+00
2.687146888272697431e+00
2.684377359807122776e+00
2.718550475800318278e+00
2.730188498937465180e+00
2.685443034222395386e+00
2.736205969539027283e+00
2.715513626877615661e+00
2.722196216507030808e+00
2.709813953318539692e+00
2.723052293235422638e+00
2.774580313886811034e+00
2.800602511018940977e+00
2.778420853090266984e+00
2.751853887598402881e+00
2.753621128448671573e+00
2.713599030694640479e+00
2.686127231506162616e+00
2.705223743726847818e+00
2.633424796023459802e+00
2.697740402919129199e+00
2.690232915528612434e+00
2.760043962944160878e+00
2.799174124504909322e+00
2.744675519090000293e+00
2.745633829206501009e+00
2.737362173545697885e+00
2.736860646653147988e+00
2.698308272115535811e+00
2.708615902718237933e+00
2.673357231003811396e+00
2.734363282145638951e+00
2.807936973490858801e+00
2.784153977525683832e+00
2.802099444854648347e+00
2.817695274644266501e+00
2.767796961175873705e+00
2.691943745090473517e+00
2.713321810677526091e+00
2.686346423324846189e+00
2.679130424751118955e+00
2.662525390658071256e+00
2.676888426387966202e+00
2.693192467291682934e+00
2.726320170150412725e+00
2.715300937003997550e+00
2.663390841618897831e+00
2.644131416026271886e+00
2.684291389422058138e+00
2.659569887973454172e+00
2.698049278152419461e+00
2.748512670160505600e+00
2.749188895188647841e+00
2.684464979711139065e+00
2.694875846463274272e+00
2.683606699108249671e+00
2.723141366707957811e+00
