3.333333333333333148e-01
5.652173913043477826e-01
8.649951783992285703e-01
1.025795160553949259e+00
1.139205112842021084e+00
1.175008590081319415e+00
1.248149542090076558e+00
1.273767365840370536e+00
1.294936708860759511e+00
1.296041308089500799e+00
1.300444571920263970e+00
1.280475718533201190e+00
1.277048500759983440e+00
1.301442779100714375e+00
1.244875649084449254e+00
1.273584905660377409e+00
1.287140902872776937e+00
1.283275980729525090e+00
1.283698630136986374e+00
1.307404844290657397e+00
1.273503097040605603e+00
1.259032129049460158e+00
1.287535220716490070e+00
1.293767313019390519e+00
1.263472241075064506e+00
1.269694161260426224e+00
1.278069113890009323e+00
1.274480712166172092e+00
1.269370704756771273e+00
1.274160938131823739e+00
1.277921020491247006e+00
1.332436641653688136e+00
1.323158203698268309e+00
1.301687160423219858e+00
1.277242707760044116e+00
1.266945155639401799e+00
1.285733603786342050e+00
1.302187973028760215e+00
1.299556418075963338e+00
1.294522433250756999e+00
1.269004282655246341e+00
1.272058823529411686e+00
1.275331564986737387e+00
1.312140312414360022e+00
1.312517700368167617e+00
1.294314381270903036e+00
1.295629466739967040e+00
1.307151715584952356e+00
1.291201307545627897e+00
1.308017452958821991e+00
1.307607497243660433e+00
1.282321187584345434e+00
1.301410342511752916e+00
1.285637727759914251e+00
1.303144316044074102e+00
1.273948908994145812e+00
1.298541114058355372e+00
1.287742799732082943e+00
1.277542932628797923e+00
1.274142894530227776e+00
1.289052244683644100e+00
1.279789335088874269e+00
1.267875647668393890e+00
1.306462270384564528e+00
1.290365804636205205e+00
1.315541812315138559e+00
1.286060932866001538e+00
1.291985235960980694e+00
1.316215123331985426e+00
1.284303256807260984e+00
1.277928451504584784e+00
1.259042282221090270e+00
1.254823851612100194e+00
1.284679878048780477e+00
1.284864165588615714e+00
1.268535031847133787e+00
1.324716433658665204e+00
1.325465838509316763e+00
1.275788915407053858e+00
1.300181770968579675e+00
1.277922077922077904e+00
1.290969899665551868e+00
1.278868509429088141e+00
1.292951541850220210e+00
1.260991820040899825e+00
1.295463357890655365e+00
1.314936369725385079e+00
1.312721329338055076e+00
1.318971412939406340e+00
1.324287091885934631e+00
1.309322033898305149e+00
1.309311740890688247e+00
1.283728319872898149e+00
1.314088067048024389e+00
1.316952642415923025e+00
1.309412089428650283e+00
1.321813657727398450e+00
1.278379842861013360e+00
1.306991695687114818e+00
1.276431424766977463e+00
1.301100941769465447e+00
1.261588969139855632e+00
1.254295098534613517e+00
1.267625349961822412e+00
1.283621140763997914e+00
1.266316480630334862e+00
1.287159942173741634e+00
1.311108093427485022e+00
1.276695768972464728e+00
1.307816061134200236e+00
1.302469135802469147e+00
1.284791386271870728e+00
1.276421691516031132e+00
1.283162595219332847e+00
1.278907993174957403e+00
1.309663641217298391e+00
1.315760419541816217e+00
1.310425884955752185e+00
1.291763104152484631e+00
1.294086021505376438e+00
1.296151776103336983e+00
1.295966545258329994e+00
1.282993740844320163e+00
1.273560209424083878e+00
1.295750332005312089e+00
1.307136034929731183e+00
1.295130882951308848e+00
1.281358652046001634e+00
1.280463707021472830e+00
1.293670886075949378e+00
1.301643351894608225e+00
1.307438016528925662e+00
1.299337565553408735e+00
1.289084745762711925e+00
1.287245444801714989e+00
1.284875183553597644e+00
1.304276985743380912e+00
1.300633783411408118e+00
1.294927733842377915e+00
1.296624013068336412e+00
1.288211382113821246e+00
1.289714593430263845e+00
1.296940288448577894e+00
1.276157345464276061e+00
1.291499599037690516e+00
1.279567018575437753e+00
1.262320730117340251e+00
1.277654723127035874e+00
1.297069450020072345e+00
1.307228915662650648e+00
1.303100987925356780e+00
1.310514786418400801e+00
1.289487943646708157e+00
1.317840054682160034e+00
1.322327923894795809e+00
1.323066104078762351e+00
1.310931399888455084e+00
1.339205186020293148e+00
1.289722222222222214e+00
1.278625447790898262e+00
1.290369779196594902e+00
1.279861203790204183e+00
1.263171622326551891e+00
1.258118341676293106e+00
1.262595026414121913e+00
1.257268380927768492e+00
1.268422418266735852e+00
1.254217492862704342e+00
1.279622096837685241e+00
1.295362082994304220e+00
1.329964912280701794e+00
1.313733905579399064e+00
1.282260292898590670e+00
1.284670545257745822e+00
1.267761752136752129e+00
1.321536766730928125e+00
1.294291338582677087e+00
1.293129560787553256e+00
1.301716975906950902e+00
1.310412850500211279e+00
1.311067081800169731e+00
1.276392352452202728e+00
1.284084736556219353e+00
1.262987886944818339e+00
1.301262043696566728e+00
1.305757406372274998e+00
1.269408880414056195e+00
1.295497694602657957e+00
1.318353632927341534e+00
1.279295520732214753e+00
1.288707482993197262e+00
1.296933021592628243e+00
1.327391986311136529e+00
1.294058982761077115e+00
1.277382256297918905e+00
1.288359428182437094e+00
1.278882833787466033e+00
1.328699803426004022e+00
1.272484166080225299e+00
1.283472089531868532e+00
1.292632450331125726e+00
1.286700731943101861e+00
1.278103283826134362e+00
1.295637905100506027e+00
1.325634122148221516e+00
1.319665030320531285e+00
1.306594347701969694e+00
1.303742262239729888e+00
1.316852662805481078e+00
1.319851364870658905e+00
1.262250205310703421e+00
1.276322751322751303e+00
1.297399783315276167e+00
1.327452364149611874e+00
1.286232895839151125e+00
1.298725941989699040e+00
1.324993049763691921e+00
1.306769016050244314e+00
1.291785085938557343e+00
1.270376689854311625e+00
1.269593285990961995e+00
1.292146596858638752e+00
1.272105263157894628e+00
1.306928069943038784e+00
1.267776896642875961e+00
1.292339760291818740e+00
1.275358505459808001e+00
1.297889182058047597e+00
1.326894095081518010e+00
1.276335261670926924e+00
1.273781902552204137e+00
1.277663141604333141e+00
1.270732329675937633e+00
1.282090699461952310e+00
1.313160676532769466e+00
1.318504366812227158e+00
1.304688555600594491e+00
1.293593833067517185e+00
1.301137867160624406e+00
1.309778252738445170e+00
1.298915226998794692e+00
1.276506732906262265e+00
1.284883720930232620e+00
1.301092248980128874e+00
1.272821982028909948e+00
1.302662490211432988e+00
1.290954840418487626e+00
1.293114840755913875e+00
1.293201320132013166e+00
1.309245483528161502e+00
1.300577258692442006e+00
1.302795238732111782e+00
1.319590443686006864e+00
1.294678099904722934e+00
1.279349550502379751e+00
1.276459854014598605e+00
1.230836673346693333e+00
1.282860015079165583e+00
1.281710337635249664e+00
1.298090849242923062e+00
1.292637465051258205e+00
1.304330339187558696e+00
1.297293676312968991e+00
1.297744561590818080e+00
1.316345893195988159e+00
1.316618714892451081e+00
1.324097049903501411e+00
1.319196119196119232e+00
1.298560173865797251e+00
1.283613723672009543e+00
1.307878137162796994e+00
1.271662451750299461e+00
1.273302349599793493e+00
1.296519235802146008e+00
1.287794545935927903e+00
1.278844897425846172e+00
1.293832020997375265e+00
1.277121092723929596e+00
1.280860995850622297e+00
1.278548282566428940e+00
1.265962859323327416e+00
1.276819680446360739e+00
1.253289473684210620e+00
1.289056507287138942e+00
1.263761763568389762e+00
1.286463664278403307e+00
1.279906784049715140e+00
1.296330155413347285e+00
1.301922050186866020e+00
1.311599083928330911e+00
1.278515984738850086e+00
1.276050260185302765e+00
1.285222929936305825e+00
1.276982097186700749e+00
1.294293125810635603e+00
1.300725115359261608e+00
1.270935960591133007e+00
1.278995666581697721e+00
1.300677436164669132e+00
1.316492916332531404e+00
1.289473684210526327e+00
1.288871554862194513e+00
1.311035027653410623e+00
1.309689507494646632e+00
1.312249264509226965e+00
1.297645963558983873e+00
1.292986129285527364e+00
1.288151041666666607e+00
1.251834978486459082e+00
1.282231716511686326e+00
1.287608893511897001e+00
1.297752070461417162e+00
1.279989557499020991e+00
1.288738797246395729e+00
1.310086840347361337e+00
1.331854111773679072e+00
1.328122799605689242e+00
1.312874043145441982e+00
1.291318414667026238e+00
1.249202093706115235e+00
1.305062799430273257e+00
1.258957868486678011e+00
1.244366108523228043e+00
1.270862530258631606e+00
1.291815417162501589e+00
1.297216564833672869e+00
1.300382304751501961e+00
1.269210245464247544e+00
1.294798456831182554e+00
1.286889668195306147e+00
1.295665011407864720e+00
1.284358288770053536e+00
1.296553566657761225e+00
1.293047696038803540e+00
1.280260707635009210e+00
1.309137260163692362e+00
1.291385363219011539e+00
1.272643617720520481e+00
1.313444816053511710e+00
1.286313794503858077e+00
1.311517615176151841e+00
1.340254237288135641e+00
1.301696340950511788e+00
1.330164942689404439e+00
1.341288096607245572e+00
1.318454078722190559e+00
1.324688069535959523e+00
1.316369213608477473e+00
1.305287799504268875e+00
1.277327666356753877e+00
1.259761874279861749e+00
1.261602314174317785e+00
1.284355315593263880e+00
1.273210580912863099e+00
1.279850746268656803e+00
1.284362033195020736e+00
1.283706402915148370e+00
1.324854552834528576e+00
1.283807469327221229e+00
1.302882072977260774e+00
1.275213675213675124e+00
1.289057393123284045e+00
1.291843783209351670e+00
1.297144396551724199e+00
1.280811857390839803e+00
1.281129823630818176e+00
1.276098719809951154e+00
1.300788032589822452e+00
1.306739278420694372e+00
1.305040516412580676e+00
1.306281647735048512e+00
1.287699223539027438e+00
1.283809015737529924e+00
1.270574225985710459e+00
1.295475777392232741e+00
1.308316151202749245e+00
1.280298913043478315e+00
1.293254342264709811e+00
1.308327598072952513e+00
1.277078774617067758e+00
1.312063535533342540e+00
1.289658981085185729e+00
1.302109011229800162e+00
1.287642926022868117e+00
1.277250542299349201e+00
1.299463770108620908e+00
1.303322166387492986e+00
1.294224330357142794e+00
1.288405596342983683e+00
1.274059997285190704e+00
1.256635987728424775e+00
1.274236387782204494e+00
1.294725394235997751e+00
1.282728272827282634e+00
1.308311363951713657e+00
1.314350474571469141e+00
1.307464788732394467e+00
1.325502405887347912e+00
1.286453960257486706e+00
1.305455552478537840e+00
1.286031042128603197e+00
1.279303780255643286e+00
1.302635190776832319e+00
1.299986027665222865e+00
1.278775510204081645e+00
1.307083390200627804e+00
1.277376244374744285e+00
1.306094746844034260e+00
1.309646079111727923e+00
1.280883556040359972e+00
1.304059539918809296e+00
1.293529650141834297e+00
1.298671675835234129e+00
1.297654354273389155e+00
1.296940288448577894e+00
1.283915896611758312e+00
1.275585372270455098e+00
1.283849703361898520e+00
1.286666666666666625e+00
1.283556149732620222e+00
1.277932405566600371e+00
1.300994356355818393e+00
1.326190476190476142e+00
1.295489456779779447e+00
1.303701665061235637e+00
1.301589495507947447e+00
1.303423522915516219e+00
1.282954700040810803e+00
1.281037924151696705e+00
1.297783184644498489e+00
1.292383292383292304e+00
1.279881016765819446e+00
1.259965567474506720e+00
1.283106230982934193e+00
1.293358685318484413e+00
1.281258439103429625e+00
1.285926325732019926e+00
1.290243902439024426e+00
1.297183290243570486e+00
1.319021814644991020e+00
1.326229042341574349e+00
1.322580645161290258e+00
1.296642050996237971e+00
1.310478296931158360e+00
1.312814773363178533e+00
1.311303618834707363e+00
1.315034136825971922e+00
1.279000271665308386e+00
1.277617043661230856e+00
1.300972166733253443e+00
1.305808733505645414e+00
1.265279066684343201e+00
1.277655011049005696e+00
1.265972674040338308e+00
1.278415015641293007e+00
1.286813478376227060e+00
1.282255919127427424e+00
1.265566099051085303e+00
1.296999868989912263e+00
1.272643253234750471e+00
1.295702457615981018e+00
1.294564348521183073e+00
1.274718069761342720e+00
1.311420982735723717e+00
1.311964066966108566e+00
1.317564788153023470e+00
1.276587248768800809e+00
1.289703771368915675e+00
1.285827290705339410e+00
1.272241064440386094e+00
1.274103791898537619e+00
1.289567162215498053e+00
1.293523074876978374e+00
1.256126173096975940e+00
1.284138110072689409e+00
1.280892904597395798e+00
1.267702026849170771e+00
1.288827258320126790e+00
1.292617087326224823e+00
1.320929589154793193e+00
1.297907949790795046e+00
1.301946271929824483e+00
1.292225568026279747e+00
1.278791946308724725e+00
1.303137308162433783e+00
1.311552898651466625e+00
1.290087863811092861e+00
1.287708361566607840e+00
1.325073089238479662e+00
1.308234630569655943e+00
1.302225909028065898e+00
1.319541515236231533e+00
1.275467066684849327e+00
1.296350952508720233e+00
1.312136325852036656e+00
1.289121742727147302e+00
1.298786308468566686e+00
1.296235455167693340e+00
1.299148819330038451e+00
1.302444413755006192e+00
1.316473382702249451e+00
1.327270143527071289e+00
1.309178743961352698e+00
1.313971521218102456e+00
1.273199398660653348e+00
1.316460905349794208e+00
1.298524087997772192e+00
1.313499235367718621e+00
1.294902069731907135e+00
1.324558947073648740e+00
1.309121861256915764e+00
1.325387870239774335e+00
1.297248219025003424e+00
1.289559101974574018e+00
1.289505428226779271e+00
1.328066528066528029e+00
1.287251655629139124e+00
1.290175579681007934e+00
1.276992801919488052e+00
1.263897929957036759e+00
1.266536964980544688e+00
1.271361379670760350e+00
1.290450928381962958e+00
1.280856760374832648e+00
1.292128825337431453e+00
1.272582781456953693e+00
1.268314899154196596e+00
1.274266511567791138e+00
1.272821576763485396e+00
1.276162035834847996e+00
1.285379507876578620e+00
1.276248858745272052e+00
1.265049415992812287e+00
1.276861633599587709e+00
1.281984334203655429e+00
1.291518269357604609e+00
1.289687292082501768e+00
1.293251205141938920e+00
1.288587028898654951e+00
1.299399599733155330e+00
1.310471275295395976e+00
1.306796382570567294e+00
1.333425835992784858e+00
1.308827624617098229e+00
1.327809497284500706e+00
1.319407573005449308e+00
1.281799865681665596e+00
1.306466604700571077e+00
1.291426271300147643e+00
1.311394101876675711e+00
1.294966941033598662e+00
1.321627875323261092e+00
1.290073230268510951e+00
1.307197426618415870e+00
1.299107142857142794e+00
1.272201026180765693e+00
1.272972972972973071e+00
1.279198966408268801e+00
1.292526783381238609e+00
1.282905086523335125e+00
1.289013569937369486e+00
1.269360269360269466e+00
1.284919093851132788e+00
1.297849747809928234e+00
1.280717962254190212e+00
1.280869451355244104e+00
1.275830737279335381e+00
1.273946113188088258e+00
1.287996882307092861e+00
1.276466009340944563e+00
1.300196979645436679e+00
1.284612315467482446e+00
1.309071589852569995e+00
1.306161137440758235e+00
1.286567560392885667e+00
1.308606124604012599e+00
1.290088425498218339e+00
1.318362480127186043e+00
1.289332108647159192e+00
1.267538345486547646e+00
1.268577099615432413e+00
1.293182396336809870e+00
1.282642286891578776e+00
1.290782876976475091e+00
1.293949993522476971e+00
1.284678150498639981e+00
1.301585239085239154e+00
1.250508130081300795e+00
1.276348651348651275e+00
1.270016495368607945e+00
1.296162294870138343e+00
1.293315858453473188e+00
1.303074093536521261e+00
1.310266666666666691e+00
1.299138502319416855e+00
1.286830793278624485e+00
1.281824020552344345e+00
1.301255230125522910e+00
1.293721973094170474e+00
1.329296191629659507e+00
1.303610206297502794e+00
1.257392645924402252e+00
1.283812904043605041e+00
1.288851130571167181e+00
1.297931216234022855e+00
1.288416075650118175e+00
1.292890870933892877e+00
1.272856588646062326e+00
1.257950974230044094e+00
1.282282663955261803e+00
1.323336457357075835e+00
1.318830634092780674e+00
1.273328046523922730e+00
1.282239382239382275e+00
1.313355481727574769e+00
1.283165961945031741e+00
1.269786472318117809e+00
1.311580044288133351e+00
1.304307240965462134e+00
1.297047970479704881e+00
1.292333723805805024e+00
1.292047944322721964e+00
1.322036133456415685e+00
1.309628445864962076e+00
1.310536044362291985e+00
1.295653308967497752e+00
1.280785017957927208e+00
1.296754250386398688e+00
1.285824246311738195e+00
1.290058778430871467e+00
1.267958233740093199e+00
1.287347656740796653e+00
1.280834914611005626e+00
1.292794510102935668e+00
1.310943983402489632e+00
1.312565720294426974e+00
1.304200365249152060e+00
1.290231724491102350e+00
1.290465351542741557e+00
1.286057388446466998e+00
1.288481012658227787e+00
1.278249841471147841e+00
1.283998988877654179e+00
1.301801801801801828e+00
1.300861843823452491e+00
1.308375800339736106e+00
1.267430025445292596e+00
1.281477758230711306e+00
1.293981481481481399e+00
1.311207691294613564e+00
1.295780202445116380e+00
1.262127337038908559e+00
1.269126357354392942e+00
1.267666749318125508e+00
1.270799752014879047e+00
1.258533579790511503e+00
1.285714285714285809e+00
1.288986103962943996e+00
1.310507674144037793e+00
1.336684782608695610e+00
1.284801703486824653e+00
1.275264432267108505e+00
1.286042651002426318e+00
1.300954373120669416e+00
1.304180491041804890e+00
1.272550292018169937e+00
1.296810165975103679e+00
1.281351950933054873e+00
1.297290255341323695e+00
1.328739359546007304e+00
1.284071151531362753e+00
1.291575280608953769e+00
1.291817711030554205e+00
1.299100742864590208e+00
1.296020874103065879e+00
1.303829006031995696e+00
1.310710498409331848e+00
1.315134484142914451e+00
1.289093298291721368e+00
1.336040473971508380e+00
1.308023115172691764e+00
1.301777485187623373e+00
1.339875473741201972e+00
1.308181203515889068e+00
1.321171770972037196e+00
1.301963885593778736e+00
1.314390467461044931e+00
1.290164146309939364e+00
1.270475479213343251e+00
1.283175944333996066e+00
1.295965816262410364e+00
1.303537223853914018e+00
1.303601394088033993e+00
1.314991504378512532e+00
1.301111837802485294e+00
1.267010438938498407e+00
1.307575948569267510e+00
1.294427324088341047e+00
1.295979578813018396e+00
1.304628911300749872e+00
1.275976090550680508e+00
1.309725429817808484e+00
1.300857365549493272e+00
1.287772536019380354e+00
1.277909738717339705e+00
1.258151507722480966e+00
1.288640595903165709e+00
1.291529292416941477e+00
1.282302664655605939e+00
1.302302049076650592e+00
1.294666837191456699e+00
1.283848279326802233e+00
1.282814445828144523e+00
1.307750759878419489e+00
1.298495950636328500e+00
1.305883864337101796e+00
1.286750668193967106e+00
1.282567652611705578e+00
1.269421078673923731e+00
1.261054421768707412e+00
1.271939460515073783e+00
1.262108610567514777e+00
1.291723538900608093e+00
1.285841269841269785e+00
1.280850525249968452e+00
1.292611464968152823e+00
1.286973180076628420e+00
1.299935691318327979e+00
1.307752442996742648e+00
1.280746612119662453e+00
1.299196531054712445e+00
1.285242570485140901e+00
1.276611788362448152e+00
1.284449432597580820e+00
1.311040204211869842e+00
1.300607942051481114e+00
1.316744427164333819e+00
1.315215964290403106e+00
1.305259047123145111e+00
1.300690360521605804e+00
1.291232528589580708e+00
1.279113448534936248e+00
1.280094316207495586e+00
1.287415392328904451e+00
1.281697213155912562e+00
1.301601311310049081e+00
1.293092481872535338e+00
1.283282904689863946e+00
1.305166709086281518e+00
1.283131763208147591e+00
1.303992856231662278e+00
1.300888373889532712e+00
1.284154393092940660e+00
1.267028627838104660e+00
1.282988675529295852e+00
1.299747793190416223e+00
1.307731694828468960e+00
1.294884910485933460e+00
1.285353216226462703e+00
1.327454286084813972e+00
1.290001310444240490e+00
1.312143227815256941e+00
1.288998571243018532e+00
1.308352849336455792e+00
1.319015957446808551e+00
1.324404761904761862e+00
1.285095206828627656e+00
1.281142419992349790e+00
1.278640529531568149e+00
1.311879895561357756e+00
1.302636809328209910e+00
1.265881147540983687e+00
1.305459216441875459e+00
1.299907882616133659e+00
1.329207587784205558e+00
1.309255996747526796e+00
1.286854153041203430e+00
1.296387733887733873e+00
1.293042683722751551e+00
1.304966407587933030e+00
1.303723404255319185e+00
1.279509586539715693e+00
1.271016151596082944e+00
1.273903119452193700e+00
1.298807363235675361e+00
1.301557715350818878e+00
1.301889320648532689e+00
1.308598510494245026e+00
1.267850098619329291e+00
1.303741363577108681e+00
1.296690150206034842e+00
1.286915396741986406e+00
1.276078330986816889e+00
1.292074112197632463e+00
1.303747534516765283e+00
1.286691215149921019e+00
1.287014168724814667e+00
1.289477115660451201e+00
1.285077366902701357e+00
1.268267358857884552e+00
1.285472972972973027e+00
1.262101993269479694e+00
1.280920545127282040e+00
1.283523397561934676e+00
1.304619890826787421e+00
1.282010370961308432e+00
1.280856092436974736e+00
1.306163287086446134e+00
1.279696040527929624e+00
1.286444007858546179e+00
1.265290222049084479e+00
1.311568394670887816e+00
1.314875581077385780e+00
1.304782491218589469e+00
1.279121453784808571e+00
1.298813095082822500e+00
1.304904051172707913e+00
1.308863146551724199e+00
1.291544411843158269e+00
1.280395730278573341e+00
1.281383598911776112e+00
1.287749287749287763e+00
1.288516497791634130e+00
1.293526494387888359e+00
1.297891963109354396e+00
1.304544246611745839e+00
1.320587047259997204e+00
1.322413322413322323e+00
1.285072061351315575e+00
1.308165401727296562e+00
1.321375789332258410e+00
1.302961275626423721e+00
1.292170257488176599e+00
1.287557003257328914e+00
1.282507739938080427e+00
1.292756276150627714e+00
1.284665792922673688e+00
1.279203021226722248e+00
1.303305676280784864e+00
1.276369368185997555e+00
1.277591542031975225e+00
1.271700051361068340e+00
1.266334864726901488e+00
1.286804657179818845e+00
1.301693107585655262e+00
1.279501458499071820e+00
1.271335927367055696e+00
1.285397074190177680e+00
1.314085267134376789e+00
1.289159891598915975e+00
1.294816991717873345e+00
1.298443370907139016e+00
1.281686394467349333e+00
1.312087319768225235e+00
1.297264189465087814e+00
1.298321020819341864e+00
1.282734952481520585e+00
1.288689691537041826e+00
1.323979937644028659e+00
1.273473231100349823e+00
1.278103425817376682e+00
1.262290862290862181e+00
1.272005124919923125e+00
1.275679172056921162e+00
1.306640106241699906e+00
1.282428456806632866e+00
1.265380132107239985e+00
1.278669427905772649e+00
1.297454931071049922e+00
1.300972184715095903e+00
1.278110445775116455e+00
1.289227936340918035e+00
1.319416018556419656e+00
1.291092620379211464e+00
1.294660778803693235e+00
1.266501110965886800e+00
1.277884986491702124e+00
1.271785575553541436e+00
1.273817197370117338e+00
1.304295784013831616e+00
1.296346414073071829e+00
1.310733695652174013e+00
1.271481777068369290e+00
1.283861671469740617e+00
1.270334298499605108e+00
1.267525035765379116e+00
1.250542437779195826e+00
1.244647552272442725e+00
1.289227616241834351e+00
1.292444091570729148e+00
1.301056573492042290e+00
1.314312951109900540e+00
1.288676450787666683e+00
1.287303058387395671e+00
1.289382650345928694e+00
1.305698082635700752e+00
1.272921678695535963e+00
1.283302800314053860e+00
1.311583479079779346e+00
1.322545103980168113e+00
1.308254099490147482e+00
1.303260869565217472e+00
1.329928216454997258e+00
1.286945812807881673e+00
1.279048248512888231e+00
1.271104742053152714e+00
1.268597168597168645e+00
1.276768457672980306e+00
1.274776525456665421e+00
1.277741810177392301e+00
1.263798181585350289e+00
1.274394904458598710e+00
1.260786802030456899e+00
1.271545741324921153e+00
1.283168824509678174e+00
1.283206402478378694e+00
1.297441921169407486e+00
1.282474767335168409e+00
1.285473847747281129e+00
1.282597469661760803e+00
1.285714285714285809e+00
1.265515035188739645e+00
1.268912905276541547e+00
1.293056456846203739e+00
1.308536259031308546e+00
1.293960448957776510e+00
1.310358618850819834e+00
1.301311212202301393e+00
1.288010540184453268e+00
1.261296910901199997e+00
1.264165103189493378e+00
1.271640664318067548e+00
1.267406659939455116e+00
1.275397025460045297e+00
1.283861121709271247e+00
1.281632127686961109e+00
1.288264976064173783e+00
1.308259781319984105e+00
1.283026315789473681e+00
1.308147174770039500e+00
1.292358366271409764e+00
1.293464052287581767e+00
1.292788650991724575e+00
1.293067226890756372e+00
1.300779701334742855e+00
1.303834416876741509e+00
1.285582498682129593e+00
1.289700130378096388e+00
1.279828437743696368e+00
1.277763429752066138e+00
1.275915420319752469e+00
1.308440704706810509e+00
1.288140090209604738e+00
1.313526505541460887e+00
1.279947229551451127e+00
1.288488929172601383e+00
1.283519916688362406e+00
1.289350039154267824e+00
1.317810785494446746e+00
1.289973262032085621e+00
1.309622314159882617e+00
1.325302863436123246e+00
1.282881424524483949e+00
1.322923677480145388e+00
1.310963822148577762e+00
1.318275435946725249e+00
1.303184188855339043e+00
1.314004376367614801e+00
1.308550185873605942e+00
1.302902302766044462e+00
1.339388011736761142e+00
1.331050228310502348e+00
1.344138226474368203e+00
1.313053252775045587e+00
1.333286771895516143e+00
1.292206003855687069e+00
1.281648936170212805e+00
1.283823140058247381e+00
1.260371959942775399e+00
1.284826514759192184e+00
1.282206172028890423e+00
1.253640933109936739e+00
1.269697356659430509e+00
1.292518801952764251e+00
1.273110350276534186e+00
1.276753246753246751e+00
1.265219077161690686e+00
1.288993218570683386e+00
1.263088833486419205e+00
1.310413354531001495e+00
1.289023569023568960e+00
1.285977616853192895e+00
1.320987654320987748e+00
1.321448390677025575e+00
1.288305360043313419e+00
1.304921968787515096e+00
1.272919978802331764e+00
1.274581114430445528e+00
1.260365696626319920e+00
1.316095754529824191e+00
1.310027472527472536e+00
1.262722980062959133e+00
1.291882109617373375e+00
1.285997357992074042e+00
1.314634146341463472e+00
1.315665651812897963e+00
1.269692923898531278e+00
1.265137851069312092e+00
1.298761201897733253e+00
1.303437967115097074e+00
1.336000000000000076e+00
1.334723220704529201e+00
1.305492957746478888e+00
1.305970149253731449e+00
1.295202952029520294e+00
1.291391620638555837e+00
1.301123291379076896e+00
1.274729675610732915e+00
1.275487501635911514e+00
1.282568565400843852e+00
1.290167224080267516e+00
1.270918976263095024e+00
1.285335806067028797e+00
1.271341463414634054e+00
1.277740951875911524e+00
1.308049113233287875e+00
1.284378437843784360e+00
1.300781785763269749e+00
1.308447937131630656e+00
1.294701523836152557e+00
1.287356321839080442e+00
1.272751677852348884e+00
1.279717484008528805e+00
1.299836601307189587e+00
1.278398256605829397e+00
1.289859002169197355e+00
1.323869171885873275e+00
1.308729595457771566e+00
1.314484126984126977e+00
1.275456557830658477e+00
1.272386058981233248e+00
1.301912568306010876e+00
1.306488011283497785e+00
1.300564174894217162e+00
1.296270428830842203e+00
1.275244524039123917e+00
1.307692307692307709e+00
1.334304867385601945e+00
1.275813295615275900e+00
1.270299433504181286e+00
1.273070696168375537e+00
1.303243616287094619e+00
1.286191536748329645e+00
1.300612642717905887e+00
1.313379781032276483e+00
1.327460687245195059e+00
1.304730314392846813e+00
1.299171697318545649e+00
1.278935820076796404e+00
1.288508557457212822e+00
1.264457265530658736e+00
1.272679045092838246e+00
1.295380434782608781e+00
1.280739934711643047e+00
1.280258203335126410e+00
1.303092783505154673e+00
1.329153605015674033e+00
1.280390788555477943e+00
1.313032719274127125e+00
1.318974068300977853e+00
1.325349301397205526e+00
1.282385575589459092e+00
1.281673146534388019e+00
1.274180655475619428e+00
1.288695652173913020e+00
1.292974588938714531e+00
1.295090933953233936e+00
1.295909964315124840e+00
1.326944599888080667e+00
1.316642958748222014e+00
1.305248425472358198e+00
1.300180580636199457e+00
1.285459777990955121e+00
1.299121844127332670e+00
1.292750034392626146e+00
1.283231500339443221e+00
1.267427964413756492e+00
1.286076287009869201e+00
1.272934549356223188e+00
1.304371436329079481e+00
1.303093355527812358e+00
1.302617079889807128e+00
1.310363913103639089e+00
1.315152358424933832e+00
1.304842514222283922e+00
1.306525037936267175e+00
1.304059652029825989e+00
1.285382196089156270e+00
1.308928571428571441e+00
1.265945945945945894e+00
1.283302313214570667e+00
1.279983792544570509e+00
1.323718846261551452e+00
1.290988208871420628e+00
1.282555282555282616e+00
1.308503259814121300e+00
1.279423982276377769e+00
1.266218938885157907e+00
1.273287763034445685e+00
1.255279585602337544e+00
1.250293772032902373e+00
1.264597093791281379e+00
1.276498316498316576e+00
1.290727843779871709e+00
1.264757530730784785e+00
1.251210257752191524e+00
1.266187050359712130e+00
1.269016697588126075e+00
1.285367498314227808e+00
1.285441397189248214e+00
1.321703797113633172e+00
1.298277809147374340e+00
1.276124473433890572e+00
1.298621536781766173e+00
1.272345042723450392e+00
1.291846071044133515e+00
1.288448393711551621e+00
1.274258760107816801e+00
1.310240963855421770e+00
1.308908654524918891e+00
1.269188894937397949e+00
1.280304040538738475e+00
1.273941498597569222e+00
1.300771208226221054e+00
1.308246708246708190e+00
1.292628958650255733e+00
1.277410654079568442e+00
1.276646706586826330e+00
1.253522964509394599e+00
1.280866614460976161e+00
1.284057584644094918e+00
1.292025862068965525e+00
1.273345784418356441e+00
1.293771718791767000e+00
1.289776574136763720e+00
1.288094598226283249e+00
1.297009698275862100e+00
1.277186918372773095e+00
1.282605846113514136e+00
1.296256968409875254e+00
1.306139043230789998e+00
1.293935309973045733e+00
1.275415896487985146e+00
1.257622341788367848e+00
1.261215720965499720e+00
1.270071138211382067e+00
1.276288659793814340e+00
1.264037003726069530e+00
1.277564102564102466e+00
1.275306254029658248e+00
1.277505165289256173e+00
1.267866323907455017e+00
1.298601124329977763e+00
1.296311146752205268e+00
1.295802798134576994e+00
1.284598066481260847e+00
1.269515521496298316e+00
1.262501590533146700e+00
1.279671879005383150e+00
1.287658683418400729e+00
1.289205971726780309e+00
1.288051302185577729e+00
1.302485457429931159e+00
1.315589868617093261e+00
1.269220572640509026e+00
1.268286412135235963e+00
1.301056803170409504e+00
1.291250337564137096e+00
1.316765069339557837e+00
1.305559425943987772e+00
1.294238401532776805e+00
1.269879198194610481e+00
1.304832214765100584e+00
1.295210569777043741e+00
1.265595716198125942e+00
1.275538522532047025e+00
1.306579306579306543e+00
1.291516495702800027e+00
1.280749760569161344e+00
1.279019073569482190e+00
1.283358320839580236e+00
1.298922056384743007e+00
1.310921985815602930e+00
1.289933267073690271e+00
1.290128635346756258e+00
1.302708067489011690e+00
1.261944444444444535e+00
1.274699781659388576e+00
1.297225336322869849e+00
1.253620190318576855e+00
1.275866775866775882e+00
1.284749577940348830e+00
1.287031782065834351e+00
1.293533054875414035e+00
1.322965801886792470e+00
1.294536817102137860e+00
1.296972330870636014e+00
1.262112676056337923e+00
1.293735891647855629e+00
1.315906070004430717e+00
1.270712630359212003e+00
1.289071347678369284e+00
1.274118147046323868e+00
1.319456490315120023e+00
1.290213888075007365e+00
1.299392536881689431e+00
1.283996564557686737e+00
1.297254789819845655e+00
1.310004356033105832e+00
1.313509544787077932e+00
1.277984540509590650e+00
1.288534229315413615e+00
1.272155437517472842e+00
1.275155709342560506e+00
1.291139240506329111e+00
1.303921568627451011e+00
1.307805596465390297e+00
1.281340265742345386e+00
1.286382315431486401e+00
1.311718522826402999e+00
1.327389871141744004e+00
1.345337026777470024e+00
1.325759901750076741e+00
1.319855704193596768e+00
1.325473115049564443e+00
1.293093270365997638e+00
1.310441176470588331e+00
1.303566165635131169e+00
1.329586330935251803e+00
1.350819672131147620e+00
1.333854818523154018e+00
1.325432023245144419e+00
1.301985370950888177e+00
1.294461493497004234e+00
1.312287446399526880e+00
1.300771971496436974e+00
1.294152218630620022e+00
1.312380391579567096e+00
1.285588752196836548e+00
1.303847274846983373e+00
1.280727272727272714e+00
1.321318228630278035e+00
1.289532293986636935e+00
1.286127167630057855e+00
1.287844036697247674e+00
1.262861169837913966e+00
1.255692010487098109e+00
1.258692052980132425e+00
1.242498636115657362e+00
1.257703845104990448e+00
1.273388337295483064e+00
1.293123374747182863e+00
1.306696428571428648e+00
1.292408066429418634e+00
1.298735665980593978e+00
1.324320241691842925e+00
1.310961626662589863e+00
1.315468940316687041e+00
1.305015197568389018e+00
1.287321830457614391e+00
1.320048676604806737e+00
1.307500389833151422e+00
1.320180910792264406e+00
1.292810860845418075e+00
1.286484866646688596e+00
1.286162113748320568e+00
1.305733455321744341e+00
1.301801801801801828e+00
1.294509925558312569e+00
1.296003717472119066e+00
1.274345709068776644e+00
1.276229016786570636e+00
1.268248992386923346e+00
1.252575802178392594e+00
1.280232039268183852e+00
1.300756523081673555e+00
1.314005069708491735e+00
1.327871512005191379e+00
1.270967741935483897e+00
1.281340003031681052e+00
1.286876438986953142e+00
1.307403349506965018e+00
1.300094816687737076e+00
1.315597783056215331e+00
1.281235376696303163e+00
1.247105966162065815e+00
1.283838233099537485e+00
1.273645546372819126e+00
1.295831396249806255e+00
1.254776096591777579e+00
1.280000000000000027e+00
1.276461538461538536e+00
1.269072007338327479e+00
1.271721000758150089e+00
1.301098561039764734e+00
1.296121840163291017e+00
1.308527375707992491e+00
1.290809112333071385e+00
1.300811738994692490e+00
1.283185840707964598e+00
1.295447554598585072e+00
1.316397594175372054e+00
1.316771185077986850e+00
1.297528517110266177e+00
1.290866873065015463e+00
1.276154428463285306e+00
1.282024327977173694e+00
1.313337488314116452e+00
1.306428684252092909e+00
1.305100608329433864e+00
1.298207663782447563e+00
1.302451055958069981e+00
1.306521739130434678e+00
1.273087473331301345e+00
1.268299881936245654e+00
1.306957708049113265e+00
1.303621169916434619e+00
1.285324024889968220e+00
1.311897106109324751e+00
1.293899039950449081e+00
1.290665855883247115e+00
1.316586798577832784e+00
1.287102746066028924e+00
1.288737717309145880e+00
1.283928302455189074e+00
1.267851851851851785e+00
1.259849362688296726e+00
1.284312289438992227e+00
1.276532581267626476e+00
1.274911556603773644e+00
1.289317507418397568e+00
1.279819954988747233e+00
1.310737033666969920e+00
1.276128445925477140e+00
1.255328403653762415e+00
1.281195335276967828e+00
1.283038501560874067e+00
1.256072578285045260e+00
1.273493100944081302e+00
1.304942965779467778e+00
1.302832244008714557e+00
1.288429118773946280e+00
1.289931869795609476e+00
1.301075268817204256e+00
1.286129377580669919e+00
1.295912141549725449e+00
1.297255863866319192e+00
1.295012165450121655e+00
1.293867638129933217e+00
1.279808983733771166e+00
1.262791708943325153e+00
1.315001482359916984e+00
1.301436869458881151e+00
1.282309400444115566e+00
1.310074074074074169e+00
1.316301703163017089e+00
1.287464515165097856e+00
1.305317577548005925e+00
1.302266626901282365e+00
1.287551744529864095e+00
1.294212218649517743e+00
1.300739644970414277e+00
1.305418719211822731e+00
1.300701387852559288e+00
1.304074295985620191e+00
1.306642675063727665e+00
1.292954815695600557e+00
1.312117137307634795e+00
1.271365638766519757e+00
1.296247818499127291e+00
1.322536908707441894e+00
1.289677804295942698e+00
1.296301710276275498e+00
1.289089848308051289e+00
1.269368980882564335e+00
1.261653288269257933e+00
1.279960429621255003e+00
1.277301315037164153e+00
1.273708120386144227e+00
1.265099253836407200e+00
1.291463763964480149e+00
1.314260302401422997e+00
1.294196829195333631e+00
1.283347991791263576e+00
1.280973771917113480e+00
1.293221077079401926e+00
1.304084943223713378e+00
1.277987787147426557e+00
1.307118842274521242e+00
1.296817172464840962e+00
1.312323472573212468e+00
1.271536670547147807e+00
1.281714285714285806e+00
1.270519738710593538e+00
1.248691099476439748e+00
1.265345444536196018e+00
1.305192003451747462e+00
1.295074693092737705e+00
1.281690140845070491e+00
1.267328136073706535e+00
1.284898658292891849e+00
1.271024027459954242e+00
1.291079136690647555e+00
1.299837686291869465e+00
1.271966527196652708e+00
1.284962299046806145e+00
1.300656455142231938e+00
1.294238683127572065e+00
1.289221382916908798e+00
1.284929129302863737e+00
1.276397069386582483e+00
1.306788128122245096e+00
1.304523063143752770e+00
1.301375943186861894e+00
1.297725605282465056e+00
1.302834483771478924e+00
1.280625543006081779e+00
1.286933030001421896e+00
1.276199943197955156e+00
1.311127063890882960e+00
1.284889594458074713e+00
1.298303151290460589e+00
1.288315412186380016e+00
1.290166500640387071e+00
1.292208720514653297e+00
1.295966700157887175e+00
1.293470392355581255e+00
1.261224489795918391e+00
1.258599424420995039e+00
1.280949057920446554e+00
1.298161817918656924e+00
1.284546913760396869e+00
1.303388840198656196e+00
1.282938318857647531e+00
1.277464992060054927e+00
1.263269639065817351e+00
1.291177313090804857e+00
1.280326197757390316e+00
1.304680600529879220e+00
1.306422569027611003e+00
1.273795534665099982e+00
1.314962962962962889e+00
1.294329432943294389e+00
1.324635922330097193e+00
1.298560049019607865e+00
1.266510470054180715e+00
1.305252286810268503e+00
1.317908375751966732e+00
1.326723323890462769e+00
1.296911376687878370e+00
1.295875037913254424e+00
1.280759455822992887e+00
1.279958677685950397e+00
1.272607550482879768e+00
1.292906856212053812e+00
1.280885432246485101e+00
1.289097408400357470e+00
1.284372203996421158e+00
1.297448286275102003e+00
1.300045878574705549e+00
1.265939973122293560e+00
1.298523049380874150e+00
1.288831641157751173e+00
1.303422053231939159e+00
1.275715800636267216e+00
1.317341482047364343e+00
1.295789797172710589e+00
1.283380788251161420e+00
1.289160214413341166e+00
1.303603876438522047e+00
1.279174823068814915e+00
1.320679626511556792e+00
1.316352201257861676e+00
1.298272671190623173e+00
1.268977884040645598e+00
1.272435429738800527e+00
1.281461833185971066e+00
1.276128266033254244e+00
1.272123893805309658e+00
1.299473288186606457e+00
1.279696969696969777e+00
1.256334708308780135e+00
1.273752012882447771e+00
1.284215260080947330e+00
1.298854087089381215e+00
1.302329192546583858e+00
1.278475199020208120e+00
1.266388557806912951e+00
1.285607083896142866e+00
1.310152126668736372e+00
1.279783950617283894e+00
1.288050885960926761e+00
1.287835176488410838e+00
1.324835783547075430e+00
1.307277628032345040e+00
1.300109017287026880e+00
1.271291938667071575e+00
1.271108473067220634e+00
1.289714029046264310e+00
1.267586821015137977e+00
1.266266998099137231e+00
1.299476439790575810e+00
1.286149162861491613e+00
1.277147971360381939e+00
1.298810778262833088e+00
1.267798137578852513e+00
1.297216402274768088e+00
1.308735171776305606e+00
1.265904647315385878e+00
1.302708364506957928e+00
1.292224788298691251e+00
1.325784788380446555e+00
1.321451304901336776e+00
1.308758664146187689e+00
1.291860105230578704e+00
1.289562289562289576e+00
1.278415961305924942e+00
1.276150627615062705e+00
1.279205258440394344e+00
1.283024506873879256e+00
1.272201630837657582e+00
1.297450424929178503e+00
1.328418438615551755e+00
1.290193050193050084e+00
1.277365766834767102e+00
1.313540260908681923e+00
1.327510917030567672e+00
1.292295839753466957e+00
1.288679808841099117e+00
1.286862074096116748e+00
1.306458932082892099e+00
1.264898688915375491e+00
1.294265074450833053e+00
1.248835177635410520e+00
1.243186582809224339e+00
1.240481794268309512e+00
1.261605757019895524e+00
1.288021139166177331e+00
1.275249888109801555e+00
1.302532408803135366e+00
1.298571647980340860e+00
1.322419706891175606e+00
1.330981398332264254e+00
1.308473500476039275e+00
1.287229137851544580e+00
1.306106870229007733e+00
1.293538461538461526e+00
1.312209482491478063e+00
1.300764788512564385e+00
1.261815453863465830e+00
1.321737809509342165e+00
1.329858883899935895e+00
1.314681970349115270e+00
1.319209039548022488e+00
1.307181467181467216e+00
1.284188355649165114e+00
1.240262519617634451e+00
1.268920639411515117e+00
1.252688943066112115e+00
1.292611983711460244e+00
1.279173480005946217e+00
1.288185716398048131e+00
1.265560775102759772e+00
1.316017964071856339e+00
1.308152007355194657e+00
1.281637531749589165e+00
1.297277300976620307e+00
1.298471681150734192e+00
1.297081829121540242e+00
1.326377167408316682e+00
1.323400250941028755e+00
1.278876642005133624e+00
1.290994426518040417e+00
1.310469859495392075e+00
1.293583535108958849e+00
1.315653495440729515e+00
1.319122452154971148e+00
1.304695919938414272e+00
1.290424570912375835e+00
1.292076258564194280e+00
1.300254834357667422e+00
1.298451360697639556e+00
1.310568370269862726e+00
1.271848989298454136e+00
1.273425054308472193e+00
1.275192112512686604e+00
1.275791624106230815e+00
1.289594095940959306e+00
1.260608721100380469e+00
1.288110867979576968e+00
1.281476014760147608e+00
1.279952899617309292e+00
1.260116448326055405e+00
1.302108076009501181e+00
1.286731293547409782e+00
1.291772815824966392e+00
1.280273728057125915e+00
1.332510415059404485e+00
1.284871993793638589e+00
1.293103448275862100e+00
1.260766260766260860e+00
1.287780401416765086e+00
1.295343883140596564e+00
1.275778651345630399e+00
1.295389266817838170e+00
1.312316034082106952e+00
1.288747675139491733e+00
1.298794445292232647e+00
1.279161603888213872e+00
1.267770060588148340e+00
1.288396156688839556e+00
1.312318286151491931e+00
1.286787247087676223e+00
1.302804023163669722e+00
1.295461514872738418e+00
1.273406002687770711e+00
1.287048014226437553e+00
1.272161280758968172e+00
1.266013454226381896e+00
1.285251215559157112e+00
1.274236584642751247e+00
1.260403073800203000e+00
1.279424585876198783e+00
1.287265694733710220e+00
1.310779990877299683e+00
1.268296340731853711e+00
1.299019607843137303e+00
1.280641294575966427e+00
1.290604623592175537e+00
1.269445259759319100e+00
1.302397868561278926e+00
1.281296683597251240e+00
1.291154245073344198e+00
1.313154301319981787e+00
1.300425920292059612e+00
1.270922194440358810e+00
1.299616632261869631e+00
1.305223315669947093e+00
1.308116385911179069e+00
1.316828628721270933e+00
1.334484382357557619e+00
1.303546320887361443e+00
1.268783542039356060e+00
1.257498913200985280e+00
1.276542848786194728e+00
1.300463863534340847e+00
1.291219585915067247e+00
1.289245056920311550e+00
1.304995486006620631e+00
1.286570743405275774e+00
1.284916201117318524e+00
1.320714718352513639e+00
1.316692426584235021e+00
1.287708239531742516e+00
1.286705031724951986e+00
1.271104608632041000e+00
1.295835186008596374e+00
1.326940921744509838e+00
1.320796460176991260e+00
1.298291925465838492e+00
1.279402895054282174e+00
1.274885031894377629e+00
1.273347168692558595e+00
1.300376789751318762e+00
1.308609476618147971e+00
1.309144818976279545e+00
1.315551396038059595e+00
1.284576504824628485e+00
1.301520397410808272e+00
1.302836230558096942e+00
1.257517688679245182e+00
1.261417322834645693e+00
1.249042145593869835e+00
1.297332750327940598e+00
1.287607288059027244e+00
1.270557029177718844e+00
1.298245614035087758e+00
1.283004666566310403e+00
1.309627843905379008e+00
1.296313154301319992e+00
1.304787796405376898e+00
1.274758004467609895e+00
1.283284457478005791e+00
1.283433426102241093e+00
1.302218252195920689e+00
1.321725731895223355e+00
1.299830430090951117e+00
1.318313731480067252e+00
1.274415817855002908e+00
1.299881936245572689e+00
1.307365868444983370e+00
1.299497027892089651e+00
1.288372093023255838e+00
1.303052978150254448e+00
1.304130730821606798e+00
1.274056392660003034e+00
1.309852808651246647e+00
1.323598681111634479e+00
1.286351746422526476e+00
1.294508147254073593e+00
1.300868770004572461e+00
1.278440852092461055e+00
1.276183431952662817e+00
1.276871048375239015e+00
1.293783622235505026e+00
1.299513973268529687e+00
1.322110162916990017e+00
1.312314655845169264e+00
1.282051282051282159e+00
1.259167636786961531e+00
1.275465657741559955e+00
1.290903632542779844e+00
1.283519132268755580e+00
1.287370164082492829e+00
1.271844660194174859e+00
1.261104617182933874e+00
1.245371688977499280e+00
1.276275842128090199e+00
1.260157848582285967e+00
1.294711824123588872e+00
1.268925198620896477e+00
1.295536249251048488e+00
1.302858020897357028e+00
1.279150346489906553e+00
1.280188957779746062e+00
1.275806214106906200e+00
1.269790454016298087e+00
1.279458830375327372e+00
1.291907943578322282e+00
1.307633935346790066e+00
1.300506990321093959e+00
1.323374613003095890e+00
1.328501654324877990e+00
1.310895428929242268e+00
1.310949131513647670e+00
1.326862867877269814e+00
1.339658746611385842e+00
1.316437707247749778e+00
1.291050465009909942e+00
1.301690310896468361e+00
1.287434161023325752e+00
1.309874108903382295e+00
1.315309748184767535e+00
1.336970271979759595e+00
1.314371731896688322e+00
1.284069981583793707e+00
1.279233418176373815e+00
1.273158440788498602e+00
1.274466519499632078e+00
1.270064440538957173e+00
1.258789625360230646e+00
1.291783036895487236e+00
1.265841438255231433e+00
1.276275398333577060e+00
1.251701665459811652e+00
1.271612065233078459e+00
1.307193485145528689e+00
1.271132617571450130e+00
1.300015030813167050e+00
1.255668257756563211e+00
1.282408085542698029e+00
1.285328532853285299e+00
1.290317700453857741e+00
1.257977930211750639e+00
1.232461780254322070e+00
1.256341221482216275e+00
1.234640798537888440e+00
1.268219917601932201e+00
1.280753384343731538e+00
1.277630415561449961e+00
1.265535897060973802e+00
1.274311657879320547e+00
1.294796821112610630e+00
1.291984151173422690e+00
1.292746113989637236e+00
1.298848810437452039e+00
1.287971770481742828e+00
1.294999235357088274e+00
1.299381761978361638e+00
1.291117917304747342e+00
1.286017591750075795e+00
1.336057843445457305e+00
1.349101697708917191e+00
1.322180512485718884e+00
1.301848049281314257e+00
1.352542372881355925e+00
1.343186372745490909e+00
1.352178250748254040e+00
1.294910900626103700e+00
1.309187004508005625e+00
1.285736362231494345e+00
1.269765356448961269e+00
1.267493356953055761e+00
1.245471670772351880e+00
1.269079808111644114e+00
1.298437262934304393e+00
1.297356143079315682e+00
1.280912735121800816e+00
1.278775883069427577e+00
1.266586610627439269e+00
1.313240043057050555e+00
1.301151601198927255e+00
1.281269254467036323e+00
1.291265106317882827e+00
1.299720757058641096e+00
1.297103706010588553e+00
1.300140471359450656e+00
1.305376005044931453e+00
1.300126302494474251e+00
1.294666459337583619e+00
1.287525119802133355e+00
1.335552385481058701e+00
1.278693672476055809e+00
1.315830115830115776e+00
1.274374328266543843e+00
1.310701781093012608e+00
1.278014616321559105e+00
1.313674560733384178e+00
1.312102897876956442e+00
1.312664703146798839e+00
1.310249307479224301e+00
1.310318195860364465e+00
1.297555791710945705e+00
1.307447292583042708e+00
1.289947089947089953e+00
1.323053199691595960e+00
1.302489431658055530e+00
1.313221078889928339e+00
1.278623021361610546e+00
1.303772436872528084e+00
1.245375166494006258e+00
1.297261287934863061e+00
1.272658610271903301e+00
1.281510107015457756e+00
1.257415565345080699e+00
1.270360674810936619e+00
1.262043795620438003e+00
1.284075871195412333e+00
1.293147398410556370e+00
1.332608357930713083e+00
1.309358204236484413e+00
1.321529745042492987e+00
1.323623049984081534e+00
1.315614617940199293e+00
1.308102178341952637e+00
1.296783173523043509e+00
1.296307645166232536e+00
1.262615706180949537e+00
1.302455189034493088e+00
1.272257672439987886e+00
1.306147291539866195e+00
1.277633389390001595e+00
1.279083785412899354e+00
1.262780269058295879e+00
1.262685689071922246e+00
1.298068216118321683e+00
1.283456108041743482e+00
1.326703210649960774e+00
1.289639924194567300e+00
1.293223755621026427e+00
1.295625000000000027e+00
1.321251796263771316e+00
1.293526785714285809e+00
1.289171579273968415e+00
1.300031026993484273e+00
1.273061037173015109e+00
1.316098163296804957e+00
1.276605646912814196e+00
1.283189850475758842e+00
1.277281670955047632e+00
1.288750569303172888e+00
1.321467947708300450e+00
1.309026662383552919e+00
1.281987577639751574e+00
1.280413625304136271e+00
1.282972890648796938e+00
1.299335496832019876e+00
1.292004996876951806e+00
1.285448916408668651e+00
1.305016306879950294e+00
1.302548772813090006e+00
1.312411291594385743e+00
1.332362459546925670e+00
1.292057934107910144e+00
1.295003843197540361e+00
1.303391667957255695e+00
1.315189873417721422e+00
1.332365279122297519e+00
1.311246590726776740e+00
1.298985167837626964e+00
1.268322228952150299e+00
1.269592476489028288e+00
1.295555216129524956e+00
1.271360638134683141e+00
1.283723778900627721e+00
1.271675408824436859e+00
1.295574945465877148e+00
1.284500393391030615e+00
1.262826420890936996e+00
1.319962246342614387e+00
1.301265412070084393e+00
1.283184453847359352e+00
1.290468750000000053e+00
1.271251931993817585e+00
1.282011961355620233e+00
1.272894898586355295e+00
1.298160847880299285e+00
1.310062590274434280e+00
1.287754774514524136e+00
1.280470588235294027e+00
1.303809523809523752e+00
1.333056616304167274e+00
1.318181818181818121e+00
1.303085001640958307e+00
1.299902944031057883e+00
1.289170137776353808e+00
1.312388663967611446e+00
1.298891786179921848e+00
1.259485732204452813e+00
1.275485063135201713e+00
1.311917764214584059e+00
1.251415094339622724e+00
1.273756694720734606e+00
1.272995191561966832e+00
1.306303452644915986e+00
1.287597268540574769e+00
1.269688998916911560e+00
1.284277313525224340e+00
1.259690516316837705e+00
1.264216054013503454e+00
1.272424746634397197e+00
1.289206642066420772e+00
1.291712189792414645e+00
1.298973954222573113e+00
1.294936708860759511e+00
1.278599221789883167e+00
1.281341783892409936e+00
1.267889908256880638e+00
1.299268937626380405e+00
1.298044825941821578e+00
1.277977774299577485e+00
1.312381253958201377e+00
1.277233975371013575e+00
1.282233189389265782e+00
1.326514303979542841e+00
1.319173553719008352e+00
1.312347088566302444e+00
1.296849887495981957e+00
1.278888194878201157e+00
1.269914215686274606e+00
1.275152439024390238e+00
1.287554314090626928e+00
1.291095350669818842e+00
1.313697086753581100e+00
1.336653386454183190e+00
1.338023393795558569e+00
1.297644539614561054e+00
1.294070894929264082e+00
1.283894306385655826e+00
1.303402646502835438e+00
1.284049755943945881e+00
1.315286624203821697e+00
1.287044469417242043e+00
1.298389643195453136e+00
1.281527249683143133e+00
1.291201007398079748e+00
1.280220646178092947e+00
1.277734435949446024e+00
1.257911634306680959e+00
1.244398278676361436e+00
1.275183906320372262e+00
1.256273764258555081e+00
1.267079806529625152e+00
1.284538963054951966e+00
1.321716682800903486e+00
1.320072932206199257e+00
1.282352941176470695e+00
1.303577081354859057e+00
1.318543799772468716e+00
1.291812679197196667e+00
1.289962825278810454e+00
1.317773221889291912e+00
1.323299707126586400e+00
1.316788321167883247e+00
1.327577781397621726e+00
1.288311274118960403e+00
1.305233469131933610e+00
1.298248382515385879e+00
1.302641863373456221e+00
1.275909719023491373e+00
