3.333333333333333148e-01
7.469339151350821160e-01
1.046769210468670108e+00
1.273595956443235311e+00
1.440630255162321349e+00
1.561112305064912498e+00
1.613667868809139261e+00
1.687914800364890722e+00
1.738380449244213199e+00
1.779999646334409436e+00
1.795966230100446870e+00
1.735962079910724487e+00
1.740707040022976049e+00
1.737719700986091853e+00
1.741561534235385178e+00
1.735767391352742939e+00
1.764115097021284884e+00
1.779543405548266621e+00
1.820514524687235625e+00
1.762400444817949330e+00
1.783194856287781072e+00
1.788504381157077772e+00
1.748815922588717875e+00
1.807064914490644103e+00
1.801853137491951973e+00
1.802813795478060088e+00
1.789586667875162629e+00
1.803025623211914841e+00
1.799087508388410805e+00
1.770395111502055085e+00
1.789520532398544583e+00
1.766958892586313556e+00
1.754961476780431351e+00
1.762720250378541964e+00
1.782131801362921264e+00
1.754742816836031061e+00
1.781732817205983199e+00
1.752354355602608882e+00
1.717322693321093441e+00
1.728125483124349326e+00
1.728713140544088533e+00
1.706252804668365819e+00
1.764048133123508943e+00
1.769608421436490220e+00
1.774579304405105251e+00
1.782351012651305133e+00
1.793767048896911298e+00
1.767479245158477985e+00
1.771569180367242202e+00
1.771449814236043308e+00
1.745761108171999476e+00
1.748707360309608827e+00
1.759296835784597057e+00
1.791559827767664759e+00
1.792308101611067572e+00
1.800668170999234707e+00
1.776806195271840805e+00
1.751021960824097334e+00
1.768656492680547920e+00
1.785780318650853848e+00
1.793124732248830400e+00
1.771366601528977736e+00
1.784964238447290574e+00
1.744844674647879845e+00
1.782396202824424680e+00
1.794790727152366205e+00
1.832875773227321092e+00
1.833270063921595305e+00
1.802168770554737565e+00
1.733744855808247776e+00
1.751668994789265854e+00
1.782836260026783970e+00
1.761534798168222782e+00
1.775187644150544530e+00
1.775793918726775056e+00
1.776242532047265010e+00
1.802382958124546741e+00
1.804789741022714944e+00
1.796232425497375607e+00
1.755346366221846699e+00
1.751065353141806780e+00
1.807163956239358438e+00
1.788977890063529586e+00
1.825208342154509555e+00
1.773864993045435101e+00
1.729936516485528486e+00
1.738533688846793934e+00
1.734775846894024864e+00
1.749169690436807922e+00
1.774769444814108921e+00
1.750545085300757364e+00
1.759517767877334382e+00
1.755103414567304121e+00
1.742629633731057615e+00
1.749812794130571447e+00
1.779614915693535693e+00
1.797071340105010018e+00
1.767624642871788998e+00
1.774486284849501327e+00
1.777435782996910074e+00
1.760796047171372836e+00
1.767719229690201121e+00
1.790873475647465796e+00
1.751650036013447931e+00
1.720869510894773802e+00
1.726427488968931057e+00
1.761981239383252351e+00
1.801236901744743157e+00
1.755474680396750697e+00
1.816350812029915884e+00
1.813637144029304205e+00
1.811303898916461153e+00
1.764068466978320204e+00
1.757476060413444063e+00
1.773605664232483115e+00
1.760833920028967103e+00
1.777821789237524319e+00
1.810024556152311836e+00
1.777092291659300161e+00
1.750519694859204778e+00
1.800228107897440255e+00
1.814677512437711693e+00
1.783018163338489392e+00
1.744321197095807463e+00
1.775735992931420038e+00
1.731109556421561724e+00
1.752358969333870808e+00
1.735462078126063012e+00
1.751864379784354053e+00
1.737236596826096102e+00
1.757421357241919946e+00
1.789666503070343584e+00
1.785518770114946863e+00
1.764920806089428584e+00
1.732227436246314145e+00
1.760494514965917467e+00
1.763963946807527661e+00
1.818884342089387207e+00
1.801928855954648467e+00
1.798568358435092440e+00
1.783560261229460542e+00
1.730338058466505124e+00
1.745423903346318584e+00
1.760307452277366513e+00
1.755307973755002582e+00
1.741196286862920051e+00
1.752103598039594701e+00
1.788974139393879614e+00
1.765776750049040666e+00
1.763535049144058897e+00
1.741584562885321263e+00
1.751879696230759231e+00
1.718893539794580594e+00
1.780644945957286618e+00
1.789290224804585216e+00
1.822264639447837453e+00
1.848806213488958017e+00
1.827478625178426519e+00
1.797036088242873308e+00
1.758494209000879049e+00
1.769826342352981419e+00
1.748340598812814228e+00
1.737036705334777720e+00
1.773036994763612872e+00
1.780915466333922836e+00
1.771673097328550384e+00
1.786692720777995236e+00
1.784696721342738268e+00
1.782578222648009802e+00
1.792296514200262703e+00
1.794651866294170173e+00
1.789869502914516186e+00
1.763508706811387494e+00
1.777848966339007575e+00
1.743225484261430758e+00
1.749325069915161901e+00
1.776595504619188359e+00
1.750649804429285084e+00
1.778080027433374566e+00
1.805355051483740203e+00
1.774216866110607915e+00
1.768296787472089848e+00
1.808375418545897784e+00
1.815741044697897877e+00
1.795391075913284062e+00
1.761552338780402849e+00
1.763045223761435132e+00
1.767506718395107868e+00
1.787898807365957188e+00
1.774790681105780532e+00
1.780580688627542596e+00
1.812488405499363076e+00
1.806824185710880437e+00
1.775028758708779186e+00
1.774300474857392729e+00
1.795774617351389546e+00
1.767620845904427140e+00
1.719988193749302008e+00
1.755216873739552819e+00
1.760731627584597003e+00
1.785270239543935711e+00
1.799402225620555296e+00
1.797111891438527342e+00
1.764204651027738269e+00
1.769090793368722547e+00
1.795430593512892026e+00
1.732110432863128713e+00
1.777573417473177653e+00
1.773204079647362263e+00
1.751989465859828066e+00
1.733030055880410814e+00
1.780661025679509901e+00
1.774234524222401577e+00
1.759564313137310210e+00
1.775120897032668843e+00
1.831798421597670590e+00
1.763280570105999256e+00
1.830649471904687742e+00
1.792316491198931105e+00
1.786591844244847849e+00
1.787409691021111913e+00
1.778401678624078830e+00
1.760100582329314989e+00
1.744918604618804103e+00
1.750434017083526195e+00
1.714656700568785608e+00
1.771157055829271521e+00
1.755300004782369472e+00
1.724775327953068649e+00
1.746979264278445632e+00
1.723603674412874875e+00
1.728397078760327776e+00
1.763933874934818791e+00
1.758791094653009202e+00
1.799582282568383373e+00
1.812882808529672207e+00
1.784292858666577608e+00
1.806446109670497568e+00
1.760086684656251288e+00
1.783845580792634555e+00
1.775289188788121253e+00
1.774433114196677597e+00
1.754821444739709468e+00
1.776950546763114813e+00
1.780597939572160282e+00
1.754826753753237822e+00
1.759542042158065644e+00
1.771422258907797476e+00
1.777924872702740355e+00
1.786134134540253937e+00
1.810904660302921965e+00
1.774759342645179094e+00
1.765888184512287573e+00
1.729433143158662478e+00
1.765128382871394397e+00
1.746432400646188654e+00
1.761479569472756079e+00
1.751387756628527415e+00
1.742221503304967944e+00
1.738193045689531591e+00
1.786353057708437442e+00
1.780972088106635098e+00
1.758317992370268978e+00
1.765247579664000144e+00
1.785888635693527071e+00
1.786383883185755028e+00
1.775375995939184381e+00
1.738063266633067538e+00
1.787950302796841084e+00
1.772740254756218992e+00
1.784038014008486162e+00
1.753783207528135435e+00
1.744664882022333163e+00
1.741620359980907251e+00
1.756737981750052358e+00
1.739451935724728449e+00
1.775753683853066089e+00
1.773811497612578503e+00
1.799828874928437239e+00
1.767180272985526157e+00
1.750922416442825202e+00
1.794074002107314936e+00
1.771474302155936043e+00
1.755722840833146225e+00
1.759362074492186512e+00
1.752887563179138963e+00
1.786182969962056832e+00
1.779948262834961437e+00
1.797860584052214605e+00
1.807862810486556171e+00
1.782271037311328854e+00
1.772777295809176312e+00
1.786658666390070982e+00
1.792388171010338205e+00
1.769864997856158029e+00
1.736180151577863651e+00
1.777158548646080583e+00
1.788272095253244265e+00
1.744033764739632009e+00
1.743911827362641498e+00
1.751510328369036973e+00
1.748546362046011549e+00
1.731574552053503302e+00
1.776114894807390598e+00
1.763761698072300543e+00
1.755914206265586586e+00
1.745939287838238041e+00
1.758462169341911574e+00
1.724439869602825359e+00
1.761019869219886402e+00
1.786929263973181747e+00
1.774132238243016912e+00
1.791763404270179771e+00
1.773711175702819665e+00
1.765653491778607975e+00
1.768944319169524659e+00
1.754099278044932930e+00
1.781676374498474491e+00
1.747512982812497784e+00
1.766125919670761713e+00
1.795684739069576485e+00
1.748876544541970945e+00
1.762677699288984989e+00
1.755561637277119891e+00
1.767870754065516303e+00
1.747213538415617995e+00
1.732820093040915443e+00
1.757105885004886181e+00
1.755351274317764387e+00
1.786078439320889943e+00
1.760043579950306025e+00
1.750569363292034719e+00
1.735793386613347034e+00
1.742386589089859328e+00
1.754319460221092974e+00
1.798642483176973839e+00
1.750733578644292354e+00
1.764661445233739023e+00
1.787043871632812531e+00
1.745302859553612640e+00
1.740849643801866797e+00
1.773980968762691957e+00
1.765437758278105784e+00
1.751503024211845227e+00
1.756243843366834145e+00
1.764533539514275606e+00
1.818191017571495927e+00
1.811977965490403131e+00
1.796785539607164806e+00
1.754760284971418338e+00
1.794242163199293527e+00
1.780277805332138641e+00
1.758505752264192257e+00
1.795303367640497250e+00
1.795232681583672107e+00
1.772744882355318463e+00
1.745188457574942786e+00
1.768049925193343030e+00
1.777764409736610540e+00
1.750276553079065822e+00
1.736593872645404213e+00
1.788013894767641832e+00
1.784531845617500778e+00
1.791070314449360712e+00
1.759528453274507021e+00
1.760488351998239942e+00
1.788804107820094913e+00
1.777131973917606578e+00
1.724921565517943511e+00
1.719786631366535534e+00
1.758709456736538224e+00
1.777802294357126334e+00
1.796591532521024215e+00
1.818285036911706509e+00
1.785562449534310980e+00
1.795283421017479952e+00
1.766345971705904905e+00
1.788531195388449957e+00
1.773592941026440606e+00
1.763538536455721673e+00
1.756392049557864876e+00
1.797018926096125124e+00
1.794987553946424841e+00
1.805889302785794515e+00
1.785713220634584264e+00
1.789468143364969066e+00
1.758989268620984259e+00
1.739209684208402384e+00
1.761805616111287387e+00
1.708833264410503316e+00
1.742504032600264763e+00
1.727597834806942068e+00
1.753945775223439751e+00
1.789301688080784825e+00
1.819742185669611878e+00
1.772834104552956314e+00
1.719005632724948329e+00
1.743262723187136043e+00
1.763673445515177018e+00
1.777981530571235647e+00
1.754205933589622735e+00
1.737478704606586266e+00
1.702395102051047715e+00
1.678289900105607080e+00
1.714713061902493285e+00
1.703533978586278419e+00
1.742961764154031368e+00
1.770921099998987058e+00
1.811202684754328773e+00
1.793084900709903229e+00
1.805431701376988940e+00
1.811438295682462396e+00
1.766574977977766636e+00
1.767576684824977207e+00
1.755703273009653120e+00
1.750440475475612434e+00
1.751380386142244561e+00
1.778773315591700266e+00
1.733197989684052143e+00
1.720101449769318114e+00
1.754706112881308622e+00
1.769336661418268397e+00
1.723677927123876019e+00
1.713480227647363741e+00
1.818204529733225439e+00
1.812681834841285422e+00
1.824034578129474005e+00
1.814126961642057889e+00
1.800288195897511656e+00
1.812487455029334171e+00
1.810254337666133084e+00
1.795627411813483176e+00
1.808835100461248846e+00
1.809258158244863468e+00
1.786923430899164833e+00
1.765449681642832447e+00
1.785930699960915913e+00
1.812193730651366907e+00
1.806736855616625004e+00
1.818440568209903185e+00
1.784472771241184530e+00
1.751711009702735744e+00
1.756061410081794394e+00
1.778971470926033582e+00
1.756817193130652432e+00
1.780293041264800591e+00
1.778826330413859402e+00
1.790282060172187162e+00
1.833929558128029269e+00
1.807971870045165907e+00
1.783589903334501292e+00
1.758562316618125232e+00
1.728984586758445463e+00
1.726666112667392117e+00
1.736251448170469613e+00
1.739553467115290353e+00
1.716956746932768452e+00
1.732069875553041705e+00
1.717858754886036676e+00
1.727171457477919114e+00
1.763877724622680887e+00
1.768408039206506466e+00
1.735322784932973761e+00
1.743769062930154323e+00
1.782807275675218461e+00
1.779399644785486512e+00
1.772657784760717226e+00
1.743603322372189401e+00
1.780981221035680351e+00
1.781201165823812493e+00
1.791048775492552370e+00
1.777709317045167658e+00
1.777646081359490315e+00
1.760924501228283479e+00
1.800902507510006689e+00
1.788094385728435931e+00
1.798157306202164962e+00
1.804619967218989318e+00
1.803273697704846468e+00
1.792902912957766715e+00
1.842862161643879615e+00
1.848365102461744458e+00
1.818499536829293328e+00
1.844457797184936965e+00
1.786833385477532010e+00
1.776581820608168494e+00
1.782306527231360072e+00
1.749151153912585910e+00
1.747976474264539393e+00
1.777336075546804839e+00
1.825494321409451892e+00
1.804299105181784268e+00
1.784358725402834356e+00
1.734259156504292854e+00
1.792173787618855041e+00
1.775604506854639331e+00
1.800554051624626339e+00
1.821340071110257197e+00
1.819099263694718749e+00
1.774579079074821930e+00
1.744829424531583628e+00
1.749776748276183680e+00
1.750616503595367135e+00
1.771681542618328331e+00
1.763696507890337717e+00
1.747058998307347677e+00
1.753656719003946707e+00
1.771827322489711198e+00
1.776192436564895338e+00
1.762214752759514003e+00
1.755406250292940395e+00
1.752401942091146747e+00
1.750424384382987864e+00
1.719951299036980741e+00
1.756614778053445569e+00
1.771862705550165673e+00
1.785311447911792637e+00
1.731278260565296989e+00
1.775170472772334973e+00
1.775328975040826984e+00
1.748879622794794475e+00
1.710208887603300809e+00
1.751190526585659324e+00
1.778092715270013224e+00
1.754618752208577215e+00
1.752293467606286015e+00
1.778739389701995410e+00
1.777919313056462336e+00
1.784313889494086425e+00
1.794887177741145479e+00
1.767279629017193487e+00
1.791470496441853966e+00
1.765106610189044689e+00
1.761136681840884677e+00
1.767503425585580601e+00
1.777679890098668114e+00
1.752431899840712015e+00
1.767698166897756940e+00
1.771154205466587195e+00
1.784467581701228100e+00
1.752312779258495823e+00
1.767809935830003232e+00
1.770857900254670270e+00
1.754409478888501406e+00
1.743219607312300301e+00
1.771429689837614729e+00
1.766301620943755202e+00
1.792715995482267344e+00
1.799034947776412707e+00
1.783748162076458810e+00
1.770822707374886784e+00
1.780721637359079068e+00
1.743951359081804320e+00
1.769106265600906891e+00
1.770091131977521437e+00
1.828824440908658922e+00
1.768009554884695911e+00
1.780047201264977730e+00
1.746944269008422257e+00
1.754378848754884368e+00
1.773610289560898501e+00
1.760791676577736498e+00
1.749238738733360110e+00
1.721412870905571824e+00
1.719266694148929631e+00
1.740675375575229333e+00
1.753616907863738472e+00
1.767898787106288339e+00
1.816684919570944468e+00
1.810909434092927706e+00
1.768581991974838896e+00
1.728920858908481240e+00
1.720639720676911066e+00
1.720565947490200420e+00
1.728324520356957494e+00
1.722728646358751892e+00
1.762757469741780270e+00
1.760600206040814797e+00
1.769173312451518987e+00
1.751468978673048404e+00
1.748484779307646120e+00
1.771720266555816936e+00
1.796423962131632246e+00
1.834177107886626024e+00
1.813300278765005435e+00
1.817097218568674233e+00
1.799180689340615702e+00
1.769260434847707453e+00
1.781889110944528065e+00
1.805099646115717826e+00
1.795556612444478395e+00
1.793093783818592302e+00
1.785110930497817661e+00
1.785101748608070471e+00
1.785212956265020745e+00
1.785938514510450048e+00
1.798541353164828660e+00
1.791897578762426724e+00
1.801696948005556909e+00
1.799439397364727355e+00
1.753844786315454041e+00
1.809583547726713038e+00
1.777027237930745240e+00
1.775019204275077644e+00
1.727165721901922080e+00
1.735550102138122108e+00
1.728869198384670014e+00
1.706605656779235591e+00
1.708230668630017934e+00
1.682998916213115148e+00
1.734489575475810286e+00
1.773281592785262539e+00
1.820935642239455809e+00
1.808549180455373717e+00
1.822838661347669031e+00
1.835502133949748371e+00
1.823171908327587465e+00
1.801050152494509060e+00
1.783454242980905491e+00
1.785099651878648386e+00
1.767029645948374528e+00
1.770422618333503006e+00
1.733465316556707325e+00
1.737449330274746240e+00
1.760416787027309304e+00
1.768733886780116560e+00
1.787862641276965814e+00
1.804765120158587921e+00
1.778579911999915497e+00
1.821405587737956244e+00
1.783142702323801565e+00
1.761343760901848521e+00
1.821265457008776290e+00
1.793396851166913830e+00
1.751769632664483600e+00
1.748196651871733565e+00
1.782359142689209586e+00
1.749212079183657842e+00
1.767270086167827214e+00
1.776090163932074528e+00
1.733274953655872030e+00
1.722237855870923928e+00
1.706350076958911943e+00
1.709038831819043036e+00
1.747247310599914671e+00
1.767441948177106426e+00
1.759778863386988190e+00
1.764604161344588640e+00
1.778849413940478241e+00
1.777360922627681417e+00
1.800643187292044978e+00
1.736868332274118965e+00
1.747901023154568634e+00
1.768635960359182802e+00
1.735256947152949536e+00
1.731167214049009306e+00
1.746896103319881322e+00
1.737501494928984869e+00
1.768991495736099040e+00
1.754277945996532084e+00
1.736830397067331333e+00
1.735100077646474004e+00
1.723956012414732619e+00
1.794558918193526642e+00
1.801379678921694039e+00
1.793785137166061139e+00
1.760409521750881279e+00
1.769035297849447685e+00
1.770153208727944794e+00
1.790726108288069440e+00
1.800981738523237174e+00
1.738413453422958055e+00
1.765772525550016514e+00
1.739419415671535907e+00
1.749324435885682982e+00
1.747630658542172810e+00
1.764666508196248706e+00
1.773819139204106943e+00
1.757836089323725259e+00
1.792338023918071066e+00
1.793634474666888634e+00
1.762304073018937212e+00
1.758418250682330264e+00
1.769934701061497861e+00
1.756808975037056575e+00
1.787529132840029122e+00
1.755326395142013718e+00
1.714714810487308227e+00
1.724156563527772912e+00
1.703047263062701600e+00
1.698196423170634572e+00
1.722092629783715578e+00
1.751088169829583929e+00
1.774568865155509600e+00
1.770974121627277853e+00
1.749190818268114844e+00
1.770980562590619201e+00
1.772906319228673144e+00
1.770876350654548403e+00
1.757017533423676836e+00
1.789314936973639636e+00
1.808040504836948559e+00
1.770824948274957622e+00
1.783995363076030127e+00
1.783504783097827895e+00
1.729798122257567572e+00
1.687935297467619389e+00
1.702136326575299341e+00
1.722130492255798728e+00
1.738839976772458495e+00
1.720817739381560685e+00
1.742815807514156434e+00
1.752433081937520454e+00
1.788907461866329207e+00
1.769508835481834463e+00
1.763456335378915218e+00
1.738088709029702805e+00
1.766683616895342590e+00
1.770844652005203468e+00
1.829581897131490109e+00
1.814791234128002362e+00
1.789391715826942564e+00
1.803572363890128871e+00
1.798684094264372924e+00
1.782439606202599780e+00
1.828625516173712828e+00
1.772640880069738190e+00
1.792693143468800487e+00
1.757431931558491867e+00
1.765260239841646595e+00
1.770825281079765112e+00
1.773823211207172124e+00
1.733555442489169041e+00
1.715836472764855181e+00
1.741981819245361551e+00
1.721392845476428013e+00
1.739585786984617410e+00
1.794663188257810127e+00
1.781655195815273096e+00
1.773727652565928681e+00
1.731138297263007608e+00
1.737515439267827810e+00
1.732505256013389783e+00
1.791160761350633068e+00
1.755412164022034816e+00
1.749995783835840646e+00
1.738287658740821806e+00
1.764934766751100614e+00
1.751675916633943064e+00
1.730974783023212282e+00
1.754338002510225092e+00
1.797933862026243057e+00
1.816676919328023221e+00
1.828339749959169147e+00
1.820234842581992973e+00
1.833323460769803459e+00
1.802401124292415613e+00
1.790687300328717368e+00
1.781199490311587308e+00
1.730625125352665439e+00
1.707288269177580364e+00
1.745479820330298359e+00
1.790488585383613662e+00
1.793943089550724901e+00
1.759870155845995709e+00
1.742375271920953317e+00
1.753735553740985109e+00
1.783960578693369436e+00
1.767622955855899569e+00
1.801267090063258802e+00
1.777247646544096504e+00
1.776823784687329155e+00
1.743713753756087614e+00
1.753975049038210443e+00
1.751968399565429380e+00
1.756423335383452411e+00
1.736045259187224854e+00
1.728711570301508793e+00
1.762523288473547778e+00
1.779879282471690916e+00
1.794581846336287256e+00
1.774305053536448629e+00
1.738252567442960084e+00
1.750034700898554174e+00
1.756833254082192042e+00
1.770288831235288907e+00
1.794267271510824990e+00
1.786563509857836074e+00
1.760783381479962495e+00
1.746756256954281383e+00
1.753148272512734085e+00
1.789910965623455974e+00
1.796182595953126571e+00
1.757195927224520338e+00
1.738736437793477307e+00
1.751025639260026079e+00
1.777363636917076217e+00
1.750811778968295318e+00
1.720760348867085954e+00
1.729372578083897327e+00
1.778082524952087962e+00
1.812542566473562822e+00
1.813916588084986792e+00
1.850779820129358599e+00
1.806050670257342006e+00
1.786422121405888630e+00
1.751352914766350022e+00
1.755079506237478437e+00
1.768426253205519272e+00
1.793181710379277538e+00
1.796979976993315020e+00
1.806442190134857517e+00
1.821400029392867381e+00
1.746306276347809883e+00
1.761768243487979779e+00
1.796883678699688236e+00
1.770961958969054395e+00
1.791243504905686512e+00
1.764778281104031787e+00
1.790377098694472702e+00
1.795804070920315354e+00
1.749079607766840017e+00
1.735199451493858902e+00
1.745761835746849844e+00
1.731016368016405016e+00
1.699755392520159836e+00
1.745715590820576146e+00
1.741072437165150699e+00
1.759210130475934220e+00
1.754554256063219686e+00
1.767509910336623413e+00
1.762539694380339084e+00
1.752016035588805254e+00
1.723699730977946487e+00
1.766149867428951969e+00
1.730812727009400698e+00
1.730023293701977050e+00
1.751487004542503279e+00
1.733087555187388773e+00
1.764830909922963986e+00
1.799961191669056548e+00
1.792629761001153454e+00
1.800655092870889762e+00
1.761549670484674479e+00
1.761773390456282007e+00
1.743836413256864670e+00
1.779291436433474427e+00
1.771635112098706832e+00
1.760430824230704960e+00
1.782856233397373424e+00
1.801543929011183653e+00
1.835946890316398905e+00
1.783480849204205354e+00
1.790480618021926595e+00
1.763923957364592843e+00
1.754326489966030023e+00
1.712687505207150407e+00
1.754444147200083792e+00
1.749836194559808655e+00
1.769484169833679399e+00
1.744519744040320397e+00
1.750439705834431203e+00
1.777394785853170900e+00
1.748573470052073420e+00
1.820856487980939464e+00
1.773132076917849131e+00
1.736679549932780953e+00
1.747295582371765743e+00
1.717528591200748522e+00
1.744289320089838613e+00
1.781070975349820618e+00
1.783084429511642366e+00
1.745008505422935619e+00
1.748188797317599130e+00
1.760328566823942120e+00
1.741480518298107238e+00
1.747161533568965863e+00
1.730294118783062718e+00
1.731950713924013341e+00
1.722243234758490837e+00
1.742627154289534852e+00
1.763219286168313804e+00
1.733429344373530911e+00
1.743738841243935633e+00
1.770539612760496206e+00
1.733625911999062685e+00
1.743963787220013328e+00
1.775620816833610061e+00
1.756494586047337991e+00
1.756066926891679092e+00
1.765899218272373616e+00
1.718651873872051761e+00
1.760340991122969490e+00
1.742987483663967163e+00
1.726878479441797731e+00
1.729311756572535774e+00
1.748924559144148905e+00
1.777005451326546970e+00
1.782208686708070200e+00
1.763288043841055641e+00
1.777168569535532594e+00
1.792161029597671096e+00
1.795346884172047908e+00
1.798385361250989911e+00
1.770054703106052507e+00
1.804103096233521830e+00
1.810033080833820085e+00
1.842953058472740047e+00
1.822173157358211171e+00
1.833826098764415269e+00
1.798800752415194104e+00
1.818110645220400778e+00
1.817203041157776866e+00
1.806019460192762605e+00
1.803379145667285854e+00
1.772027880453853177e+00
1.766970141245179704e+00
1.795185660732741439e+00
1.756800485002233847e+00
1.714053718200594378e+00
1.747928376751312296e+00
1.768436626368652176e+00
1.792523894658929029e+00
1.829084819793401095e+00
1.800493376418996760e+00
1.822106687770930433e+00
1.830422185964796222e+00
1.813625517517802654e+00
1.767543885331770426e+00
1.759356602054417795e+00
1.736012642690998531e+00
1.746543288169846608e+00
1.764476543166668465e+00
1.789702392322353397e+00
1.811210805851910299e+00
1.739529382616167297e+00
1.760230257464916681e+00
1.770562048271190125e+00
1.774597898463071255e+00
1.775712311058049275e+00
1.725040187670737302e+00
1.729045305053340531e+00
1.747817761177714813e+00
1.777253633576181491e+00
1.777905000779026023e+00
1.786753050753404404e+00
1.787189092422429404e+00
1.821213885996825432e+00
1.743034732462865222e+00
1.792013237560666106e+00
1.767699041666431992e+00
1.772860558291739164e+00
1.729204587069982813e+00
1.757716329704489988e+00
1.749519872648995333e+00
1.807341276699027333e+00
1.724060018494011359e+00
1.713010373664464847e+00
1.743307680274557958e+00
1.812211164576540190e+00
1.766522270521848181e+00
1.800315879678572983e+00
1.805209903066125277e+00
1.817362707027348812e+00
1.799991898944964808e+00
1.805066939180447694e+00
1.787607548350440112e+00
1.811322073895571982e+00
1.743437099166714743e+00
1.769153627266675244e+00
1.787772578105394139e+00
1.798657883306824079e+00
1.742555340540258957e+00
1.777483528836772964e+00
1.750689888304345132e+00
1.759383973667593803e+00
1.774244590025047419e+00
1.797082043337352664e+00
1.785321994574913251e+00
1.801440420406146936e+00
1.791802382133121263e+00
1.786651908841261793e+00
1.750354818073783347e+00
1.748720193058544092e+00
1.764126682432064941e+00
1.778175591265751532e+00
1.827173606332672007e+00
1.762568366549657428e+00
1.755615646921167894e+00
1.745883519104751480e+00
1.754542539583219041e+00
1.776567110418194151e+00
1.740192983458349163e+00
1.737211391080804468e+00
1.764665307266565009e+00
1.738487405989230128e+00
1.696474113372121950e+00
1.731509031794484343e+00
1.780765271498908398e+00
1.761553338060352525e+00
1.741135608120926825e+00
1.772446996013821385e+00
1.754387142677173328e+00
1.756421167600793476e+00
1.702865275002376277e+00
1.719921061144275676e+00
1.726407775134845668e+00
1.730719074119291712e+00
1.793297532270375916e+00
1.787271828731001877e+00
1.807180919488342363e+00
1.826010942517583224e+00
1.802337241860099359e+00
1.775053562358659631e+00
1.777069932193649393e+00
1.762742920506193967e+00
1.762841838851805232e+00
1.747584208455895682e+00
1.757551039872316645e+00
1.785756585032683752e+00
1.720762228173178476e+00
1.744608018109110814e+00
1.761299634404853709e+00
1.731837358138624605e+00
1.719987440684254132e+00
1.722214682459902724e+00
1.780587299341151564e+00
1.781277384633485728e+00
1.779692977798098763e+00
1.754491945845650269e+00
1.700043220353383289e+00
1.754793787141209149e+00
1.792660854371632917e+00
1.766882780782447648e+00
1.758976198366595023e+00
1.731002497635257376e+00
1.761016987781633958e+00
1.755288089203871804e+00
1.770808115932287041e+00
1.808076253463149818e+00
1.765831418629838279e+00
1.760255507753644366e+00
1.774513280788202474e+00
1.734692894689512821e+00
1.816244758498637646e+00
1.762745615195990601e+00
1.750993960726962007e+00
1.774933981327189603e+00
1.750893127562305418e+00
1.808632469988849856e+00
1.819381420387511605e+00
1.826012463917610740e+00
1.809155899679122825e+00
1.792349853855649711e+00
1.763602594094936471e+00
1.784809027989008090e+00
1.771468321421427738e+00
1.760756314275192969e+00
1.746857708467675740e+00
1.727230671486573721e+00
1.740420859580977142e+00
1.725679141201421851e+00
1.761794417622292830e+00
1.751399918477639872e+00
1.805483031022272034e+00
1.774946199419732196e+00
1.769377866513400788e+00
1.751491588991599624e+00
1.796358241114227372e+00
1.757238916617791302e+00
1.761932692154157598e+00
1.812685306309795186e+00
1.773267980409452660e+00
1.780595517884445700e+00
1.786564698897050940e+00
1.808262805233999737e+00
1.777169959595413573e+00
1.765773239182301113e+00
1.767147432436693144e+00
1.711956666327155707e+00
1.717848101875960154e+00
1.732265055171513968e+00
1.753750160553621207e+00
1.733844570398292539e+00
1.784538668911136661e+00
1.722925220080374631e+00
1.720276201050107590e+00
1.728668076173084156e+00
1.756047633795694285e+00
1.758727664735127538e+00
1.713619615499945903e+00
1.714137609016436858e+00
1.722379240841065418e+00
1.680703052990165203e+00
1.701941923582990679e+00
1.704095390613416638e+00
1.756151137133685536e+00
1.782565726459004463e+00
1.813343448230268606e+00
1.762818348096931276e+00
1.811940373475762645e+00
1.803813965535504105e+00
1.802431511773251893e+00
1.803016034941367973e+00
1.760032675644127353e+00
1.734007289325172341e+00
1.752004533007714304e+00
1.754108177559785098e+00
1.782049942467446524e+00
1.801168082717457875e+00
1.751217923311064073e+00
1.792182933768611264e+00
1.761081815325293176e+00
1.746134940526197665e+00
1.763433079111861312e+00
1.806750898861153809e+00
1.790615163889531347e+00
1.823558718257414224e+00
1.773741562233770441e+00
1.759898876637110421e+00
1.798835339707704151e+00
1.785111207345303708e+00
1.764506342857856902e+00
1.767829551839442237e+00
1.786764415332656286e+00
1.771876071485521731e+00
1.772520239268612130e+00
1.802794155070878812e+00
1.803897340898477530e+00
1.789194927294110782e+00
1.793659284569098844e+00
1.760077899268048141e+00
1.748732526580049518e+00
1.769321211859308907e+00
1.780532177089168444e+00
1.732034046033989361e+00
1.737761216721431135e+00
1.753201273550259565e+00
1.777214258653576628e+00
1.753803081363485505e+00
1.737516994400194692e+00
1.744494940069401645e+00
1.752042802503538832e+00
1.775774471649964159e+00
1.762970387491888502e+00
1.739222119584082682e+00
1.782823773961897285e+00
1.773032034465743756e+00
1.766276107616374214e+00
1.797350763968934340e+00
1.783857759723093794e+00
1.777864128908937635e+00
1.790699380776119565e+00
1.803499328335836260e+00
1.773108495324086542e+00
1.748557413279656636e+00
1.772042754877147797e+00
1.779914667255347638e+00
1.734432844563546183e+00
1.759223827937118401e+00
1.762420881047784604e+00
1.770999852807424668e+00
1.813060465291424839e+00
1.747652032133937272e+00
1.777453608944561614e+00
1.760946861757067161e+00
1.764463763221811421e+00
1.817662969883379720e+00
1.834814313116663875e+00
1.841419749952295071e+00
1.788077452398344480e+00
1.765423302624953950e+00
1.770485182686829306e+00
1.803379976788788142e+00
1.781484117132066780e+00
1.797618464164232543e+00
1.772975847761353752e+00
1.757077338098291808e+00
1.731096194371561259e+00
1.770089510703863001e+00
1.805117717338664107e+00
1.785171226922812604e+00
1.818557758807176183e+00
1.758116798688381444e+00
1.784304099003793498e+00
1.794201493179720552e+00
1.832059595098668447e+00
1.834366751873527601e+00
1.815302385759677728e+00
1.846629891160542325e+00
1.806940117644649568e+00
1.820363598573074615e+00
1.825964186539056788e+00
1.831274909351293445e+00
1.777724017644808363e+00
1.762934274371370957e+00
1.750596816387822718e+00
1.777869893819029379e+00
1.756906770521194927e+00
1.788629250686684991e+00
1.785153598408616871e+00
1.788777353616997079e+00
1.770413768892042050e+00
1.812429061070298442e+00
1.768681867430868415e+00
1.776897906393403392e+00
1.802145562877065732e+00
1.788216283946286955e+00
1.814070372134388043e+00
1.796293918629063846e+00
1.765325229364665294e+00
1.708922289650242732e+00
1.737479255577407233e+00
1.727302973346829029e+00
1.738834735983900259e+00
1.736933751387463420e+00
1.740157612962222267e+00
1.746989065965590893e+00
1.763642028467562239e+00
1.763105314577394278e+00
1.736999050732273897e+00
1.706208513404294136e+00
1.721656324188381992e+00
1.778383922975391496e+00
1.759915081979747997e+00
1.792827372002872233e+00
1.748121430511652363e+00
1.791070673288156945e+00
1.788372924021193411e+00
1.771584221258579506e+00
1.770294521972214818e+00
1.738081761080090049e+00
1.806115188396812066e+00
1.818554349793220393e+00
1.790261106414314352e+00
1.794341987852700271e+00
1.812609057843902471e+00
1.784919888826329348e+00
1.779351803182944503e+00
1.766232094527553809e+00
1.774212487259475779e+00
1.754159485528663076e+00
1.798966355097894931e+00
1.791447468617088479e+00
1.771152066453487883e+00
1.762636908699245053e+00
1.785937294522725871e+00
1.797173673350517475e+00
1.776345818529763587e+00
1.782774710317119871e+00
1.763128994056541776e+00
1.736659998627600343e+00
1.733274948333196397e+00
1.755134268507129391e+00
1.764662323770907149e+00
1.769135384607864125e+00
1.719541050708287333e+00
1.771201756522616799e+00
1.789782313646221201e+00
1.781777262567964870e+00
1.763047927803797155e+00
1.732698390258268439e+00
1.739132739604376088e+00
1.778761617740874490e+00
1.796800913619827522e+00
1.741293213183845667e+00
1.729076493876669840e+00
1.759635100645278394e+00
1.738217436232023516e+00
1.776801659226344476e+00
1.826926966428173094e+00
1.810322278788704331e+00
1.829788835755052467e+00
1.756678459802748282e+00
1.788821331941598869e+00
1.776879604782713562e+00
1.766860490040975229e+00
1.800785211591817481e+00
1.782095672669068209e+00
1.799437836478912311e+00
1.800271916588215948e+00
1.779618024805451171e+00
1.778563402354177647e+00
1.794892153667983381e+00
1.813921738357592295e+00
1.801035103584808006e+00
1.761048836822878272e+00
1.818102452324861451e+00
1.803958201551898899e+00
1.825278124924667011e+00
1.802751471402481043e+00
1.823670784725156979e+00
1.754956209189979077e+00
1.790460150592851241e+00
1.756149340237954659e+00
1.757003844000314396e+00
1.760211754368568915e+00
1.724784755210017506e+00
1.740893418330101250e+00
1.725050312709670353e+00
1.762196775937393767e+00
1.795617412766006504e+00
1.791856174254402800e+00
1.777938563979683639e+00
1.769909367027819869e+00
1.753811439661649096e+00
1.792556378634299730e+00
1.795458782469646852e+00
1.769463538410993131e+00
1.786763438727292153e+00
1.774994747465074907e+00
1.811551479241545692e+00
1.810475833187215278e+00
1.828548640275638348e+00
1.767306558836863717e+00
1.796936591649760162e+00
1.787369127854310458e+00
1.837895342817919442e+00
1.841727156770600393e+00
1.780979955715103147e+00
1.800984203738750900e+00
1.824123539995900378e+00
1.804141073015722130e+00
1.774923948166656773e+00
1.720997637529166457e+00
1.766341433713204179e+00
1.752975018222015402e+00
1.757761684716262485e+00
1.767944193937238007e+00
1.768909985704178567e+00
1.793888458854240975e+00
1.761755831055346277e+00
1.799082289329793305e+00
1.802288819041759194e+00
1.808541049422965452e+00
1.836538457440677785e+00
1.777067062151625354e+00
1.755075855249591310e+00
1.719846905206616094e+00
1.788218901775776803e+00
1.798277952656670786e+00
1.805084814334531051e+00
1.770694892782804564e+00
1.749025164580691571e+00
1.770116988736529562e+00
1.803549436722247989e+00
1.801437542851271667e+00
1.804593836604501789e+00
1.781563154784011616e+00
1.739737406314479040e+00
1.735810371799420215e+00
1.746770602068847822e+00
1.752235787699973901e+00
1.784137612345989554e+00
1.761989279357212945e+00
1.805170010960233329e+00
1.798340211994726268e+00
1.762045313576722450e+00
1.813562011319038270e+00
1.803538386218738410e+00
1.811959661875091498e+00
1.818991265041872474e+00
1.785731451888167953e+00
1.772733671574464820e+00
1.803927937067965281e+00
1.777740295661368819e+00
1.799445644081073548e+00
1.781647996601008366e+00
1.769649311875845843e+00
1.748798209931652137e+00
1.753027140945730089e+00
1.710810505877592647e+00
1.755035880921312907e+00
1.791313494435001541e+00
1.787853893072515854e+00
1.780517287731006704e+00
1.754818643631599784e+00
1.796608449207800273e+00
1.780606133088706855e+00
1.807594597101857881e+00
1.810246576411242092e+00
1.765915225157502100e+00
1.785337067547238421e+00
1.769705495374571891e+00
1.776410635283388828e+00
1.800304881864864370e+00
1.785080307405095823e+00
1.813613921189182632e+00
1.795370554644130312e+00
1.763085741994600220e+00
1.793476059647692411e+00
1.828723480361093667e+00
1.846778995239955590e+00
1.770821940585324938e+00
1.771623148310596640e+00
1.751233012649177079e+00
1.817073997244859740e+00
1.794961733782416191e+00
1.733330846240395795e+00
1.758837681665385899e+00
1.795878853758701155e+00
1.809658687389486209e+00
1.811324598991238322e+00
1.809770510861390846e+00
1.769392073089616879e+00
1.769733055854463277e+00
1.797658875345173213e+00
1.755825676120952528e+00
1.798709368504044503e+00
1.806615898250459207e+00
1.790871514900013173e+00
1.737383511094926059e+00
1.763445502668639087e+00
1.737033136150420543e+00
1.733575102398265066e+00
1.759278796355010055e+00
1.765754512899330830e+00
1.776661229664835195e+00
1.763286291512795811e+00
1.782415696981282105e+00
1.753731859814762206e+00
1.763902518946043552e+00
1.760537063585200013e+00
1.817424461689234994e+00
1.756649535029283449e+00
1.769307580654780665e+00
1.772877221882665166e+00
1.795176752038487811e+00
1.779143617627615193e+00
1.793699701553167269e+00
1.789850061686490079e+00
1.764831915856680977e+00
1.824079691284166138e+00
1.816442646847635123e+00
1.801567942827445368e+00
1.779915167610827575e+00
1.763592063308272673e+00
1.758423861190731907e+00
1.758832491468689030e+00
1.790263599140280215e+00
1.826386021578980223e+00
1.866068835051720720e+00
1.847184875098785595e+00
1.807049668873131232e+00
1.765882149474835572e+00
1.738993292314201078e+00
1.746718267510109834e+00
1.802408595899601673e+00
1.737539587823813347e+00
1.718843493966915714e+00
1.746939678409089147e+00
1.780258068616665801e+00
1.822515284113399137e+00
1.798958393139463929e+00
1.784118664363966822e+00
1.754815871843908637e+00
1.711149122359323593e+00
1.764298199427595915e+00
1.773838294308686336e+00
1.743443201912985963e+00
1.742247608991726926e+00
1.739480659941333940e+00
1.739629473631047141e+00
1.730640596182507540e+00
1.774237989422261075e+00
1.782264562094809879e+00
1.780055861119745231e+00
1.814208962510134970e+00
1.746126813008060275e+00
1.762629611033666333e+00
1.733970205581426116e+00
1.801244696425043923e+00
1.826269075405390074e+00
1.814190521284692936e+00
1.782892948536281663e+00
1.752968140406806485e+00
1.717925502695132556e+00
1.684612348018981409e+00
1.758493369687405883e+00
1.714183481880030335e+00
1.740018810664483384e+00
1.754176321837174868e+00
1.783697205739858793e+00
1.781914989281950135e+00
1.765497938976500869e+00
1.781840643089792620e+00
1.751274769577044088e+00
1.796709089882111865e+00
1.779979051229443110e+00
1.755270021813621018e+00
1.787274336527347129e+00
1.777111745631751338e+00
1.767995334226688087e+00
1.751503886270677324e+00
1.743516717111617043e+00
1.748608992629674397e+00
1.735868680220132187e+00
1.742785743947052435e+00
1.776420907704989061e+00
1.798952384268154070e+00
1.773166875924950592e+00
1.826388337625608482e+00
1.821059626039581714e+00
1.781995049232117712e+00
1.792725331341368245e+00
1.777772811922266882e+00
1.789233981874643886e+00
1.795922678939133599e+00
1.779611310649511280e+00
1.765192386607419728e+00
1.768582550662699093e+00
1.796652020587871990e+00
1.739931042454099686e+00
1.707787892543571662e+00
1.736549944567781223e+00
1.760449537806429321e+00
1.705559622453349133e+00
1.748468179945249057e+00
1.751932876404367123e+00
1.765067576806792715e+00
1.827054268408989657e+00
1.853032768997018520e+00
1.838520178871367872e+00
1.862323029427849663e+00
1.788085851360253997e+00
1.724138269671384061e+00
1.734759094541774571e+00
1.794144695767236009e+00
1.789989042591161539e+00
1.811471175415788171e+00
1.767807884175790045e+00
1.803382519233249104e+00
1.816761499254371692e+00
1.791570843819570324e+00
1.788418577896862649e+00
1.802525149224469603e+00
1.821985056113490042e+00
1.754512035636991429e+00
1.726150771067233691e+00
1.758528253359840976e+00
1.718006617573156092e+00
1.757216640708030297e+00
1.788478752768232427e+00
1.765597852733111539e+00
1.772318118282951271e+00
1.738665542774047612e+00
1.739302203337682373e+00
1.767694062030750857e+00
1.728944355731555360e+00
1.734151924154632596e+00
1.796113447404436014e+00
1.744881031707093300e+00
1.786978154660447071e+00
1.757073651905758371e+00
1.761841188226392019e+00
1.805269001725891220e+00
1.817832070196678140e+00
1.808111423144531660e+00
1.780047540662463623e+00
1.776592927037599967e+00
1.761078606624025822e+00
1.777454596863407232e+00
1.774725453704478761e+00
1.790361676661245127e+00
1.792264356333608921e+00
1.784564646201243665e+00
1.788165211322770842e+00
1.759218422427779371e+00
1.776283448654485175e+00
1.803621936431851092e+00
1.782623143813002020e+00
1.820950263704181449e+00
1.762814807072828449e+00
1.737819173196789801e+00
1.743848975848684590e+00
1.791758461418651915e+00
1.754884827296682159e+00
1.743679916551489573e+00
1.801988695550198694e+00
1.796321808839706158e+00
1.767208166823356352e+00
1.767579275616516510e+00
1.762363473923183044e+00
1.742256097305435292e+00
1.753907163233586530e+00
1.729970014830026992e+00
1.748668665525417110e+00
1.736603219580203472e+00
1.746367147093984995e+00
1.800529762260554500e+00
1.739860752495457019e+00
1.770622520219838458e+00
1.787160097539965298e+00
1.747747854212690521e+00
1.775235830925542491e+00
1.766500269797210310e+00
1.787541102405506788e+00
1.765128719566908977e+00
1.776781972174373170e+00
1.756583653910112508e+00
1.774072839556430470e+00
1.767201293890452884e+00
1.797315421225148535e+00
1.791628284183903741e+00
1.776907677554884657e+00
1.763091767981623592e+00
1.815649103152085386e+00
1.770370969318270760e+00
1.730556969605155038e+00
1.792512138067326566e+00
1.732261472812075320e+00
1.710006353311597893e+00
1.739277008868870711e+00
1.786916196012761082e+00
1.824640336478526859e+00
1.784104411302786408e+00
1.730275232627186632e+00
1.792930557168106009e+00
1.784359364881118237e+00
1.804427885668305587e+00
1.791226594644354186e+00
1.796420660788147217e+00
1.777369091781041632e+00
1.775721229266797430e+00
1.781120196489172969e+00
1.742064566197899511e+00
1.721034528313696743e+00
1.755416487905284484e+00
1.757609323649579558e+00
1.721562227180743809e+00
1.780649032041056179e+00
1.756898834736958515e+00
1.792119264900590814e+00
1.814473394112836813e+00
1.800231122545162599e+00
1.787265729225173683e+00
1.764144107563122343e+00
1.730551323446259504e+00
1.766382991861509710e+00
1.729593201968288696e+00
1.765800580733388969e+00
1.815397351896038458e+00
1.789838808576871942e+00
1.768569590860222807e+00
1.765659202704326303e+00
1.781138387959360969e+00
1.778454427903681134e+00
1.773633070097699660e+00
1.750724346536533416e+00
1.773611254246023616e+00
1.766388506470270015e+00
1.737758588966884954e+00
1.757133802211308327e+00
1.789647112177327859e+00
1.737311777908208565e+00
1.772183441922634994e+00
1.796365401005465268e+00
1.832702475479542681e+00
1.811643077442054217e+00
1.792947072438616063e+00
1.818455478424320759e+00
1.812617433506722886e+00
1.796324115163568713e+00
1.761862305071868473e+00
1.786209117018354497e+00
1.764403571790687630e+00
1.727781547657320393e+00
1.753997309007310212e+00
1.754124408558385806e+00
1.730873664709658533e+00
1.723090427999261154e+00
1.749725895487669769e+00
1.727785790486932038e+00
1.755511925751347624e+00
1.777995432621237049e+00
1.759101085944011933e+00
1.703781481676450049e+00
1.731425096394807461e+00
1.778331317870474937e+00
1.795269356115875015e+00
1.820162018411660254e+00
1.758664117910863967e+00
1.766999390561738936e+00
1.797301774754609616e+00
1.773386342092094781e+00
1.762057631806944524e+00
1.731333477981893409e+00
1.728799661108470609e+00
1.722379561609021614e+00
1.748574722064055731e+00
1.741756368591764081e+00
1.764766626168902341e+00
1.737713155625268291e+00
1.692046931210893890e+00
1.709720980620479835e+00
1.760863657700584284e+00
1.792514627393432036e+00
1.763438395064575559e+00
1.786466735364393044e+00
1.776527373232299700e+00
1.813625605438532462e+00
1.837493132500214843e+00
1.855944199729673061e+00
1.824191544423112488e+00
1.789675190531782034e+00
1.733012419786148062e+00
1.758534265691637399e+00
1.763323583396121386e+00
1.754517457924012813e+00
1.713610490893453964e+00
1.749429439546493326e+00
1.738757804505894233e+00
1.775561990991699091e+00
1.790762133789010058e+00
1.787491054190747386e+00
1.728420312538287984e+00
1.722743744901217733e+00
1.728544878003988261e+00
1.733861496523898760e+00
1.711868887275704854e+00
1.717058215028723689e+00
1.735743536945584475e+00
1.803364435452393000e+00
1.778716178906355916e+00
1.789347526202717198e+00
1.770480273117467584e+00
1.755754261427582508e+00
1.728234636671785118e+00
1.776325193852417828e+00
1.764205140670038086e+00
1.733878765028671110e+00
1.730196032889768087e+00
1.749513224007544387e+00
1.759399510577431380e+00
1.733308282395570110e+00
1.735622659982195559e+00
1.727666970969296445e+00
1.740887787409859833e+00
1.766051070276159374e+00
1.730637085236192751e+00
1.746434284915238999e+00
1.764942305469289430e+00
1.736512406478059711e+00
1.735647869357694439e+00
1.746532784718147324e+00
1.722700378973781588e+00
1.752129425542505947e+00
1.779417332895754988e+00
1.765744520812966289e+00
1.768530502555789363e+00
1.768439470239375977e+00
1.769438913990775131e+00
1.714481840107765276e+00
1.741612667588810837e+00
1.730064804924178912e+00
1.737949373544540821e+00
1.791737126748094600e+00
1.759457977388047212e+00
1.812552956272884597e+00
1.782159106410966531e+00
1.775370198936174981e+00
1.767640168620527197e+00
1.715846792349799310e+00
1.759692919583569326e+00
1.757354404724736030e+00
1.800420653564427154e+00
1.795799519582774062e+00
1.791170120987225944e+00
1.755602258088510004e+00
1.705736140851536575e+00
1.700404291194263395e+00
1.742950410387715587e+00
1.769615635675898080e+00
1.743265085405898418e+00
1.748574675114533017e+00
1.746714415534640130e+00
1.750502335315859304e+00
1.759155118254250194e+00
1.782911370274789409e+00
1.772864223848618970e+00
1.744611706677666518e+00
1.758326677509295388e+00
1.754166398363486756e+00
1.751675161298125838e+00
1.803114651622676812e+00
1.763662580215267894e+00
1.767194829416935731e+00
1.759841733711650091e+00
1.810273680470495972e+00
1.797656984907683109e+00
1.757810548831571618e+00
1.750745818433397272e+00
1.761759401867854402e+00
1.803940649112721450e+00
1.798266441502389457e+00
1.799736372390873695e+00
1.760735688165794732e+00
1.835584554798787016e+00
1.792012404851949459e+00
1.775282051485266965e+00
1.791285476925469133e+00
1.787711686421863178e+00
1.784332268059103388e+00
1.726630314477728412e+00
1.703848041374904643e+00
1.682707038091760365e+00
1.763825795622194548e+00
1.756403927473229265e+00
1.762573214737630511e+00
1.794599725045568528e+00
1.772938435714134897e+00
1.768391771698332171e+00
1.798632754461521932e+00
1.799388208238411169e+00
1.830820412465715696e+00
1.860699825644937411e+00
1.886773730697630214e+00
1.860250099682095204e+00
1.872814343156321559e+00
1.804856445670421028e+00
1.837989313525796309e+00
1.830461219725606936e+00
1.799525301435046742e+00
1.799347036233487351e+00
1.747985513954907644e+00
1.747178956616153300e+00
1.783871766760432465e+00
1.849466605519917817e+00
1.795376427883402792e+00
1.794386374256334182e+00
1.823633762973050132e+00
1.795529051978569823e+00
1.774627943918595241e+00
1.795483357055762896e+00
1.800919096901756333e+00
1.799286048658305770e+00
1.779772477856953250e+00
1.728156293760926276e+00
1.750922777783049611e+00
1.769868195990939919e+00
1.794472517155420110e+00
1.789527575550218241e+00
1.769268120682937040e+00
1.775031319406749741e+00
1.735839424741953518e+00
1.761769230398611441e+00
1.790014129080893746e+00
1.774449241463440075e+00
1.778827661937829374e+00
1.764517506747268483e+00
1.777661143015471623e+00
1.732613029071720101e+00
1.806886757428393775e+00
1.803243697158939396e+00
1.757616432311217780e+00
1.704585476949488365e+00
1.742596659287157568e+00
1.749282939456126451e+00
1.761962449701236277e+00
1.771855831028980921e+00
1.773105954985814137e+00
1.754423592426924028e+00
1.773132110004391526e+00
1.744003847271796470e+00
1.729676168281993442e+00
1.792271853990030195e+00
1.771897871404318092e+00
1.773930388375159595e+00
1.775048216887815444e+00
1.779449048238562758e+00
1.772796835622054701e+00
1.807517673223755672e+00
1.775335355669604764e+00
1.798495314508120835e+00
1.791618591031888474e+00
1.743691670339486910e+00
1.797398068735517107e+00
1.789306570761091564e+00
1.783156501009308448e+00
1.786653018738816989e+00
1.743064531636971282e+00
1.782664155346386003e+00
1.717189350101093082e+00
1.705340181267019917e+00
1.722146138791584402e+00
1.710184418945703833e+00
1.768411235095409317e+00
1.771033574564350843e+00
1.753873702167768389e+00
1.751368881135339617e+00
1.831425114234143336e+00
1.789301089362687724e+00
1.780170652196019665e+00
1.778538572604326129e+00
1.729127844125796010e+00
1.813044618056554258e+00
1.828094398222766648e+00
1.779957609601310553e+00
1.825748714103200498e+00
1.779135733902697192e+00
1.760785014832135786e+00
1.772053697959503404e+00
1.775371206989585504e+00
1.807412090311182551e+00
1.819870878738723441e+00
1.833555681711622976e+00
1.800392570529139924e+00
1.846620608382135265e+00
1.811497631239350037e+00
1.805202692382714247e+00
1.839291478110742561e+00
1.849429163300257972e+00
1.848511486596729592e+00
1.751983761921306559e+00
1.767584964386852864e+00
1.747832039672402304e+00
1.734996039448958305e+00
1.763734435019068680e+00
1.777714956881722097e+00
1.795220855667539750e+00
1.841321586783801978e+00
1.778311188854307279e+00
1.781536565098659430e+00
1.826768320092428954e+00
1.796548912113454355e+00
1.758179133302050223e+00
1.732556369115164863e+00
1.748368759826212759e+00
1.740431327196046318e+00
1.753711672189907311e+00
1.706184685698185266e+00
1.709745946024404439e+00
1.706003304762643280e+00
1.737483617901465882e+00
1.777578380916152723e+00
1.747602956090623216e+00
1.795300317739823237e+00
1.773250864294920737e+00
1.756638251938747342e+00
1.718915090265095591e+00
1.768431744427792607e+00
1.780390481936577007e+00
1.783955614022045610e+00
1.824152457469663702e+00
1.817677508412647525e+00
1.844916904049398010e+00
1.830728103191133105e+00
1.758772139000706280e+00
1.733123482156796902e+00
1.757257124717187757e+00
1.741663253549577073e+00
1.758330104992531062e+00
1.724543226929443174e+00
1.735051733910701222e+00
1.740550297624792631e+00
1.743929447513279385e+00
1.687219514501120843e+00
1.714249106336887429e+00
1.718731156064732479e+00
1.703906587114357718e+00
1.707393780713763576e+00
1.723869497609681778e+00
1.729539246393463792e+00
1.789513922050921746e+00
1.761924116704888688e+00
1.806962598420469801e+00
1.743622668185031310e+00
1.798090788469399071e+00
1.735628254007805849e+00
1.740334933559607666e+00
1.758006721360537483e+00
1.795500174356834400e+00
1.817055338182881341e+00
1.769083314077206204e+00
1.799200492193184342e+00
1.776422804533006383e+00
1.784151545375217474e+00
1.806958873739025417e+00
1.790878540494482918e+00
1.744789729755667151e+00
1.764398645002163812e+00
1.759430991569848945e+00
1.747866329387017137e+00
1.775940815250446336e+00
1.708064365265095308e+00
1.735707180199947297e+00
1.722075703240655731e+00
1.740463295399954147e+00
1.777541970423665241e+00
1.817636861303719042e+00
1.823079887315766756e+00
1.889420200360045543e+00
1.847473580742904575e+00
1.852119613522571040e+00
1.821625019664689260e+00
1.765798510625873785e+00
1.783606860845865505e+00
1.803465571318380256e+00
1.791256183894013976e+00
1.801371738663201549e+00
