3.333333333333333148e-01
5.416666666666666297e-01
7.244582043343653632e-01
8.575513121617481804e-01
9.295507965526247363e-01
9.859735973597359981e-01
9.983857949959644706e-01
1.009843659525188286e+00
1.025061592048254200e+00
1.039950937445242696e+00
1.020210819757818577e+00
1.030014704610327847e+00
1.041159880133967874e+00
1.041049437801177868e+00
1.017868038002266218e+00
1.039287266405910515e+00
1.070241139934234642e+00
1.035225406096002887e+00
1.030850594975760259e+00
1.048859060402684618e+00
1.035305773214446612e+00
1.029105662374316443e+00
1.037566137566137581e+00
1.039982230119946616e+00
1.048596790101318010e+00
1.036129493829368586e+00
1.036856560644989766e+00
1.039119586526465966e+00
1.043877000539471300e+00
1.036684049631361182e+00
1.029322907410698429e+00
1.043661089737854430e+00
1.026060659966201216e+00
1.026705192189825810e+00
1.033883349510279714e+00
1.027979458119355316e+00
1.038232945977113353e+00
1.045606430055088909e+00
1.053159478435305996e+00
1.041935191068348976e+00
1.043819312956451251e+00
1.054288321167883291e+00
1.066486385676986171e+00
1.059547290316521062e+00
1.047940144097542881e+00
1.048178506375227581e+00
1.036039282818271845e+00
1.033369022127052173e+00
1.034587270458192210e+00
1.049845930759470747e+00
1.052762430939226501e+00
1.033514986376021794e+00
1.035023616433472959e+00
1.033952537552217610e+00
1.041610738255033475e+00
1.062914517317612439e+00
1.038866990558254599e+00
1.042075862690332366e+00
1.046030443897548068e+00
1.053558259587020540e+00
1.058988501449004360e+00
1.037258509659613637e+00
1.038284424379232407e+00
1.056574219109923440e+00
1.031581838154522091e+00
1.048818181818181872e+00
1.040758380655797843e+00
1.043164811096915390e+00
1.042535675082327140e+00
1.043168750570411696e+00
1.040427085234531868e+00
1.030166591625393924e+00
1.056500274273176165e+00
1.053329597459605971e+00
1.047186428107907741e+00
1.039016812865497075e+00
1.031092285508291351e+00
1.050565899963490368e+00
1.035275792560014674e+00
1.041409371594623989e+00
1.031822302810516678e+00
1.043797606093580077e+00
1.040949065591791900e+00
1.055159648310967091e+00
1.032764317180616676e+00
1.025970548862115139e+00
1.034337834212644136e+00
1.044780194775643878e+00
1.026149684400360584e+00
1.023946275514712401e+00
1.037729101475189930e+00
1.037613019891501009e+00
1.060732113144758681e+00
1.040655676977217947e+00
1.053301364810033114e+00
1.042117930204572884e+00
1.052408584323477836e+00
1.066076807228915735e+00
1.057172557172557203e+00
1.035773252614199169e+00
1.039252842447211611e+00
1.044238121245221196e+00
1.053029604353038717e+00
1.053975948541064689e+00
1.054109525142270742e+00
1.044100009225943371e+00
1.065628787172555159e+00
1.058389325257878211e+00
1.051377860812704235e+00
1.041689725142962653e+00
1.040314471158241050e+00
1.033677349266702850e+00
1.046471286405550982e+00
1.028649138712601996e+00
1.033020134228187947e+00
1.051709986320109369e+00
1.025278608317477635e+00
1.023159563226488267e+00
1.038193824736748150e+00
1.030210393814062320e+00
1.046852256186317387e+00
1.038115356355620911e+00
1.027602949109872377e+00
1.063927781871776057e+00
1.048377970577140772e+00
1.055192379529323876e+00
1.040992749581706622e+00
1.049472905492879526e+00
1.039659794767495704e+00
1.050115580212667599e+00
1.064397163120567313e+00
1.042877291960507824e+00
1.054673721340388060e+00
1.052518255008425330e+00
1.051888556469708247e+00
1.051704758336455603e+00
1.044899860270144476e+00
1.068220418946971062e+00
1.032854209445585258e+00
1.049825656083685166e+00
1.044613811692536531e+00
1.052391587567466980e+00
1.055936180197090568e+00
1.038724584103511983e+00
1.049457620886192322e+00
1.030427256991892193e+00
1.015448446327683607e+00
1.031274847601378220e+00
1.026616648803144072e+00
1.040810810810810727e+00
1.030065005417118096e+00
1.041986455981941395e+00
1.048393021120293866e+00
1.041233317993557339e+00
1.028767866835534672e+00
1.036817528735632266e+00
1.047993418045525260e+00
1.052342878393454750e+00
1.042655786350148439e+00
1.044299134278872776e+00
1.043377941855099245e+00
1.032299386952145737e+00
1.036592026215182871e+00
1.034722222222222321e+00
1.035129448357881232e+00
1.041490340386384439e+00
1.050276191367849554e+00
1.030468605297277351e+00
1.042887317476352216e+00
1.051219740162631977e+00
1.046747395099971945e+00
1.045811518324607281e+00
1.062671849815113312e+00
1.029395296752519506e+00
1.040262941659819251e+00
1.043405676126878179e+00
1.043296478676948746e+00
1.030130964374026847e+00
1.026334776334776322e+00
1.037869179199130354e+00
1.027866025233729719e+00
1.032882882882882880e+00
1.045738427626744960e+00
1.050494679858129610e+00
1.059017941454202028e+00
1.057441749881122162e+00
1.056697108066971147e+00
1.056336690100702969e+00
1.058022103658536661e+00
1.042215118465588564e+00
1.049748462828395734e+00
1.056600207880563191e+00
1.052158273381294862e+00
1.037709497206703801e+00
1.032181385993783174e+00
1.030396515742673103e+00
1.034902744955462639e+00
1.040437459792298514e+00
1.037602280040452296e+00
1.030836602499771937e+00
1.028597285067873290e+00
1.039131624555322375e+00
1.048576214405360085e+00
1.056376729202198161e+00
1.058097243491577411e+00
1.045424371740161229e+00
1.052042847663285707e+00
1.055806358659110655e+00
1.048764131059589877e+00
1.032012767555388733e+00
1.061107938320959398e+00
1.052370773416245520e+00
1.048370035580344251e+00
1.044703410067819194e+00
1.044733592933801969e+00
1.045969353764157228e+00
1.040476640817098453e+00
1.032128888061091487e+00
1.048823915284415653e+00
1.033339594290007435e+00
1.025728199944868191e+00
1.042316258351893010e+00
1.042647335718320356e+00
1.044859108472339981e+00
1.060847832356051068e+00
1.056592821901905843e+00
1.047841418088249377e+00
1.039327951942932149e+00
1.039509156828111847e+00
1.040275323225746451e+00
1.043372819699654785e+00
1.043864571642349359e+00
1.042032505137306275e+00
1.026204874473153783e+00
1.042502299908003582e+00
1.032548219584569660e+00
1.043542846532355295e+00
1.023732867261521573e+00
1.027166064981949400e+00
1.026470322522359702e+00
1.040351358770244206e+00
1.037502309255496025e+00
1.049828338127493765e+00
1.058483412322274830e+00
1.054737242231302830e+00
1.062816229116945177e+00
1.042877425461429253e+00
1.026016855991205512e+00
1.042617265924438819e+00
1.033829748115462355e+00
1.061094452773613250e+00
1.061016623426539907e+00
1.053679073772844754e+00
1.034356862010859412e+00
1.045930178720251957e+00
1.041472940301283234e+00
1.039841005731188650e+00
1.019846639603067207e+00
1.025358127947326281e+00
1.028865979381443196e+00
1.043327556325823302e+00
1.047663290904023103e+00
1.046461824953444975e+00
1.036900708567221940e+00
1.049589823946907474e+00
1.035885167464114742e+00
1.033982782057091043e+00
1.055036536860604945e+00
1.051699783407100464e+00
1.032953919588764480e+00
1.032860882910535238e+00
1.018793978801104450e+00
1.024743725698126440e+00
1.022259666548421375e+00
1.045635639261137229e+00
1.034438658993331428e+00
1.037677746580925708e+00
1.059756889672450519e+00
1.060758771512788856e+00
1.059541840212040897e+00
1.046762252834785967e+00
1.050863189159086719e+00
1.039933444259567352e+00
1.015955076210000918e+00
1.048506119510439261e+00
1.045606229143492660e+00
1.024141048824593225e+00
1.032286835533357205e+00
1.039655172413793016e+00
1.029918404351767958e+00
1.038635132695432395e+00
1.040885392847342938e+00
1.035720794605430983e+00
1.023239184840901039e+00
1.018655403027103112e+00
1.018033791473343275e+00
1.039899803184827443e+00
1.052918863909704905e+00
1.055883731833098915e+00
1.039823008849557473e+00
1.032859200576161429e+00
1.048895755702990096e+00
1.041494537776553653e+00
1.028558558558558600e+00
1.040093702135327591e+00
1.047592897675269974e+00
1.034529883381924309e+00
1.034308869878433068e+00
1.040162822252374442e+00
1.051131138495493778e+00
1.026098776619845943e+00
1.053081257953099481e+00
1.031560704186810229e+00
1.037539290525370417e+00
1.028290062667860383e+00
1.044544634806131578e+00
1.050266495129571709e+00
1.045987625819558620e+00
1.035094099463587547e+00
1.043924131046374493e+00
1.046584135717560704e+00
1.038244399927153561e+00
1.035945945945945912e+00
1.040606388738494870e+00
1.037120461302819985e+00
1.057558565153733587e+00
1.022415039768618916e+00
1.035850225723643492e+00
1.031834033801305450e+00
1.031286107901519866e+00
1.030505158306652458e+00
1.053415697674418672e+00
1.051903435468894976e+00
1.051605717467978485e+00
1.036850307085892320e+00
1.045652568524233050e+00
1.039898440333695939e+00
1.046069968196274402e+00
1.049738460126640405e+00
1.046729831662220667e+00
1.034091939432405516e+00
1.043820021684134458e+00
1.024453600859906777e+00
1.037824848700605207e+00
1.020809350925351966e+00
1.051466618679143483e+00
1.035249111940978128e+00
1.040068277782768780e+00
1.043801577945044023e+00
1.037676183592338264e+00
1.035451444982947500e+00
1.037308759058781504e+00
1.043239347806503847e+00
1.046957311534968182e+00
1.039008055027604405e+00
1.035717482767881226e+00
1.043095708385706644e+00
1.044114988248056486e+00
1.019899177500663390e+00
1.031790393013100493e+00
1.059201593192722113e+00
1.073586148489696024e+00
1.066344879803142076e+00
1.050323176361957600e+00
1.042785083768690280e+00
1.046943721389462345e+00
1.068093744233253428e+00
1.075793462813832368e+00
1.055327102803738315e+00
1.035491736656732664e+00
1.051567693828047823e+00
1.042939793888989275e+00
1.034799678772196030e+00
1.047994976226787500e+00
1.052175499407096648e+00
1.048328156404165989e+00
1.034513751572892382e+00
1.043559928443649421e+00
1.038915413025853551e+00
1.035293066476054236e+00
1.041320096592433631e+00
1.039265129682997113e+00
1.034600215130871304e+00
1.038471885929513006e+00
1.038928346669064195e+00
1.025301846590909172e+00
1.050996588256419395e+00
1.035555555555555562e+00
1.034124233537723203e+00
1.028054697838553189e+00
1.038454738330975902e+00
1.024837061828430596e+00
1.037272006344171382e+00
1.048324451269081470e+00
1.026744186046511631e+00
1.039957567185289866e+00
1.044778808901702938e+00
1.051950419248997459e+00
1.032612612612612724e+00
1.038143504934649242e+00
1.040814495873699341e+00
1.019644115574348087e+00
1.030018271991647083e+00
1.034836427939876291e+00
1.042754919499105482e+00
1.043043674020711409e+00
1.044969236337314422e+00
1.044100335053880224e+00
1.058105379107765698e+00
1.062792877225867016e+00
1.038876093965914293e+00
1.044355933737666442e+00
1.023471664435519957e+00
1.027552816901408539e+00
1.048701298701298690e+00
1.068826291079812307e+00
1.051480294173109620e+00
1.029577209217927836e+00
1.031720573821616416e+00
1.062292970187707075e+00
1.036721068249258249e+00
1.033473929821412618e+00
1.043423309560350232e+00
1.043549712407559671e+00
1.044909905789810578e+00
1.030874785591766818e+00
1.045631155688081737e+00
1.046725533480500347e+00
1.052325581395348930e+00
1.050041701417848250e+00
1.038405132905591222e+00
1.043263514131528291e+00
1.036360314270053040e+00
1.046821819519823338e+00
1.045522110739502075e+00
1.056240657698056751e+00
1.061877194647432798e+00
1.052726070112444567e+00
1.042338336112655250e+00
1.026273022751895914e+00
1.054390266049214597e+00
1.046791196597003815e+00
1.032815042487795987e+00
1.037295411859404437e+00
1.029668567355666475e+00
1.039606616003576178e+00
1.032185762954993757e+00
1.026532236667551112e+00
1.039533434244501731e+00
1.033120904766178905e+00
1.050108932461873534e+00
1.051080731572141103e+00
1.054911418235785270e+00
1.056631892697466490e+00
1.050953045095304406e+00
1.043014705882352899e+00
1.046469081595316597e+00
1.046663598711458754e+00
1.029448961156278264e+00
1.055662012957386597e+00
1.024698084082448002e+00
1.039072256913470049e+00
1.029822675980655466e+00
1.067647058823529393e+00
1.042834528354595447e+00
1.039909502262443386e+00
1.047571493418066213e+00
1.055622064646836833e+00
1.033515482695810617e+00
1.055025878507218851e+00
1.032342815727486762e+00
1.041268423403304944e+00
1.043556677788799680e+00
1.034995077418777498e+00
1.041506395920923200e+00
1.053867151956323855e+00
1.040344514959202105e+00
1.046862302483069884e+00
1.037137191274562831e+00
1.033905846756251634e+00
1.037492207676551814e+00
1.044414535666218002e+00
1.029348795718108889e+00
1.038109620680465417e+00
1.035213155777996219e+00
1.040394088669950756e+00
1.061793103448275932e+00
1.027840754511653243e+00
1.037435532633825375e+00
1.046319796954314763e+00
1.026035608839581226e+00
1.058407400689279854e+00
1.049367794719226588e+00
1.059014869888475818e+00
1.047022815804117934e+00
1.046974958874063333e+00
1.034632426078307299e+00
1.039430056456671636e+00
1.047372719847535993e+00
1.042613377132949992e+00
1.055750092148912689e+00
1.035439560439560536e+00
1.038541197658712223e+00
1.054421768707483054e+00
1.026756461594466652e+00
1.029854712969525243e+00
1.027385080465901934e+00
1.036891117478510038e+00
1.051213925790196901e+00
1.044627182851335156e+00
1.050706566916043139e+00
1.031440809259090541e+00
1.058449926362297511e+00
1.046040343668285466e+00
1.047852193995381098e+00
1.052288797915891250e+00
1.043425925925925979e+00
1.032676772261051035e+00
1.038909452017694246e+00
1.037607612143180758e+00
1.046758962134409110e+00
1.044491525423728806e+00
1.048141658212671690e+00
1.050171566354446862e+00
1.043369936329242353e+00
1.026768814781433115e+00
1.044161473855323763e+00
1.035795609800528316e+00
1.029833363196559715e+00
1.039490217196194610e+00
1.025002232342173469e+00
1.026143790849673110e+00
1.048118668596237368e+00
1.024990977986286467e+00
1.021136063408190298e+00
1.042665474060822994e+00
1.025323275862068950e+00
1.041413237924865731e+00
1.031617713105182688e+00
1.034709861160555411e+00
1.045869899574776163e+00
1.053670232386573202e+00
1.045135683957910233e+00
1.039908883826879293e+00
1.049547490629856528e+00
1.028215992067069262e+00
1.037050231563947378e+00
1.038869893827604862e+00
1.048669340138534523e+00
1.048323380799265125e+00
1.038668001091802351e+00
1.044466582140916477e+00
1.052148365773044381e+00
1.042013729977116610e+00
1.025055928411633177e+00
1.041525272370066091e+00
1.041783739690020916e+00
1.060273213956064220e+00
1.052984449203836492e+00
1.053931544865865044e+00
1.042017575979494737e+00
1.047649416909621101e+00
1.052481355307982591e+00
1.054151624548736566e+00
1.051518788662173298e+00
1.041268975547677389e+00
1.034591194968553562e+00
1.053153727132065232e+00
1.054961406119222511e+00
1.052288797915891250e+00
1.047007757665312067e+00
1.038531608671889206e+00
1.030496008610637615e+00
1.044340302811824106e+00
1.054083987078910933e+00
1.059192657113421365e+00
1.042185913412720488e+00
1.045761166818596211e+00
1.051601587741161303e+00
1.042122689230203347e+00
1.041404468764249858e+00
1.033426940846091213e+00
1.032400324003240000e+00
1.037645571905750685e+00
1.040324048789368350e+00
1.036457859805436810e+00
1.043200874954429480e+00
1.030847396116857162e+00
1.055157856093979385e+00
1.035796660208506248e+00
1.035127325266389731e+00
1.042970531885776930e+00
1.051052437223042757e+00
1.069657391633541454e+00
1.063039723661485247e+00
1.037353651737595195e+00
1.037636840676739336e+00
1.043304584657285483e+00
1.048379735280693836e+00
1.038370827285921560e+00
1.057239673962817150e+00
1.058454919566030661e+00
1.043366409408305717e+00
1.053007415545179848e+00
1.035097290416439275e+00
1.028881187238958494e+00
1.047477477477477548e+00
1.040061773255813948e+00
1.033208020050125242e+00
1.045719931734482966e+00
1.045136681500317799e+00
1.049331027578046749e+00
1.038891896769536194e+00
1.041099570200572977e+00
1.037033731929323466e+00
1.019970219847595727e+00
1.029306896251847903e+00
1.042432312472259204e+00
1.032410292939186292e+00
1.026253609871357275e+00
1.042429063908777431e+00
1.050556208736546981e+00
1.051051051051051122e+00
1.038805161988990200e+00
1.033863656563861033e+00
1.056897331524197181e+00
1.046831955922864932e+00
1.039146550944760827e+00
1.042142151136669970e+00
1.031545179112457689e+00
1.039700240877865944e+00
1.028063943161634075e+00
1.040423826907666216e+00
1.049890750182083110e+00
1.043145124509714528e+00
1.042169221002992696e+00
1.043194784026079791e+00
1.035444404462036783e+00
1.039989216391085547e+00
1.044577330796412129e+00
1.043537662810820610e+00
1.051338467180051417e+00
1.040599853694220922e+00
1.048740416210295789e+00
1.042411528639182849e+00
1.033825116948542622e+00
1.044002519571672893e+00
1.047744874715262009e+00
1.042663043478260887e+00
1.040064823984874431e+00
1.039454806312769097e+00
1.028406569019085559e+00
1.034586466165413610e+00
1.057044236533745130e+00
1.031284004352557071e+00
1.029557522123893731e+00
1.051288985036956891e+00
1.033792353687262189e+00
1.028150253085871491e+00
1.046444644464446405e+00
1.034432765494744499e+00
1.038914352475959424e+00
1.035579514824797931e+00
1.034331694233348253e+00
1.059655203867554407e+00
1.062119936383197683e+00
1.056136745750046790e+00
1.053012719338965786e+00
1.043246717473143015e+00
1.051792461524283517e+00
1.051542548233759033e+00
1.043221278167713262e+00
1.050280873008564431e+00
1.045513293943870048e+00
1.052806499261447648e+00
1.051786542923433876e+00
1.044117647058823595e+00
1.039530685920577513e+00
1.041550499145606601e+00
1.037546034312404553e+00
1.051063056514628391e+00
1.043860452339529399e+00
1.028886695972010434e+00
1.034507292778370724e+00
1.040853054980653392e+00
1.032773637424800217e+00
1.017739527531395405e+00
1.040276179516685939e+00
1.041591156216020275e+00
1.024416420713710751e+00
1.028566390407335662e+00
1.038506209237916478e+00
1.037785192533140943e+00
1.044506889050036191e+00
1.032101429727542596e+00
1.044713261648745561e+00
1.041384906681092737e+00
1.042474856321839116e+00
1.042997211477916686e+00
1.053332126041289341e+00
1.047393364928909998e+00
1.048559521652473236e+00
1.049532795064864299e+00
1.046226074395088412e+00
1.049774571686203695e+00
1.050122582402615024e+00
1.033431398769724563e+00
1.039393672336300423e+00
1.047695462244806919e+00
1.042083631165118041e+00
1.065399308713843807e+00
1.051630684428112028e+00
1.050009043226623362e+00
1.047074707470747157e+00
1.039821826280623585e+00
1.052480745119111605e+00
1.068188092389803945e+00
1.045603794235680395e+00
1.053719008264462742e+00
1.047696038803556995e+00
1.044561060215245085e+00
1.038059833598867110e+00
1.040106007067137739e+00
1.032252410166520695e+00
1.044129305029507515e+00
1.026547899746746983e+00
1.021590715139102157e+00
1.024207296283668578e+00
1.038394718554551677e+00
1.031950280112044815e+00
1.047682236376503928e+00
1.059686622588533744e+00
1.050802866733194341e+00
1.032976748298116920e+00
1.048752534602838793e+00
1.037000887311446240e+00
1.040658276863504428e+00
1.040317600352889338e+00
1.036465638148667656e+00
1.036584301056491686e+00
1.034880671387359063e+00
1.039968376669009098e+00
1.032142231564196821e+00
1.051261549395877681e+00
1.036720142602495454e+00
1.043420587194906268e+00
1.029963203083932077e+00
1.034357105674128086e+00
1.040335987400472506e+00
1.044789278786810049e+00
1.035962367009584106e+00
1.031906546944468595e+00
1.022212656048213431e+00
1.008329126703684908e+00
1.027045300878972389e+00
1.032182714767713394e+00
1.037744110692705224e+00
1.037948989497837760e+00
1.043551834698966951e+00
1.057806099226217489e+00
1.038674033149171283e+00
1.041484521366758953e+00
1.048337825696316283e+00
1.056092666909886901e+00
1.039978341304936382e+00
1.057261560693641522e+00
1.056133247446397361e+00
1.052857403688150395e+00
1.032935730817162279e+00
1.034084950183534302e+00
1.048810791622293292e+00
1.059442780651601801e+00
1.054575372520340171e+00
1.051789932763946833e+00
1.064090825856070399e+00
1.063786389764509455e+00
1.031522227211495224e+00
1.040220820189274420e+00
1.040648972753725365e+00
1.046045072912063612e+00
1.028551471230245262e+00
1.044212358572671917e+00
1.023128898128898179e+00
1.021199016365640588e+00
1.043301642178046773e+00
1.034416323671074611e+00
1.020474599503126800e+00
1.043361838127321306e+00
1.031195538515162102e+00
1.039788488210818374e+00
1.027876068007249399e+00
1.027939166097060930e+00
1.038123924268502529e+00
1.031409094831305495e+00
1.023795359904818625e+00
1.020252100840336240e+00
1.045903045903045836e+00
1.056197759203272302e+00
1.040363893305069842e+00
1.046715073046977418e+00
1.065666546891843369e+00
1.035825406702818086e+00
1.063004703167983012e+00
1.060003647638154245e+00
1.062130446647866933e+00
1.058048691860465018e+00
1.052484695714800189e+00
1.053574628202831098e+00
1.059156702328508448e+00
1.036453725004423898e+00
1.044623326625251591e+00
1.056600394053376357e+00
1.044166294143942686e+00
1.049063969479194336e+00
1.042538169623157707e+00
1.052626923757296939e+00
1.047953112512210350e+00
1.044156530936012794e+00
1.047660999030922468e+00
1.036589635854341829e+00
1.047315025362952623e+00
1.033732412828803682e+00
1.039069282861607935e+00
1.041775913301870249e+00
1.038847664775207402e+00
1.053244005641748915e+00
1.053557082924216681e+00
1.035626535626535727e+00
1.046604992145226065e+00
1.040203205745817705e+00
1.033057137925081914e+00
1.029469548133595369e+00
1.035029119561493571e+00
1.024948735475051276e+00
1.015265894984063166e+00
1.031250000000000000e+00
1.045691906005221883e+00
1.057862309134744105e+00
1.033327455475224754e+00
1.051833011752324243e+00
1.058212430592871289e+00
1.037520967599540933e+00
1.031352001374334248e+00
1.044392523364485958e+00
1.045749912188268294e+00
1.036820521769479031e+00
1.046168615814278224e+00
1.042370655694651038e+00
1.042530939515426081e+00
1.043884138893735880e+00
1.036648761046612410e+00
1.043564870950978607e+00
1.045180459669666995e+00
1.039672872803201642e+00
1.062970507483836702e+00
1.054138983659543838e+00
1.058345971986796252e+00
1.050858006579532322e+00
1.040045566070802563e+00
1.049864640642738545e+00
1.021927938773755207e+00
1.034960871044573016e+00
1.024130286493860842e+00
1.013206285523236438e+00
1.026276150627615014e+00
1.047236614853195080e+00
1.038297129896187831e+00
1.035517715858273124e+00
1.029319014744737082e+00
1.027301157974811918e+00
1.044122686771761455e+00
1.034948096885813129e+00
1.037678910156923706e+00
1.037229437229437279e+00
1.034515570934255946e+00
1.050875656742557007e+00
1.039324359989443058e+00
1.035875608061153530e+00
1.034494683150341432e+00
1.022321046780124920e+00
1.033928724040680258e+00
1.031190599619837611e+00
1.049986845566956095e+00
1.025839568470506391e+00
1.033710756562017608e+00
1.039933878545328039e+00
1.056818181818181879e+00
1.062369874173983986e+00
1.034231350582377473e+00
1.039110029549800140e+00
1.060705715047551401e+00
1.057620985979194961e+00
1.046497155049786576e+00
1.062438500760354287e+00
1.065534866739686004e+00
1.038626609442059978e+00
1.043451652386780948e+00
1.049319427258263993e+00
1.041233480176211534e+00
1.029210366646441832e+00
1.025527192008879096e+00
1.018895102524995711e+00
1.032877882152006821e+00
1.032785467128027657e+00
1.038263749673145719e+00
1.031056981296215813e+00
1.052919386135120927e+00
1.043404483343752798e+00
1.047699714693295370e+00
1.023146126299240066e+00
1.043682971488359978e+00
1.042121131506606346e+00
1.031779475024141801e+00
1.026952315134761484e+00
1.028183625832108650e+00
1.033870265563778812e+00
1.030647985989492144e+00
1.041908786758232175e+00
1.037053413512557531e+00
1.042372130130307495e+00
1.055906791907514464e+00
1.055108019040644551e+00
1.050836667879228914e+00
1.040544168978788209e+00
1.050553769203286913e+00
1.044076888690210092e+00
1.041889007470651052e+00
1.060084677056120972e+00
1.059162399414776967e+00
1.049288756002537015e+00
1.049167114454594207e+00
1.043787824848700696e+00
1.038451362554017043e+00
1.045502738999823267e+00
1.041629682229717746e+00
1.041043785935426902e+00
1.062923174144623895e+00
1.051898388418464947e+00
1.033941864587025972e+00
1.044757709251101341e+00
1.056136240764101730e+00
1.049542613893668985e+00
1.045765150152850209e+00
1.038084195504816343e+00
1.041093458773409086e+00
1.048962357380289312e+00
1.039500852859323032e+00
1.028757365227332743e+00
1.031222745508459715e+00
1.039238162419539702e+00
1.060713313367819266e+00
1.063061394573571627e+00
1.040615608778799661e+00
1.064404621122532424e+00
1.057710150306179209e+00
1.048257617223134375e+00
1.036620221507681405e+00
1.040350411468011771e+00
1.029912280701754446e+00
1.029928658430485422e+00
1.054102312293545118e+00
1.038938848920863300e+00
1.041206835172659328e+00
1.050590675444133870e+00
1.041346240839591042e+00
1.059892266958823992e+00
1.054821114911713043e+00
1.071569086651053881e+00
1.045113478462251111e+00
1.061389041597947669e+00
1.051549243821468194e+00
1.044347904787763515e+00
1.046247975526363172e+00
1.059653916211293234e+00
1.050549450549450592e+00
1.043029105282069713e+00
1.034771864795693164e+00
1.030985423758401076e+00
1.044765597462107953e+00
1.033872822145573522e+00
1.020665801988759114e+00
1.015717926932880211e+00
1.026149376175012895e+00
1.032985204525674439e+00
1.033926536337336666e+00
1.043014543851917164e+00
1.035253578370736838e+00
1.046515756768752858e+00
1.047374583445915608e+00
1.056514628384517485e+00
1.060178785365404108e+00
1.032345256329399108e+00
1.036088372502420585e+00
1.051305049780249412e+00
1.041146348037013780e+00
1.055420602789023832e+00
1.042675790042315587e+00
1.049231874943850507e+00
1.055253130103429582e+00
1.058554437328453890e+00
1.053080308030803103e+00
1.037116729424421679e+00
1.045951470980357234e+00
1.044416584579564766e+00
1.031000263458329735e+00
1.046850185283218604e+00
1.046290481743966883e+00
1.039960840156639366e+00
1.043898545583540338e+00
1.023586146427005739e+00
1.012688410116665327e+00
1.021876064010895480e+00
1.034698669449517272e+00
1.031526403362816424e+00
1.039191564147627478e+00
1.042229729729729826e+00
1.040113848616917247e+00
1.051804632788651439e+00
1.035784401213635464e+00
1.045874001774622863e+00
1.048502779272010077e+00
1.047610524431716428e+00
1.048146493970522508e+00
1.046264931360313843e+00
1.028693902545709138e+00
1.038994800693240794e+00
1.048959068454481391e+00
1.041342067988668463e+00
1.047413031961857754e+00
1.030687183073963897e+00
1.044781320787593559e+00
1.027978104092449385e+00
1.048361798536075362e+00
1.053923756807428003e+00
1.048931031398157243e+00
1.041523406506215332e+00
1.059971484583853041e+00
1.045673936360386191e+00
1.052085181898846589e+00
1.038701732782126852e+00
1.029464822609741370e+00
1.041759944894093293e+00
1.053725559274264478e+00
1.044250132485426530e+00
1.052547770700636987e+00
1.015466575012888839e+00
1.053851456143374055e+00
1.044355909694555162e+00
1.038716428322288055e+00
1.045688826766838497e+00
1.037739145627675441e+00
1.034132046198931176e+00
1.041022540806632701e+00
1.048416805543373354e+00
1.051834130781499121e+00
1.042708700246565590e+00
1.038491683358007567e+00
1.026755852842809347e+00
1.036831310887027957e+00
1.031306286988592502e+00
1.043927648578811374e+00
1.027765875396349227e+00
1.026740665993945534e+00
1.044573477926735494e+00
1.023906755147183878e+00
1.037833262801523437e+00
1.034063676823005817e+00
1.031894934333958735e+00
1.039358600583090375e+00
1.042115317818687048e+00
1.058168316831683109e+00
1.034406898979232770e+00
1.036791314837153255e+00
1.048076084111334128e+00
1.055077605321507850e+00
1.052617473646596302e+00
1.038431096649371277e+00
1.053281580804516615e+00
1.025252525252525304e+00
1.028586013272077659e+00
1.053427771948233671e+00
1.045228363248622783e+00
1.037104941505150979e+00
1.028071079062580440e+00
1.034308692676249253e+00
1.027551283151660888e+00
1.044033350703491347e+00
1.029115244220406789e+00
1.036576949620427790e+00
1.062027231467473465e+00
1.033696905205285121e+00
1.031180017226528856e+00
1.039722463139635789e+00
1.033417677340546126e+00
1.043322247505688694e+00
1.042824278888692335e+00
1.042417815482502563e+00
1.031729336488736992e+00
1.033997043735327415e+00
1.044164315937940790e+00
1.054214163899111378e+00
1.037212630825655291e+00
1.036398804290487030e+00
1.032359629176141436e+00
1.022413793103448265e+00
1.035940071014116226e+00
1.045506963541204648e+00
1.038064745642120146e+00
1.047699714693295370e+00
1.026585408938350152e+00
1.029531833579431899e+00
1.023537556247836600e+00
1.046898372195336657e+00
1.047764960346070584e+00
1.043070823571814687e+00
1.044797558129096027e+00
1.042324246771879404e+00
1.036034436850980844e+00
1.039477170361211789e+00
1.047852870279439408e+00
1.049321714131704164e+00
1.040270848182466068e+00
1.035591274397244632e+00
1.042090370501370655e+00
1.032036613272311110e+00
1.049029169252593263e+00
1.024637937124690978e+00
1.049554712988272742e+00
1.075606144734406744e+00
1.059895346664174953e+00
1.068697342838626163e+00
1.061776419375752623e+00
1.057980336304327862e+00
1.048220123501634626e+00
1.030735163861824732e+00
1.037516397026672532e+00
1.042653187904584611e+00
1.043107279352946337e+00
1.037742535660494347e+00
1.037569450568833318e+00
1.030942334739803012e+00
1.035764499121265336e+00
1.050971960942399086e+00
1.048249591873752884e+00
1.044560707198268101e+00
1.050248082995038246e+00
1.049791023078320951e+00
1.054533867443554263e+00
1.042088150289017356e+00
1.034498048953529592e+00
1.032011256705654745e+00
1.030523001574252140e+00
1.046587984736888854e+00
1.049318038117604601e+00
1.049777858373379225e+00
1.038350996946290739e+00
1.044565508618379823e+00
1.037192293970745638e+00
1.048361096184846852e+00
1.046360602507441229e+00
1.059567115314659969e+00
1.057715283521735161e+00
1.037357097848591314e+00
1.028631468347780409e+00
1.036436892353507888e+00
1.037069726390114743e+00
1.047750556792873100e+00
1.035117354196301465e+00
1.029082969432314476e+00
1.042265948998500003e+00
1.033241733888839553e+00
1.019140827992378373e+00
1.033290099437959464e+00
1.049790683174490091e+00
1.035739878179863904e+00
1.042694834013846883e+00
1.056187895212285399e+00
1.049426542872747170e+00
1.035663210582767224e+00
1.046891747052518751e+00
1.042323277802791548e+00
1.045863309352518034e+00
1.058577024687983981e+00
1.036682327430429984e+00
1.031230701367445990e+00
1.025782205908058131e+00
1.054203935599284492e+00
1.045508328024028488e+00
1.045331406899042692e+00
1.038054209298151065e+00
1.035934016941596036e+00
1.039667649423746898e+00
1.026318121400088712e+00
1.044851828779923553e+00
1.045874886672710780e+00
1.061021629084215379e+00
1.055699721964782123e+00
1.044267981014968871e+00
1.051485328959358423e+00
1.032345500542103389e+00
1.051099495313626564e+00
1.035807702714891310e+00
1.034969379604153694e+00
1.033507667759950399e+00
1.039664854265085925e+00
1.052483428675202060e+00
1.035562776423865072e+00
1.049128794682953059e+00
1.052718136135221583e+00
1.048126879956248203e+00
1.027318028118882287e+00
1.016250324142103922e+00
1.030279435937364818e+00
1.046293818571046197e+00
1.054668248608195746e+00
1.053656743844174848e+00
1.047519344560764676e+00
1.041621718806184926e+00
1.040206828920388737e+00
1.039047873763038199e+00
1.047342044030785679e+00
1.053607123387243272e+00
1.055652333363894746e+00
1.072974990668159823e+00
1.067553542787055276e+00
1.049917416039640283e+00
1.045568711876569745e+00
1.048063127690100460e+00
1.047025038140536601e+00
1.022405763992619177e+00
1.026250107582408200e+00
1.036852676622129099e+00
1.026842703506164245e+00
1.040949033391915579e+00
1.040259509420547568e+00
1.044472227183425694e+00
1.024850193866760684e+00
1.057450788278257781e+00
1.057734806629834212e+00
1.045413095020973904e+00
1.045143269057487778e+00
1.048160173160173070e+00
1.061967963386727609e+00
1.035241891647037615e+00
1.032116532116532204e+00
1.047762784090909172e+00
1.048385638057339309e+00
1.059732894255396962e+00
1.055800698657841430e+00
1.053064958828911157e+00
1.046653328483084788e+00
1.028568893620796842e+00
1.018648018648018683e+00
1.023735810113518996e+00
1.043972506168487913e+00
1.043825774584643096e+00
1.024715332332950757e+00
1.047711954593827599e+00
1.035983488872936009e+00
1.047103071550103071e+00
1.049116447666515572e+00
1.054423006916636263e+00
1.043781725888324852e+00
1.043880114860014308e+00
1.044352666546956465e+00
1.040407652422671303e+00
1.050548659830904841e+00
1.031573314306100553e+00
1.034394792399718543e+00
1.042303590472804853e+00
1.045474970791767877e+00
1.027288030477540470e+00
1.036261714986423721e+00
1.050316709786778491e+00
1.036029608490145471e+00
1.043945312500000000e+00
1.032559781170034441e+00
1.034957719466480741e+00
1.042813186813186910e+00
1.042545647934763231e+00
1.045357524012806794e+00
1.028319202866882165e+00
1.023033612011602145e+00
1.040573204419889430e+00
1.026153979388585880e+00
1.017264725795531399e+00
1.040188517566409621e+00
1.040794887507660027e+00
1.048586572438162445e+00
1.040024739353242689e+00
1.047334154495864755e+00
1.041729157476841694e+00
1.040038549150166469e+00
1.034059233449477366e+00
1.058295565626943935e+00
1.034393885531461166e+00
1.038725959446523461e+00
1.040666082383873814e+00
1.040337463749011260e+00
1.045646437994723010e+00
1.041080225193525610e+00
1.038424675437832123e+00
1.042731315950117699e+00
1.038515283842794679e+00
1.037311481126318435e+00
1.058239517773247096e+00
1.050584007187780777e+00
1.039748583569405138e+00
1.050769502918804221e+00
1.051275167785234999e+00
1.040605095541401237e+00
1.042045454545454497e+00
1.045882042717763971e+00
1.042556933087136262e+00
1.047962685910410974e+00
1.028663250238860405e+00
1.035910181693520782e+00
1.047590046981033529e+00
1.057432432432432456e+00
1.054068522483940118e+00
1.059946476360392520e+00
1.042115486491258958e+00
1.051979980683115379e+00
1.054543839388824678e+00
1.045590565041365938e+00
1.027849406910778862e+00
1.044360385144429193e+00
1.047577324104091767e+00
1.038197163490820474e+00
1.036203775536591598e+00
1.045849253212921104e+00
1.032255267493280115e+00
1.029992309664188754e+00
1.029017666638218031e+00
1.036413603572655440e+00
1.056369089625970314e+00
1.031228070175438605e+00
1.057328190743338059e+00
1.063979757816736038e+00
1.040974135632388275e+00
1.059141212926073550e+00
1.045798132503334754e+00
1.046791326485822182e+00
1.055904467049977979e+00
1.047139830508474478e+00
1.044956620804486924e+00
1.043285141961330709e+00
1.042818757042558664e+00
1.045138888888888840e+00
1.041851176521663591e+00
1.046911649726348648e+00
1.045418882399093308e+00
1.048987818771361047e+00
1.034162837076216146e+00
1.041612819850090466e+00
1.035911602209944826e+00
1.015921152388172821e+00
1.036268556005398134e+00
1.038952085487762744e+00
1.052599334850341295e+00
1.043432389660629456e+00
1.040653231410701984e+00
1.033571490057674014e+00
1.041892473118279483e+00
1.040408410487150714e+00
1.046168532500217019e+00
1.049921177088807056e+00
1.061004891062694577e+00
1.052111170497060488e+00
1.051324940575754985e+00
1.052010912611106130e+00
1.062723054960742264e+00
1.056157635467980249e+00
1.043060936949630202e+00
1.045945945945945921e+00
1.049465006139273848e+00
1.052088841882601766e+00
1.049756529437804398e+00
1.044697170060830516e+00
1.042194461430942631e+00
1.030493042432571782e+00
1.040840840840840942e+00
1.034467901766479958e+00
1.052012545739675842e+00
1.048009884387962165e+00
1.042987217650148901e+00
1.015164351067434856e+00
1.033369757081617157e+00
1.029401738537583100e+00
1.036046809601093299e+00
1.027204502814258902e+00
1.035884353741496566e+00
1.013331097509851508e+00
1.028787752724852345e+00
1.032690838074212358e+00
1.050823937554206333e+00
1.036742887065805530e+00
1.040189736955584365e+00
1.053604274327756940e+00
1.057597710401574131e+00
1.051797792808828680e+00
1.051035698545614849e+00
1.067667828729775614e+00
1.048708815672306338e+00
1.044597661022866220e+00
1.041968911917098506e+00
1.035705111739018802e+00
1.030956609997462525e+00
1.039200680272108768e+00
1.041315200550869235e+00
1.025063721325403465e+00
1.038572153611909910e+00
1.039274664833276018e+00
1.026682528891910362e+00
1.041496250852079086e+00
1.051813018785495935e+00
1.030389610389610411e+00
1.051710697271546202e+00
1.046722393312802479e+00
1.039044796932194537e+00
1.039895923677363498e+00
1.028293773649810783e+00
1.033207805546045854e+00
1.040480927255427623e+00
1.016683690840994192e+00
1.029821908602150504e+00
1.031681144609095657e+00
1.035683724114324855e+00
1.029447012497859859e+00
1.046980446444021551e+00
1.046836555360281196e+00
1.050017642907551174e+00
1.039915966386554702e+00
1.036883475857303338e+00
1.042201039861351930e+00
1.040782608695652200e+00
1.036522189604558886e+00
1.051362683438155088e+00
1.048476821192052988e+00
1.048834139903211504e+00
1.055200567980120629e+00
1.051868327402135206e+00
1.045007032348804543e+00
1.038952025678840929e+00
1.039151147682979559e+00
1.042832319721980872e+00
1.042113523410933773e+00
1.050966608084358489e+00
1.042295542295542221e+00
1.041742760240020882e+00
1.052170100832968025e+00
1.033731369301839065e+00
1.025701925523793356e+00
1.036973930822968182e+00
1.044886264976558454e+00
1.019895824438562082e+00
1.029189098250336443e+00
1.045282042435742520e+00
1.024214939676563629e+00
1.036750319013185928e+00
1.031485284052019225e+00
1.043433298862461278e+00
1.045192811027743751e+00
1.027964205816554788e+00
1.046519641626464603e+00
1.054725488462558536e+00
1.052411461114077129e+00
1.049942442220844763e+00
1.050931238414688051e+00
1.038471627174958556e+00
1.050480349344978137e+00
1.061077524893314417e+00
1.051138384916399771e+00
1.040295909486510073e+00
1.044712623719395772e+00
1.027043269230769162e+00
1.031347962382445083e+00
1.015164209115281491e+00
1.026828249059757558e+00
1.035178875638841589e+00
1.042190071905050752e+00
1.050572687224669677e+00
1.041248016922263320e+00
1.044757817290006052e+00
1.043923352874267296e+00
1.037916340551352290e+00
1.039903055483424321e+00
1.034230669992259433e+00
1.044827586206896530e+00
1.047176368375325906e+00
1.037493535597310723e+00
1.037380790190735702e+00
1.046619645621881922e+00
1.047288503253796188e+00
1.035074178886888019e+00
1.040323955669224310e+00
1.053915610349018817e+00
1.049663960897267989e+00
1.039030261348005579e+00
1.045333790384780137e+00
1.052700121548880041e+00
1.055536058957711854e+00
1.028843677568890058e+00
1.056017843355923524e+00
1.052373445437029265e+00
1.050326512842838511e+00
1.036855670103092875e+00
1.044602345689581435e+00
1.054305326266400167e+00
1.062428154567159000e+00
1.047239961508179551e+00
1.055550740965421674e+00
1.057729257641921494e+00
1.043662093364397192e+00
1.041348276447614296e+00
1.052194746299306871e+00
1.047713204951856936e+00
1.035593506932702024e+00
1.038991596638655368e+00
1.054805061559507484e+00
1.052334664120812446e+00
1.047922771935873021e+00
1.043288934426229497e+00
1.048287671232876805e+00
1.047815617475060135e+00
1.054609867795731404e+00
1.054872771334602666e+00
1.044837656760006839e+00
1.046234914159442475e+00
1.042562229207373958e+00
1.033999328408327756e+00
1.045649793649456649e+00
1.035440047253396445e+00
1.050335285629403259e+00
1.055709342560553710e+00
1.031114879186095790e+00
1.040361748450845836e+00
1.045218869528261818e+00
1.044842284739982974e+00
1.035267253044654945e+00
1.061600758163177449e+00
1.041409844604566315e+00
1.034868923390175555e+00
1.037635317997293694e+00
1.033802579448706016e+00
1.032833570650808275e+00
1.047231408462647284e+00
1.020036887994634434e+00
1.037117177097203635e+00
1.046650717703349276e+00
1.037781006923668592e+00
1.033144977650333196e+00
1.032236400268636611e+00
1.028874238504548178e+00
1.019086795557383684e+00
1.031645046682640565e+00
1.017485978225008303e+00
1.033209109730848896e+00
1.022375644651472237e+00
1.029923740053050318e+00
1.040577020415049736e+00
1.046515619636114058e+00
1.044682135771586307e+00
1.050407067382643334e+00
1.046505585866458921e+00
1.055405992184107689e+00
1.052173155648462588e+00
1.057567804024496905e+00
1.055633555633555654e+00
1.054847161572052494e+00
1.058962470475024009e+00
1.047660538468240921e+00
1.042145922746781084e+00
1.025318578135479441e+00
1.023762376237623783e+00
1.035538500041711885e+00
1.042934875021254815e+00
1.051890865135555186e+00
1.060456942003515035e+00
1.032727272727272716e+00
1.038298593458735875e+00
1.043481982367542527e+00
1.031972789115646272e+00
1.058306778055292385e+00
1.053491436100131740e+00
1.042652795838751700e+00
1.056694286960313978e+00
1.047276554688185257e+00
1.046546024012528386e+00
1.048801742919389879e+00
1.042165538781884448e+00
1.032051282051282159e+00
1.029300008443806425e+00
1.041531914893617072e+00
1.059591622119008036e+00
1.040610472765546968e+00
1.049103663289165933e+00
1.046558175963797854e+00
1.062390312390312452e+00
1.059456096693921046e+00
1.062777876578338887e+00
1.052357407734416439e+00
1.052291010842952179e+00
1.032677502138579895e+00
1.038412832418742049e+00
1.047353998972426758e+00
1.030503866088877452e+00
1.040091347373762964e+00
1.046008583690987148e+00
1.045364209798669286e+00
1.042108896367244908e+00
1.040840840840840942e+00
1.028339395990186977e+00
1.039007092198581450e+00
1.041716635257837975e+00
1.037603623621912607e+00
1.037521222410865862e+00
1.029436501261564274e+00
1.036154685009646803e+00
1.036574034969169666e+00
1.038832487309644614e+00
1.028125262362522108e+00
1.037027707808564125e+00
1.035241547930191297e+00
1.040372407955988177e+00
1.038229547192252245e+00
1.031110737408559741e+00
1.035187667560321767e+00
1.029310777991792936e+00
1.038590886161089522e+00
1.042386586092433509e+00
1.033911205073995809e+00
1.024299220434566227e+00
1.039395709873967011e+00
1.047221275144902819e+00
1.039214018373596504e+00
1.039610664409648777e+00
1.037008807588075898e+00
1.049468449931412861e+00
1.044578833693304620e+00
1.046591592882317512e+00
1.041068820345390389e+00
1.039671682626539084e+00
1.047737829003956733e+00
1.037536505755024985e+00
1.042772987279091623e+00
1.032967032967033072e+00
1.044033727961843017e+00
1.036120859368312885e+00
1.037282941777323719e+00
1.041282051282051313e+00
1.044331583024877386e+00
1.055949566587864430e+00
1.050568231873843628e+00
1.037033832309422809e+00
1.048814144027598205e+00
1.039053049939519635e+00
1.062046666084068836e+00
1.035375923511516749e+00
1.049578965457982571e+00
1.037279380111924221e+00
1.025457906234246375e+00
1.030632741881486458e+00
1.032510738650720183e+00
1.044791400051190200e+00
1.033546734955185675e+00
1.048995297135528082e+00
1.037449652926557553e+00
1.020018350154308084e+00
1.023992085085332571e+00
1.024216877427886585e+00
1.025022710380708579e+00
1.035115522562348733e+00
1.055774841256221119e+00
1.039751659912046211e+00
1.048705196364259962e+00
1.054183336232388246e+00
1.035459775049369036e+00
1.044785014899957343e+00
1.031457235164087827e+00
1.035009279568078311e+00
1.037279211956521729e+00
1.036923600476433505e+00
1.015228426395939021e+00
1.028050490883590573e+00
1.060953530476765216e+00
1.049621011810329740e+00
1.046208633718405334e+00
1.057794876278744356e+00
1.074966292134831525e+00
1.075447452960073491e+00
1.076365305185865040e+00
1.058658965797310669e+00
1.043649061545176782e+00
1.059215136650315303e+00
1.050221043324491621e+00
1.050034989503149108e+00
1.043459403192227519e+00
1.040863730213351657e+00
1.055865434896287258e+00
1.058395456159034520e+00
1.045198237885462511e+00
1.045704317488006962e+00
1.039447388999913180e+00
1.058062813407231406e+00
1.045261293179805095e+00
1.039057063326374486e+00
1.054960491659350241e+00
1.051224944320712673e+00
1.052136068922639556e+00
1.034847161572052476e+00
1.046794816038966625e+00
1.043736878936319057e+00
1.040857217527659140e+00
1.043910955914447936e+00
1.045630045630045579e+00
1.041586748038360932e+00
1.028401755744900559e+00
1.027512870284412294e+00
1.038966575716234741e+00
1.053207316005950744e+00
1.053590472804834643e+00
1.049689991142604084e+00
1.050450609648347688e+00
1.036581107036842919e+00
1.051722626457438414e+00
1.028144544822793716e+00
1.029592358860651480e+00
1.037787938918126152e+00
1.021454825198734984e+00
1.044312510755463830e+00
1.045783345095271599e+00
1.049317012595352150e+00
1.046406388642413532e+00
1.037531862529665005e+00
1.024660594603883812e+00
1.028756719856642965e+00
1.021948107188430432e+00
1.040165132880364718e+00
1.025246411896939325e+00
1.031343667037766476e+00
1.038668752172401843e+00
1.023155348194228376e+00
1.030118935569436234e+00
1.044064826982041172e+00
1.030504908835904621e+00
1.034216909216909119e+00
1.037859578560811347e+00
1.046445916114790320e+00
1.043567173468480380e+00
1.054902664394007372e+00
1.049055921944168412e+00
1.031291434632723325e+00
1.046550658069075102e+00
1.044726719742374188e+00
1.040078375489846829e+00
1.035434111943587476e+00
1.047365620010644038e+00
1.031984449549390392e+00
1.016692347200821800e+00
1.041494133885438211e+00
1.047339384232069737e+00
1.052073028150013467e+00
1.043482158866774201e+00
1.047436469014712435e+00
1.040330461046459876e+00
1.042910118311848766e+00
1.028459188127455182e+00
1.045359385903698479e+00
1.069269979974513118e+00
1.057936361964318506e+00
1.051992753623188337e+00
1.052636330805344800e+00
1.051291280482318014e+00
1.035733286043624801e+00
1.029082385623752094e+00
1.032056835903656156e+00
1.044272663387210143e+00
1.027855641205325909e+00
1.047769582016157441e+00
1.059509812788278937e+00
1.045594077284218049e+00
1.043300798580301780e+00
1.052334438569764385e+00
1.053098948894527043e+00
1.035746282028310317e+00
1.033929510783798023e+00
1.034060064792925226e+00
1.039957660756813951e+00
1.029930659176687469e+00
1.036036036036036112e+00
1.024507238792953023e+00
1.043673505327111117e+00
1.054698838896952040e+00
1.047254848402075833e+00
1.037560364872115892e+00
1.039953728421427304e+00
1.049905243209096728e+00
1.044914254604845327e+00
1.048860230678412497e+00
1.046746856205576837e+00
1.037027051316617321e+00
1.051025917926565967e+00
1.040882485366951826e+00
1.030992650314354053e+00
1.040944464096215105e+00
1.034865152590489723e+00
1.037643932683790959e+00
1.047294265458135198e+00
1.039563806777217048e+00
1.059261275977856354e+00
1.040617900954111663e+00
1.063878257700018315e+00
1.079285579285579333e+00
1.055127723516153360e+00
1.049853907962016164e+00
1.051076979005725720e+00
1.059508527416101131e+00
1.038719015740908302e+00
1.048695184288404691e+00
1.029628315443981146e+00
1.040323289115347549e+00
1.051392246396275487e+00
1.040236580338740113e+00
1.038978257026692553e+00
1.033990363556723580e+00
1.043115560238847994e+00
1.053558655221745299e+00
1.057561153041738589e+00
1.029882604055496254e+00
1.045082328079598444e+00
1.045320724417878600e+00
1.040060401492272080e+00
1.045018646776771476e+00
1.038888395631714534e+00
1.062302768010098264e+00
1.057242775630406806e+00
1.039711191335739970e+00
1.037030490499337265e+00
1.039328325231992922e+00
1.036161580525665871e+00
1.040682762890245083e+00
1.044105854049719229e+00
1.047721564406171479e+00
1.044392523364485958e+00
1.043634082967475951e+00
1.060495957852666038e+00
1.050173960813037821e+00
1.054204245240047300e+00
1.057766367137355612e+00
1.059508408796895118e+00
1.047632158590308338e+00
1.046617086885543335e+00
1.038962204865786942e+00
1.039457239778611042e+00
1.036122012129860881e+00
1.036498936924167280e+00
1.029311101360245617e+00
1.026089971396376921e+00
1.029791287780375875e+00
1.036884527772910403e+00
1.042147293700088628e+00
1.037806176783812484e+00
1.030611349881589422e+00
1.039862724392819349e+00
1.045080500894454367e+00
1.032037628682996200e+00
1.028853720381218917e+00
1.035942842114491169e+00
1.046094864479315323e+00
1.050484031484664849e+00
1.041463854335676897e+00
1.054484568739252337e+00
1.045442152140325431e+00
1.035003553660269970e+00
1.029576478823941210e+00
1.031816596931659724e+00
1.033015983928727399e+00
1.029024666608559180e+00
1.027816291161178563e+00
1.041112666200139980e+00
1.034888830301432527e+00
1.045957672894713530e+00
1.042915774446823596e+00
1.054440745073337515e+00
1.061876430205949573e+00
1.039541392073666248e+00
1.043801433501460041e+00
1.050178253119429694e+00
1.049360636680676029e+00
1.034525277435265123e+00
1.031399080579408434e+00
1.037429439861050851e+00
1.043260793260793351e+00
1.020621225194132897e+00
1.036875053597461571e+00
1.044379998242376262e+00
1.040886612504415387e+00
1.047690941385435170e+00
1.035405262228500822e+00
1.031209362808842567e+00
1.042026331851076737e+00
1.042356463543501199e+00
1.031592689295039111e+00
1.033674963396779001e+00
1.041009190220218539e+00
1.049432667780807460e+00
1.052542674253200472e+00
1.056452332114509840e+00
1.062066480497252607e+00
1.048686796498123908e+00
1.049938129750751292e+00
1.051389012159403613e+00
1.046235606731620971e+00
1.039926289926289993e+00
1.040710908772544130e+00
1.046442079338552267e+00
1.035047752562866963e+00
1.044413236197665240e+00
1.042163882259347751e+00
1.052890638983354110e+00
1.059803386127799119e+00
1.053965059910363156e+00
1.038242110893207393e+00
1.037931337255246333e+00
1.045684378603743525e+00
1.074407495866250173e+00
1.057315373896888122e+00
1.058269301134284746e+00
1.057972341789541249e+00
1.046408137317228260e+00
1.036908881199538612e+00
1.018461007591442424e+00
1.033255993812838280e+00
1.042182968626417017e+00
1.047686832740213569e+00
1.042475512021371342e+00
1.045701075842446981e+00
1.051586231688685258e+00
1.054326138218755649e+00
1.062055119547362647e+00
1.037756202804746453e+00
1.038978140637345282e+00
1.043692307692307697e+00
1.046014717616809975e+00
1.041420118343195256e+00
1.047328918322295799e+00
1.041651927838698199e+00
1.043773119605425403e+00
1.047627494456762731e+00
1.045207795675002327e+00
1.032031592803861253e+00
1.034407854722391162e+00
1.043776975248832839e+00
1.046696428571428639e+00
1.049487133345330170e+00
1.043045466774280339e+00
1.040288153681963701e+00
1.039133907178986682e+00
1.038478588527351754e+00
1.054700854700854729e+00
1.043938161106590767e+00
1.049096304289182546e+00
1.048280841079324954e+00
1.035310860090723040e+00
1.032125350140056019e+00
1.024800554977454148e+00
1.028776356723124730e+00
1.041142857142857148e+00
1.037368281236163980e+00
1.027848101265822711e+00
1.053523877152494181e+00
1.049181809962932865e+00
1.049374943789909143e+00
1.032560608741815544e+00
1.037515267841563338e+00
1.054504906333630698e+00
1.047546287974114643e+00
1.065319804312375496e+00
1.048982188295165319e+00
1.031444883618796604e+00
1.040475983670633209e+00
1.020290602699681859e+00
1.018974057593820870e+00
1.023679110137355686e+00
1.024932157394844001e+00
1.021472651957054723e+00
1.020789495833684057e+00
1.030896246489062973e+00
1.038660683465654211e+00
1.044005937309002041e+00
1.043554618897084563e+00
1.028314139752359413e+00
1.048482734565748142e+00
1.040335392762577138e+00
1.026011061182163786e+00
1.026023890784983017e+00
1.036457883369330535e+00
1.031418156570039990e+00
1.031551724137931059e+00
