3.333333333333333148e-01
1.224489795918367374e+00
1.775362318840579601e+00
2.323232323232323093e+00
2.636164211845816396e+00
2.855222734254992289e+00
2.886488775942397389e+00
2.974945054945055123e+00
2.996345363179533816e+00
3.122781774580335679e+00
3.059774620284174240e+00
3.163609320773425715e+00
3.123356926188068705e+00
3.132227249874308672e+00
3.160223804679552551e+00
3.218848167539266836e+00
3.219368646334938688e+00
3.231142241379310498e+00
3.206562668101129443e+00
3.137859007832898062e+00
3.251989389920424411e+00
3.286189683860233135e+00
3.236683141131246444e+00
3.141350210970464296e+00
2.996089931573802545e+00
3.012160898035547429e+00
3.047098001902949438e+00
2.893101873001370450e+00
2.927504393673110883e+00
2.958277254374158893e+00
3.029315960912052130e+00
2.961753731343283569e+00
3.036048689138576950e+00
3.047641963426371614e+00
3.054748062015503862e+00
3.160220994475138045e+00
3.133988618727366671e+00
2.903562945368170833e+00
2.992760180995475139e+00
2.959353348729792277e+00
3.091646778042959287e+00
3.058185404339250457e+00
3.064814814814814881e+00
3.125811283075386804e+00
3.073403720462544175e+00
3.111166750125187619e+00
3.195109261186264149e+00
3.084623323013415686e+00
3.042490118577075187e+00
2.989498806682577392e+00
3.170403587443946236e+00
3.189591078066914331e+00
3.090720580611715729e+00
3.126144455747711159e+00
3.084771573604061068e+00
3.124747474747474829e+00
3.114737378888322361e+00
3.053999999999999826e+00
3.168110035659704504e+00
3.070732957457714019e+00
3.129048582995951566e+00
3.158250910983862791e+00
3.186836518046709088e+00
3.139767932489451407e+00
3.157977059436913425e+00
3.244192328471096509e+00
3.176151761517615135e+00
3.114226375908618838e+00
3.305314533622559559e+00
3.344167150319210524e+00
3.215864022662889621e+00
2.996945010183299285e+00
2.994318181818181657e+00
3.041806823642479785e+00
2.940094339622641328e+00
2.966498393758604912e+00
3.061273336524652944e+00
2.863216266173752356e+00
3.013187812642109886e+00
3.109413504189255661e+00
3.147119341563786143e+00
3.097072419106317476e+00
3.165456431535269566e+00
3.137079831932773288e+00
3.263700488334237537e+00
3.055055584965590043e+00
3.030927835051546282e+00
3.162767039674466041e+00
3.232899022801302813e+00
3.131508319914117155e+00
2.916586306653809135e+00
2.928539122568973418e+00
2.961839080459770290e+00
2.992018779342723089e+00
2.994784257942152639e+00
3.113412228796843984e+00
2.989670437776684508e+00
3.105755041810132955e+00
3.075872534142640280e+00
3.153569594247560559e+00
2.887065637065636903e+00
2.990875912408759163e+00
3.025407478427612595e+00
3.058881256133464177e+00
3.041440552540700448e+00
3.062314540059347223e+00
2.965217391304348027e+00
3.037536092396535103e+00
3.118927125506072873e+00
3.087962962962962798e+00
3.079735906551548830e+00
3.042084168336673500e+00
3.353518821603927780e+00
3.181766381766381713e+00
3.184068891280947167e+00
3.148462354188759083e+00
3.293663911845730041e+00
3.282198053806525628e+00
3.107491856677524478e+00
3.197790636507101603e+00
3.222950819672131040e+00
3.111111111111111160e+00
3.159352142110762873e+00
3.165605095541401237e+00
3.265093304061470914e+00
3.196775986659255331e+00
3.263390392048592048e+00
3.211731843575419187e+00
3.136898395721924970e+00
3.216880341880341998e+00
3.121743753322700599e+00
3.160397074190177680e+00
3.108571428571428541e+00
3.081983805668015997e+00
3.131912734652460895e+00
3.127637673700463417e+00
3.228692429857067392e+00
3.133757961783439683e+00
3.199470899470899354e+00
3.292940522512506796e+00
3.166575041231445731e+00
3.209339774557165903e+00
3.094111461619347914e+00
2.965433300876338940e+00
3.146317350469599816e+00
3.235961123110151050e+00
3.226696083838941131e+00
3.116959064327485596e+00
3.241564006427423816e+00
3.142005420054200471e+00
3.236148466917697863e+00
3.152185644900161954e+00
3.131482451545311463e+00
3.225374732334047145e+00
3.113539445628997981e+00
3.057759919638372459e+00
3.257337526205450917e+00
3.139784946236559016e+00
3.201484623541887675e+00
3.265272427077600348e+00
3.227348526959421982e+00
3.157640750670241303e+00
3.162974683544304000e+00
3.134242265338227362e+00
3.029175050301810668e+00
3.094908551655956686e+00
3.113197969543147092e+00
3.015316205533596694e+00
3.107495069033530566e+00
3.191222570532915359e+00
3.121529596647459215e+00
3.133470225872689863e+00
2.975490196078431460e+00
3.059021113243761913e+00
3.009214354995150220e+00
3.009086561453850006e+00
3.104588061174148983e+00
3.046499999999999986e+00
3.118031140130587797e+00
3.051411290322580516e+00
3.021442495126705818e+00
3.124065769805679960e+00
3.159374999999999822e+00
3.004509018036072288e+00
3.065693430656934115e+00
3.106190236537493821e+00
3.030891878425510555e+00
3.121439280359819879e+00
2.972999509081983405e+00
3.138287401574803237e+00
3.100667693888032872e+00
3.102382159148505014e+00
3.077542799597180245e+00
3.121196754563894338e+00
3.038019009504752344e+00
3.065088757396449815e+00
3.056079404466501170e+00
3.004852013585638026e+00
3.076735092864125054e+00
3.141543178334185171e+00
3.164656528578919659e+00
3.262500000000000178e+00
3.168576104746317679e+00
3.130366492146596791e+00
3.189999999999999947e+00
3.230141458106637664e+00
3.049738219895287816e+00
3.081418581418581493e+00
3.035340965654554690e+00
2.904470588235294137e+00
2.903516681695220925e+00
3.000000000000000000e+00
3.063147508633448535e+00
3.175456919060052119e+00
3.205464480874316902e+00
3.216335540838852314e+00
3.117836100696304236e+00
3.166578808645229337e+00
3.064766839378238128e+00
3.117526826775677051e+00
3.080927835051546548e+00
3.149869451697127953e+00
3.248761695101816116e+00
3.110569105691056713e+00
3.134242265338227362e+00
3.141870350690754599e+00
3.086523335081279296e+00
3.125391849529780774e+00
3.149920255183412898e+00
3.168648648648648702e+00
3.093567251461988299e+00
3.041751527494908292e+00
2.950827653359298974e+00
3.049926578560939738e+00
2.988112927191679091e+00
3.048371174728528921e+00
3.040221216691804784e+00
3.148494288681204623e+00
2.975560081466395168e+00
3.062809099901087961e+00
3.108583247156153195e+00
3.100470957613814971e+00
3.100313479623824531e+00
3.037474332648870678e+00
3.101337448559670751e+00
3.116156282998943983e+00
3.164427727028479520e+00
3.239798770262716676e+00
3.050592034445640532e+00
3.063580874872838145e+00
2.929095354523227446e+00
2.952941176470588402e+00
3.233732431025507559e+00
3.154187465335551721e+00
3.213340683572216250e+00
3.254131054131053968e+00
3.131855955678670256e+00
3.074462506554798136e+00
3.075218959299330201e+00
3.175252257036643488e+00
3.191629955947136388e+00
3.062665958576739289e+00
3.017085427135678177e+00
3.030799801291604645e+00
3.152410575427682549e+00
3.056948798328108730e+00
3.157509157509157394e+00
2.990251410979989810e+00
3.102071753410813759e+00
3.054151624548736343e+00
3.005491762356465202e+00
3.089529590288315752e+00
3.184351554126473527e+00
3.171806167400880838e+00
3.219132369299221530e+00
3.159267480577136578e+00
3.244147157190635511e+00
3.263188073394495348e+00
3.248850574712643713e+00
3.131129476584022076e+00
3.270210409745293312e+00
3.194460146975692361e+00
3.145266594124048076e+00
3.130551096843231740e+00
3.053562142485699571e+00
3.102272727272727071e+00
3.116279069767442067e+00
3.137506688068485872e+00
2.989214175654853811e+00
3.126342710997442431e+00
3.104731525784157231e+00
3.165506159614354775e+00
3.224387527839643663e+00
3.219954648526077268e+00
3.285960874568469414e+00
3.179384965831435039e+00
3.171789242590559610e+00
3.083377588953797321e+00
3.078116916709777495e+00
3.090861889927310369e+00
3.103773584905660243e+00
3.132771338250790460e+00
3.108408249603384466e+00
3.125855713533438607e+00
3.079140461215932767e+00
3.026382546930492357e+00
3.076026355803345158e+00
3.193686463349384663e+00
3.064533333333333331e+00
3.208690987124463323e+00
3.138706140350877138e+00
3.271309192200557270e+00
3.226986849628358911e+00
3.054039593365435845e+00
3.176130389064142800e+00
3.039349422875130990e+00
3.053030303030303205e+00
3.021052631578947434e+00
3.110884006131834578e+00
3.206297502714440917e+00
3.195434298440980037e+00
3.179344808439755532e+00
3.185246810870770773e+00
3.110389610389610482e+00
3.110523532522474710e+00
3.150751072961373467e+00
3.303530751708428248e+00
3.224489795918367374e+00
3.251575931232091765e+00
3.369682444577591252e+00
3.145254629629629761e+00
2.974528782475802213e+00
3.070576540755467043e+00
3.170111287758346386e+00
3.025013027618551398e+00
3.075404858299595201e+00
3.121148825065274135e+00
2.995422177009155806e+00
3.119714722363728931e+00
3.089285714285714413e+00
3.110182767624020794e+00
3.005078720162519090e+00
3.113034623217922459e+00
3.119513484928609248e+00
3.140575079872204523e+00
3.190424374319912992e+00
3.193691200885445447e+00
3.297080709788208441e+00
3.210283073367995232e+00
3.154101995565410377e+00
3.135675675675675844e+00
3.241532481954469525e+00
3.081287506819421651e+00
3.111285266457680443e+00
3.231907894736842035e+00
3.279930595720069508e+00
3.289659224441833008e+00
3.080573951434878666e+00
3.175186368477103116e+00
3.211197339246119942e+00
3.164444444444444393e+00
3.133405639913231955e+00
3.206305309734513109e+00
3.147058823529411686e+00
3.212860310421286059e+00
3.118616144975288496e+00
3.123661670235545973e+00
2.979560551865099605e+00
2.864700374531835347e+00
3.094752186588921372e+00
3.258135686707115397e+00
3.151412429378531055e+00
3.096288327057557854e+00
3.097097625329815251e+00
3.106405505558496483e+00
3.058206607236497288e+00
3.165506159614354775e+00
3.053054662379421025e+00
3.057881136950904466e+00
3.062726801451529202e+00
3.092339979013641216e+00
3.112765957446808507e+00
3.162486368593238950e+00
3.035218783351120386e+00
3.247947454844006376e+00
3.176403207331042200e+00
3.077879935100054087e+00
3.154838709677419306e+00
3.110389610389610482e+00
3.138172043010752699e+00
2.995869901910170441e+00
3.035446829755366949e+00
2.933561309233023717e+00
2.952516619183285673e+00
2.937350549976088132e+00
3.023996082272282226e+00
3.041751527494908292e+00
3.158258098778544909e+00
3.119411123227917138e+00
3.079575596816976013e+00
3.001019367991844877e+00
3.006961710591745440e+00
3.126359399274987183e+00
3.171131765992345475e+00
3.149146945514584406e+00
2.998437500000000089e+00
3.194297782470961078e+00
3.112938596491228171e+00
3.246927374301675773e+00
3.048192771084337505e+00
3.059979317476732241e+00
3.094963273871983223e+00
3.084477296726504836e+00
3.121341138903672263e+00
3.118343195266272350e+00
3.089114194236926458e+00
3.277621985417835226e+00
3.261255924170616272e+00
3.090553381777529474e+00
3.060083594566353149e+00
3.105290728129911138e+00
3.131621187800963213e+00
3.216500553709856103e+00
3.133296460176991260e+00
3.116541353383458723e+00
3.143548387096774199e+00
3.181067694001100676e+00
3.198208286674132150e+00
3.111050328227570994e+00
3.157212317666126200e+00
3.080533333333333346e+00
3.087115284298382889e+00
3.161670235546038654e+00
3.049709148598624964e+00
3.025822784810126453e+00
3.087647360328036772e+00
3.147200000000000220e+00
3.001551189245087681e+00
3.101375445746306525e+00
2.949424136204306546e+00
3.005816771691711242e+00
3.134635149023638157e+00
2.928822055137844771e+00
3.138121546961325947e+00
3.040314136125654265e+00
3.047934727180010128e+00
3.055356227575602102e+00
3.130777310924369949e+00
3.094048884165780944e+00
3.170270270270270085e+00
3.327336041787579912e+00
3.138169257340241991e+00
3.066843501326260046e+00
3.057761732851985492e+00
3.095015576323987716e+00
3.191891891891891930e+00
3.117839607201309260e+00
2.969465648854961781e+00
3.162106350025813306e+00
3.126361655773420622e+00
3.132106118029236441e+00
3.204545454545454586e+00
3.040365984930032184e+00
3.162234042553191404e+00
3.074731182795698903e+00
3.123607427055703045e+00
3.093532870122928990e+00
3.031088082901554515e+00
3.131164742917103894e+00
3.099408919935518369e+00
2.996406570841889216e+00
3.108471074380165344e+00
3.232182628062360674e+00
3.214695752009185004e+00
3.192154633314383094e+00
3.122112211221121925e+00
3.076800847457627164e+00
3.185807150595882931e+00
3.105522143247676503e+00
3.029227557411273697e+00
3.015672396359959428e+00
3.002503755633449956e+00
3.051191079574252285e+00
3.102147721320062779e+00
3.052356020942408321e+00
2.937190900098912039e+00
3.108040201005024983e+00
3.122722400857449010e+00
3.139370932754880883e+00
3.247032221594121193e+00
3.292755344418052399e+00
3.143518518518518601e+00
3.056209850107066472e+00
3.072774869109947460e+00
3.077853761178327208e+00
3.255307262569832272e+00
3.125925925925925775e+00
3.188373392956959318e+00
3.107479224376731519e+00
2.841066140177689991e+00
2.974117647058823533e+00
3.089002557544756833e+00
3.171849427168575986e+00
3.277617119722382899e+00
3.103506787330316818e+00
3.018672199170124415e+00
3.098343685300207095e+00
3.081923890063424931e+00
3.139023081052066733e+00
3.151947339550191796e+00
3.104291146116241240e+00
2.999481865284974180e+00
3.162704701531959817e+00
3.020212765957446699e+00
3.046035805626598592e+00
3.176280323450134890e+00
3.169652855543112935e+00
3.110561056105610511e+00
3.210116731517509869e+00
3.169117647058823373e+00
2.912487205731832063e+00
2.996138996138995925e+00
2.981243830207305212e+00
3.158854166666666519e+00
3.199441340782122722e+00
3.214772727272727337e+00
3.189723320158102560e+00
3.263308528906696981e+00
3.040827436037016884e+00
3.044602128737962321e+00
2.995004995004995063e+00
3.040959040959041015e+00
2.942590775269872339e+00
3.044204322200392721e+00
3.056603773584905870e+00
3.063174114021571803e+00
3.110413396127681640e+00
2.954063604240282803e+00
3.131767109295199081e+00
3.189977973568281833e+00
3.121029572836801602e+00
3.040229885057471382e+00
3.183858898984500474e+00
3.022316684378321128e+00
3.056459816887080461e+00
3.134036939313983972e+00
3.024020887728459339e+00
2.996011964107677006e+00
3.060422960725075470e+00
3.050743208610968704e+00
3.157309322033898358e+00
3.095315024232633494e+00
3.165320409262251111e+00
2.995319812792511804e+00
2.876420454545454586e+00
2.860822413014008081e+00
2.810786914235190004e+00
3.155306718597858051e+00
3.272263187748156721e+00
3.302298173246906110e+00
3.173065902578796393e+00
3.177348066298342655e+00
3.136462882096069826e+00
3.061278394083465582e+00
3.061601642710472415e+00
2.883292978208232604e+00
3.013842482100238751e+00
3.000993541977148737e+00
3.070379746835443235e+00
3.143766578249336696e+00
3.060654008438818519e+00
2.962667994026879192e+00
3.121827411167512611e+00
3.117458622530699497e+00
3.148307361633530199e+00
3.015592515592515621e+00
3.115463917525773230e+00
3.254585881045024998e+00
3.179705215419501130e+00
3.066666666666666874e+00
3.126376507603565891e+00
3.142091152815013277e+00
3.047494780793319258e+00
2.947574718275355110e+00
2.925105982100800972e+00
3.149546827794561743e+00
3.179627601314348517e+00
3.170623964660408411e+00
3.156679494227597527e+00
3.090811391724879176e+00
3.050494534096824584e+00
3.052469135802469147e+00
3.049510056730273533e+00
3.288408208541320210e+00
3.276812462552426641e+00
3.130136986301369717e+00
3.054226475279107067e+00
3.075599582898853157e+00
2.942326980942828296e+00
2.970359572400388615e+00
2.843164794007490670e+00
3.003787878787878896e+00
2.947779404587603569e+00
2.960576923076922995e+00
2.962445835339432065e+00
2.957232099951946136e+00
2.992725509214355206e+00
3.064581231079717583e+00
3.143084260731319635e+00
3.139522258414766398e+00
3.074388947927736648e+00
3.131147540983606703e+00
3.146407347379794661e+00
3.253790005614823233e+00
3.042506811989100779e+00
3.369369369369369149e+00
3.147674418604651247e+00
3.166666666666666519e+00
3.135694822888283273e+00
3.068457082675092096e+00
3.121657052962768741e+00
2.918163672654690455e+00
2.993797709923664119e+00
2.968947113051916720e+00
3.072672971627675498e+00
3.124474789915966166e+00
3.022727272727272929e+00
3.112994350282485723e+00
3.152896995708154293e+00
3.202433628318583914e+00
3.239043824701195007e+00
3.122358175750834075e+00
3.112660944206008473e+00
3.078182778658214325e+00
3.192099567099567103e+00
3.140806184428492465e+00
3.179219351291918461e+00
3.064412238325281646e+00
2.977900552486187902e+00
2.909004287756074447e+00
3.054199218750000000e+00
2.998496240601503882e+00
3.122626988199076248e+00
3.064499213424226376e+00
3.088980858768753279e+00
3.121180189673340433e+00
3.050882658359293842e+00
3.092602172788411874e+00
2.898821218074655981e+00
2.972248353715898350e+00
2.919753086419753174e+00
2.960775047258979331e+00
3.077383924113829217e+00
3.071021254536029144e+00
3.041326530612245005e+00
3.120269569725246050e+00
3.154922001075847415e+00
3.051578947368421169e+00
3.293729372937293842e+00
3.195501730103806448e+00
3.121871599564744137e+00
3.178918918918919090e+00
3.179812465526751453e+00
3.154814004376367720e+00
3.435579196217493969e+00
3.135276967930029191e+00
3.074986890403775597e+00
2.927905836194212963e+00
3.015865384615384670e+00
2.960174842156386710e+00
3.016998542982030074e+00
3.095020325203252209e+00
3.048279404211607702e+00
3.099126861838726210e+00
3.082987551867220066e+00
2.949454905847373798e+00
3.205578512396694002e+00
2.972958918356734426e+00
3.049058473736372843e+00
3.090020576131687235e+00
3.091623036649214562e+00
3.131286394917946136e+00
3.123060460139111871e+00
2.974567650050864653e+00
3.110323886639676072e+00
3.087184873949579966e+00
3.031893004115226553e+00
3.152755905511810841e+00
3.050105485232067704e+00
3.051255766273705650e+00
2.943209876543209980e+00
3.006304558680892303e+00
3.017928286852589626e+00
3.052631578947368585e+00
3.043899948953547874e+00
3.114241001564945321e+00
2.952477249747219368e+00
3.080280983442047038e+00
3.148663101604277870e+00
3.253107344632768516e+00
3.126050420168067223e+00
3.040377556371263612e+00
3.123430962343096251e+00
2.990221307256819561e+00
3.016369047619047450e+00
2.933723196881091511e+00
3.060830860534124565e+00
3.188912809472550958e+00
3.057619816908993204e+00
3.166222695791156116e+00
3.070701660417782364e+00
3.242857142857142883e+00
3.282519128899352712e+00
3.097574732092498451e+00
3.151433207138993886e+00
3.230333899264289599e+00
3.080485115766262272e+00
3.144468313641246127e+00
3.270809578107183757e+00
3.266429840142095919e+00
3.245449207281268400e+00
3.078073089700996690e+00
3.064819654992158693e+00
3.125796178343949183e+00
3.144408251900108642e+00
3.253529079616036324e+00
3.062156215621562261e+00
3.083246618106139536e+00
3.115466101694915224e+00
2.934071464519375727e+00
3.034296913277804819e+00
3.001503759398496118e+00
3.234791889007470722e+00
3.172588832487309496e+00
3.112377850162866277e+00
3.217032967032967150e+00
3.114160263446761778e+00
3.048780487804878092e+00
3.196381053751995882e+00
3.030720338983051043e+00
3.055161943319838258e+00
3.056122448979591955e+00
3.099378881987577827e+00
3.000000000000000000e+00
2.970214843750000000e+00
3.020648967551622377e+00
3.118224057821373130e+00
3.002054442732408734e+00
2.973632812500000000e+00
3.043542800593765474e+00
3.017543859649122862e+00
3.194955333683657361e+00
2.992179353493221949e+00
3.162874870734229571e+00
3.066242713301536860e+00
3.007052896725440849e+00
3.101738241308793498e+00
2.942557442557442560e+00
2.981792045999041907e+00
3.051345962113658938e+00
3.121861924686192502e+00
3.137634408602150593e+00
3.116924719701014368e+00
3.052796654469419835e+00
3.209364908503767655e+00
3.140166204986149623e+00
3.077908217716115225e+00
3.227397260273972446e+00
3.311872415829887562e+00
3.055959709009512970e+00
3.229967069154775050e+00
3.017905588714053344e+00
2.965688712083540679e+00
3.078053725291434173e+00
2.968511934992382084e+00
3.067307692307692513e+00
3.102008456659619551e+00
3.071919619249074529e+00
3.121729845168179196e+00
3.200557103064066933e+00
3.133743704532736540e+00
3.182170542635658794e+00
3.102253985706432182e+00
3.104301075268817378e+00
3.001558441558441537e+00
3.065473145780051034e+00
3.084603258013662419e+00
3.072823218997361661e+00
3.191908146528157353e+00
3.015005359056806000e+00
3.037282941777323941e+00
3.122686409307244837e+00
3.214205816554809747e+00
3.063360881542699587e+00
3.068478829064297031e+00
2.983715012722646165e+00
3.075356415478615268e+00
3.054194893173527880e+00
3.070239334027055289e+00
3.181029810298102944e+00
3.091057797164667331e+00
2.963995943204868144e+00
3.011335633316905014e+00
3.000000000000000000e+00
3.020040080160320439e+00
3.036511156186612492e+00
3.073233625580196193e+00
3.145599999999999952e+00
3.030478192327903386e+00
3.007045797684952060e+00
3.035840484603735678e+00
2.885714285714285676e+00
3.003835091083413289e+00
2.895823331733077488e+00
3.065164135227829600e+00
3.139596602972399175e+00
3.006240249609984261e+00
3.148514851485148647e+00
3.083912346338856025e+00
3.007128309572301372e+00
3.143079315707620669e+00
3.275296777840587925e+00
3.148526077097505649e+00
3.338933951332560657e+00
3.164623467600700568e+00
3.066666666666666874e+00
3.208064516129032206e+00
3.280046003450258763e+00
3.205865439907992887e+00
3.132859486057955056e+00
3.243483083749306495e+00
3.207740466704610327e+00
3.189295774647887161e+00
2.985856469355683718e+00
3.028812717337307614e+00
3.028197381671701827e+00
3.036850075719333741e+00
3.029722921914357769e+00
3.009975062344139474e+00
2.963432471964895232e+00
3.027982326951399017e+00
3.016008004002001197e+00
3.080998471726948740e+00
3.122362869198312296e+00
2.981083844580777242e+00
2.978005865102639316e+00
3.019811788013868181e+00
3.050709939148072980e+00
3.013151239251390834e+00
3.095017976373908741e+00
3.128791910590739800e+00
3.166757197175448013e+00
3.207126948775055553e+00
3.096405228758170036e+00
3.153023006955591345e+00
3.228922389726409659e+00
3.178692220969560278e+00
3.172280508006626309e+00
3.099730458221024332e+00
3.026329375322664106e+00
2.882211538461538325e+00
2.981973434535104328e+00
3.085020242914979782e+00
3.151790486370924516e+00
3.083020889126941722e+00
3.054979253112033000e+00
2.994946942900454712e+00
3.042735042735042583e+00
3.021287379624936431e+00
2.974231912784935705e+00
3.044932601098352620e+00
3.130320546505517498e+00
3.062863180137348262e+00
3.173076923076922906e+00
3.207146845337800034e+00
3.264824409902129965e+00
3.160542679479932282e+00
3.061007957559681802e+00
2.989954796584630703e+00
3.171606864274571169e+00
3.012578616352201255e+00
3.082521783700666429e+00
3.040330920372285473e+00
2.998991935483870996e+00
3.191534391534391446e+00
3.044038668098818512e+00
3.185959271168274487e+00
3.211418880723572844e+00
3.283807312826465541e+00
3.189158016147635610e+00
3.019067796610169552e+00
3.157455683003128399e+00
3.095670764297167477e+00
3.193739881273610415e+00
3.018997361477572472e+00
3.008428358948934012e+00
3.141164348274085416e+00
3.175638934203371289e+00
3.005192107995846129e+00
3.034773969200198707e+00
3.068458417849898368e+00
2.988511488511488512e+00
3.085384229030637915e+00
2.979458917835671183e+00
3.156441717791411250e+00
3.079725448785638697e+00
3.127615062761506248e+00
3.056103896103896211e+00
2.989081885856079257e+00
3.123162696401418970e+00
3.209036472509526394e+00
3.131291028446389291e+00
3.206331877729257762e+00
3.192030990592141571e+00
3.043089858118759761e+00
3.016409746394828506e+00
3.119387755102041027e+00
3.065803108808290212e+00
3.099742930591259604e+00
3.214247166756611040e+00
3.165011037527593718e+00
3.159436008676789420e+00
3.097236981934112787e+00
2.989969909729187414e+00
3.070506454816285924e+00
3.014507253626813377e+00
3.049058473736372843e+00
3.066431806743834976e+00
3.087155963302752326e+00
3.182106934886183236e+00
3.031104199066874116e+00
3.115677321156773427e+00
3.089590885551527499e+00
3.034954407294832901e+00
3.151656314699792905e+00
3.358003442340791622e+00
3.288186157517899666e+00
3.049322493224932096e+00
3.114754098360655643e+00
3.066289825282630943e+00
3.082400813835198594e+00
3.034222445898339338e+00
3.023715415019762709e+00
3.101720647773279271e+00
3.100674623767514237e+00
3.153034300791556888e+00
3.131016042780748521e+00
2.984287886467308581e+00
3.056846267918932103e+00
3.095335725269092730e+00
3.061119671289162625e+00
3.202975557917109306e+00
2.970056788848735252e+00
3.047174447174447298e+00
3.139450492483152111e+00
3.025693730729702047e+00
3.050550550550550355e+00
3.047858942065491128e+00
2.943984413054067328e+00
3.180802437785677839e+00
3.012480499219968966e+00
2.982901807523204774e+00
3.063058589870903514e+00
3.114686040477426143e+00
3.067532467532467333e+00
3.104469854469854351e+00
3.257017061089708232e+00
3.021866666666666479e+00
3.067137809187279185e+00
3.234180638182801548e+00
3.216308040770102128e+00
3.248137535816618904e+00
3.130555555555555536e+00
3.081407563025210017e+00
3.292884721456149855e+00
3.097615085967831305e+00
3.140350877192982448e+00
2.929789368104312786e+00
3.162544169611307243e+00
3.242610150585610640e+00
3.237007424328954830e+00
3.199097574732092664e+00
3.003661087866108748e+00
3.045954045954045952e+00
3.056939501779359247e+00
2.964074803149606474e+00
3.022882181110029265e+00
3.104859335038363088e+00
3.034943473792394819e+00
3.076883910386965404e+00
3.080578512396694002e+00
3.091472868217054248e+00
3.213132400430570357e+00
3.228651685393258308e+00
3.165091717620900358e+00
3.055584687991609982e+00
3.186575052854122792e+00
3.210876803551609537e+00
3.059384941675503899e+00
3.073529411764706065e+00
3.000497512437811043e+00
3.224543080939947792e+00
3.190449750138811602e+00
3.131253362022592857e+00
3.057040082219938171e+00
3.135593220338983134e+00
3.096354166666666519e+00
2.956200787401574992e+00
3.052144249512670715e+00
3.098159509202453865e+00
3.046475995914198265e+00
3.146936656282450784e+00
3.185466377440346886e+00
3.131635969664138486e+00
3.102739726027397449e+00
3.122502628811777203e+00
3.047668393782383411e+00
3.302452316076294192e+00
3.246662797446314475e+00
3.198426082068577703e+00
3.268334280841387329e+00
3.071663019693654295e+00
3.168872419269454621e+00
3.147425474254742728e+00
3.083465398837823557e+00
3.115002613695765810e+00
3.187872225230103052e+00
3.280591918042117250e+00
3.096505823627287768e+00
3.103502352326189317e+00
3.280730897009966895e+00
3.136008918617614327e+00
3.077922077922077726e+00
3.217553191489361808e+00
3.109736417428725197e+00
3.048879837067209664e+00
3.095793208312215050e+00
3.294020844761382349e+00
3.068478260869565322e+00
3.083545593479368296e+00
3.074885379521141271e+00
2.989614243323442278e+00
3.018877057115198603e+00
3.160184237461617140e+00
3.176533907427341319e+00
3.081151832460732987e+00
3.044332493702770925e+00
3.093070308548305558e+00
3.220085470085470192e+00
3.077736647276573034e+00
3.165456431535269566e+00
3.257692307692307665e+00
2.928861788617886042e+00
3.111002921129503385e+00
3.147876245411641349e+00
3.136603375527426074e+00
3.065607380830343232e+00
3.068878833584716137e+00
3.074279939363314895e+00
3.126223596084492407e+00
3.171474358974359031e+00
3.038481539261570497e+00
3.084004024144869405e+00
3.023011505752876360e+00
3.140234574196838491e+00
3.111344537815126099e+00
3.054731457800511585e+00
3.082531645569620338e+00
3.049039433771486340e+00
3.067574382249117715e+00
3.032614149523331637e+00
3.011816838995568624e+00
3.064644455494778708e+00
3.026486756621689089e+00
3.040694789081885840e+00
3.187958115183246122e+00
3.200000000000000178e+00
2.945296523517382248e+00
3.131934032983508143e+00
3.092243186582809056e+00
3.096891191709844726e+00
3.055327868852458995e+00
3.068054850177755366e+00
3.154411764705882248e+00
3.182164219684611162e+00
3.140616549486208608e+00
3.210813762971054253e+00
3.058541777541245121e+00
3.176130389064142800e+00
3.152386117136659394e+00
3.116613418530351343e+00
3.055813953488371926e+00
3.077040816326530592e+00
2.960454770143351677e+00
2.904115996258185284e+00
2.924354243542435228e+00
3.122954883490332012e+00
3.195333695062398061e+00
3.116404981050351797e+00
3.007153806847215005e+00
3.149537512846865450e+00
3.063350785340314353e+00
3.083162217659137561e+00
3.169761273209549035e+00
3.136756756756756914e+00
3.265476854433909448e+00
3.222922636103151994e+00
3.259576901086334910e+00
3.307737397420867698e+00
3.295306001188353928e+00
3.284030642309958559e+00
3.107897664071190391e+00
3.083985393844548728e+00
3.130320546505517498e+00
3.099051633298208763e+00
2.939139040079168819e+00
3.061704211557296773e+00
2.974764967837704166e+00
3.011181332036946934e+00
3.179313929313929421e+00
3.085683874401277116e+00
2.957837301587301404e+00
3.012566457225712924e+00
2.994140625000000000e+00
3.160860655737705027e+00
3.141859215475550915e+00
3.197175448126018615e+00
2.978844169246646079e+00
3.049729197439684736e+00
2.978314440611138370e+00
2.968795007201152192e+00
3.056185312962050205e+00
3.025641025641025550e+00
3.044477761119440462e+00
3.108038914490527382e+00
3.065633074935400604e+00
3.201488569909622495e+00
3.175920835623969207e+00
3.193300384404173631e+00
2.983522142121524112e+00
3.065581854043392340e+00
3.118679050567595645e+00
3.034096692111959204e+00
2.887837198296261398e+00
3.040341718082582023e+00
3.139762764311500920e+00
3.202393906420021974e+00
3.242833052276560046e+00
3.273299028016009249e+00
3.197635135135135087e+00
3.246927374301675773e+00
3.158677685950413316e+00
3.022657054582904124e+00
2.968962172647914510e+00
2.952606635071090224e+00
3.049659201557935795e+00
3.100609756097560954e+00
3.051425661914460186e+00
3.210665258711721037e+00
3.172432729269631935e+00
3.020639834881321040e+00
3.118902439024390461e+00
3.100625651720542386e+00
3.039205702647657770e+00
3.121663244353182876e+00
3.148029818956336712e+00
3.049561177077955598e+00
3.191723415400733455e+00
3.053571428571428381e+00
3.054380664652568189e+00
3.109631147540983687e+00
3.010101010101009944e+00
3.044037605145967440e+00
3.078987341772152053e+00
3.114389233954451441e+00
3.138639957828149640e+00
3.223612622415669371e+00
3.108777598276790677e+00
3.108751941998964430e+00
3.212299465240641805e+00
3.160239000543183074e+00
3.143462149285336071e+00
3.072642967542503989e+00
3.018793273986152492e+00
3.125691302161890395e+00
3.163770405476566516e+00
3.183772165502418261e+00
3.238410596026489952e+00
3.163745892661555370e+00
3.116279069767442067e+00
3.001503006012024244e+00
3.054572271386430504e+00
2.996563573883161524e+00
3.054000981836033191e+00
3.193092621664050057e+00
3.011340206185566970e+00
2.959942775393419101e+00
2.957845433255269274e+00
2.977347805568664629e+00
2.931276297335203562e+00
3.280719794344472806e+00
3.070967741935483719e+00
3.091506572295247945e+00
3.116529774127310137e+00
3.129082426127527405e+00
3.231347289318303950e+00
3.209225700164744843e+00
3.107594936708860889e+00
3.077817079332996641e+00
3.098029307731177351e+00
2.997534516765286039e+00
3.124378109452736307e+00
3.107271789582259025e+00
2.924891670678863687e+00
3.022950819672131306e+00
3.105525136884021986e+00
3.170757180156658084e+00
3.252867285636264150e+00
3.042909471480899963e+00
3.192386831275720205e+00
3.086206896551724199e+00
3.009345794392523477e+00
3.164563351842503813e+00
3.182497331910352223e+00
3.327518289251547579e+00
3.081976112920738142e+00
3.093105183694011107e+00
3.145940390544707199e+00
3.217344753747323427e+00
3.127919320594479746e+00
3.034482758620689502e+00
3.199897488467452700e+00
3.240679824561403688e+00
3.017019082001031638e+00
3.011521843494959327e+00
3.089478859390363930e+00
3.059910134797803494e+00
2.991759573436742592e+00
3.151545363908275110e+00
3.090206185567010433e+00
3.080945198592257572e+00
3.109540636042402717e+00
3.075834175935288073e+00
3.097782258064516014e+00
2.953140096618357635e+00
2.951545916012920934e+00
2.994392523364485914e+00
3.051640926640926565e+00
3.186954288649203715e+00
3.166222695791156116e+00
3.105208333333333126e+00
3.200739566825145488e+00
3.018480492813141680e+00
2.948693586698337477e+00
3.071186440677966090e+00
3.037999999999999812e+00
3.361293859649122862e+00
3.139455782312924992e+00
3.210924824229313135e+00
3.043157894736842284e+00
3.044389027431421368e+00
3.145726055612770189e+00
3.205531453362255867e+00
3.070221752903906864e+00
3.113787801127626764e+00
2.912007778317938556e+00
3.070234113712374757e+00
3.038232373386295926e+00
3.055335968379446765e+00
2.983965014577259378e+00
3.079862812346888745e+00
3.077856420626895684e+00
3.110030706243602783e+00
3.193942614240170119e+00
3.056544502617800863e+00
2.962135922330097149e+00
3.045344910757356693e+00
3.023598820058996939e+00
3.327762803234501465e+00
3.245664739884392969e+00
3.106796116504854322e+00
3.155055002619172377e+00
3.139534883720930036e+00
3.147972617166929776e+00
3.001506024096385339e+00
3.131106679960119710e+00
3.135416666666666519e+00
3.013019529293941012e+00
2.979942693409741938e+00
3.059593023255814170e+00
2.963872832369942145e+00
3.028735632183908066e+00
3.020467836257310079e+00
3.101347978032950703e+00
3.190501319261213720e+00
3.151450053705692866e+00
3.072164948453608435e+00
3.170301142263759253e+00
3.082377476538060268e+00
2.992102665350444113e+00
3.009143407122232716e+00
2.961428571428571299e+00
2.895460797799174646e+00
3.010712622263623572e+00
3.063882063882064077e+00
3.087701612903225978e+00
3.020398009950248763e+00
3.047197640117994322e+00
3.169159360495100497e+00
3.075804776739356150e+00
3.197168327215521799e+00
3.119553666312433471e+00
2.995515695067264783e+00
3.006256015399422665e+00
3.050490196078431193e+00
3.035696579077838297e+00
3.061752988047808710e+00
2.990196078431372584e+00
2.952537593984962516e+00
3.260891850333162534e+00
3.140760869565217384e+00
3.072159672466734825e+00
3.190772420943494225e+00
3.019847328244274820e+00
2.995699952221691387e+00
3.022955523672883782e+00
3.135067533766883408e+00
3.050454086781029250e+00
3.124874623871614965e+00
3.067171717171717216e+00
3.139534883720930036e+00
3.280540540540540562e+00
3.234705228031145907e+00
2.978402812656956389e+00
3.024929444967074499e+00
3.010936757013789933e+00
2.922334558823529438e+00
3.041337668369716862e+00
3.225012813941568357e+00
3.079834110938310054e+00
3.137670196671709544e+00
3.218651211801896839e+00
3.105153565851119346e+00
3.107142857142857206e+00
3.184441009788768540e+00
3.113624678663239109e+00
3.093406593406593519e+00
3.213140196585618114e+00
3.123824451410658121e+00
3.125063548551092918e+00
3.140888208269525084e+00
3.056528264132066131e+00
2.899999999999999911e+00
3.092271662763466100e+00
3.000484496124030898e+00
3.182314952806756025e+00
3.205944798301486376e+00
3.219119226638023523e+00
2.985037406483790345e+00
2.970156106519743044e+00
3.113930110100526782e+00
3.081885856079404462e+00
3.085952848722986364e+00
3.046556741028128013e+00
3.157738095238095344e+00
2.998537298878595880e+00
3.081029551954242329e+00
3.182186234817813819e+00
3.039480259870064760e+00
3.023730422401518680e+00
3.118190661478599246e+00
3.015533980582524087e+00
3.149877149877149840e+00
3.128768523249872313e+00
3.168118913377754975e+00
3.203781512605042181e+00
3.232334047109207908e+00
3.269754768392370448e+00
3.008150789607743292e+00
3.128828390860476372e+00
3.092999999999999972e+00
3.050608272506082574e+00
3.018060836501901267e+00
2.950481430536451288e+00
2.924888888888888872e+00
2.964269763287181725e+00
2.826764833261151910e+00
3.003070175438596667e+00
3.064194008559200988e+00
3.151197604790419327e+00
3.030556924593395873e+00
3.279856483854433513e+00
3.213391399020141481e+00
3.064648537711646803e+00
3.242834809796768969e+00
3.032390745501285512e+00
3.140079760717846558e+00
3.075795856493178437e+00
3.017081503172279078e+00
3.121167161226508391e+00
3.041396508728179349e+00
3.193251533742331283e+00
2.947472745292368579e+00
3.118783196523418511e+00
3.122063329928498554e+00
3.021728395061728190e+00
2.954672897196261694e+00
3.021942110177404217e+00
3.111767602166420676e+00
3.060469765117441288e+00
3.271240105540897058e+00
3.105573419078242026e+00
3.143151390319258276e+00
3.150706436420722234e+00
3.108122090015519756e+00
3.120574653668548137e+00
3.147685907436297281e+00
3.060963114754098324e+00
3.201143451143451113e+00
3.094160967911625537e+00
3.134674922600618974e+00
3.044511886697015779e+00
3.062996031746031633e+00
3.129130655821047213e+00
3.043983822042467313e+00
3.235232618923157499e+00
3.119379014989293264e+00
3.286961265684670064e+00
3.051927194860813763e+00
3.047123015873015817e+00
3.213800313643492057e+00
3.174551386623164717e+00
3.101206082852648205e+00
3.101337448559670751e+00
3.097172236503856091e+00
3.166144200626959115e+00
3.001010101010101128e+00
3.149773071104387423e+00
3.016218955904713450e+00
3.080198019801980269e+00
3.186910994764398097e+00
3.255530973451327359e+00
3.030825496342737679e+00
3.195260175167439431e+00
3.093585699263932565e+00
3.110542476970317161e+00
3.000496031746031633e+00
3.129675810473815378e+00
3.081967213114753967e+00
3.074987418218419588e+00
3.090221774193548487e+00
3.144547325102880819e+00
3.027149321266968229e+00
3.021728633510381457e+00
3.055447470817120426e+00
3.039589442815249232e+00
2.972908745247148321e+00
3.055076628352490609e+00
2.955259400285578320e+00
2.971216341689879137e+00
2.954988399071925897e+00
2.982309124767225317e+00
3.003793266951161556e+00
2.996661897949451703e+00
3.017703349282296443e+00
3.116417910447761397e+00
3.109687339825730312e+00
3.063004032258064502e+00
3.106586224233283122e+00
2.983349657198824723e+00
3.107632093933463846e+00
3.332968835429196197e+00
3.098530212302667231e+00
3.061592388582874413e+00
3.124684502776375439e+00
3.144709543568464660e+00
3.027568922305764243e+00
3.125498007968127379e+00
3.058853118712273833e+00
3.158963941086846194e+00
2.963108706345302323e+00
3.091522157996146269e+00
3.099949520444220230e+00
3.133914828116982854e+00
3.076335877862595325e+00
2.980202800579430100e+00
3.027579648121730749e+00
3.055041402825133812e+00
3.033203125000000000e+00
3.124750499001995863e+00
2.976516634050880405e+00
3.044264635887672377e+00
3.091044037605145789e+00
2.942611190817790323e+00
3.067772511848341210e+00
2.929816297691945515e+00
3.177842565597667424e+00
3.031124497991967814e+00
3.240325865580448106e+00
3.101351351351351315e+00
3.162944162436548190e+00
3.030723488602576676e+00
3.096899224806201723e+00
3.136773547094188430e+00
3.117795753286147775e+00
2.940170940170940383e+00
3.095709570957095647e+00
3.012596899224806002e+00
3.088619854721549540e+00
3.110555277638819227e+00
3.043734643734643530e+00
3.244364754098360670e+00
3.093798853569567520e+00
3.140830800405268519e+00
3.136387030365414219e+00
2.963307240704501133e+00
2.970684039087947870e+00
3.073913043478260665e+00
3.065638985579313580e+00
3.088677354709418843e+00
3.110828673106253106e+00
3.104561763198359969e+00
3.098620337250894252e+00
3.028457314028956571e+00
3.167860798362333696e+00
3.219379422972237226e+00
3.233389168062534846e+00
3.086840703249866813e+00
3.305600870038064354e+00
3.191118605958403798e+00
3.116959064327485596e+00
3.090206185567010433e+00
3.109793814432989745e+00
3.010055304172951196e+00
3.199378560331434418e+00
2.871478002965892173e+00
2.993061979648473425e+00
2.984615384615384670e+00
3.098058735689397825e+00
3.096441464672511579e+00
3.079446437724243868e+00
3.202545068928950300e+00
3.099946552645644005e+00
3.198399999999999910e+00
3.151761517615176089e+00
3.130687830687830520e+00
3.066426364572605756e+00
3.124423963133640569e+00
2.959426026719445879e+00
3.056521739130434678e+00
2.975728155339805614e+00
3.160642570281124719e+00
3.055670103092783307e+00
3.175829875518672019e+00
3.011764705882352899e+00
3.055500982318271053e+00
2.959479015918958122e+00
3.086173320350535487e+00
3.060010085728694040e+00
3.104113763331640463e+00
3.075076608784474086e+00
3.310363537710255155e+00
3.124517906336087947e+00
3.045200609446419460e+00
3.053758088601294052e+00
3.012260912211868646e+00
3.027777777777777679e+00
2.947544110634239267e+00
2.954862726849697641e+00
3.037780966044954400e+00
3.082294264339151990e+00
3.094560244026436369e+00
2.953125000000000000e+00
3.127147766323024047e+00
3.031642390758412908e+00
3.147565922920892323e+00
3.125523012552301250e+00
2.976651763537009554e+00
3.002390057361376652e+00
2.995668912415784479e+00
3.033527696793002715e+00
3.165297741273100485e+00
3.192432432432432243e+00
3.128356605800215018e+00
3.285240464344941991e+00
3.315943728018757142e+00
3.230017251293847202e+00
3.064430244941426906e+00
3.160686427457098269e+00
3.122611464968152895e+00
3.097497393117830899e+00
3.172304439746300275e+00
3.195747001090512462e+00
3.017616580310880980e+00
3.009254749147588726e+00
2.910672308415608978e+00
2.971256374594343885e+00
3.183983781044095185e+00
3.030443756449948456e+00
3.128440366972477182e+00
3.126775381378222196e+00
2.994458438287153523e+00
2.953080568720379162e+00
2.921332716335030000e+00
2.992502343017807043e+00
2.971864568431092035e+00
2.932615816565278255e+00
2.976067573908963038e+00
3.085968379446640153e+00
3.063516260162601590e+00
3.010416666666666519e+00
3.048019801980197840e+00
3.055220883534136345e+00
3.050881612090680317e+00
3.173389209009952694e+00
3.172940534642662236e+00
3.220066518847006787e+00
3.135565312843029417e+00
2.995405819295558825e+00
3.022189349112426093e+00
3.045614035087719440e+00
3.039818548387096975e+00
2.924154589371980695e+00
3.003342884431709603e+00
3.082453494218200252e+00
3.065708418891170517e+00
3.005012531328320691e+00
3.150487930148947235e+00
3.020144628099173723e+00
3.078510317060895840e+00
3.050381679389313039e+00
3.019461077844311170e+00
2.980525803310613231e+00
3.057199211045364962e+00
3.073207930859176429e+00
3.057360406091370386e+00
3.216059165346011550e+00
3.059820010587612327e+00
3.031484257871064347e+00
3.088575742325113449e+00
2.987586891757695984e+00
3.061946902654867131e+00
3.189401888772298133e+00
3.160714285714285587e+00
3.313307130825378977e+00
2.989925768822905727e+00
3.013005780346820650e+00
3.050098231827111928e+00
2.938218390804597568e+00
2.969288040949278784e+00
2.964369432723862996e+00
2.973671838269863699e+00
3.093627450980392268e+00
3.038057085628442788e+00
3.025490196078431282e+00
3.118891687657430634e+00
3.059093224656138421e+00
3.007877892663712416e+00
3.226895119418483837e+00
3.189977973568281833e+00
3.099099099099098975e+00
3.111397627643115005e+00
3.012531328320802171e+00
3.171428571428571264e+00
2.994419076610857378e+00
2.968080038113387165e+00
3.067317073170731767e+00
2.828531598513011058e+00
3.055143651529193871e+00
2.952357802625182437e+00
3.052452646915978729e+00
3.100870455709165530e+00
3.055926115956900890e+00
3.019980019980020192e+00
3.102330293819655527e+00
3.119832548403977057e+00
3.285318559556786866e+00
3.399397590361445953e+00
3.132269099201824503e+00
3.222643553629469082e+00
3.163209606986899569e+00
3.227446692181520138e+00
3.023461939520333708e+00
3.143146181082448365e+00
3.119729307652264527e+00
3.081371545547594515e+00
2.989660265878877343e+00
2.961684011352885726e+00
3.045783132530120341e+00
3.053207359522625453e+00
3.024642681123706378e+00
3.084331337325349143e+00
3.191578947368420849e+00
3.019082001031459406e+00
3.057863501483679691e+00
2.999508840864439918e+00
3.098710317460317665e+00
3.049924357034795808e+00
3.034550839091806562e+00
3.127918781725888220e+00
3.085699535363964685e+00
3.198517734250926559e+00
3.183206106870228869e+00
3.301184433164128684e+00
3.107929515418502042e+00
3.120187304890738922e+00
3.165693043016462926e+00
3.215300546448087271e+00
3.082714740190880320e+00
3.151326053042121877e+00
3.190655209452201824e+00
3.247513812154696033e+00
3.199004975124378092e+00
3.125198938992042486e+00
3.165531691985332685e+00
3.248095756256800914e+00
3.172489082969432328e+00
3.241794310722100558e+00
3.156862745098039102e+00
3.136675461741424975e+00
3.141059255374934356e+00
3.039007092198581450e+00
3.105500000000000149e+00
3.150933609958506132e+00
3.366331096196867989e+00
3.004259850905218521e+00
3.217811704834605546e+00
3.079249217935349225e+00
3.220534311157674079e+00
3.033040784718636917e+00
3.063359528487229699e+00
3.068725099601593787e+00
3.284339925173703989e+00
3.073678590496529583e+00
3.203336809176225319e+00
3.058731808731808943e+00
3.000977995110024388e+00
3.289542827115081280e+00
3.148291069459757452e+00
3.078906652913873110e+00
3.139188495120698530e+00
3.150605581885202788e+00
2.963645418326693370e+00
3.057460164171897699e+00
3.093105183694011107e+00
3.242245989304812781e+00
3.266817410966647905e+00
3.269515669515669298e+00
3.314483554529717324e+00
3.075543478260869712e+00
3.135636926250644496e+00
3.166577967003725291e+00
3.098732840549102363e+00
3.176220806794055385e+00
3.175638934203371289e+00
3.079767564712097005e+00
3.046122655854029304e+00
2.892175572519084081e+00
3.030878859857482066e+00
3.287257019438444949e+00
3.093715545755236995e+00
3.036206017338092700e+00
3.009930486593843213e+00
3.017795353435491990e+00
2.961650485436893021e+00
2.888940520446096727e+00
2.991565135895032590e+00
3.076578816509199399e+00
3.218298555377207215e+00
3.083199141170155588e+00
3.107812500000000089e+00
3.105152471083070242e+00
3.120698782424563333e+00
3.038839979285344217e+00
2.944038929440389474e+00
3.098955743411238029e+00
3.068840579710145011e+00
3.179405520169851229e+00
3.212896053362979565e+00
2.990566037735848948e+00
3.117557251908396942e+00
3.046632124352331772e+00
3.041497975708502111e+00
3.036199095022624306e+00
3.021489255372313831e+00
3.027874564459930529e+00
3.102301790281329907e+00
3.187162891046386282e+00
3.013089005235602080e+00
2.987261146496815289e+00
3.182288969445882909e+00
3.261729790842283982e+00
3.210706150341685827e+00
3.101630434782608692e+00
3.038046272493573063e+00
3.013993003498250722e+00
3.062908907901358724e+00
3.226415094339622591e+00
3.125412541254125376e+00
3.110756123535676210e+00
3.152524167561761459e+00
3.121228448275862100e+00
3.176693766937669583e+00
3.107933081489476557e+00
3.099212598425197029e+00
3.219207813347802372e+00
2.996848739495798331e+00
3.055223880597015107e+00
3.166491596638655537e+00
3.068385060494476679e+00
3.160817181770560591e+00
3.006166495375128367e+00
3.248424369747898943e+00
3.160044150110375316e+00
3.110348468848996628e+00
3.142259414225941239e+00
3.091995841995842209e+00
3.120930232558139394e+00
3.205251875669882011e+00
3.132938643702906312e+00
3.145723336853220697e+00
3.229223248234655230e+00
3.113917248790972536e+00
3.191029023746701831e+00
3.154462854088722512e+00
3.112154407929055733e+00
3.181388012618296735e+00
3.370222475755847213e+00
3.027085590465872222e+00
3.108445777111444208e+00
3.101946721311475308e+00
3.050779286073403540e+00
3.041420118343195256e+00
3.070297029702970359e+00
2.957971014492753792e+00
3.005681818181818343e+00
2.870463941203491132e+00
2.987214611872146097e+00
3.317460317460317665e+00
3.240963855421686635e+00
3.200109950522264768e+00
3.316853932584269860e+00
3.074554294975688773e+00
3.143222506393861693e+00
3.070005109862033787e+00
3.054040654437283120e+00
3.110775427995971842e+00
3.056004036326942508e+00
3.251054852320675259e+00
3.138211382113821113e+00
3.118167621030713210e+00
2.965993100049285403e+00
3.057460164171897699e+00
2.887898686679174265e+00
2.941203075531433786e+00
3.034795042897997952e+00
3.138931297709923740e+00
3.176282051282051100e+00
3.217367558711087039e+00
3.107963655799037994e+00
3.213027229044314037e+00
3.118371719335832903e+00
3.175066312997347318e+00
3.150267379679144497e+00
2.995959595959595934e+00
2.977099236641221225e+00
3.093103448275861922e+00
3.025538307461191678e+00
3.120845921450150939e+00
3.196172248803827554e+00
3.189673913043478137e+00
3.267332224070992996e+00
3.107991360691144678e+00
3.273021001615509018e+00
3.213808463251670577e+00
3.095588235294117752e+00
3.113590263691683457e+00
3.000983284169124854e+00
3.080700048614487319e+00
3.120323559150657289e+00
3.077194752774974784e+00
3.231250000000000178e+00
3.076041666666666785e+00
3.076005961251862875e+00
3.156792645556690591e+00
3.028154851684263349e+00
3.049346879535558941e+00
2.986615678776290750e+00
3.063727839003353992e+00
3.046806435884934050e+00
3.011527377521614035e+00
3.085728202630297012e+00
2.983590733590733457e+00
2.935661764705882248e+00
3.066193853427896077e+00
2.989407799711121694e+00
3.065897065897065676e+00
3.078751857355126464e+00
3.068811881188118651e+00
3.003861003861004075e+00
2.999053478466635170e+00
3.091130604288498951e+00
2.962463907603464897e+00
3.023507287259050269e+00
3.155733600400600913e+00
2.826454033771106822e+00
2.975166297117516567e+00
2.834519572953736688e+00
2.947646282446106270e+00
3.032910202162670377e+00
3.099455714992577882e+00
3.102175012645422392e+00
3.156570841889116963e+00
2.948115516397454616e+00
2.945637277295568790e+00
3.049172576832151371e+00
3.111776447105788268e+00
3.162008281573498891e+00
3.116735537190082450e+00
3.063691073219659167e+00
3.031738281250000000e+00
3.096790123456790056e+00
3.120304568527918931e+00
3.167792207792207826e+00
3.138308977035490610e+00
3.089294774226281071e+00
2.850828729281767782e+00
2.878540772532188985e+00
3.054965357967667217e+00
3.167344862665310234e+00
3.123501823866597249e+00
3.013372956909361022e+00
2.909426987060998115e+00
3.111587982832618060e+00
3.007396449704141883e+00
2.979235488437942614e+00
2.919413919413919256e+00
3.216683119447186545e+00
3.153023006955591345e+00
3.195548489666136582e+00
3.239367502726281156e+00
3.235489220563847468e+00
3.203713817586018475e+00
3.119936875328774395e+00
3.069989929506546034e+00
3.102255639097744488e+00
3.112239715591671008e+00
2.965483714146815775e+00
3.101645692158760959e+00
3.150051387461459296e+00
3.112313240597630148e+00
2.990220048899755678e+00
2.986365773389750622e+00
3.040630975143403525e+00
3.210364289379168845e+00
3.127637130801687704e+00
3.088685015290519864e+00
3.085714285714285854e+00
3.013177159590044063e+00
2.860360360360360232e+00
2.901561144839548856e+00
2.946922390722569229e+00
2.933152664859981940e+00
3.114081145584725707e+00
2.991257892180670286e+00
3.169960474308300302e+00
3.000495540138751416e+00
3.143348060873834005e+00
3.044322709163346463e+00
3.027377521613833000e+00
3.227434982151963450e+00
3.167200854700854773e+00
3.061421319796954421e+00
3.082387765170202076e+00
3.098401598401598456e+00
3.128607594936708924e+00
3.182863113897596463e+00
3.240710823909531690e+00
3.143995749202975531e+00
3.042499999999999982e+00
3.161209068010075729e+00
3.128430864836872161e+00
3.063883299798792592e+00
3.156852791878172582e+00
3.317957166392092372e+00
3.088662009672219266e+00
3.085585585585585378e+00
3.108651911468812923e+00
3.085310449268046540e+00
2.900565504241281900e+00
2.957657657657657868e+00
3.119439071566731059e+00
3.004906771344455496e+00
3.087463556851311797e+00
3.073025335320417106e+00
3.095569935291189623e+00
3.208203530633437328e+00
3.090436590436590247e+00
3.071179691388750577e+00
3.090545272636318064e+00
