3.333333333333333148e-01
7.882416345978331407e+00
1.105231010622624588e+01
1.475882051766929237e+01
1.749857385232186502e+01
1.849653295255857088e+01
1.932407088881976520e+01
2.005857297918367266e+01
1.972182591809976770e+01
2.000924783061445211e+01
1.991427677658261786e+01
1.996807231618400280e+01
2.088791641047602354e+01
2.098430774891248518e+01
2.086736953506292380e+01
2.122898278262059080e+01
2.068637460742565892e+01
2.134930685542281381e+01
2.117781133120962522e+01
2.128662523748984015e+01
2.153616438592212745e+01
2.167186368569685584e+01
2.102977693199709819e+01
2.070523326005553955e+01
2.004516073648045094e+01
2.060541960177982546e+01
2.115776788222431648e+01
2.078850759199655229e+01
2.051518157886231108e+01
2.096517163373583514e+01
2.045436975496031096e+01
2.147057310568718691e+01
2.188482615268726761e+01
2.207539516480451169e+01
2.076877664584031891e+01
2.103029565981333704e+01
2.152423556454518305e+01
2.042837871753535950e+01
2.101453105306772784e+01
2.113757249990730358e+01
2.193269104486783760e+01
2.123118800751712598e+01
2.124766253877909605e+01
2.174748252371307089e+01
2.162728156270073399e+01
2.113409186220161118e+01
2.104135286651957770e+01
2.180195958817605728e+01
2.100630729961824628e+01
2.190483428540127875e+01
2.151201447342177175e+01
2.127285202142388343e+01
2.071949077810090500e+01
2.155731165756479584e+01
2.228696243419654621e+01
2.173959965464012711e+01
2.168074710184850673e+01
2.268284020710719062e+01
2.242504330262765322e+01
2.081444115324591593e+01
2.070999978467015978e+01
2.167554933926810179e+01
2.136903123246473157e+01
2.225211653001420231e+01
2.235167102202266420e+01
2.269862795842589165e+01
2.192353591482121189e+01
2.235552348160668856e+01
2.227136208169832798e+01
2.214771874983496147e+01
2.183318107430746124e+01
2.186176223108791561e+01
2.124623766375433220e+01
2.148318050455836925e+01
2.193472638338944236e+01
2.183660165096283023e+01
2.204801053574998804e+01
2.197844304344977573e+01
2.164504738698292385e+01
2.135638684195527404e+01
2.171970042776431953e+01
2.184172286141171782e+01
2.171414126241581855e+01
2.182144971824476798e+01
2.040228061438353535e+01
1.997249779835557248e+01
2.004819028030116357e+01
2.127371451299663718e+01
2.141213887546910399e+01
2.134644657223012842e+01
2.134451268628234999e+01
2.098844574498214399e+01
2.123932064701110534e+01
2.180224647466252819e+01
2.186046379188967848e+01
2.080651681786443064e+01
2.063149863198482592e+01
2.092175486542630480e+01
2.031033162777164591e+01
2.067129348112537102e+01
2.124404529996724733e+01
2.168750687334893357e+01
2.104875691923606240e+01
2.058110124642950467e+01
2.006218358031718552e+01
2.045185445829949700e+01
2.063487243030970575e+01
2.144678741932241195e+01
2.144325158895017935e+01
2.119296430322032521e+01
2.098730221820527575e+01
2.161666213438657280e+01
2.278685733875656538e+01
2.232479720599736339e+01
2.210557210493097102e+01
2.181778739129725153e+01
2.245066236797192971e+01
2.193926542282663661e+01
2.148021447580761034e+01
2.166909649024646711e+01
2.183315498966432600e+01
2.204682458477877915e+01
2.066672067750459618e+01
2.054003647863095949e+01
2.138032950892491257e+01
2.120219143204013790e+01
2.073735258943735360e+01
2.161139317605827159e+01
2.015559093528383627e+01
2.081887134713411314e+01
2.068784366997350688e+01
2.147787119311563586e+01
2.003938798676253086e+01
2.062440592113302529e+01
2.007214864814152122e+01
2.084022598350391320e+01
2.052175352750282755e+01
2.224883519869738535e+01
2.116117219115140102e+01
2.133089411317341444e+01
2.079817330137243303e+01
2.007646405360765485e+01
2.075757537385796070e+01
2.149492072631367279e+01
2.144706848661705578e+01
2.139350564374814567e+01
2.079374832985844535e+01
2.168774919066072826e+01
2.192296891412966531e+01
2.062312074260742989e+01
2.139624413045613238e+01
2.167931869857549998e+01
2.125355634935224458e+01
2.205170641135808296e+01
2.159262650523481852e+01
2.154119695803773737e+01
2.164695889080433489e+01
2.199078685324793625e+01
2.152812213499506200e+01
2.103337416183516240e+01
1.892894975915714539e+01
1.891247611074616941e+01
2.024975694293883066e+01
2.033779615062037749e+01
2.142657307009846335e+01
2.154398059930553799e+01
2.238331205265080470e+01
2.128739497297782890e+01
2.073862364757523480e+01
2.038692151609358305e+01
2.101130995264811574e+01
2.091024192345165744e+01
2.076990732848468824e+01
2.077310625071562811e+01
2.082006713626525496e+01
1.973766157593382431e+01
2.011921694155635265e+01
2.078192621145739949e+01
2.079517323582039268e+01
2.111577224852645074e+01
2.070474493183407105e+01
2.125840454086942444e+01
2.153586767139821134e+01
2.183169019915090558e+01
2.152297538735383853e+01
2.147019794836406703e+01
2.214906789676293641e+01
2.173501868304769857e+01
2.138527046009306787e+01
2.263773866889916064e+01
2.188353136091123474e+01
2.218322326752246454e+01
2.209737864979102540e+01
2.218303038775342628e+01
2.194206023354464463e+01
2.143986053068528363e+01
2.135079577292018271e+01
2.126980418945586493e+01
2.109206328207728021e+01
2.057799205115608032e+01
2.153381444792711363e+01
2.254748959347137216e+01
2.169827461706063332e+01
2.086619423598821399e+01
2.119774606110098958e+01
2.069187198342799050e+01
2.115172981224789339e+01
2.142573378499194447e+01
2.156693231308238268e+01
2.167674521875848015e+01
2.060087085018113839e+01
2.224314098931948891e+01
2.235305408719052167e+01
2.175331964646643712e+01
2.161576990941091125e+01
2.167411229217618640e+01
2.188439977774303458e+01
2.165999940664090317e+01
2.025904420265144168e+01
2.066128172422466136e+01
2.158970198884023262e+01
2.131311397273403330e+01
2.107020739758641881e+01
2.129051569574614433e+01
2.202864972417702916e+01
2.198127987196892263e+01
2.199245596471193664e+01
2.195849701267442100e+01
2.141682407381723152e+01
2.092279163375835793e+01
2.066114899120246307e+01
2.081117739818812140e+01
2.115701511552297731e+01
2.090852732613742759e+01
2.047075154268678432e+01
2.148750940268649146e+01
2.183986951830862466e+01
2.078718483840475173e+01
2.107692889521080915e+01
2.243193914901109309e+01
2.137353346000307397e+01
2.142404534280868589e+01
2.091223243207346627e+01
2.029971273608746074e+01
2.057165718152371170e+01
2.037040421614520014e+01
1.986640281904904271e+01
1.899691498487458574e+01
1.954549080761311686e+01
1.987871965456412582e+01
2.095244427663789466e+01
2.151042471169276382e+01
2.147099285608144115e+01
2.044123333215280169e+01
2.159711300465773576e+01
2.201765518943879840e+01
2.139192546327011968e+01
2.099198969196706344e+01
2.078294801174330075e+01
2.110993343657941068e+01
2.152525576820309183e+01
2.160507923199829605e+01
2.162222633616389444e+01
2.193276390486461835e+01
2.193622034423924561e+01
2.196974150573055340e+01
2.142902309666050442e+01
2.055448137284205146e+01
2.033489446897932496e+01
2.053170015726561815e+01
2.126638978884784237e+01
2.175912954047183590e+01
2.172463609559402187e+01
2.238233840040626532e+01
2.183158570315250913e+01
2.123743975011461416e+01
2.112608685400376274e+01
2.128115788469215985e+01
2.058701676530144908e+01
2.048828269851193795e+01
2.154577223725663515e+01
2.117121279760314323e+01
2.122933186661003901e+01
2.179197868743201738e+01
2.123524517024918978e+01
2.158831937594571926e+01
2.119345955013341509e+01
2.117436070561355166e+01
2.208665546250264811e+01
2.168589295451916854e+01
2.017820381621299219e+01
2.069044870626343169e+01
2.060852625335146371e+01
2.016000030800863740e+01
2.129367611486004463e+01
2.129232886758028442e+01
2.064995117946397940e+01
2.035804938367090600e+01
2.095852164679955720e+01
2.129766675069621584e+01
2.146576994253566539e+01
2.130213612424088865e+01
2.110404105845024958e+01
2.134539344747918932e+01
2.127730846430245037e+01
2.138612028969324541e+01
2.151123681819906608e+01
2.162646812508664240e+01
2.141731714037472756e+01
2.145176491611305991e+01
2.088929034176387134e+01
2.118038687618594196e+01
2.105703984669020201e+01
2.115566295371263905e+01
2.073982139526793489e+01
2.147054902236093099e+01
2.150247483702932527e+01
2.146034233763472443e+01
2.159904671860900294e+01
2.107716015530514042e+01
2.100373299228682100e+01
2.049271884315442094e+01
2.071277385297011620e+01
2.121782159514463828e+01
2.136775302762103124e+01
2.137602768127119290e+01
2.153659383027423502e+01
2.227096158723261965e+01
2.209522996902498448e+01
2.211834579526236411e+01
2.313267416047188618e+01
2.192055440522192455e+01
2.152381530853522307e+01
2.143489234709392832e+01
2.272274257495703509e+01
2.182628442858320028e+01
2.205234171118998177e+01
2.129502285838659859e+01
2.071547197802979667e+01
1.971691621489559765e+01
2.073577114680553990e+01
2.027790022039845041e+01
2.085256662710255071e+01
2.157077840032071236e+01
1.999598245759601411e+01
2.024279801268155765e+01
2.076511680155557471e+01
2.049308472411314241e+01
2.176493290846669026e+01
2.139421596587084196e+01
2.146389177249226066e+01
2.142508436876786249e+01
2.112417333035114453e+01
2.144450047587081443e+01
2.184774328801035281e+01
2.229356415319210427e+01
2.114440557929511044e+01
2.186564195616452366e+01
2.186796553462134796e+01
2.070895041636938672e+01
2.133866688456700444e+01
2.074400340496278616e+01
2.116739174240335331e+01
2.112246084539689051e+01
2.049981021530831882e+01
1.960237258712689368e+01
2.029698540553071950e+01
1.987804664711436686e+01
2.006679928884821251e+01
2.135776748388758151e+01
2.125052408485969124e+01
2.116947434719910959e+01
2.065565194660283765e+01
2.062694060539834950e+01
2.110528434628498928e+01
2.185943024230084575e+01
2.226243740074738753e+01
2.209767372609311664e+01
2.189657057230355619e+01
2.097314271183338974e+01
2.026307619255750936e+01
2.069893025100853023e+01
2.051036199018999540e+01
2.035244704255137549e+01
2.059099908317661942e+01
2.054415075744084263e+01
2.001336983007004733e+01
2.027153032342316052e+01
2.064220702519049766e+01
1.958500312603000992e+01
2.030984972471558336e+01
2.070159268860608037e+01
2.050640179713328237e+01
2.030595336813519580e+01
2.124250797337196417e+01
2.144433367622088582e+01
2.012641194988813353e+01
2.036656177246688415e+01
2.083556342263464956e+01
2.060983354094740605e+01
2.113277849549007215e+01
2.169445316439347238e+01
2.092289931066716235e+01
1.977379217704248049e+01
2.063171768122924377e+01
2.065472735608652144e+01
2.056592407113782883e+01
2.083260140473961286e+01
2.027352052784897651e+01
2.050676587596796097e+01
2.069737169567278556e+01
2.036887378011256189e+01
2.118018020257870049e+01
2.141062900478915765e+01
2.180053557657441488e+01
2.224079470561477834e+01
2.254237934380150676e+01
2.215790977761880498e+01
2.197737277368639042e+01
2.180280364682682048e+01
2.215586062144685542e+01
2.091942193226300972e+01
2.146605504325603775e+01
2.071529842727875703e+01
2.094404900314435380e+01
2.100198795557204434e+01
2.084287504486083265e+01
2.189778060979348950e+01
2.252016573800520050e+01
2.129271389417342419e+01
2.156139624696402279e+01
2.247989916373897401e+01
2.152864431545404500e+01
2.115828006009174089e+01
2.261352536600672991e+01
2.261664215708034575e+01
2.239868557979901809e+01
2.084450835877751729e+01
2.142782509621515175e+01
2.139378572443731130e+01
2.209466985626858460e+01
2.244175069649407561e+01
2.205779304773585636e+01
2.225417220676281715e+01
2.220379441735110149e+01
2.248086702068065890e+01
2.246712186535356537e+01
2.193691850006262456e+01
2.139289233341539642e+01
2.263379299919276377e+01
2.199645516728788053e+01
2.152904161586794984e+01
2.253170649845332107e+01
2.223752097291598062e+01
2.145295724597190201e+01
2.291263462595737010e+01
2.157228358274270263e+01
2.142746501053383668e+01
2.060093441047217055e+01
2.159025422678060124e+01
2.144182357886073120e+01
2.121978746540694516e+01
2.136756576904450711e+01
2.153033824704624166e+01
2.135216936496015094e+01
2.129754642711450785e+01
2.035549359818669757e+01
2.065681204171005447e+01
2.147033456914748939e+01
2.052194000067197877e+01
2.122398720393628224e+01
2.071773983415626219e+01
2.074668697613050128e+01
2.062088957081688179e+01
2.093246386488525701e+01
2.106656931969033053e+01
2.055628678635331852e+01
2.111760712510495708e+01
2.123972526876943689e+01
2.208850843930038010e+01
2.199990220083772030e+01
2.139787986134567532e+01
2.269215815327862984e+01
2.329302818296253719e+01
2.294013275372523708e+01
2.325554663447816850e+01
2.285255378039068930e+01
2.185744401852115715e+01
2.208758249342358582e+01
2.222137372441374836e+01
2.139161477253538024e+01
2.241724930026004969e+01
2.151965606379972940e+01
2.076689357883170572e+01
2.132613054995760749e+01
2.106537316842102214e+01
2.099519717874518676e+01
2.154387990548653775e+01
2.148810385416857116e+01
2.059808457090154832e+01
2.092909100899185759e+01
2.011344549839686735e+01
2.040041137466789323e+01
1.998689671179079497e+01
2.029524033552001683e+01
2.044678292309295387e+01
2.055372978372831128e+01
2.060588404694206588e+01
2.096707015216853520e+01
2.132218437177573023e+01
2.208929564165795156e+01
2.285722536670190763e+01
2.251917615086378532e+01
2.129222558201835014e+01
2.116908543468610304e+01
2.132025491572252562e+01
2.069378527787540634e+01
2.079255844164759992e+01
2.087962823340750163e+01
2.175302565339848115e+01
2.140513035106707207e+01
2.095221603436972657e+01
2.175639809656608747e+01
2.199403217749745920e+01
2.140351270382108240e+01
2.073843860272549833e+01
2.012492000542587434e+01
2.018971256764049826e+01
2.070318722133496436e+01
2.130116082574374303e+01
2.115534110832290793e+01
2.205414743801578226e+01
2.250616969644172016e+01
2.178116228971499169e+01
2.207375976395185901e+01
2.186147586261929732e+01
2.198653822622603471e+01
2.200024171787934790e+01
2.209251050859302978e+01
2.241084911079479980e+01
2.237112788385400108e+01
2.214449220121773365e+01
2.176316016616289062e+01
2.149988635254708313e+01
2.178506216160696951e+01
2.143282852764794200e+01
2.152780453790639825e+01
2.200125133704067792e+01
2.151501334411048205e+01
2.115207916331737792e+01
2.118588170078556487e+01
2.144620320783311840e+01
2.182655034150989692e+01
2.139905847075829115e+01
2.115772737707756690e+01
2.117720155179716457e+01
2.096879904989049948e+01
2.122662978750769369e+01
2.076709749106845138e+01
2.154169555485201570e+01
2.085951343045023165e+01
2.086578612101017782e+01
2.059398835173722730e+01
2.059382928038317218e+01
2.074240577807043806e+01
2.148932282938309513e+01
2.193295116796709721e+01
2.139805942015954443e+01
2.112892029357723445e+01
2.124204373618043107e+01
2.136397187535971653e+01
2.140002096377963881e+01
2.125546073803357316e+01
2.056668581180771582e+01
2.123971870729085154e+01
2.079914054836753223e+01
2.089173591127622132e+01
2.158432976476198917e+01
2.111021843449269753e+01
2.229889696898165496e+01
2.105993767093022839e+01
2.190268566928666871e+01
2.076393730799506443e+01
2.096270791275604850e+01
2.145095611162768279e+01
2.201073450976959123e+01
2.115152166873451023e+01
2.098088289220674341e+01
2.116218309249893892e+01
2.149431799413908095e+01
2.080140117426157431e+01
2.025419698324184736e+01
2.065266761690017105e+01
2.071753094702512854e+01
2.064800279653465154e+01
2.046687605752305572e+01
2.096783698692262021e+01
2.147503904258430651e+01
2.135118875898051272e+01
2.097977179485764765e+01
2.060997441020479215e+01
2.126104988589772304e+01
2.088361620461783374e+01
2.183213082153267237e+01
2.174429720628556595e+01
2.166906212433963930e+01
2.191447110711257196e+01
2.228987019690625004e+01
2.220839273255325352e+01
2.211721713810407763e+01
2.184390123090932434e+01
2.064100642426017984e+01
2.107442123416663904e+01
2.151281344907207682e+01
2.206409536563134210e+01
2.217445841410957996e+01
2.166556448698182180e+01
2.138851742048437288e+01
2.143063287757255964e+01
2.054253666529706734e+01
2.121108036223469639e+01
2.131211699091695877e+01
2.060723236986765983e+01
2.050262491377433705e+01
2.137808776536856925e+01
2.061198065249885758e+01
2.070758671570356313e+01
2.172494311604783945e+01
2.170649726113833822e+01
2.145106642288914500e+01
2.146236509401895631e+01
2.128648141789484782e+01
2.102794360877387092e+01
2.154898447257356509e+01
2.140044110945377298e+01
2.145581254882481304e+01
2.248288618736691902e+01
2.193638709424817179e+01
2.195485481895815738e+01
2.224134827260607139e+01
2.175416655467175175e+01
2.094522021492614527e+01
2.077209402387663317e+01
2.172201149227267081e+01
2.127375600487758334e+01
2.171569675425423540e+01
2.145936953030389915e+01
2.067187122967941448e+01
2.071274424687180726e+01
2.095747394549157860e+01
2.018644614754973077e+01
2.124917932239623397e+01
2.103529612904714341e+01
2.074251879511297503e+01
2.111977146938554029e+01
2.223451094599029432e+01
2.338925293482611423e+01
2.166208281279070036e+01
2.248508952040236863e+01
2.142866143181507255e+01
2.069145902082021493e+01
2.161640533663766206e+01
2.091774272008374069e+01
2.156214142182715676e+01
2.076799593308880887e+01
2.142506086116682695e+01
2.105544649987531258e+01
2.141725284645631788e+01
2.074944609625151415e+01
2.072015812522911915e+01
2.094124716893706761e+01
2.131939474352371988e+01
2.071890957439459413e+01
2.043820021775870188e+01
1.968645900767223722e+01
2.012273136387593198e+01
2.081524280609412969e+01
2.157502525190339071e+01
2.193589826696142353e+01
2.125248361355085436e+01
2.080101281522969003e+01
2.056397915537816701e+01
2.056784162206084687e+01
2.008204465629313162e+01
2.022023743521178574e+01
2.070987783584059017e+01
2.053552034897492007e+01
2.058012834246042644e+01
2.053746546104951420e+01
2.131110878722411073e+01
2.089483366844574519e+01
2.148485878891998269e+01
2.158826684651016592e+01
2.258612235071132091e+01
2.197722341875682517e+01
2.222065561106426301e+01
2.180941520639953168e+01
2.146854170762492586e+01
2.145422457747203282e+01
2.131376501775141108e+01
2.161179153432117417e+01
2.150002496837809929e+01
2.129937698747681196e+01
2.164801601116460361e+01
2.110128944396757689e+01
1.994156841943598124e+01
2.029015722261846832e+01
2.091649001493486537e+01
2.098867316329257449e+01
2.150928227437762530e+01
2.154174939614106776e+01
2.157155752695586060e+01
2.184337316925331152e+01
2.171111727802854574e+01
2.121421253816279417e+01
2.074943852384840071e+01
2.135178159768135586e+01
2.068256092503727572e+01
2.082011878668102511e+01
2.016842606542431326e+01
2.034212182229747157e+01
2.128398407333395070e+01
2.211309690594817212e+01
2.164750507377780409e+01
2.246475794217395006e+01
2.130751732714581337e+01
2.102998157751204289e+01
2.088613822467312175e+01
2.098939533319873973e+01
2.071812949560647965e+01
2.234968145688815611e+01
2.150562912721861153e+01
2.095868122238240616e+01
1.999707376974217965e+01
2.093873812259371903e+01
2.081363270925366038e+01
2.136889191144749489e+01
2.054088338435860805e+01
2.145657734154668717e+01
2.161399679864920387e+01
2.033068232040667311e+01
2.030407414451341097e+01
2.062312853352418784e+01
2.108286099943287795e+01
2.229628916594662513e+01
2.229886395511871555e+01
2.190553343379109563e+01
2.237656928722933003e+01
2.221628534859368642e+01
2.199096125990474349e+01
2.127638054176100013e+01
2.220347734717486432e+01
2.211608807246916086e+01
2.234862509117004237e+01
2.185307304021449681e+01
2.257933961221668895e+01
2.130679076136777539e+01
2.132837057402724668e+01
2.084881952135520322e+01
2.103090473950110351e+01
2.157017164718490321e+01
2.093617868895121603e+01
2.106177887488606615e+01
2.204716238514933124e+01
2.151439287744902984e+01
2.135298995881574058e+01
2.168612486628119385e+01
2.179898551773695559e+01
2.265402013880716936e+01
2.257874385631758685e+01
2.142107994431471596e+01
2.106875430652069880e+01
2.125451114512977213e+01
2.213267367547884490e+01
2.204712025470702841e+01
2.122954467828831326e+01
2.196712480853130955e+01
2.151499873919668460e+01
2.234278195693927316e+01
2.264296946552153855e+01
2.209900432943573634e+01
2.331552110869618488e+01
2.244095256076027312e+01
2.169503591345374360e+01
2.140779949007660576e+01
2.094454469384370299e+01
2.091597411389493999e+01
2.202856514043886804e+01
2.122723133155758646e+01
2.190397943749077569e+01
2.148221174436773140e+01
2.118151668272616917e+01
2.112736278518290689e+01
2.105437322599895467e+01
2.062330285355469783e+01
2.071881566447001433e+01
2.030534087355829342e+01
1.996781083568312809e+01
2.033220456160018941e+01
2.108250707690001846e+01
2.132371145360117737e+01
2.097325596868695996e+01
2.099548401908733197e+01
2.128745163763447223e+01
2.118711047700183769e+01
2.095460022201767103e+01
2.116374148012725342e+01
2.182180736286225553e+01
2.110434126346819284e+01
2.064941421187615589e+01
2.024263579024571058e+01
1.994525879227542831e+01
2.120493204945917043e+01
2.030299913286010494e+01
2.063467728681777658e+01
2.094439896372667675e+01
2.028339907319169555e+01
2.217928369066718375e+01
2.197923547518806231e+01
2.098486419185332963e+01
2.095720047832920230e+01
2.157793606762669114e+01
2.175761116800732253e+01
2.205050064310371027e+01
2.128315315088408255e+01
2.042167751862915281e+01
2.069353382426306709e+01
2.060337367368569872e+01
2.115044573109907589e+01
2.091877580140927506e+01
2.143788174960761594e+01
2.110235602861768456e+01
2.146117686635987098e+01
2.073564638727727427e+01
2.125635186914474417e+01
2.127823348769716461e+01
2.151777883174823458e+01
2.025768694984603968e+01
2.110265983628206854e+01
2.058601745699678176e+01
2.040017235472869928e+01
2.132111549046553023e+01
2.194521816850751605e+01
2.164328350405753554e+01
2.202644775820622058e+01
2.171746690115752898e+01
2.198284212015328976e+01
2.266270386863343234e+01
2.229449664580357648e+01
2.230086277982070797e+01
2.167221893231105767e+01
2.194551415305317832e+01
2.188275442033121720e+01
2.219206195239846480e+01
2.210593279022712565e+01
2.189372932821081719e+01
2.184156964344781215e+01
2.257594631380889538e+01
2.231984277848131271e+01
2.263278538042178667e+01
2.165695305915950897e+01
2.133293964160123934e+01
2.107178756281249932e+01
2.201487644715542658e+01
2.245294816908541691e+01
2.300339565523872309e+01
2.281860715298086362e+01
2.211109107150056730e+01
2.093923253608777912e+01
2.069499677934717496e+01
2.180181057970943925e+01
2.067041765406468556e+01
2.279641261568071187e+01
2.195626334435663196e+01
2.173596144966910515e+01
2.051333932446983610e+01
2.015521129539902745e+01
2.178657369083213169e+01
2.147424330589423747e+01
2.201219909510938777e+01
2.231042736422324424e+01
2.158494544217895950e+01
2.209243266546877038e+01
2.264497814003533449e+01
2.246397863298983211e+01
2.148734284261224303e+01
2.096492102028509663e+01
2.111052085173001558e+01
2.091902305187706546e+01
2.119924367032819035e+01
2.228450948410144861e+01
2.205270315117967783e+01
2.154252301469334441e+01
2.210785956220963300e+01
2.190772119149449182e+01
2.151424642385093478e+01
2.152722192508591093e+01
2.181524678211118129e+01
2.179723726953200114e+01
2.061218909151961753e+01
1.990644504423416805e+01
2.068061412318485282e+01
2.141668602925176046e+01
2.135589612259525083e+01
2.029612512662250268e+01
2.180407113256070772e+01
2.131650669632888295e+01
2.175602085803349794e+01
2.079487692459175108e+01
2.039667417410301198e+01
2.089837288651941094e+01
2.157121804446537539e+01
2.178531726332128926e+01
2.165434758577725205e+01
2.074565859864392436e+01
2.137160843239729857e+01
2.082549768958059033e+01
2.045479946876703536e+01
2.044905439171002470e+01
2.185061499853272693e+01
2.189526394703878509e+01
2.181583807985696311e+01
2.181895169800263190e+01
2.194711208142885184e+01
2.083758516535014138e+01
2.092349047640400528e+01
2.076411285684917729e+01
2.057854690212840154e+01
2.141160820537133702e+01
2.169869203097355737e+01
2.109984770997036208e+01
2.153693339708667054e+01
2.141839253317807490e+01
2.132475165297486797e+01
2.135480248501744427e+01
2.163160706006362943e+01
2.095016549132559902e+01
2.103767377769047897e+01
2.153714535984770961e+01
2.170612019523818148e+01
2.128007060516495130e+01
2.114164226725178608e+01
2.111132799829428919e+01
2.170528197505237600e+01
2.296944589696088812e+01
2.302733242824955084e+01
2.192196904356614340e+01
2.169779270035953900e+01
2.055764575567031827e+01
2.199167115337620260e+01
2.295886364384778133e+01
2.252741956900408127e+01
2.165786257182231012e+01
2.103457886746646466e+01
2.149412023815910544e+01
2.042852096968097442e+01
2.105920214665783874e+01
2.062973436564335827e+01
2.126957461070113808e+01
2.093867944904723899e+01
2.130520952132109969e+01
2.151222781099369641e+01
2.096742134482645881e+01
2.080274722781004826e+01
2.060915211368780930e+01
2.072063040977983661e+01
2.042768678640339886e+01
2.050972718662017513e+01
2.051718011224098603e+01
2.080797395721549137e+01
2.207583030640317290e+01
2.115803110919309304e+01
2.223563697154310503e+01
2.079795089378339057e+01
2.132291493275832295e+01
2.243202739604305052e+01
2.226633680019283545e+01
2.140776019488854587e+01
2.143483086005127802e+01
2.050191043037876781e+01
2.023889626062239699e+01
2.079988297608967684e+01
2.112165409371236535e+01
2.065249596734753013e+01
2.148342063475994124e+01
2.252550638505020331e+01
2.269904509076180688e+01
2.281410316050407516e+01
2.200647198080761768e+01
2.215229846041293627e+01
2.106968502650040520e+01
2.165972998183751130e+01
2.172498102396110653e+01
2.146320239625600479e+01
2.105538228173577409e+01
2.094248348030592766e+01
2.163363451634221235e+01
2.117722745644594085e+01
2.165071795087743922e+01
2.187838699411815213e+01
2.100269811187467184e+01
2.080616931273672776e+01
2.145333754287161909e+01
2.181118674734662477e+01
2.128607751694071837e+01
2.219930424390486934e+01
2.165239970706935679e+01
2.163839502351884292e+01
2.080827234461131781e+01
2.124086387796334918e+01
2.116956722485109310e+01
2.111245366149715252e+01
2.090663862385188665e+01
2.135224683782120536e+01
2.139480588980306308e+01
2.103154026990621972e+01
2.099113530517594839e+01
2.140377921881568213e+01
2.164656966674667515e+01
2.175097347007245219e+01
2.281563744965820462e+01
2.200867943250294800e+01
2.106350774599010123e+01
2.039026897339132915e+01
2.030988776123436068e+01
2.069126331442230082e+01
2.068886961075630992e+01
2.075465358948991934e+01
2.064957525148198769e+01
2.086234317628331070e+01
2.150293409563663261e+01
2.158287580352806501e+01
2.149171512103555060e+01
2.094105353340867381e+01
2.138121329034033025e+01
2.250979119073473100e+01
2.122651326458443677e+01
2.139702020734432253e+01
2.162709662056609261e+01
2.175004403710571665e+01
2.146728354528490001e+01
2.146777658476367279e+01
2.129376743446220743e+01
2.107930054680950249e+01
2.100442346457479559e+01
2.123010052167160566e+01
2.142165668065569406e+01
2.054677902187034988e+01
2.108497880067849906e+01
2.040296465163631723e+01
2.031201641235411515e+01
2.036917285533447242e+01
2.025843585068052022e+01
1.995387095404175781e+01
2.138736547914333386e+01
2.133059642179845738e+01
2.079827132850194005e+01
2.055802936911931766e+01
2.095658706948879768e+01
2.056272055590622827e+01
2.016371996511572107e+01
2.002943235905464192e+01
2.043328292536308410e+01
2.007517658237114944e+01
2.091927451466171206e+01
2.069508779429031264e+01
2.000193552197141145e+01
2.058552253860307957e+01
2.115667571165145588e+01
2.134642154690266835e+01
2.182334550939961915e+01
2.211695604208193799e+01
2.126150077188201237e+01
2.145377521411250399e+01
2.154077770781419332e+01
2.125398184666848067e+01
2.123889581459875231e+01
2.120229946369250484e+01
2.169165944542997337e+01
2.156995916752129716e+01
2.238851342502442776e+01
2.166484773738753589e+01
2.185989889662772967e+01
2.031265985803279861e+01
2.062062060587840762e+01
2.075096413499190007e+01
2.006486569645335294e+01
1.974040949162435155e+01
1.969138628578760830e+01
2.047636889067481292e+01
2.121680826595293468e+01
2.073973691833662869e+01
2.066403721111051084e+01
2.008938003095989444e+01
2.104260524117632158e+01
2.096760549537082952e+01
2.123105853607812676e+01
2.100454371423369437e+01
2.055802332581606251e+01
2.148080216455769786e+01
2.066288535528227399e+01
2.053933548824813826e+01
2.138251923387228715e+01
2.158625510519025070e+01
2.146438447970045971e+01
2.176249953153276806e+01
2.172648560247026950e+01
2.213322418554675863e+01
2.105609514522608450e+01
2.107551242901579514e+01
2.118689358746977902e+01
2.176566892524403940e+01
2.224181790800593106e+01
2.167784787291323312e+01
2.174290440629317800e+01
2.175308717924507462e+01
2.117784858187928521e+01
2.126138360581057185e+01
2.104778711923951207e+01
2.033674767900862435e+01
2.034085400895509466e+01
2.071635049287820252e+01
2.092215608854068165e+01
2.069864163037110671e+01
2.004641252290566200e+01
2.048457933860453650e+01
2.084430867162556922e+01
2.064372142179876946e+01
2.089403549880189459e+01
2.072103154274662984e+01
2.100379314273735076e+01
2.068144102202597523e+01
2.101991183547535513e+01
2.066818845924558445e+01
2.125960535238173676e+01
2.085521651826027068e+01
2.149121863071383487e+01
2.184708920853161729e+01
2.162847729977800526e+01
2.272105506693363353e+01
2.295776834954864043e+01
2.154131445955884416e+01
2.103700038839746256e+01
2.050799495501505731e+01
2.006212124194238555e+01
2.043420471000042227e+01
2.076323362676702899e+01
2.170749437678467331e+01
2.213598593127796477e+01
2.132011614589215753e+01
2.135303233671024614e+01
2.193334833633233671e+01
2.070643972170884339e+01
2.158494234021130964e+01
2.046898456552156986e+01
2.056032851832808817e+01
2.080138499928266071e+01
2.073980151794294002e+01
2.085295331937951602e+01
2.035372149006532538e+01
2.148977770144653121e+01
2.099204522904394921e+01
2.184416135799938985e+01
2.131771868518719515e+01
2.168790958678894398e+01
2.172217367350133088e+01
2.155679096038246811e+01
2.159169650735385204e+01
2.241403488533628163e+01
2.204206085505797930e+01
2.185034246913933131e+01
2.196830027378097228e+01
2.224705466753113470e+01
2.112756041746783353e+01
2.136550547819271273e+01
2.140835360701087708e+01
2.176995758709620432e+01
2.192945834067540289e+01
2.172922403578334283e+01
2.189416273792449985e+01
2.205317748033836978e+01
2.293684584858383602e+01
2.119713285086700338e+01
2.229367571267656700e+01
2.196438091980119722e+01
2.293500352068081227e+01
2.147434313714571275e+01
2.185908267019570772e+01
2.202485869742731239e+01
2.085475129089756052e+01
2.053452567647570959e+01
2.019289514433602406e+01
2.071008179576527652e+01
2.011555205000273006e+01
2.052042405504485956e+01
2.016797816591042292e+01
2.170664230948757023e+01
2.150271999127237521e+01
2.191137146999174945e+01
2.036955145333455874e+01
2.021392731660278130e+01
2.028484114784246017e+01
2.111703975701765756e+01
2.146211910591363647e+01
2.140262363394440825e+01
2.008058273725599818e+01
2.042946797878622789e+01
2.074948179069661336e+01
2.079833215942187863e+01
2.129000023103073858e+01
2.064965934326213315e+01
2.115428666288134707e+01
2.108050923215255779e+01
2.085978365418258562e+01
2.114464240178250876e+01
2.082159370812989962e+01
2.147538705770801570e+01
2.137029552849396907e+01
2.040934671895402985e+01
2.107722587769041311e+01
2.118121642915559022e+01
2.140792038596486790e+01
2.104501052157639407e+01
2.064070884738059064e+01
2.080798829380922399e+01
2.071695775483668100e+01
2.068136094568410499e+01
2.065227691521720033e+01
2.033995984064257811e+01
2.098206582866782099e+01
2.115961176695073931e+01
2.105695000770654701e+01
2.172990444141807842e+01
2.161392523572566660e+01
2.045825034950491883e+01
2.140979199557087753e+01
2.130417063309026560e+01
2.141800567156343149e+01
2.035455338271752623e+01
2.071369515086422908e+01
2.168144567230781661e+01
2.208856434582402883e+01
2.074436013727753902e+01
2.207547118184447754e+01
2.214834104770200085e+01
2.224536384347511131e+01
2.111287065872869562e+01
2.068748688218316900e+01
2.060064154640994261e+01
2.005373817553984495e+01
2.084614550325228066e+01
2.086697732864177723e+01
2.130488832061522686e+01
2.105519515524226648e+01
2.112288116471117760e+01
2.185857892287109294e+01
2.227642436309591290e+01
2.211074539785417770e+01
2.132075283291694134e+01
2.168546490818704697e+01
2.151372527037836946e+01
2.031329332714425817e+01
2.137525567428960471e+01
2.102563424154804750e+01
2.109587997989440211e+01
2.141484462506006281e+01
2.135383980438190221e+01
2.106980068488155666e+01
2.125824001909581185e+01
2.210153955635310297e+01
2.104651846534888193e+01
2.123230484370361282e+01
2.094463831473314031e+01
2.120371034616862005e+01
2.124865339904349071e+01
2.103372270256208409e+01
2.116872691289354691e+01
2.214313958195525700e+01
2.266837559579137107e+01
2.192573499865972053e+01
2.200617036321995101e+01
2.181986000610613274e+01
2.110763447904780321e+01
2.143261430274540658e+01
2.114398900757168320e+01
2.128584998450812549e+01
2.181545952899214313e+01
2.137322426301021494e+01
2.230567830994973022e+01
2.078571961290545644e+01
2.198642788425774697e+01
2.189206977769059748e+01
2.198539655756889033e+01
2.203231246777745156e+01
2.157598343342408853e+01
2.139868328580977064e+01
2.179455370255685764e+01
2.052853777865099971e+01
2.056850722951746135e+01
2.068553941533964391e+01
2.142442329252812172e+01
2.160613625661039805e+01
2.008498937005812124e+01
2.049040771560599694e+01
2.134414376393785773e+01
2.139652805701985017e+01
2.153635551056882136e+01
2.213498649174189481e+01
2.130431826562627151e+01
2.095961294421699606e+01
2.120710527680127200e+01
2.099236940179984856e+01
2.230320697410282804e+01
2.067329793723135367e+01
2.078976861182251668e+01
2.024822444683229250e+01
1.998945820001913276e+01
2.042356165825144387e+01
2.125709973633583161e+01
2.061308982252694832e+01
2.074246282363845850e+01
2.092318784232327999e+01
2.167497075447343846e+01
2.165363066621365107e+01
2.227775122371028615e+01
2.137176881991507571e+01
2.109260677762057767e+01
2.198594054217274518e+01
2.178302028893482145e+01
2.138790449820178807e+01
2.129903529526762895e+01
2.088018231244953071e+01
2.135342875488768755e+01
2.149577352139134589e+01
2.104868647258130920e+01
2.155960213127330860e+01
2.196411751723841732e+01
2.222213185019622372e+01
2.059464678404104276e+01
2.013703579666022492e+01
2.108166986239847418e+01
2.040900619457120158e+01
1.957670134699443665e+01
2.024079337738787387e+01
2.130537865563406186e+01
2.006469327559142357e+01
2.097034664085204270e+01
1.974620438724507920e+01
1.952377007477093684e+01
1.974883075728098802e+01
1.986865560209396975e+01
1.985632519563862530e+01
2.024462973210221506e+01
2.046227544495339146e+01
2.066659852298035815e+01
2.098983434728836883e+01
2.054802919302487751e+01
2.090313353526115492e+01
2.057098924096329284e+01
2.039269922089862419e+01
2.073074509978892976e+01
2.045218000928555924e+01
2.102175006575949112e+01
2.191458697356772234e+01
2.151726273896009189e+01
2.038418421506243305e+01
2.075536289340812246e+01
2.108295515456752867e+01
2.159287226539867888e+01
2.142883145028215708e+01
2.183953361948949379e+01
2.226523713039155083e+01
2.183955823017141640e+01
2.223827729925459806e+01
2.181280157043869750e+01
2.119234348728602058e+01
2.130632048452241278e+01
2.094492512941389606e+01
2.125739051734594298e+01
2.024640243523548122e+01
2.119750600539855157e+01
2.133293585557072447e+01
2.054990034540211852e+01
2.002145111227492436e+01
2.021254290293128975e+01
2.055093002824219894e+01
2.055895651620811293e+01
2.159713810677926560e+01
2.126053331904282118e+01
2.170670358573200076e+01
2.202559686494981861e+01
2.135239053772437501e+01
2.157382058522069457e+01
2.223826377542100019e+01
2.241349418770288082e+01
2.182434861178985841e+01
2.118050249415897213e+01
2.172967162588050272e+01
2.175769981527742658e+01
2.123587397253594489e+01
2.172111870489224117e+01
2.153506556802775762e+01
2.186571870389665762e+01
2.132918623503860189e+01
2.189250911847677017e+01
2.240782613413994184e+01
2.163790546636600709e+01
2.142302830427084359e+01
2.204128557314682268e+01
2.197269470025137039e+01
2.177232296917246401e+01
2.132716835495629581e+01
2.130616072122286653e+01
2.208411745024691442e+01
2.131880371109135552e+01
2.124720345079900952e+01
2.087377304081548601e+01
2.151541219695405971e+01
2.185124254766430241e+01
2.209662894764851515e+01
2.226406676732320022e+01
2.235477174542237933e+01
2.163841428279581436e+01
2.102464175441221528e+01
2.089377891450797620e+01
2.050013310607773676e+01
2.184623981007731075e+01
2.096611730339348867e+01
2.125558726180393521e+01
2.168342263574181317e+01
2.125131027165395281e+01
2.106587326228772028e+01
2.131944047266842901e+01
2.221688199566876065e+01
2.103117451125624626e+01
2.167137931089375513e+01
2.199530997961637624e+01
2.119906578206038716e+01
2.111683388735733047e+01
2.168359962441781619e+01
2.221096114646973163e+01
2.151580737010480249e+01
2.117156915014415119e+01
2.103373510800610191e+01
2.094882189555043084e+01
2.084930606019711519e+01
2.029014243642186344e+01
2.126773320134314105e+01
2.203929195804392194e+01
2.164007837947493229e+01
2.205090204039775514e+01
2.215374109247314749e+01
2.180852218393314956e+01
2.242996369080204744e+01
2.130767250767355847e+01
2.117880043801469370e+01
2.152655956081874322e+01
2.150512287212037421e+01
2.085730869183786496e+01
2.135135071668657858e+01
2.184577503164877044e+01
2.200705207160579846e+01
2.238078879765625118e+01
2.086250127105488161e+01
2.078198298788022313e+01
2.123373208293260106e+01
2.172282520356212743e+01
2.136182431496471423e+01
2.153039892069655536e+01
2.166084605577115596e+01
2.154213022341153305e+01
2.130882460659935163e+01
2.113667028546702653e+01
2.148608116528526679e+01
2.175204106332271081e+01
2.138477960043351089e+01
2.099129856817587125e+01
2.174973177411197156e+01
2.062554701950274705e+01
2.132696374815190055e+01
2.141672619598948657e+01
2.108659240681810587e+01
2.106417091943040276e+01
2.071699227518318054e+01
2.084011267127593925e+01
2.128988963522753153e+01
2.097582097905219101e+01
2.088554730254701752e+01
1.972188389558707655e+01
2.044531339553207161e+01
2.066975031309562283e+01
2.100713400851321921e+01
2.040550936576376273e+01
2.141246521417010484e+01
2.233747345166264608e+01
2.286139978266322714e+01
2.264688014886582579e+01
2.243046016441709867e+01
2.286975452787769214e+01
2.218145120343797316e+01
2.099607902446072671e+01
2.137020576346915846e+01
2.133134427875242523e+01
2.121300255580577954e+01
2.172872098703679811e+01
2.161637298520877337e+01
2.120756681203233640e+01
2.156792144266230338e+01
2.143402842953696918e+01
2.083442981428272134e+01
2.190025438873458796e+01
2.049057460247356488e+01
2.061701417849618068e+01
1.996188294134026009e+01
2.095094697830447927e+01
2.024447515662064134e+01
2.071907580542310257e+01
2.088654826288111721e+01
2.143054687701965122e+01
2.112605441223899660e+01
2.038177704374317400e+01
2.079516163691179642e+01
2.089674504595760141e+01
2.159434407971602354e+01
2.203465063908249277e+01
2.250732624476147237e+01
2.215185501610142182e+01
2.177588246316750542e+01
2.172536963176408875e+01
2.234404339389596927e+01
2.127755062443965173e+01
2.183721274634641674e+01
2.127378298063211304e+01
2.223932404199033641e+01
2.146846541507290240e+01
2.201163409927601577e+01
2.134482354111399971e+01
2.175404044611465793e+01
2.178868210272602113e+01
2.172877550462522223e+01
2.114095512868229676e+01
2.160153902706485241e+01
2.198114737624896264e+01
2.170690650211075834e+01
2.151366918328019295e+01
2.185985386772411232e+01
2.137670418351581247e+01
2.146591191662059472e+01
2.211392886911670175e+01
2.185021139792232958e+01
2.107267813567216308e+01
2.105746012190268601e+01
2.192718901648267860e+01
2.127584512242100345e+01
2.121756420722912395e+01
2.033208173583338763e+01
2.092895148388490156e+01
2.091184031334144322e+01
2.154538202873364128e+01
2.174164079173796438e+01
2.189994137883607550e+01
2.101850055303784970e+01
2.213046864225385946e+01
2.124522705014247492e+01
2.105833333094950177e+01
2.145919688779449075e+01
2.173097669197886361e+01
2.222211768369643181e+01
2.176617595563013197e+01
2.235607612464125538e+01
2.183467170132166402e+01
2.148561433708966462e+01
2.149881837379174954e+01
2.266401310306849126e+01
2.307514983635414296e+01
2.170571416041727630e+01
2.150077718327323240e+01
2.133434020211632998e+01
2.199594584788768614e+01
2.066124473259599625e+01
2.188153105494155071e+01
2.141941739919285226e+01
2.157371874912324827e+01
2.103506236914856231e+01
2.093049805515714823e+01
2.155842430181180447e+01
2.070713433256118563e+01
2.141020963864642468e+01
2.160932079855304977e+01
2.142421079256430616e+01
2.234155201605965502e+01
2.156352158237653782e+01
2.117567333512805305e+01
2.105362260691385146e+01
2.133867217865227772e+01
2.107474255509590577e+01
2.092971939416645100e+01
2.079351223618031597e+01
2.065137393811860278e+01
2.169695638539356608e+01
2.140419526985629517e+01
2.214941753894161636e+01
2.215050268199379246e+01
2.228395022631263700e+01
2.296042425845994828e+01
2.145558451252223620e+01
2.239661127845801758e+01
2.143571046811745973e+01
2.188829047588307475e+01
2.271578925411598604e+01
2.144674362961664116e+01
2.095339112258371728e+01
2.065135059533670159e+01
2.079780469699777257e+01
2.116745771288537270e+01
2.124433759130974053e+01
2.084027363301751379e+01
2.090948169847431259e+01
2.097307183392815588e+01
2.147328895930732529e+01
2.083906183583131622e+01
2.158972809774124357e+01
2.050307504067671260e+01
2.088577833139194340e+01
2.180314955877231853e+01
2.097744858586527883e+01
2.137610006694092135e+01
2.089144057910815278e+01
2.143581074498771954e+01
2.220310461939451230e+01
2.143458677576747462e+01
2.180089357783870341e+01
2.179291528469769545e+01
2.266221758593284719e+01
2.231467513985410633e+01
2.218086294017039961e+01
2.144424015745149248e+01
2.178137760627473796e+01
2.143392523114329506e+01
2.194198603686335147e+01
2.186048647493231556e+01
2.197851739211464661e+01
2.215861827721455057e+01
2.158220401117051068e+01
2.115977036937954026e+01
2.169333678267064158e+01
2.200091130202837775e+01
2.253708299957538586e+01
2.203016081823254879e+01
2.180911384612143422e+01
2.143802586759207784e+01
2.189948533532692920e+01
2.125984070516889091e+01
2.156177984281818993e+01
2.219582765923421164e+01
2.228471562171769449e+01
2.146432307070551815e+01
2.177074458993136119e+01
2.168717347830717301e+01
2.172300790027671979e+01
2.179404142256665011e+01
2.156508063881220139e+01
2.190449702135694210e+01
2.142191556439255606e+01
2.182978456277369261e+01
2.144089940077895662e+01
2.211815451965242829e+01
2.129960430058910248e+01
2.092871834430117772e+01
2.126286675252477920e+01
2.052303060803226487e+01
2.105559913117269843e+01
2.054192535675710829e+01
2.065620855456115734e+01
2.017152610249644340e+01
2.023029666241781754e+01
2.078213773169343170e+01
2.177597649330317608e+01
2.174877587082532671e+01
2.028857107182190589e+01
2.068715223670785974e+01
2.125202298607801765e+01
2.122827408393833082e+01
2.055676801111663465e+01
2.021230453624480816e+01
2.088787472721001848e+01
2.037777264573379910e+01
2.177486118166181228e+01
2.226603419877275769e+01
2.221530349741237842e+01
2.242193437737289230e+01
2.249887818590702437e+01
2.256834757947238046e+01
2.112042474420755411e+01
2.200722995014907823e+01
2.211227253359399825e+01
2.122048735911116069e+01
2.116960977516221476e+01
2.196954687555442121e+01
2.151925735682164387e+01
2.099035652151188813e+01
2.180496119388971366e+01
2.112238384638481037e+01
2.171356594853564204e+01
2.097660191401748619e+01
2.087484787977951228e+01
2.099590895295833448e+01
2.202669495517583798e+01
2.206960806602588931e+01
2.137939420579818517e+01
2.203862331545973774e+01
2.197746850020213216e+01
2.239257203713449940e+01
2.307479109289010566e+01
2.169966896088040542e+01
2.095536195426052117e+01
2.120555669172858160e+01
2.052912593055214430e+01
2.134115166593940671e+01
2.053791195264473046e+01
2.057168089389426413e+01
1.987852971681662240e+01
2.014274860182123916e+01
1.961409177947840732e+01
2.009192733673199172e+01
2.032541379746506749e+01
2.147856207050297783e+01
2.182274918318131895e+01
2.168407386917129642e+01
2.123189777815032286e+01
2.119217984538873978e+01
2.102027362379565290e+01
2.120516427371599377e+01
2.118854842712030973e+01
2.101164133488915198e+01
2.111805336236469799e+01
2.100712706758657689e+01
2.070181168418385553e+01
2.104450218590399402e+01
2.140518830845250875e+01
2.133436829458093342e+01
2.035269727083970892e+01
1.963608741970547911e+01
2.019118004962755464e+01
2.060189769032508877e+01
2.070650811361097610e+01
2.124694172781456203e+01
2.167469718808915857e+01
2.100588012132876869e+01
2.135719639501503408e+01
2.007900870967332096e+01
2.169352819923393483e+01
2.115448178728265560e+01
2.155926989724426335e+01
2.091324710058231773e+01
2.124216725826059715e+01
2.116470087859657312e+01
2.190719817364361433e+01
2.168788292867776235e+01
2.181443158948590622e+01
2.132995529022826631e+01
2.155857747413948289e+01
2.090695287988213025e+01
2.207992050145227836e+01
2.101837919177602032e+01
2.061204616451383131e+01
2.178152949247964898e+01
2.098025225072598232e+01
2.136566838527928880e+01
2.140191940197250631e+01
2.132449587750135223e+01
2.087219278898100683e+01
2.024807960962077402e+01
2.051655917641423699e+01
2.090553045687530087e+01
2.081500754575063183e+01
2.104007900420846866e+01
2.018771786290378145e+01
2.009965945159697398e+01
2.059078372415135405e+01
2.120574914450147475e+01
2.048320085116818490e+01
1.980657935188630603e+01
2.054375566796048957e+01
2.052856054642998274e+01
2.060095900321621798e+01
2.095014809622447771e+01
2.122631948418285930e+01
2.089397726533499622e+01
2.128626280766838974e+01
2.075949274270091038e+01
2.045963233896314648e+01
2.114749510256868703e+01
2.158129506201278147e+01
2.041260700079569190e+01
2.077678872386334064e+01
2.052104939639711390e+01
2.120741286837336048e+01
2.192271259671190364e+01
2.162313458822718104e+01
2.137187824486935739e+01
2.105177247571750598e+01
2.128111063361048139e+01
2.195104885623827329e+01
2.221312452609089760e+01
2.146590556472641609e+01
2.210434584093297161e+01
2.241789729207735604e+01
2.240682272369523531e+01
2.219074348334123670e+01
2.201521550162217267e+01
2.112588872205083845e+01
2.144867782035510118e+01
2.241466103800743781e+01
2.165745382568294630e+01
2.083616274348757003e+01
2.170387119314260715e+01
2.063124135276363802e+01
2.116459672374456602e+01
2.017846404223536894e+01
2.080353588362022421e+01
2.104896638484210669e+01
2.130631446047443944e+01
2.036247548244740102e+01
2.060574628735991709e+01
2.122944453963643241e+01
2.208752017307884330e+01
2.221542335018002490e+01
2.211915157230959750e+01
2.292035985764061934e+01
2.184282026018889411e+01
2.140036662537047363e+01
2.001273145816897880e+01
2.114241018673391181e+01
2.143177501024896969e+01
2.120107468171077159e+01
2.132365121222772686e+01
2.075291443234189970e+01
2.160665947677608401e+01
2.170268025695827063e+01
2.145186670543763796e+01
2.169362425420339946e+01
2.230122269890148701e+01
2.115366999155147099e+01
2.039881111145435355e+01
2.100440836924782317e+01
2.047265445300308073e+01
2.094896591336838654e+01
2.111005755301335185e+01
2.113629151540178697e+01
2.072262818761017655e+01
2.026293810533185891e+01
2.089132782351172679e+01
2.122997329091147733e+01
2.166732830863607617e+01
2.135585383783142532e+01
2.162876870411782448e+01
2.140379583158571464e+01
2.095859229184744166e+01
2.086627342222197967e+01
2.049419016110239866e+01
2.047697309215673656e+01
2.105775532015676177e+01
2.068928769031638737e+01
2.030541080327868997e+01
2.038000433193717242e+01
2.117765257781738697e+01
2.188712610804473613e+01
2.234199920341431778e+01
2.207456291720212604e+01
2.157826686210222178e+01
2.135866646289685988e+01
2.140410407865881481e+01
2.123718896955164581e+01
2.138977828535934123e+01
2.183108379398205301e+01
2.114949772297875796e+01
2.103408389738317652e+01
2.142301132462830182e+01
2.118842051257314196e+01
2.141062941834382372e+01
2.162987306142323618e+01
2.201004196305886396e+01
2.239472226273578315e+01
2.174710901030083576e+01
2.093491448632179086e+01
2.192613949299682474e+01
2.231855887079860423e+01
2.200751382339982953e+01
2.134260345927487634e+01
2.173865300738243178e+01
2.166112829047769495e+01
2.130069037750344307e+01
2.065236318701536078e+01
2.087285497444159788e+01
2.044653724827974983e+01
2.107878399340118136e+01
2.158995475557422594e+01
2.116938032277041160e+01
2.182008877970822169e+01
2.229104458849208825e+01
2.068620883756605977e+01
2.058721877735724348e+01
2.046966900696049052e+01
2.092798430034958912e+01
2.092140341564837414e+01
2.116344345454253073e+01
2.100274138096107990e+01
2.285897903033201572e+01
2.320099463453576050e+01
2.317657052334717349e+01
2.299700515031556947e+01
2.202612110296253789e+01
2.143230867592622957e+01
2.160180316449342897e+01
2.144431325416215373e+01
2.107748507830508089e+01
2.045273728387159906e+01
2.121966585543624717e+01
2.258957889733044766e+01
2.161793377982806064e+01
2.211909733187411220e+01
2.254539079063535567e+01
2.135233475873878817e+01
2.198315593627713938e+01
2.146293198179313322e+01
2.116794245958182685e+01
2.119400080512026108e+01
2.174389958493885899e+01
2.169996432253116581e+01
2.185070520706645070e+01
2.125464483536762117e+01
2.084837379054970086e+01
2.037086028223553313e+01
2.099993794702499272e+01
2.152560895037054323e+01
2.086495244135461746e+01
2.089519076592792857e+01
2.108015099320716956e+01
2.234046132506921012e+01
2.245675838550675607e+01
2.236069920318203685e+01
2.279646856308627889e+01
2.289345146832390654e+01
2.158635974153069625e+01
2.147850757596386018e+01
2.096443253649631799e+01
2.154625093595106478e+01
2.136019553562969975e+01
2.310592528620059127e+01
2.181346012999214778e+01
2.205744317574104940e+01
2.155402675797060397e+01
2.190239341394096328e+01
2.248106332551082076e+01
2.159746592566712664e+01
2.191491731345212912e+01
2.186274428955808702e+01
2.140506348375132006e+01
2.159543166372751344e+01
2.193673005153726407e+01
2.145946952310130484e+01
2.064361006808240973e+01
2.130347461406647369e+01
2.143272820549048063e+01
2.187032990089830520e+01
2.111026595569711262e+01
2.088706543690730655e+01
2.133231358999288219e+01
2.100875245771275956e+01
2.187830109401658163e+01
2.125613781172346251e+01
2.101139655531853734e+01
2.162937619379675169e+01
2.212471112414040064e+01
2.192505718649837831e+01
2.164674389443407776e+01
2.184652186962897247e+01
2.210985935440194439e+01
2.135451674919193721e+01
2.250563281117236158e+01
2.275342832042025876e+01
2.275694652063074486e+01
2.362944012750295997e+01
2.214365124436111998e+01
2.162692084160778805e+01
2.077524575885845692e+01
2.116480146447781863e+01
2.148739897306284163e+01
2.112859098402025637e+01
2.171499000317750472e+01
2.177911396887579443e+01
2.154441504215380832e+01
2.156187960644902546e+01
2.282986504600811628e+01
2.110698147399840607e+01
2.152657657482993869e+01
2.081884555893352484e+01
2.075685230825802918e+01
2.131751375810669558e+01
