3.333333333333333148e-01
8.586352892962866301e-01
1.055150531884973875e+00
1.240532711850678593e+00
1.352514587278318636e+00
1.404623806075033121e+00
1.445866680929585035e+00
1.465812263738572430e+00
1.477237490984629975e+00
1.506026429669757860e+00
1.507604733798294516e+00
1.521945314829023399e+00
1.520846346461867560e+00
1.526396895021115752e+00
1.532779737597108394e+00
1.537456568719175243e+00
1.531486686531021268e+00
1.515919038513586337e+00
1.516930368182013211e+00
1.544226414044387763e+00
1.546246113216521501e+00
1.489851352148695796e+00
1.509701067201496105e+00
1.498446340142513655e+00
1.491331442296122356e+00
1.494857340288977987e+00
1.513018908203554114e+00
1.499308156812548809e+00
1.503436056688284506e+00
1.511892059790955978e+00
1.509991821891587538e+00
1.527222353956151801e+00
1.504980683594461022e+00
1.493308972018143166e+00
1.528748590462656765e+00
1.524172226573815569e+00
1.517886963633379160e+00
1.494648323087325537e+00
1.504988882319310273e+00
1.526693664959141383e+00
1.525914134786752863e+00
1.540660572620436097e+00
1.510563189377136073e+00
1.526829099513575150e+00
1.535956703314665495e+00
1.517333085642580182e+00
1.532208402517678536e+00
1.539577948505127081e+00
1.526969402498020045e+00
1.534657345903095882e+00
1.546969521552971960e+00
1.526433913442699186e+00
1.541302812154719870e+00
1.535999941662220980e+00
1.540379755307010434e+00
1.518200597212736591e+00
1.519147754949610629e+00
1.516856445821940014e+00
1.488356195956566763e+00
1.526976100938184810e+00
1.522012856280315685e+00
1.531719053618052495e+00
1.528448137966313736e+00
1.502442501708230127e+00
1.520266840938472752e+00
1.511569281857797487e+00
1.535724832825300590e+00
1.533875627017387222e+00
1.533991466488027866e+00
1.555168846891747947e+00
1.526965524686898057e+00
1.525238253837212010e+00
1.526919255762630989e+00
1.520087406562959043e+00
1.531702142947196421e+00
1.540441879219675458e+00
1.520596897597155106e+00
1.505201409900849718e+00
1.516789799802530592e+00
1.538397248748921253e+00
1.516658605753441469e+00
1.517574635396800931e+00
1.537413247717889453e+00
1.537100499573353485e+00
1.538900605662821164e+00
1.524116215361453808e+00
1.525231726130067189e+00
1.524615460866983740e+00
1.508099223169240499e+00
1.478443876454632155e+00
1.491395797180249616e+00
1.522331275667830441e+00
1.509526809890368693e+00
1.512694430779738530e+00
1.482532723825086496e+00
1.478040054304805118e+00
1.503287981272558360e+00
1.518111678184199231e+00
1.507517483545952386e+00
1.531080344919637293e+00
1.528475216909769951e+00
1.531487895080191119e+00
1.519125527494303629e+00
1.496431791974435876e+00
1.511408628258742670e+00
1.495886579285023776e+00
1.493979827614820177e+00
1.519289167338360169e+00
1.503175493750236846e+00
1.527067719211162133e+00
1.528500253663218622e+00
1.502944823953540565e+00
1.521804510968048696e+00
1.535881119594910027e+00
1.521864987025127958e+00
1.503892512007286575e+00
1.510920400790225493e+00
1.486516688277418785e+00
1.518594598577034605e+00
1.521989701395117134e+00
1.498656249258071060e+00
1.507599918794176430e+00
1.518470116211877663e+00
1.516114449611436932e+00
1.497202139850322800e+00
1.514161326947746078e+00
1.532882203882314665e+00
1.533327061888030807e+00
1.523729040755833264e+00
1.520742440056303213e+00
1.509613812305960368e+00
1.528147062048386129e+00
1.520034518068487994e+00
1.511137832155866834e+00
1.523686290748580863e+00
1.546581323636983196e+00
1.523802893088712862e+00
1.512105348267938076e+00
1.518185307658975969e+00
1.545959505206853102e+00
1.566160805162083447e+00
1.545875908923989295e+00
1.539807727648494717e+00
1.549023231456115868e+00
1.570419631905476399e+00
1.552594863474820563e+00
1.512874884596009162e+00
1.522562015516761402e+00
1.518269219171642925e+00
1.504556754159229959e+00
1.501725536042440412e+00
1.526326014879051840e+00
1.516477813062417912e+00
1.511499490425882719e+00
1.513454963596507996e+00
1.529498881640962482e+00
1.536060723473050338e+00
1.521303025070589898e+00
1.517561392915946605e+00
1.532445565683422606e+00
1.544240175265145565e+00
1.535140634411329863e+00
1.512143080781090720e+00
1.510673722676014075e+00
1.516008937092324205e+00
1.535113812170156855e+00
1.538269528210536530e+00
1.535666832602069709e+00
1.511258947192647195e+00
1.527633644661755330e+00
1.502327434099142156e+00
1.530636225079825108e+00
1.545466888868726851e+00
1.552155397545960547e+00
1.571475314392174027e+00
1.577569328704968354e+00
1.549592412607044833e+00
1.534817736656090448e+00
1.516917089903780713e+00
1.503462847496292554e+00
1.532359815239849654e+00
1.553049122617318201e+00
1.534474642988483684e+00
1.531946628340657757e+00
1.524867385785020568e+00
1.511762323929723095e+00
1.486859331661888106e+00
1.481598040023834884e+00
1.516436024911783420e+00
1.513589093278138176e+00
1.531090174719685448e+00
1.508965475810111645e+00
1.505780480680364519e+00
1.490129322798176226e+00
1.511040493497957549e+00
1.508917836381255873e+00
1.517392121862317866e+00
1.521105002811784512e+00
1.507269593278188768e+00
1.525878139856139848e+00
1.547928072503865771e+00
1.541965382978651933e+00
1.529924884324848078e+00
1.515770464150107966e+00
1.512251446194935012e+00
1.514671509622084189e+00
1.489970673759630104e+00
1.516256868473907948e+00
1.516037563535126642e+00
1.523647605011828388e+00
1.533845313178029635e+00
1.516243244182276406e+00
1.526832524356406262e+00
1.520077346714046040e+00
1.514182458159261779e+00
1.531865563932635732e+00
1.518152301375336188e+00
1.504149654093925648e+00
1.510015484505210281e+00
1.491578059296811976e+00
1.492846013304300223e+00
1.514378889554066410e+00
1.532690116887844400e+00
1.520370977933915180e+00
1.504438103638308988e+00
1.517488048205213769e+00
1.515208970724935433e+00
1.504397799257345847e+00
1.534502963662786934e+00
1.529557522578040674e+00
1.555942908477264464e+00
1.551039825701209685e+00
1.532069704198277371e+00
1.505851570659223482e+00
1.506217711172622264e+00
1.523230011559526753e+00
1.520412945466858012e+00
1.528912585930198409e+00
1.546553263422014268e+00
1.539995357372753171e+00
1.544001342892093120e+00
1.549069601771121185e+00
1.557095714780323714e+00
1.566482098480536100e+00
1.581437035559901672e+00
1.550598341840404570e+00
1.571278712690121315e+00
1.574050960153934531e+00
1.548914393541244827e+00
1.558987595751325506e+00
1.566292592310732923e+00
1.527588540673183282e+00
1.569783644502377840e+00
1.547008820393192874e+00
1.531225447148492513e+00
1.515828077781266492e+00
1.528714418717568524e+00
1.526783653327358437e+00
1.509825462058628220e+00
1.519079528033687287e+00
1.509620049132503805e+00
1.557868983249845352e+00
1.517165996498421876e+00
1.529432613735563828e+00
1.511484654440555353e+00
1.514673193298472720e+00
1.531931875134719734e+00
1.524556877927008225e+00
1.512614068820056223e+00
1.509307539258792241e+00
1.502128728651910272e+00
1.513018620511826340e+00
1.477614308889281913e+00
1.488152192212627067e+00
1.528431065000047218e+00
1.523071615580791072e+00
1.556644240229536624e+00
1.565198880298466877e+00
1.564768618331437544e+00
1.518320136205459026e+00
1.562138855500096568e+00
1.525952569090634370e+00
1.526462344122634818e+00
1.510720617464792914e+00
1.517798529129622764e+00
1.522283814344834507e+00
1.532964575436015275e+00
1.528881138715873611e+00
1.492248451746262861e+00
1.533565256337745986e+00
1.530565584951277369e+00
1.543588654228716495e+00
1.550944805045163521e+00
1.551215453429894309e+00
1.556690391067243162e+00
1.527929020232322355e+00
1.526994172778417314e+00
1.517454776315979359e+00
1.501468042543269821e+00
1.524785782331053996e+00
1.521773365693633862e+00
1.499450081326927364e+00
1.534926375308117041e+00
1.519810388321733763e+00
1.517992018744090954e+00
1.526435005267908984e+00
1.522904120620864443e+00
1.525855184798028175e+00
1.525621477408770188e+00
1.517610414559620091e+00
1.494247235766728910e+00
1.534056170779071637e+00
1.522303712022884836e+00
1.549950674662069483e+00
1.566671922703209763e+00
1.558933511958335183e+00
1.531055935561235870e+00
1.521209608304228134e+00
1.545473425927996969e+00
1.533539624604130402e+00
1.518785368077632203e+00
1.526667643541248509e+00
1.537303108194464807e+00
1.531772796437184558e+00
1.546263271047327859e+00
1.523021628062784183e+00
1.529924336363083004e+00
1.527059940195218735e+00
1.534141784583463286e+00
1.510707624413089922e+00
1.520643315783697158e+00
1.489364526978919301e+00
1.524572011610964450e+00
1.529178578471491967e+00
1.536260055738733588e+00
1.509388129684122948e+00
1.518991993959089459e+00
1.523305688381906275e+00
1.520614363751078724e+00
1.517702536509880407e+00
1.508526798488213805e+00
1.495457791788632695e+00
1.518446860691966771e+00
1.530503262325412228e+00
1.534306638438283521e+00
1.541659149743380031e+00
1.540729070320826732e+00
1.526928879519430016e+00
1.530059831486601185e+00
1.511527530739948721e+00
1.506259887730933666e+00
1.528945446204873715e+00
1.518953333212350154e+00
1.533104486176853243e+00
1.543085320100105351e+00
1.523639510970241639e+00
1.508555922521410686e+00
1.502092044946887084e+00
1.487801175226624029e+00
1.513492481166833770e+00
1.506668598015636240e+00
1.492889092694947628e+00
1.488081529704695427e+00
1.489295874593666413e+00
1.505000474428866974e+00
1.523255980432391965e+00
1.521039587580311769e+00
1.511396039545069181e+00
1.518374899850840176e+00
1.509131731739683513e+00
1.527929132727222417e+00
1.508961020396251351e+00
1.508956971705653238e+00
1.503213599516166177e+00
1.517413691101148432e+00
1.503998698546571644e+00
1.531330666201764279e+00
1.512882090587295503e+00
1.519488877260315896e+00
1.531192429287949519e+00
1.529261243957305672e+00
1.516611761420225246e+00
1.550961202662678007e+00
1.547832234836080012e+00
1.551735599539707522e+00
1.537487649897508524e+00
1.528871709674960888e+00
1.548354763625112707e+00
1.557159373063649710e+00
1.535493491407431410e+00
1.561910656709250222e+00
1.543929597280100152e+00
1.533128872165780754e+00
1.531162510080934736e+00
1.528997806912588464e+00
1.518174552293360735e+00
1.511937003313609695e+00
1.522367944236425297e+00
1.532590260592895604e+00
1.557861248378257013e+00
1.562739850641956973e+00
1.513000929098291980e+00
1.507859862826210762e+00
1.512647025913537835e+00
1.524595127138009154e+00
1.529970043123774603e+00
1.513339078729722509e+00
1.515792281015903908e+00
1.528284888565212718e+00
1.537811837096072720e+00
1.516487003805933709e+00
1.498177922575658405e+00
1.488097369254387292e+00
1.503134261458950904e+00
1.514090727875891940e+00
1.500794022033952624e+00
1.492133218684477125e+00
1.533631347730842087e+00
1.533914905100767001e+00
1.540240741383575473e+00
1.515998030172802880e+00
1.513345784256162396e+00
1.497600425948956149e+00
1.525398753290664988e+00
1.536347748390100909e+00
1.548224178706823828e+00
1.544695553911401342e+00
1.526768740216850828e+00
1.531215316056913966e+00
1.531503999870704735e+00
1.508060076980168862e+00
1.498463071867531360e+00
1.486157025805523224e+00
1.476978416459736154e+00
1.501966491404215231e+00
1.513733883888988219e+00
1.522284210177834662e+00
1.510166022844714462e+00
1.523040096457201953e+00
1.518629010913320698e+00
1.524773230044677241e+00
1.536280888531459610e+00
1.497366110310916376e+00
1.532875747122737664e+00
1.538518402106482830e+00
1.508649500033796942e+00
1.516321950358791915e+00
1.505740700593021231e+00
1.512490599276565151e+00
1.520353290828376780e+00
1.512769900671144585e+00
1.528532223710290294e+00
1.529704374518228605e+00
1.506864064153715432e+00
1.498042895728273427e+00
1.501714754125308415e+00
1.518920852216547157e+00
1.514524785076151403e+00
1.513933673438771610e+00
1.508563566783021503e+00
1.503724778463999101e+00
1.509772332572352438e+00
1.523097648872523413e+00
1.526638509091515106e+00
1.538666429107465650e+00
1.525780735215755524e+00
1.517713794797215687e+00
1.502438834732915174e+00
1.503517963990841366e+00
1.497485382902305817e+00
1.518731825434332716e+00
1.507547831526897086e+00
1.519618519589808203e+00
1.507001291398651022e+00
1.489729198548199740e+00
1.490517743497786984e+00
1.522333298845350180e+00
1.536743258328517658e+00
1.536993872177345288e+00
1.522623935796664885e+00
1.526441415709543836e+00
1.512970566888846458e+00
1.490483644055999868e+00
1.483740346771492913e+00
1.490512923266497980e+00
1.505989629878955238e+00
1.508364559119441228e+00
1.527454500912591051e+00
1.519644513375457029e+00
1.525944180519201776e+00
1.537413373959875651e+00
1.533549795758889056e+00
1.532783526876999147e+00
1.541267976924531879e+00
1.518299789486741602e+00
1.510584087648332297e+00
1.502389775424099350e+00
1.505437452300939949e+00
1.514182125791257105e+00
1.510269837148149996e+00
1.512260155388664984e+00
1.541209245633961666e+00
1.550328732316971658e+00
1.523276931451028160e+00
1.535033646464903700e+00
1.540151977375900927e+00
1.517439313208135188e+00
1.523246573243304480e+00
1.519334235377342246e+00
1.542678509344428184e+00
1.546768393598418445e+00
1.550793107681309291e+00
1.538085451115713154e+00
1.548024526172634419e+00
1.543231771157805632e+00
1.530508500660739069e+00
1.529619882719391422e+00
1.526757550242268113e+00
1.518307411701275811e+00
1.519330402994469864e+00
1.511788104990950732e+00
1.510331909015398821e+00
1.486812095898503161e+00
1.473599941222035081e+00
1.478749128378872069e+00
1.491807876109930486e+00
1.506643403727906838e+00
1.497137120174963698e+00
1.485589489990190026e+00
1.483007611461715891e+00
1.505346634081481838e+00
1.501665848406519510e+00
1.516329787705073873e+00
1.500269724502861557e+00
1.530378928791066295e+00
1.534758432441256204e+00
1.497136080788070034e+00
1.508066209462701979e+00
1.505711610767855868e+00
1.513831042428108953e+00
1.483509498495133583e+00
1.523904234269549685e+00
1.506714355930071969e+00
1.513458117284032900e+00
1.499218269605557596e+00
1.490311996324029442e+00
1.517404737996657316e+00
1.522635269899264454e+00
1.506173897849694576e+00
1.504864190067441321e+00
1.484306739978320300e+00
1.514725596491082404e+00
1.502268716193003506e+00
1.477857069205469331e+00
1.504932669985801885e+00
1.489891339143653681e+00
1.516134682372538345e+00
1.508015090172102335e+00
1.518411979990161864e+00
1.512313728245704647e+00
1.512331086399779423e+00
1.495646069771572106e+00
1.521170750308272090e+00
1.486237218824385975e+00
1.520917441361164579e+00
1.529549303869064625e+00
1.540998171615188816e+00
1.517430696881777230e+00
1.534992823673768436e+00
1.541364448362538830e+00
1.542302887815190093e+00
1.557301088860164162e+00
1.509384317641173423e+00
1.503070462568996790e+00
1.528386313420092124e+00
1.518573509994830317e+00
1.503583253046425705e+00
1.500945341744766681e+00
1.500734618651700325e+00
1.501543109613555194e+00
1.500628271479886644e+00
1.530203005149445072e+00
1.527440923483782909e+00
1.543810033861598985e+00
1.545469844150318517e+00
1.517987981659289609e+00
1.532337188731349942e+00
1.534487626874715627e+00
1.521072210485033382e+00
1.517833955727990070e+00
1.533866320722657495e+00
1.511590123382428041e+00
1.530452298209552531e+00
1.510974410945448376e+00
1.515806665561667987e+00
1.497755182641064886e+00
1.523477995907021709e+00
1.515819850672257996e+00
1.510045657740523239e+00
1.488271214989187019e+00
1.484039855063497448e+00
1.494302249887983214e+00
1.500217384609568994e+00
1.522844613851836115e+00
1.530435934375663054e+00
1.528795716178222852e+00
1.497091808838409754e+00
1.499661364386317475e+00
1.533888588213166759e+00
1.529495030853871063e+00
1.508231989451517707e+00
1.509061161585284028e+00
1.510355488082174347e+00
1.525970240691612023e+00
1.537131218354037543e+00
1.531108450123662257e+00
1.541555825227443055e+00
1.541255515804939025e+00
1.525438754150143739e+00
1.534637882024295408e+00
1.518054637538386986e+00
1.536641013994637373e+00
1.532698814572008406e+00
1.544240743585616249e+00
1.510445027702279619e+00
1.512020563206259327e+00
1.502774266986488305e+00
1.493643916303098562e+00
1.490025253554102092e+00
1.490817948554823413e+00
1.502638252115042095e+00
1.502273076369779359e+00
1.488074132510829095e+00
1.486732199451030301e+00
1.517028313390173855e+00
1.522980372410614569e+00
1.534533236744314744e+00
1.531346085400218326e+00
1.526953495362985525e+00
1.516931511524313381e+00
1.502573407007512962e+00
1.542960375207134360e+00
1.515608690278191562e+00
1.535159555022234779e+00
1.509814703618909126e+00
1.519600299412287914e+00
1.549006277308145885e+00
1.524390707905388442e+00
1.524005743931063028e+00
1.505783890211581433e+00
1.502613365883788799e+00
1.516153190693035224e+00
1.530172709587284130e+00
1.558350110531342647e+00
1.570186350148943477e+00
1.551332302858279499e+00
1.545945863816718724e+00
1.509103153802218600e+00
1.487294508567491125e+00
1.488879587545320016e+00
1.523944898746907084e+00
1.506584014960785867e+00
1.513851519914902077e+00
1.531517191923601029e+00
1.525412680321500458e+00
1.543781786418852553e+00
1.533331363823403626e+00
1.546953197941217883e+00
1.527386596615620817e+00
1.540346462074760003e+00
1.516303054655353533e+00
1.498437018684776412e+00
1.529913246044183328e+00
1.529056987809155332e+00
1.530723875389741861e+00
1.565851754111335037e+00
1.549855664566599955e+00
1.509197687380327890e+00
1.520806459901757224e+00
1.506976968156201080e+00
1.536453622498721971e+00
1.531956310894185158e+00
1.498466515105656427e+00
1.481829876632050125e+00
1.497148617796032477e+00
1.514513199045337100e+00
1.526603835243766971e+00
1.499480005682463979e+00
1.506344343708661881e+00
1.514195889384162719e+00
1.505345000450073911e+00
1.526136414007488673e+00
1.529340103797617756e+00
1.528656030691605050e+00
1.501813159797337649e+00
1.511427801104642477e+00
1.513061341251762393e+00
1.503610440818214045e+00
1.513454897789438647e+00
1.522185119866954262e+00
1.506977437885788085e+00
1.503826307770725013e+00
1.516173338686990224e+00
1.528028078801709988e+00
1.533618936112546960e+00
1.511407904639286981e+00
1.501598376163976400e+00
1.495205661305585298e+00
1.517661260313933225e+00
1.503484400882476368e+00
1.522483041743209364e+00
1.538216731501582446e+00
1.514990870538825085e+00
1.517481911250600168e+00
1.520991245488220400e+00
1.520844773529080429e+00
1.537569337223265498e+00
1.532007311547670447e+00
1.531731520644275868e+00
1.524707189976526989e+00
1.528594259917348319e+00
1.546594455944843682e+00
1.559428653993788050e+00
1.576049205629008521e+00
1.569120248140585039e+00
1.576194047831970479e+00
1.537472952290070749e+00
1.521330226674527664e+00
1.538156679993642806e+00
1.526715472482219393e+00
1.544230892200411320e+00
1.555768485039957572e+00
1.541420186799953518e+00
1.525449057941799857e+00
1.534259488787705017e+00
1.521554481561720129e+00
1.532045461748620774e+00
1.510981989854943253e+00
1.535098774178217607e+00
1.523371666550444203e+00
1.545023071282948024e+00
1.525051378871669305e+00
1.519706109927672744e+00
1.533294982091061298e+00
1.564839740734574880e+00
1.555367772431172302e+00
1.521743794117333959e+00
1.527591364079020853e+00
1.517898666204755997e+00
1.531982215042567708e+00
1.520796062301879692e+00
1.528396744562931620e+00
1.520588767770468142e+00
1.507025815493357124e+00
1.515549939231351395e+00
1.552819378027573194e+00
1.561981475274973441e+00
1.542618311009182896e+00
1.518989463976860188e+00
1.524472836375622586e+00
1.526272157883438618e+00
1.564965759718664806e+00
1.557514607068523738e+00
1.574089347059306476e+00
1.547070747475777219e+00
1.585748377032126122e+00
1.574969039969781104e+00
1.550928884311882694e+00
1.562342422548612442e+00
1.530305583510802370e+00
1.513245245382883519e+00
1.538048822443794261e+00
1.503597460974881006e+00
1.514852869979277150e+00
1.549143521452803540e+00
1.516735428392656182e+00
1.500527302264695440e+00
1.510721175713322983e+00
1.524386005708889158e+00
1.524904560102600337e+00
1.522185410924454585e+00
1.536235596185595131e+00
1.531688839173567462e+00
1.526961066380088550e+00
1.526540058672914535e+00
1.516061203475662644e+00
1.509265949441662702e+00
1.508287510263611964e+00
1.473800427592199203e+00
1.496164305386569637e+00
1.499302786677312316e+00
1.507725141311790695e+00
1.507210771702961916e+00
1.537788708284020700e+00
1.519739314545310194e+00
1.516585814126603093e+00
1.529672068920971073e+00
1.533852839271190538e+00
1.548479401115392839e+00
1.524819148891494391e+00
1.516421758526830255e+00
1.516547294672964563e+00
1.507113062368232947e+00
1.509282343408001159e+00
1.507840438581586673e+00
1.488848620734938955e+00
1.465552115590213811e+00
1.511187124081297739e+00
1.510010630340511861e+00
1.508065268170841078e+00
1.534293548915296457e+00
1.527165284756407670e+00
1.532201237621078516e+00
1.534404440089665034e+00
1.543700008192517625e+00
1.552449759627112069e+00
1.522428867955410992e+00
1.529947497667730083e+00
1.501891632414074307e+00
1.531937974569821170e+00
1.543523807549069371e+00
1.534540455123398095e+00
1.536660059525524646e+00
1.524574310547815781e+00
1.513107658538593858e+00
1.542857459941639142e+00
1.564737349269580191e+00
1.529877973961334625e+00
1.524601169364899089e+00
1.532440284962937271e+00
1.507078538580955751e+00
1.507405013526712079e+00
1.494055267120884878e+00
1.521129711646873384e+00
1.538782042487293333e+00
1.537414472009795974e+00
1.519636411112442076e+00
1.512900379110955207e+00
1.515268646819890597e+00
1.525834707513553434e+00
1.505653768830017558e+00
1.512732846240408380e+00
1.517164734012663940e+00
1.508773078231973708e+00
1.534295878364114296e+00
1.550768611985500645e+00
1.521224538755647560e+00
1.525141771469288976e+00
1.536622134558297326e+00
1.513064103147046202e+00
1.498221529360959314e+00
1.499967939098333813e+00
1.497795724370412529e+00
1.491528618496141156e+00
1.512149757562982089e+00
1.499259001062341889e+00
1.518595824193249788e+00
1.503070647679376926e+00
1.518080536820128668e+00
1.527229608599759647e+00
1.516755763403862423e+00
1.545022008406161218e+00
1.526142958724470367e+00
1.518004221304229739e+00
1.525855971741305606e+00
1.491564134229921290e+00
1.502816211418789960e+00
1.499455122549053776e+00
1.508345188535124226e+00
1.557956465917688771e+00
1.535275419991143586e+00
1.554024139608717325e+00
1.536672846030479489e+00
1.528476646579706832e+00
1.517787064920394835e+00
1.515349905265557462e+00
1.493667780837177661e+00
1.508610183135301819e+00
1.506627460750877834e+00
1.506170866117920282e+00
1.507719087894701104e+00
1.519571397931592127e+00
1.521537992940406259e+00
1.507715357799190858e+00
1.502100628040774266e+00
1.495700309787156623e+00
1.505313074821116315e+00
1.507027182735919846e+00
1.498733823452175873e+00
1.529707677023220969e+00
1.521160915288480409e+00
1.529759542092065772e+00
1.515383327422545223e+00
1.528529325728804844e+00
1.532698841369450005e+00
1.513641089494486947e+00
1.512117985302935397e+00
1.514466152414484901e+00
1.531606938151818698e+00
1.552641052940296529e+00
1.540021188595581902e+00
1.527120037793358476e+00
1.524805009100914432e+00
1.521092199529838762e+00
1.520085789679976651e+00
1.520540968746624033e+00
1.514401213455804029e+00
1.537588850366840676e+00
1.518486240854175495e+00
1.536418678357325485e+00
1.533038046891999961e+00
1.500142794780372490e+00
1.472528219725483867e+00
1.485118959951333029e+00
1.490072856698341219e+00
1.505885664636728904e+00
1.517154453625906951e+00
1.544668917975965172e+00
1.544179301625049350e+00
1.525596879412464357e+00
1.508924500591149798e+00
1.519692259466483897e+00
1.504237142989332643e+00
1.511773529330904253e+00
1.528380016985229295e+00
1.537129864606874952e+00
1.524823435347586020e+00
1.531905387106099026e+00
1.509939566079606665e+00
1.527336645667416226e+00
1.514083986809883875e+00
1.486236887329194012e+00
1.481796193638580839e+00
1.513291862961966494e+00
1.543372663321047389e+00
1.537362671780696965e+00
1.539219792587815716e+00
1.511027615833788085e+00
1.517373441287207525e+00
1.490713683317752336e+00
1.507626563444861123e+00
1.515668647698306115e+00
1.496999933189790744e+00
1.510975385838233542e+00
1.505579351414679801e+00
1.517422379641184094e+00
1.497883260254833759e+00
1.526477911908445506e+00
1.520107932788089755e+00
1.536449978099822866e+00
1.528299110799919092e+00
1.526522151769489355e+00
1.534997028908598793e+00
1.542349002344381992e+00
1.536191882615220772e+00
1.545594440875933451e+00
1.538850719701370107e+00
1.515543802120425054e+00
1.514573134589390468e+00
1.500081969396242387e+00
1.530021613971936922e+00
1.526626475079339240e+00
1.521968368377940362e+00
1.506411805230944312e+00
1.508036280422124342e+00
1.513631760274035232e+00
1.491848264492205756e+00
1.487363330120872407e+00
1.484117371332497326e+00
1.480183933993725054e+00
1.493574975642984581e+00
1.499438588309113030e+00
1.506320121890201147e+00
1.495968407576413473e+00
1.511679833615827251e+00
1.534570959712536542e+00
1.532417961017283892e+00
1.533964153035642708e+00
1.549134882446549399e+00
1.546092071913385713e+00
1.537854679659226287e+00
1.547253313807020580e+00
1.543267998814804143e+00
1.535840208565870668e+00
1.541934882812850294e+00
1.559004204773519087e+00
1.549750351487278133e+00
1.532010379182989768e+00
1.527884050610868627e+00
1.527084012325219176e+00
1.551576604625249267e+00
1.560169854907736076e+00
1.546687738474626705e+00
1.536959258636455550e+00
1.533733660869386783e+00
1.521572007969624440e+00
1.490383962166955012e+00
1.510335287413629102e+00
1.496130210175429465e+00
1.507061538614248741e+00
1.522420421228515064e+00
1.518415668686278197e+00
1.500389377492137521e+00
1.521973772957484705e+00
1.521508085578022085e+00
1.533003516339127570e+00
1.502438703828179012e+00
1.513425147875265608e+00
1.537150556353911179e+00
1.536714801039791745e+00
1.522778488941925135e+00
1.536847859818559314e+00
1.528613844536251154e+00
1.517757391513863130e+00
1.506780537936869946e+00
1.492494006438267240e+00
1.472031882097211808e+00
1.487803905557807838e+00
1.533717201532944996e+00
1.547410481471677812e+00
1.513357655858532214e+00
1.525243513356342007e+00
1.511383448301981014e+00
1.522671616666348537e+00
1.539066311397350839e+00
1.537431869840802490e+00
1.504488670189184640e+00
1.524768618801123576e+00
1.547054331811919203e+00
1.542575591265269885e+00
1.552991852700632780e+00
1.539953168698560582e+00
1.516542746814307563e+00
1.529460353540242457e+00
1.527113382328974867e+00
1.510984456204249371e+00
1.490272817309027831e+00
1.478239474328891134e+00
1.509478301827582802e+00
1.529942600205458580e+00
1.546212708143566816e+00
1.570720313059071893e+00
1.566547069855716900e+00
1.544008683554956241e+00
1.549950697532740396e+00
1.529263582246329856e+00
1.494506378699538285e+00
1.504523601265608246e+00
1.493689726871531676e+00
1.504285810938068790e+00
1.500951359787959349e+00
1.509856294521085829e+00
1.523052135435813970e+00
1.491369458211910581e+00
1.509840037212828223e+00
1.501505868403801847e+00
1.498426740141437730e+00
1.495221830311100009e+00
1.513785181136227509e+00
1.485103192002628525e+00
1.506136553392769084e+00
1.497994851866151667e+00
1.529009529629486552e+00
1.526999569229132936e+00
1.517548901806087924e+00
1.499559469815921364e+00
1.507857728992764157e+00
1.516429001005889177e+00
1.527709012609245187e+00
1.503630225068581572e+00
1.468682950132723652e+00
1.465537394406014160e+00
1.492224700158385042e+00
1.509502194858019619e+00
1.508658475508327435e+00
1.514343616965247108e+00
1.517796807068598319e+00
1.507135205953067159e+00
1.519889269625995576e+00
1.512753223944682368e+00
1.509811403724116152e+00
1.523703174915780556e+00
1.530473604032976054e+00
1.535273148405947197e+00
1.534136930531884158e+00
1.557527740548928952e+00
1.531033059773192262e+00
1.514983574761847640e+00
1.543437295189863168e+00
1.520168175216239037e+00
1.510485384565944944e+00
1.530944093430050668e+00
1.531970676322216063e+00
1.551577429377270834e+00
1.541115449597251885e+00
1.523812913639620348e+00
1.499710811661431498e+00
1.528872288631801357e+00
1.522318217794265571e+00
1.517239765036852095e+00
1.511970365465805211e+00
1.504206553710675909e+00
1.525246204480966039e+00
1.520855952293254765e+00
1.490738232776333660e+00
1.511951688549860284e+00
1.547163021095945057e+00
1.533841734986471250e+00
1.538097697235570882e+00
1.556019901328978827e+00
1.546279309600792740e+00
1.540829506639233015e+00
1.535207094592221377e+00
1.512656168937751788e+00
1.524908098002432988e+00
1.516364199366408760e+00
1.530933485979110609e+00
1.544721597619633568e+00
1.540508038215336439e+00
1.525871545365354409e+00
1.512065646766126203e+00
1.518771027199454782e+00
1.506229455617323687e+00
1.511383981117750297e+00
1.528420033711920256e+00
1.524402678133525368e+00
1.519875386197475420e+00
1.513371649954561748e+00
1.528835269330258040e+00
1.523234033145808963e+00
1.525000266568637075e+00
1.517288704746298400e+00
1.507433157149797864e+00
1.517269731167140812e+00
1.524451486707715464e+00
1.499903112056914845e+00
1.531064085557784615e+00
1.525454631437939135e+00
1.516091680771146422e+00
1.531373220880696717e+00
1.542909057961449282e+00
1.526009097179245488e+00
1.533879408888042750e+00
1.553690274031205298e+00
1.553420122614760812e+00
1.554559220945312514e+00
1.525208795487057456e+00
1.505709331846233789e+00
1.519550217372721335e+00
1.512704412422929190e+00
1.511318404484048861e+00
1.511962392943719369e+00
1.510545246251176588e+00
1.537796604432872583e+00
1.521513296032010132e+00
1.532858032733628528e+00
1.524943832138019317e+00
1.544899088366575191e+00
1.517915209296478496e+00
1.524102877314685855e+00
1.522295617999911865e+00
1.501264908959531796e+00
1.511427111903307585e+00
1.529731999364947193e+00
1.534831184060773568e+00
1.512703804447609102e+00
1.519297812123069802e+00
1.543759440235742408e+00
1.532509184409238223e+00
1.544390485721888862e+00
1.516982213391398826e+00
1.547084338589586272e+00
1.559043402325979377e+00
1.543747356408715410e+00
1.532379246057252509e+00
1.500427733870655311e+00
1.503725883025833321e+00
1.482020908242391632e+00
1.493602286095739418e+00
1.522648623198614937e+00
1.514623243621170179e+00
1.528029266376034423e+00
1.551130725969544377e+00
1.528508778535544899e+00
1.519977184302712780e+00
1.502071784650412578e+00
1.520730288706039657e+00
1.509249841209580945e+00
1.522506192368089373e+00
1.527344725949225657e+00
1.531278226814142052e+00
1.511421450052212734e+00
1.533635991889209071e+00
1.523542278803080796e+00
1.528969869776188650e+00
1.510861960144985749e+00
1.527449649388762154e+00
1.521185762620125059e+00
1.519252165065697158e+00
1.518934097294744268e+00
1.540271222629316261e+00
1.562555337654730092e+00
1.545093408400387114e+00
1.537433523856344797e+00
1.538696821975381823e+00
1.511546504806883018e+00
1.521742155958177189e+00
1.522125486993601173e+00
1.518333407799474344e+00
1.496530683210196999e+00
1.498428877826260663e+00
1.514033894478571618e+00
1.518542965562509339e+00
1.505719443216854803e+00
1.515090816114707639e+00
1.527154473952791136e+00
1.491892922495876128e+00
1.496792074353413549e+00
1.492869358943720970e+00
1.515090077485740760e+00
1.520807886716721402e+00
1.533077681481471499e+00
1.521538951750597723e+00
1.550509621126039628e+00
1.509690118474001919e+00
1.514633973293757485e+00
1.514518905571339724e+00
1.537581346370377577e+00
1.565534429148509821e+00
1.563628857947994444e+00
1.550766391171752190e+00
1.528689787747001150e+00
1.501788971551679008e+00
1.543283409801269546e+00
1.512543088217020992e+00
1.503477657030745096e+00
1.520005960407366352e+00
1.511283128261612374e+00
1.516739951366101735e+00
1.529781761789267280e+00
1.500465979870547972e+00
1.499800292857313977e+00
1.520389729482631624e+00
1.514555950582537447e+00
1.504430094813175245e+00
1.516001891343938368e+00
1.507456978398681757e+00
1.493972953590341657e+00
1.518119983906172310e+00
1.509250529113413508e+00
1.524113727175764765e+00
1.527124140173034661e+00
1.555124232472981038e+00
1.544225739036487521e+00
1.561751093135964386e+00
1.566249827753958490e+00
1.549922863404621154e+00
1.534066461392370018e+00
1.541147292759159626e+00
1.526680967131227140e+00
1.507162746116879060e+00
1.509078708980643890e+00
1.490858675650581278e+00
1.508462206819356721e+00
1.504211114236166935e+00
1.506011492340891378e+00
1.479228800055508053e+00
1.499370988738325750e+00
1.500728337297419390e+00
1.516406341624031207e+00
1.512524058770496227e+00
1.515398509025480900e+00
1.501573423999805534e+00
1.507059355179970694e+00
1.519088770848906700e+00
1.518443281153721625e+00
1.516753677260020972e+00
1.517119614101728908e+00
1.523048026584802761e+00
1.518107270271060072e+00
1.518719200679911951e+00
1.525858697287683086e+00
1.547966114247245173e+00
1.528743847507194831e+00
1.531620216261893486e+00
1.559651496107985036e+00
1.537104476542848541e+00
1.530419347537512964e+00
1.539499821645992528e+00
1.531808717117636887e+00
1.549354841363331570e+00
1.556797617231705066e+00
1.536950157547205098e+00
1.526882166693131593e+00
1.523178689804764341e+00
1.531107870232717216e+00
1.518682624194125141e+00
1.515096816106261457e+00
1.503167244499411526e+00
1.512143534468834982e+00
1.522874901095382816e+00
1.530180956063040609e+00
1.524240375369657174e+00
1.531887499453383761e+00
1.537301353861279862e+00
1.523672492952862001e+00
1.534719751910232910e+00
1.530006896792931670e+00
1.528446918282497569e+00
1.531453101165876518e+00
1.525843391629160273e+00
1.526267544581134006e+00
1.537094855397070692e+00
1.538604652091865477e+00
1.531295505898871312e+00
1.525510535020370595e+00
1.518165910193029156e+00
1.519105287087296086e+00
1.521645106286657612e+00
1.517509307917356276e+00
1.529058097908269742e+00
1.529397514350522291e+00
1.551121403196864978e+00
1.547805592403564301e+00
1.553740543358300696e+00
1.560925752508362407e+00
1.544725382776231504e+00
1.544547003001768504e+00
1.534899475695501003e+00
1.539541951714611612e+00
1.548496827167861190e+00
1.548101200611791350e+00
1.531752059617733641e+00
1.535110628086899576e+00
1.530688412238975449e+00
1.535667058190733236e+00
1.529031765651273966e+00
1.526225875631553652e+00
1.505833644698319373e+00
1.505428297535231108e+00
1.496780557770739595e+00
1.512182313080351337e+00
1.505886330411898788e+00
1.526770346075234874e+00
1.523926508805772073e+00
1.517497242079937525e+00
1.543065520815020575e+00
1.513584579739503555e+00
1.539175953712625056e+00
1.517093067975242793e+00
1.525156264759873537e+00
1.533042408015838021e+00
1.534100537766359240e+00
1.499071122124017830e+00
1.508767764663417221e+00
1.494935453862953567e+00
1.530190370154669965e+00
1.513572267552711903e+00
1.532399528540423050e+00
1.519002734930678500e+00
1.527218942300438309e+00
1.522851472658981908e+00
1.516304382726536781e+00
1.513548580983034242e+00
1.507503683531187022e+00
1.504724996358236533e+00
1.510983149704362649e+00
1.531485582876261908e+00
1.532378271185340868e+00
1.523878578987768018e+00
1.536593533553821223e+00
1.519209204103308952e+00
1.511682657206009361e+00
1.506174527404719354e+00
1.519509818854146044e+00
1.521875711290668010e+00
1.549858838451350751e+00
1.533904820758860810e+00
1.532835427501570980e+00
1.514395901890263518e+00
1.515888874027577993e+00
1.520069088373772859e+00
1.514811037371478930e+00
1.523403477316443544e+00
1.546632767016369314e+00
1.538718169907497213e+00
1.555040132317979440e+00
1.521818891393393880e+00
1.503914965084638844e+00
1.531109487516347123e+00
1.542162462994563832e+00
1.520634647198749967e+00
1.548643479456213390e+00
1.513899111916505724e+00
1.486081756280744903e+00
1.488488012898953050e+00
1.497531137481288299e+00
1.506811426489710559e+00
1.491679897504490038e+00
1.488807043913765060e+00
1.466949536573483481e+00
1.470394183035104607e+00
1.492704491052622595e+00
1.520943500395012693e+00
1.525895097258970878e+00
1.531657796210154521e+00
1.528657242060394772e+00
1.489563090930460465e+00
1.496286941441215212e+00
1.490265030103496979e+00
1.503539404326205364e+00
1.508654500565450141e+00
1.482833523144013510e+00
1.510328430298525593e+00
1.506482642472083855e+00
1.518349450112386201e+00
1.502988234149470026e+00
1.518041329231514913e+00
1.490501942357028931e+00
1.513979707338885872e+00
1.529227207878243844e+00
1.515332586515370394e+00
1.523338508967842841e+00
1.499615364767478587e+00
1.516137224492397406e+00
1.516468681335266355e+00
1.513485679188475874e+00
1.505663674750802317e+00
1.498259150995792099e+00
1.497803209563149940e+00
1.493685440972466472e+00
1.501998580927633720e+00
1.517652101260211328e+00
1.526375328951713461e+00
1.519004760888396532e+00
1.525797441595174053e+00
1.489234706586165968e+00
1.506270636841490207e+00
1.506920362729348373e+00
1.526602971935645980e+00
1.529056268845977007e+00
1.541151901529343560e+00
1.524984599044633571e+00
1.522869272791294248e+00
1.532493951747634364e+00
1.499527237722848128e+00
1.523209757874794512e+00
1.528387589953356995e+00
1.514679185786576454e+00
1.529690771243753522e+00
1.516586368983021682e+00
1.513821899760298129e+00
1.541078612564128480e+00
1.528735961936501742e+00
1.531215773668694213e+00
1.508461977102176110e+00
1.505610064853154517e+00
1.502456127823908805e+00
1.506908282403256916e+00
1.495237240348644692e+00
1.515255372038838200e+00
1.540325142791109325e+00
1.519630798590333454e+00
1.536497900273664508e+00
1.504116335084646483e+00
1.506251058344898031e+00
1.516281495484808284e+00
1.530730736581626950e+00
1.526591071592264148e+00
1.528408433320359805e+00
1.502696373268153307e+00
1.511665473923448522e+00
1.531113132206322724e+00
1.533435693308619729e+00
1.523149826373545457e+00
1.525634903725135549e+00
1.524008321621635353e+00
1.552606078780508936e+00
1.531195204218421368e+00
1.541019853515915639e+00
1.534221854313792655e+00
1.537017972156634604e+00
1.529141462564109988e+00
1.508621155127654490e+00
1.517497167626993271e+00
1.528847698252021159e+00
1.520507141040370769e+00
1.527509960635799136e+00
1.554874799858641854e+00
1.540872151932517919e+00
1.535935626639118423e+00
1.533945095218280485e+00
1.545068273632937528e+00
1.544258485280483928e+00
1.533282061940713703e+00
1.506701102151908112e+00
1.519196835369977405e+00
1.544240113498597244e+00
1.531678000942620965e+00
1.532513601571858342e+00
1.533077694821249448e+00
1.507981393724473484e+00
1.506246276909872117e+00
1.515346424727004315e+00
1.531410540455234726e+00
1.544152497612724995e+00
1.535155768975819290e+00
1.539031611494860785e+00
1.547245904598015365e+00
1.559862101824914138e+00
1.504790445870743287e+00
1.518850836777083879e+00
1.532785194295121833e+00
1.535289724693782221e+00
1.534756760716407431e+00
1.506082697601528686e+00
1.511263604701382546e+00
1.526703917759878015e+00
1.535528349735812315e+00
1.534308621604921763e+00
1.527295526798734482e+00
1.515530171937278014e+00
1.513091128118311701e+00
1.518217141873661413e+00
1.492067884410993361e+00
1.520083465368994968e+00
1.521354554434397821e+00
1.522585015161694200e+00
1.509906896590692327e+00
1.528556686469608961e+00
1.539942687847507097e+00
1.534501974554224546e+00
1.548297887805259121e+00
1.552482663610019964e+00
1.531751479881536593e+00
1.539904318991779819e+00
1.518247425573397313e+00
1.464629085943624398e+00
1.472453445936255934e+00
1.479932749713160467e+00
1.492606197339316099e+00
1.496752844199220833e+00
1.511506802100501146e+00
1.485603187361027588e+00
1.516633819432085861e+00
1.517754539680122194e+00
1.524325218075533339e+00
1.542271830648438202e+00
1.547244700807193896e+00
1.560636160303919162e+00
1.547233640322487780e+00
1.538910544272348080e+00
1.528562228569931625e+00
1.514194169278531676e+00
1.517372024499187066e+00
1.533716465330303924e+00
1.552618094563492646e+00
1.521362072026453793e+00
1.504428857426226562e+00
1.522025114840578564e+00
1.530273603639445978e+00
1.544620674114839831e+00
1.531875888127908203e+00
1.523316526404755900e+00
1.514867493526328435e+00
1.510483023426750560e+00
1.518995238185240959e+00
1.523967478398396969e+00
1.515951393958920868e+00
1.523670477570820303e+00
1.496224282561900321e+00
1.490378604446081612e+00
1.487110297252409064e+00
1.513629809549730476e+00
1.528976539322527417e+00
1.513960946995471568e+00
1.521200756699249368e+00
1.514322036269591054e+00
1.508280868249139317e+00
1.537018179116522720e+00
1.533200518845922122e+00
1.528051183851240724e+00
1.550692384263274270e+00
1.515861107013765530e+00
1.511628889313883395e+00
1.504685155012378983e+00
1.537258643439053829e+00
1.532581454055052195e+00
1.553153846662184145e+00
1.540893949220384584e+00
1.559397326662114169e+00
1.525248745447828735e+00
1.528125132083302917e+00
1.540927757882725402e+00
1.512358230507423906e+00
1.524557636059806764e+00
1.507990069218508422e+00
1.499847691788575244e+00
1.505061899278749005e+00
1.521313347786708459e+00
1.520890757819961747e+00
1.525090788812654363e+00
1.526351124902370682e+00
1.495549731972308782e+00
1.512113530251065097e+00
1.516385412987807602e+00
1.504853865795595214e+00
1.508718127831852884e+00
1.525437016810720969e+00
1.539907020989570441e+00
1.543123442011840485e+00
1.506543345469963491e+00
1.513441548371083023e+00
1.496611977936169735e+00
1.504970536375016099e+00
1.501600130422788393e+00
1.509093836101093267e+00
1.535136903785245588e+00
1.515570915187519629e+00
1.502870137992406319e+00
1.523535451182693512e+00
1.541205967945238342e+00
1.534652338927862347e+00
1.533801971572408496e+00
1.500532154182179667e+00
1.490914382194412413e+00
1.488040026704327445e+00
1.499691040294100164e+00
1.518586471224504741e+00
1.530250492749250180e+00
1.550849645851391179e+00
1.518282744413651741e+00
1.531029807489924011e+00
1.528189171997667239e+00
1.548682515177570274e+00
1.511889141372917411e+00
1.515299730296839398e+00
1.515933928684031873e+00
1.524460854979427404e+00
1.533605029106850148e+00
1.530969876285616760e+00
1.522241506094039964e+00
1.493828583711945379e+00
1.507954499802117043e+00
1.513701908100786087e+00
1.514039945523378172e+00
1.545788060424384991e+00
1.519020975655204442e+00
1.534136177359094466e+00
1.520619196591634470e+00
1.513160918553940082e+00
1.501984381499572363e+00
1.499161922666492730e+00
1.515055029215311988e+00
1.511426518411094655e+00
1.483324559309587620e+00
1.499459109788105815e+00
1.491574158859693355e+00
1.507445422655204315e+00
1.509083663106288942e+00
1.508736070345308766e+00
1.508426899072484284e+00
1.515709557017397513e+00
1.500734625800772104e+00
1.518070247791332594e+00
1.516576829350228639e+00
1.509899147108645368e+00
1.485759079745185840e+00
1.501366139926140875e+00
1.521028838892081625e+00
1.529953651512460988e+00
1.528020999027682736e+00
1.515665347058155366e+00
1.540852446735601289e+00
1.533899817424973167e+00
1.525835175302747704e+00
1.520908878698996158e+00
1.520268291015794748e+00
1.547565438770920121e+00
1.524040255858641446e+00
1.551940903418542961e+00
1.525862612444774058e+00
1.516440641276762591e+00
1.532361561177342013e+00
1.508893217772807827e+00
1.490157402729776592e+00
1.475609810791711052e+00
1.531641009654596708e+00
1.532388502887715775e+00
1.547380527425887831e+00
1.559934736190444982e+00
1.565938339309330907e+00
1.559234358462296743e+00
1.517193879152242131e+00
1.527576777037083611e+00
1.513790330771915160e+00
1.515392216212133381e+00
1.524516497002440074e+00
1.538118018187512037e+00
1.551212393744229479e+00
1.510700714838290271e+00
1.515347115687058377e+00
1.519831380710649826e+00
1.506191199516916157e+00
1.507681299766253424e+00
1.492002048805288084e+00
1.503531541122167914e+00
1.541512239395343098e+00
1.539835969468166255e+00
1.531073610461300971e+00
1.527947935777399735e+00
1.544197852222943812e+00
1.539574986903845977e+00
1.525038119548882687e+00
1.495410092588592255e+00
1.485453998483173610e+00
1.484401690702646492e+00
1.501023911200940697e+00
1.519930771101402289e+00
1.522111785589417066e+00
1.517921214719770928e+00
1.498583508550129784e+00
1.478141653424350555e+00
1.505009021434215555e+00
1.520298061422693747e+00
1.518051972376611713e+00
1.534017424867730295e+00
1.533943882454839036e+00
1.514881913514279699e+00
1.519555561740798755e+00
1.494815155464120027e+00
1.543165805865895690e+00
1.525057129725376770e+00
1.531808732708491716e+00
1.531771391460608367e+00
1.521550027555155671e+00
1.531488318477813415e+00
1.497184447989566403e+00
1.510707045552407202e+00
1.553698108625919394e+00
1.561751325932701162e+00
1.562111263175764098e+00
1.552862143382481852e+00
1.544104258041348876e+00
1.519257170036573346e+00
1.539722691856293402e+00
1.532884197196750176e+00
1.498970237985203235e+00
1.511029706351526558e+00
1.508352150697497951e+00
1.501677011881596524e+00
1.520506930481189567e+00
1.510858592016365520e+00
1.531611424209135652e+00
1.522192570176622128e+00
1.542842139798448642e+00
1.563746063413069098e+00
1.558065071489903142e+00
1.525844807221010013e+00
1.522132726803938629e+00
1.499494495847087938e+00
1.534205554501208546e+00
1.533378526227529681e+00
1.539040945422258888e+00
1.553763758730502653e+00
1.533021043224813695e+00
1.534467205714269866e+00
1.523710423335432385e+00
1.543709054711520867e+00
1.561229300235706940e+00
1.543949280743462049e+00
1.540877177221874561e+00
1.527870065657946030e+00
1.537679059385144598e+00
1.522777551133923435e+00
1.525938224578293978e+00
1.547111267156086267e+00
1.531456363669616572e+00
1.531311948870969442e+00
1.536262133495977844e+00
1.551839601344388697e+00
1.571043548739035733e+00
1.533196915150590645e+00
1.543732495067380306e+00
1.527399480887495775e+00
1.532178919430541963e+00
1.514087979545546636e+00
1.516851638295906080e+00
1.510711339613983739e+00
1.529333084016170741e+00
1.501097438150711172e+00
1.501396773777447180e+00
1.478617844128812031e+00
1.495826318351785700e+00
1.538349352499425171e+00
1.518598660649922216e+00
1.524236608300759466e+00
1.511322143257866291e+00
1.495256140538322676e+00
1.485298234402433248e+00
1.491814727347381853e+00
1.522114455725335436e+00
1.518109656646533301e+00
1.510063575208341780e+00
1.531544461007705804e+00
1.545343851087173981e+00
1.517210850800321031e+00
1.486581226698947766e+00
1.500115770909488555e+00
1.494395055327170319e+00
1.508757657510124917e+00
1.532004991595210308e+00
1.513773801643754968e+00
1.517942409524847935e+00
1.502964089278844506e+00
1.499802568385885326e+00
1.490513946385576327e+00
1.525840283807724074e+00
1.514707840982265408e+00
1.512371774486879872e+00
1.528254768840341171e+00
1.541415883820621113e+00
1.553317128320347074e+00
1.521674743158515808e+00
1.540892862042633871e+00
1.544479710615989099e+00
1.526234098756302782e+00
1.530182727021327960e+00
1.524239706390527083e+00
1.498489199630109070e+00
1.532837257455927471e+00
1.505725244405782259e+00
1.529281118985546195e+00
1.517934122297261768e+00
1.518932394616723913e+00
1.526837589431126796e+00
1.524539255188478437e+00
1.494774426121963318e+00
1.506322862563402420e+00
1.495111619691254168e+00
1.492050563564183197e+00
1.504698883214955263e+00
1.527751674155401806e+00
1.508618354927352856e+00
1.519041123583442010e+00
1.500223821592718387e+00
1.519937815245550716e+00
1.521820410263732937e+00
1.524779807327896419e+00
1.543515575443397791e+00
1.516102747287350727e+00
1.528820499153983103e+00
1.540795514046366277e+00
1.555625881675229749e+00
1.528035566663391132e+00
1.539403197153858871e+00
1.523886143889572775e+00
1.511322954313994549e+00
1.517536449891665029e+00
1.509647363072942339e+00
1.531555707716910186e+00
1.537540598399796954e+00
1.524704326722397862e+00
1.523391108250442105e+00
1.527597524260020601e+00
1.526523065606483653e+00
1.542161933791291295e+00
1.540429839316989513e+00
1.514928087449868066e+00
1.522174383062026681e+00
1.495049326474098939e+00
1.505758729799093310e+00
1.518902204500498954e+00
1.497258065612072198e+00
1.486263035455902992e+00
1.516772355574310005e+00
1.515030028598404188e+00
1.501068729315270467e+00
1.504539056345172376e+00
1.538930682700499375e+00
1.503647171430686491e+00
1.502040833635570616e+00
1.506112690486018701e+00
1.510274994139875426e+00
1.514045122457411852e+00
1.513493969460990130e+00
1.495194374785283831e+00
1.484127489323313620e+00
1.492939727127419625e+00
1.517129977740617974e+00
1.516359996406554167e+00
1.481719720969345344e+00
1.495770471692278836e+00
1.512945275958157865e+00
1.526453741436127443e+00
1.521393239727291791e+00
1.518939361074073346e+00
1.523342810153594851e+00
1.515632693449990631e+00
1.526616907158383274e+00
1.497229153737588137e+00
1.497011139863657858e+00
1.510139977350419160e+00
1.518374345358731059e+00
1.503787820607707104e+00
1.525519304649927133e+00
1.533384747341626886e+00
1.535703897163604781e+00
1.513951686161553400e+00
1.539669432580857977e+00
1.553711822475537740e+00
1.548254569560506333e+00
1.528605184349249857e+00
1.515098030443618571e+00
1.512425189249361646e+00
1.507256753069238231e+00
1.515504524183117541e+00
1.504517083863551985e+00
1.507578223698883946e+00
1.520989850641736751e+00
1.550617032789155969e+00
1.522339138913663570e+00
1.522181467395200327e+00
1.534376224883859718e+00
1.536507363770366563e+00
1.535642766017044414e+00
1.534627880777212905e+00
1.504090167396463507e+00
1.495089195100931523e+00
1.511798968368700091e+00
1.526245317789895140e+00
1.534793434949806912e+00
1.539312701929925975e+00
1.541610995037264065e+00
1.541814542022768242e+00
1.519978977908119644e+00
1.512558241484540433e+00
1.510172237569371578e+00
1.503867325318279713e+00
1.495052865944383358e+00
1.490028842495971784e+00
1.496592700882941607e+00
1.520523610480514654e+00
1.516639383223705950e+00
1.513943477805164584e+00
1.506051015740740961e+00
1.504503650193219855e+00
1.548879980208431872e+00
1.542369678689276657e+00
1.546394334851768360e+00
1.521277685611832631e+00
1.517147279187871511e+00
1.510284563843932615e+00
1.505412226136645160e+00
1.486509902160495944e+00
1.498140619672071905e+00
1.520881183666184633e+00
1.539794663335241509e+00
1.540708727321039806e+00
1.541658329160716212e+00
1.541753907523278899e+00
1.536099992951545756e+00
1.492306007010856472e+00
1.499642378419860034e+00
1.507729093972849821e+00
1.503401080306813187e+00
1.527429393637738775e+00
1.528466044973750604e+00
1.546384838318078048e+00
1.561656285254827470e+00
1.529184736112772836e+00
1.506155576249020855e+00
1.513389931519454779e+00
1.527972170222919424e+00
1.522072591694793919e+00
1.518390286384633248e+00
1.511898105338821185e+00
1.504215620823674771e+00
1.515587912514461788e+00
1.493731356088582540e+00
1.486463482135473857e+00
1.501969823444651686e+00
1.499695074232716419e+00
1.522961450186344212e+00
1.512045997627815774e+00
1.509424850762014048e+00
1.477470144082996484e+00
1.489378618767084772e+00
1.495536976272523244e+00
1.520164234735442932e+00
1.544586741800108243e+00
1.531010523549302560e+00
1.525856907611784052e+00
1.528813903287302489e+00
1.527198823500914848e+00
1.529313390599838618e+00
1.510386097690439522e+00
1.520077223932650545e+00
1.522294762417620184e+00
1.536293342874170076e+00
