3.333333333333333148e-01
2.654295841227738872e+00
3.007761908901811498e+00
3.620388516634093889e+00
4.191003356112799061e+00
4.527634576517422182e+00
4.692257721873509979e+00
4.813800053423901382e+00
4.871325639981881395e+00
4.983500667476287838e+00
4.970073191640356214e+00
5.024905116062914345e+00
5.100136380551592907e+00
5.046781371451730003e+00
5.048993714421541767e+00
5.103526975205022964e+00
5.196808638399406099e+00
5.120395950091092274e+00
5.184542998915657286e+00
5.172240105866434234e+00
5.166695660779335952e+00
5.096646998820588692e+00
5.034620616811676719e+00
5.032599024619897499e+00
5.023507528879698647e+00
5.201531230469493394e+00
5.099161014690873017e+00
5.167675756516969976e+00
5.199194712425519782e+00
5.229663784828668227e+00
5.260665551408253648e+00
5.216245848838851451e+00
5.052668103276984901e+00
4.896291074218214412e+00
4.989787660162655847e+00
5.059601228284874352e+00
5.146991038829226817e+00
5.075427455312163438e+00
5.111940205988997121e+00
5.067984623101162711e+00
5.040992708006804435e+00
4.986512750301592689e+00
4.973141257789171377e+00
5.040602851830640496e+00
5.023338294815768101e+00
4.976158142088163316e+00
4.949682783967009669e+00
4.968918083762834392e+00
4.993136444155412690e+00
5.091458098433252921e+00
5.091242662623531423e+00
5.109686730701610280e+00
5.093333460234156895e+00
5.004107034944216714e+00
5.122865459305417701e+00
4.980359508507081756e+00
4.913389028574089323e+00
4.912950251149729830e+00
4.977346268240044225e+00
5.022391372346111993e+00
5.019266699260608533e+00
5.053217976123819177e+00
5.097382115315306272e+00
5.070668684439665341e+00
5.073458005836307905e+00
5.065517203854973616e+00
5.112211557421702857e+00
5.113293164335001251e+00
5.123665532201846062e+00
5.076379634850882283e+00
5.055149946219954948e+00
5.096815493658262142e+00
5.079868332876714021e+00
5.217792630438267132e+00
5.189631207667377844e+00
5.244827354934794350e+00
5.084183268448856374e+00
5.084585441567349484e+00
4.989754612579699433e+00
4.969446665422146303e+00
4.929549455675608982e+00
5.028735531025200878e+00
4.983137386294792748e+00
4.996584586202669875e+00
5.082442367384749637e+00
5.081777262974578768e+00
5.024102821684015119e+00
4.974188077649094097e+00
5.044485383411386081e+00
5.060219761027858532e+00
5.117323236922678653e+00
5.020419385290359138e+00
5.139196575695344826e+00
5.160205310733203099e+00
5.125577416343288562e+00
5.296941385403272307e+00
5.135749720560712106e+00
5.090462716733425985e+00
5.049613844114168693e+00
5.044072789734729945e+00
5.084845591722293889e+00
4.904585578100937759e+00
4.984869755693009274e+00
4.957181336408177152e+00
4.982269951643306882e+00
5.027046758424899231e+00
5.085255088351598118e+00
5.088863762949347169e+00
5.099585213640012604e+00
5.048824075934589040e+00
4.943679224753799062e+00
4.897372593642304928e+00
4.964312993694355747e+00
4.993005004883657172e+00
5.119972254439255188e+00
5.139357776999576188e+00
5.144042618906349951e+00
5.110849734967613855e+00
5.082188106678588113e+00
5.053952628402141656e+00
5.100836156780886199e+00
5.274207848612518568e+00
5.227133204030133484e+00
5.192396241463122841e+00
5.163854299482335541e+00
5.059874529128769005e+00
4.982189313742465764e+00
4.965072006622849976e+00
4.940471864969523175e+00
4.988106245458000743e+00
5.015965049405408216e+00
4.979551998620416420e+00
5.029032436537865358e+00
5.049942920929198387e+00
5.098761252678160716e+00
5.113501189503484312e+00
5.155172928008181721e+00
5.121230620381891363e+00
5.144229528717579214e+00
5.164074978087497492e+00
5.131539985281725613e+00
5.107449905117178446e+00
5.175075756663094495e+00
5.152167136468928099e+00
5.103557772041575902e+00
5.120710142448441360e+00
5.041146042195749466e+00
5.055453296440541422e+00
5.079974867893842116e+00
5.067977383515311907e+00
4.974286897794129914e+00
5.088461609072331804e+00
5.020656641959561739e+00
4.996108392332999415e+00
5.043354200208859162e+00
5.150755500785746399e+00
5.062203330455895767e+00
5.075490519157827229e+00
5.005353988055889936e+00
5.010845332690167631e+00
5.050048907300263679e+00
5.161245330085681537e+00
5.171883806509444348e+00
5.128770496122904810e+00
5.116851853401535699e+00
5.161454813871227287e+00
5.098142148152771114e+00
5.072711386260773558e+00
4.963491441086811840e+00
4.973431560093546366e+00
5.086889863320798177e+00
5.079349015165147030e+00
5.037260424115533652e+00
4.956939376828207955e+00
4.992784951780759428e+00
5.006739365513745099e+00
4.988569349554582644e+00
4.982447377230304397e+00
4.994534482952383669e+00
5.097040762199453567e+00
5.091165205376728231e+00
5.012798887918602730e+00
5.064953766753466979e+00
5.092944270431272180e+00
5.113713891000565503e+00
5.145645977209825972e+00
5.121242683994014833e+00
5.149574184570279378e+00
5.216855566776361641e+00
5.187612304385503137e+00
5.298503868055420618e+00
5.163726262801962896e+00
5.169717874337382391e+00
5.225078277118434755e+00
5.220024192498182281e+00
5.237929371884392005e+00
5.317019704708266126e+00
5.233036253685423134e+00
5.116159931927374949e+00
5.101856660034638224e+00
5.066332002566341863e+00
5.061221839616271367e+00
5.016586419290425702e+00
5.101709251637631226e+00
5.133918840399023686e+00
5.101949168953577640e+00
5.139943741810444777e+00
5.090738177700202982e+00
5.093724412205851593e+00
5.000554777080951752e+00
4.908955870941212218e+00
4.871798786899442568e+00
4.872057972018609462e+00
5.035807468885769467e+00
5.042482824470406300e+00
5.027408808551213859e+00
5.064900530530511702e+00
5.081240164340622201e+00
5.041027071478476174e+00
5.061205373304748178e+00
5.159923858074164649e+00
5.074724673864438707e+00
5.070015610337665457e+00
5.056320085554500743e+00
5.115940892403211926e+00
5.105883812179220271e+00
5.003639197951728512e+00
4.897271262522257196e+00
4.904612272101865678e+00
4.993295535456348411e+00
5.025244216202078285e+00
5.120098139450129260e+00
5.142290456395816278e+00
5.152534731055803618e+00
5.169042864094620882e+00
5.202406937492133565e+00
5.063686839220268077e+00
5.041553608009400556e+00
5.089144021929524975e+00
5.096788561288183139e+00
5.066728938551516848e+00
5.101624626847669042e+00
5.075922726292554366e+00
5.031460451842090897e+00
4.975286961094971261e+00
4.900225212720831003e+00
4.929329903190879492e+00
4.958944275706629767e+00
5.010081230569752186e+00
5.054337951919694483e+00
5.047990444003644050e+00
5.019524780027522226e+00
5.092490869141180099e+00
5.085071418363479090e+00
5.139058491157222797e+00
5.222337194580615183e+00
5.165749297144073715e+00
5.154661186583878951e+00
5.130295697362461382e+00
5.195864426217895904e+00
5.111420021200816954e+00
5.097356671285620422e+00
5.178585628060763391e+00
5.094718048064397209e+00
5.133845518186285872e+00
5.143377990045835624e+00
5.121183366622837241e+00
5.058016613624151780e+00
5.055372367529784583e+00
5.138853743267421059e+00
5.171468014573794569e+00
5.088144980133337825e+00
5.044157071552278992e+00
5.029477156510742120e+00
5.072952262216866792e+00
5.144291115267552783e+00
5.077469088390563101e+00
5.020725627655778567e+00
5.040818269211587932e+00
5.058609849779477585e+00
5.026597987721792116e+00
4.983471680013457750e+00
4.922472054497105454e+00
4.999970361268680108e+00
5.068768950395576844e+00
5.037593803450208796e+00
5.049458717569873301e+00
5.068736745152174983e+00
5.028350467391001999e+00
5.062720844132199360e+00
5.062030737960176552e+00
5.111420912312095943e+00
5.080355397007225271e+00
5.129260993004964853e+00
5.151832962016687389e+00
5.160639485515425839e+00
5.157947903767231779e+00
5.170378554557110817e+00
5.053220535954912940e+00
5.092845762902812545e+00
5.074622248852762141e+00
5.001911022497197656e+00
4.961024382886050077e+00
4.962254114111233960e+00
4.943032800155756412e+00
5.024400191089566370e+00
5.045351380610934910e+00
5.094718424279226276e+00
5.139968606191697376e+00
5.126326809571297716e+00
5.210515878420059366e+00
5.231570291550901253e+00
5.272095224331167174e+00
5.303380143193245466e+00
5.159955711501949871e+00
4.997058127262755889e+00
4.956858493840339719e+00
4.909687858368395830e+00
5.006773101013852312e+00
5.040226746926467882e+00
5.062902745548231387e+00
5.173806347730592670e+00
5.095999494546449071e+00
5.148149425771159748e+00
5.185248439155970779e+00
5.194362222270250129e+00
5.093594292342621621e+00
5.102253327684477036e+00
5.065993945685297817e+00
5.026543059665255164e+00
5.020534239876128346e+00
4.941798800978609130e+00
4.991641132636583045e+00
5.046848116557612229e+00
4.987219810005881548e+00
5.048520744872954324e+00
5.068393724040933357e+00
4.983265181798227417e+00
5.028106753425811704e+00
4.961743003466708046e+00
5.000756044057347971e+00
4.939519239713793475e+00
4.986994363051488577e+00
5.080483096738102056e+00
5.104785243215459012e+00
5.048772220373110464e+00
5.025719051396779768e+00
5.132441651134876714e+00
5.112353480449876031e+00
5.041577929398498803e+00
4.985997288098529268e+00
5.007428127476699409e+00
5.059084769814551130e+00
4.954123942608193332e+00
4.866022175262258109e+00
4.939249406175441948e+00
4.980211269516344075e+00
5.032586448077663199e+00
4.999201003368970220e+00
4.977401606023819980e+00
5.124894262410701451e+00
5.011510139640162897e+00
5.084358180789217307e+00
5.015408664955990581e+00
4.988773344407894328e+00
5.058788599468980074e+00
5.051087276273658055e+00
5.031114395148079232e+00
4.959577948592020391e+00
4.977373533774127168e+00
4.977277106677535201e+00
5.075951633068792823e+00
5.075620514723883758e+00
5.057778412360754317e+00
5.073435389025050313e+00
5.157437260857476780e+00
5.145174691758872321e+00
5.046865817662976816e+00
5.103242431718834737e+00
5.084217086726586565e+00
5.193123447812538096e+00
5.165527952399676437e+00
5.147988531352445385e+00
5.137863957648718838e+00
5.176634024862337924e+00
5.175872525647320366e+00
5.149094768272019174e+00
5.090181573421213912e+00
5.078954354529281012e+00
5.073854165531722415e+00
5.028640657574371176e+00
5.035296941493722755e+00
5.126586698313454704e+00
5.139586917668206745e+00
5.128619697448922210e+00
5.155131108867437639e+00
5.026217852654884410e+00
4.963307604581180144e+00
5.031798660141724611e+00
5.139565333854621443e+00
4.994747302293237823e+00
4.944896252282088511e+00
5.024756412208897238e+00
4.968500349174882480e+00
5.021571514772694478e+00
5.029811842339415584e+00
5.090595905809637500e+00
5.138889433653440975e+00
5.079419926208898595e+00
5.076125940830380934e+00
5.009457247585370254e+00
5.042504975202406037e+00
5.091354324853726965e+00
4.960770278995783933e+00
5.052346961523356939e+00
5.046638871299409246e+00
5.022287933731908183e+00
5.006792649334444789e+00
5.079770862627230876e+00
5.085333108469152208e+00
5.115663247251522883e+00
4.978847254408178102e+00
5.007632055674009486e+00
5.013338917738460410e+00
5.097450679823150033e+00
5.068275830532620319e+00
5.107888802017915175e+00
5.093327340783557311e+00
5.079741722321904795e+00
5.015653435221953949e+00
4.983220205516693646e+00
5.078966344856561399e+00
5.097192039163378929e+00
5.014083402260399502e+00
4.967748701041052151e+00
5.073904518644944517e+00
5.104607116894514185e+00
5.132976924432849586e+00
5.111355605545206515e+00
5.133842093499104031e+00
5.068219167881529152e+00
5.098676999323031644e+00
5.040070863213179209e+00
5.028205948812304094e+00
4.978729888314207486e+00
5.014655236591532450e+00
5.091498695751141668e+00
5.167256033145966931e+00
5.126983792772466408e+00
5.127920488676154243e+00
5.069073992126151396e+00
5.083353856704868612e+00
5.036234980552264595e+00
4.987310065692353689e+00
5.052105621287404702e+00
5.058683421717486972e+00
5.029908416736818211e+00
5.014415102763839727e+00
5.063252161032993470e+00
5.070897524203551221e+00
5.097989056652740381e+00
5.100427688633748957e+00
5.111196676477238299e+00
5.176569858690235115e+00
5.181058939331740554e+00
5.169718852600153625e+00
5.170176246830402889e+00
5.046931699623526946e+00
5.215398730498049140e+00
5.037378109738781085e+00
5.144693271006366864e+00
5.159721690322504273e+00
5.096282329539063127e+00
5.213027371495604356e+00
5.188377274344253998e+00
5.170487523023261645e+00
5.179232423854696954e+00
5.057220770417617750e+00
5.107395115390542806e+00
5.081197746056066222e+00
5.122339490454944411e+00
5.159210791867998580e+00
5.164439972586315264e+00
5.122902683683128622e+00
5.087442254094632688e+00
5.040443211884180208e+00
4.971972695055858260e+00
5.029457228699902416e+00
5.115142033977011060e+00
5.121255350337656331e+00
5.126930150745628190e+00
5.109254447151776013e+00
5.082714799612125134e+00
5.085715123066335330e+00
5.137487279347054958e+00
5.162028500934112252e+00
5.066395685831339257e+00
4.975737754403034785e+00
4.956809544150010183e+00
4.920326363432956818e+00
4.863743865350591555e+00
4.973728678589798946e+00
4.979326008354258093e+00
4.990223487705757854e+00
5.091282351416769103e+00
5.034601461520316512e+00
5.041896191866802823e+00
5.044761304381402134e+00
5.029822198397972066e+00
5.125457690075291062e+00
5.086710809491309604e+00
5.158896954349358133e+00
5.165211327214093373e+00
5.143254931423802745e+00
5.079486271075900561e+00
5.092253936659323799e+00
5.037495047340232013e+00
5.038361138911579218e+00
5.065437195745807308e+00
5.032335203763159903e+00
5.044811788038478184e+00
4.979559341419917295e+00
5.083494337797769269e+00
4.983081803622790851e+00
4.926625704216447410e+00
5.074196018370034977e+00
5.082958357772964675e+00
5.107007666915271749e+00
5.085170473552413029e+00
5.111424043100112335e+00
4.995692085328818699e+00
5.030807820669774166e+00
5.037334993073536715e+00
5.048667568293349284e+00
5.144377546489808495e+00
5.058710686911840781e+00
5.133270421545034878e+00
5.093523992120361221e+00
5.131372553415057602e+00
5.044923869962247842e+00
5.030906355255966744e+00
5.030073494344352802e+00
5.043818313607536297e+00
5.076803700838740774e+00
5.077659410757391356e+00
5.099703231700980055e+00
5.052757255773633993e+00
5.017283592991051755e+00
5.055850130038117562e+00
5.088733201645953663e+00
5.124748793250583745e+00
5.171394248718663711e+00
5.210562738710606823e+00
5.156402593981981752e+00
5.117424848932627945e+00
5.060441913131893621e+00
5.095792390643027581e+00
5.211729464856343697e+00
5.161277490709387905e+00
5.031557363114466774e+00
5.009412972226489735e+00
4.973663739168086906e+00
4.982237010233475871e+00
5.029365103605082155e+00
5.051671632136822687e+00
5.074236480486558065e+00
5.173052350658423393e+00
5.171646331235006500e+00
5.237925851551930911e+00
5.175717840668776049e+00
5.170813958398875698e+00
5.175470034192530377e+00
5.085268764613230630e+00
4.919785172123141592e+00
4.934446576262375039e+00
5.068882915873052397e+00
5.081551646393581478e+00
5.064498499858776093e+00
5.020108065133106479e+00
5.046787387301208128e+00
5.024334091289359705e+00
5.032665345222540054e+00
5.034003946271142560e+00
5.099192355344940530e+00
5.133110519378366376e+00
5.110076162879331640e+00
5.117730973443047837e+00
5.090709488136965888e+00
5.074811130477171695e+00
5.119399585501560601e+00
5.085922032252230274e+00
5.067040254268027510e+00
5.093667940971930541e+00
5.202132526258959722e+00
5.204599047695087854e+00
5.072595285640133511e+00
5.003268642650220421e+00
5.035837587249085701e+00
5.055493649711321424e+00
4.982751551664544643e+00
5.005964389811538240e+00
5.011648369929536884e+00
4.950701044825239094e+00
4.961429257606231324e+00
5.000327802338359717e+00
5.003419572796087067e+00
4.995802715293788054e+00
5.182253804255050333e+00
5.125849103681961338e+00
5.021259425602924154e+00
5.001878746304220691e+00
5.018160007323735350e+00
4.994868154059246557e+00
5.058052630378631065e+00
5.047488298111508342e+00
5.071999273886203419e+00
5.062967629449759421e+00
5.062167704406522972e+00
4.985387524945796400e+00
5.033418861547696466e+00
5.089800519459403816e+00
5.178528404361749438e+00
5.126695117930480272e+00
5.062763050686370114e+00
5.103896509422113148e+00
5.056920929203829296e+00
5.065896526446065806e+00
5.095228793438851156e+00
5.134906514200320515e+00
5.048912421651205129e+00
4.985958869710110264e+00
4.997243622272701025e+00
5.054851137097250202e+00
4.950810145835207621e+00
4.986000054969346174e+00
5.041042097771535779e+00
5.106871399626570884e+00
5.081403203959396819e+00
5.058524197171843539e+00
5.118504412871170750e+00
5.098729342999684278e+00
5.128747370560249763e+00
5.088378630396150015e+00
5.232550021343779001e+00
5.189633489134618749e+00
5.096758471341279240e+00
5.096523956446187498e+00
5.056863317935052393e+00
5.047905649499332625e+00
5.018254512235882814e+00
4.939108023250053492e+00
4.922685027186364692e+00
4.946947391156109930e+00
4.937991891322560889e+00
5.012083815251025420e+00
4.965322703873338739e+00
5.022162208556482099e+00
5.016683735511811015e+00
4.917412929345211126e+00
4.964300743931649329e+00
5.055787467496517529e+00
5.053268791036396479e+00
5.073793426153598851e+00
5.014508188398178135e+00
5.053938375774363223e+00
5.013949659122506120e+00
5.061078912857887246e+00
5.024360661070007339e+00
5.132467038117242808e+00
5.140575987497254751e+00
5.173937924424443224e+00
5.174553040721676211e+00
5.173448931508342952e+00
5.210346286917130421e+00
5.180077687558481969e+00
5.200646372770564518e+00
5.229247380980569737e+00
5.113710159468280558e+00
5.125044816106409051e+00
5.152241069510438365e+00
5.047079496083465067e+00
5.104600197488675661e+00
5.044941057269640261e+00
5.082770374374888434e+00
5.005839790584643900e+00
5.008935472338127859e+00
4.981982136372767656e+00
5.063486655671507464e+00
5.085243140293175479e+00
5.114011947054242668e+00
5.120026391717166447e+00
5.064299928213724655e+00
5.070994381877365953e+00
4.976708498140633097e+00
5.028171622914839212e+00
5.119241021940354130e+00
5.049436572426689196e+00
5.081688217940756758e+00
5.026848918221509699e+00
5.087572635015796152e+00
5.055659343306563080e+00
5.084607560382255365e+00
5.069875370265363834e+00
5.079169400666486922e+00
5.153884851868469674e+00
5.064174639296759928e+00
5.036127562831839377e+00
4.973863630794792989e+00
4.975368463622915627e+00
5.056855626653715241e+00
5.036712663282808755e+00
5.062951113199438247e+00
5.006803509719692791e+00
5.042004675699779170e+00
5.099858092217137262e+00
5.127519767246382365e+00
5.032225292518567983e+00
5.022982680331311123e+00
5.061883653924429183e+00
5.053111887545040481e+00
5.085191743515371954e+00
5.066045722451486100e+00
5.063971951245758163e+00
5.126076571861395870e+00
5.113048229752548579e+00
5.102248812068683748e+00
5.172859836162757574e+00
5.165817722314256066e+00
5.069659873306717301e+00
5.066351381995076508e+00
5.120123458214531631e+00
5.087191571003809365e+00
5.055663812608456986e+00
5.099584951084937146e+00
5.047471782495080106e+00
5.041562986660971468e+00
5.112887114396109212e+00
5.074533837100610789e+00
5.034276143404955661e+00
5.057769009070434585e+00
5.087446862275122328e+00
5.026112925699512957e+00
5.087736218144411460e+00
5.115872102917627728e+00
5.178492499428325679e+00
5.184218566911233950e+00
5.191704440833527556e+00
5.099050190139781336e+00
5.102268219042843000e+00
5.111152177660128970e+00
5.118745142576949902e+00
4.999296406678577220e+00
5.082879040312192842e+00
5.091259803084930979e+00
5.116559598735046954e+00
5.121283920830699721e+00
5.013064960746251408e+00
5.105240151926144776e+00
5.049767960615597850e+00
4.997367261216955292e+00
5.006454267730155117e+00
4.974609858482339497e+00
5.000825555873533723e+00
4.996652537814262551e+00
5.021367233579550060e+00
5.033818846604833475e+00
4.975182766254881983e+00
4.968769500387187676e+00
5.002733657279936352e+00
5.054130467094226198e+00
5.034716020897221256e+00
5.044688597871425095e+00
5.120550446666045197e+00
5.039227771917921928e+00
5.148460620768263496e+00
5.081193535659262572e+00
5.064960199224779025e+00
5.070088884476920299e+00
5.103763659163013777e+00
4.980506656534402055e+00
5.002879370064213127e+00
4.997283181080586445e+00
5.050009118346241443e+00
5.152106335837827622e+00
5.158971702038448015e+00
5.118332990287524531e+00
5.158142327773031610e+00
5.107201322006017286e+00
5.132992092575726417e+00
5.075953699843339884e+00
5.056207154470970799e+00
5.133349434091189600e+00
5.070623812871960290e+00
5.025333273839931003e+00
5.033771189664408396e+00
5.044899474078307300e+00
4.985649619485624129e+00
4.989748586291641530e+00
5.071129706322826003e+00
5.102029744377086118e+00
5.097128142007878004e+00
5.132553211619980793e+00
5.047308750997093973e+00
5.023931443219178838e+00
5.080220856637315485e+00
5.038059886331030413e+00
5.026226405999905111e+00
5.006390810161898131e+00
5.021937192918742632e+00
5.023366052949042704e+00
4.943726725965824187e+00
4.919929542750542062e+00
5.052764267982317925e+00
5.095075673048352627e+00
5.048531016277009620e+00
5.098188518929172908e+00
5.136962998523699753e+00
5.144108766406878530e+00
5.152553103718524596e+00
5.160514777286145716e+00
5.148356712562911497e+00
5.052696932935324625e+00
5.087177086284242478e+00
5.078260329205775747e+00
5.043450830320754363e+00
5.004864657666734828e+00
5.030322046934529112e+00
5.005258296335205692e+00
5.014440403889577347e+00
4.990140299954876291e+00
5.003847074825005237e+00
5.069961933972814805e+00
5.112216123982608273e+00
5.123848557945398952e+00
5.085570892924314634e+00
5.052922838109504156e+00
5.103671009965984773e+00
5.018605790401611699e+00
5.004066044263988822e+00
4.973720484917811824e+00
5.029133745245276010e+00
5.086553981235626409e+00
5.117124972251818171e+00
5.053901850453677014e+00
5.075559786594683764e+00
5.096474933654613793e+00
5.119259859887234754e+00
5.211138098785736972e+00
5.175459142932161249e+00
5.116903459608079352e+00
5.069365381189525621e+00
4.977835846204416548e+00
4.952930579121320953e+00
4.980245598884593505e+00
5.026041016419704910e+00
5.002633641645124918e+00
5.017822561278859617e+00
5.030811423993265308e+00
5.029167104148230649e+00
5.033268896941342163e+00
5.026932746316295386e+00
5.053212954370781773e+00
5.079779966795062940e+00
5.152233514099219036e+00
5.255041888262953265e+00
5.243424505171874195e+00
5.138696070198268906e+00
5.118785643287531606e+00
5.141698149624023273e+00
5.112858076102689608e+00
5.134911066978023797e+00
5.163639969184713685e+00
5.039991083608123645e+00
4.989084401869133600e+00
4.950279804527133010e+00
4.935624728888769575e+00
4.948509057981597792e+00
5.048946731816024602e+00
4.980386908993444273e+00
5.072839457878170144e+00
5.084810361623316233e+00
5.136573591063297251e+00
5.161975947923826524e+00
5.225770597713245813e+00
5.213029990939824998e+00
5.223671450655188231e+00
5.136714149025721987e+00
5.149748584403842422e+00
5.169408691556703239e+00
5.113169390747530407e+00
5.066448011969554521e+00
5.024619452350689741e+00
5.035103120555785239e+00
5.044160555362131149e+00
5.104443998516308589e+00
5.030640122641965029e+00
4.944450669004177179e+00
5.039381730079086630e+00
5.037246357941723929e+00
5.035997192559149127e+00
4.971936523656547813e+00
5.040843026792188653e+00
5.047615032485201603e+00
5.187335256888931490e+00
5.233743412016945484e+00
5.207120220502491570e+00
5.123652438131728992e+00
5.074340855811979800e+00
5.031571092781696564e+00
5.017729200978634729e+00
5.094934692016527045e+00
5.064041548888762456e+00
5.114621444243805826e+00
5.129200303380476278e+00
5.088900509049812726e+00
5.136535260721633023e+00
5.217976986005861129e+00
5.160866980637055512e+00
5.169619512595072131e+00
5.086188296923627838e+00
5.064167244492139730e+00
5.041237986591863951e+00
5.036258636324974169e+00
5.097486272306869459e+00
5.078868964084097826e+00
5.131851807460020787e+00
5.093427241414141271e+00
5.200847840609364781e+00
5.101078182492350344e+00
5.218474139359090991e+00
5.162341216435656577e+00
5.058215589862104622e+00
5.022663802835085178e+00
5.020128131905464919e+00
4.975757931082656071e+00
5.047752107245910835e+00
4.995909746169243881e+00
4.953214373915491464e+00
4.929060554247310044e+00
5.000377996358988497e+00
4.973303667549950902e+00
4.979130542463106046e+00
5.029762547152183849e+00
5.060282033575601801e+00
5.126839573908698711e+00
5.175509762628115240e+00
5.075318791670166085e+00
5.104574666100355707e+00
5.191576256254685440e+00
5.107292750008404880e+00
5.144496690834253094e+00
5.123902525430736432e+00
5.145145165286363564e+00
5.143856875872782730e+00
5.065417948524512326e+00
5.092990329102029534e+00
5.134768270208613927e+00
5.057147017396063760e+00
5.182680576032431041e+00
5.181203674072783372e+00
5.162552341684079948e+00
5.140406943788822680e+00
5.160061092124710314e+00
5.064996049376146559e+00
5.134073875430622103e+00
5.085603936066047659e+00
5.071423062173490592e+00
4.961005385034075843e+00
4.952816690743249595e+00
4.937364516359512123e+00
4.892428424686593225e+00
4.896723253903603634e+00
4.952005840799551528e+00
4.988118732970972857e+00
5.056074562230932656e+00
5.056858510108303228e+00
5.005996468344530825e+00
5.131711011276372858e+00
5.148844747369635932e+00
5.135222161440177402e+00
5.048199365876557820e+00
5.101907293748770833e+00
5.067818475855313309e+00
5.110799138508661521e+00
5.099534355667187491e+00
5.144790644397935431e+00
5.127205447075391831e+00
5.144162760399600742e+00
5.131012580187016781e+00
5.089303305673687383e+00
5.210321765701648289e+00
5.177386661803477175e+00
5.096910446182098653e+00
5.121809148122691724e+00
5.139663698790347901e+00
5.088145855342421697e+00
5.114787623902299352e+00
5.011290440659423417e+00
5.160570476155276864e+00
5.069415207158565195e+00
5.107525415526010804e+00
5.053042531320366848e+00
5.080166155155040109e+00
5.122077025197988576e+00
5.071367124379356994e+00
5.049824580501721449e+00
5.015543026553631378e+00
5.134461652726393766e+00
5.134252804908312484e+00
5.243255814530872527e+00
5.272524489912327361e+00
5.262162691865224673e+00
5.254514983396597394e+00
5.205761868325524233e+00
5.275773059299998735e+00
5.121696207630149544e+00
5.021525720324933495e+00
5.045407788105319646e+00
5.075814051125787429e+00
5.134693883898946432e+00
5.087998105957908024e+00
5.037361906028306358e+00
5.005514426662078797e+00
5.084082257693635754e+00
5.039544262352869453e+00
5.133096234642338551e+00
5.152172671828793682e+00
5.153932730305968768e+00
5.020528620084711235e+00
5.040974227348598014e+00
5.034283614473635815e+00
5.030328696547925027e+00
5.011913795505531510e+00
4.997364208126912288e+00
5.052875409255515926e+00
5.068028217736006980e+00
5.091868792806096167e+00
5.132623942303321307e+00
5.158354661777614147e+00
5.107627923780592383e+00
5.040860292534829590e+00
5.103816367954190802e+00
4.972361311373672876e+00
5.051027112759510551e+00
5.034286234198869892e+00
5.035466597128237076e+00
5.044326830704259912e+00
4.995391896112381325e+00
5.128268798009350427e+00
5.124639278310758606e+00
5.106376633126086695e+00
5.101329332743736344e+00
4.979682247399717987e+00
5.012615839070248214e+00
5.037384958546670788e+00
4.935322546552790790e+00
4.925797211475290815e+00
5.006663149896096066e+00
4.961229710906874146e+00
4.960603240082668286e+00
4.969163249481952427e+00
4.932734974722753130e+00
5.002554469814192828e+00
5.001459393933916253e+00
4.995249474079822782e+00
5.068887802626560912e+00
5.025410268719514129e+00
5.116135170168606194e+00
5.139856925319722158e+00
5.059206118507082017e+00
5.093413308400647210e+00
5.026002106424026117e+00
4.985663905038841826e+00
5.091760753243501192e+00
5.032362558673170838e+00
4.939479273466650611e+00
4.990536561330270793e+00
4.957908811046417341e+00
4.914682348128992295e+00
4.927411681641945762e+00
4.910720937612191861e+00
4.796860658590358817e+00
4.936317957194146011e+00
5.013762014658991184e+00
4.947273929055101327e+00
4.999410823873623677e+00
5.097201955541570406e+00
5.150664027535783340e+00
5.085894189911297936e+00
5.015838547335008002e+00
5.054910838492790326e+00
5.102177922120628928e+00
5.102595514524665532e+00
5.127018366096318225e+00
5.081288125699029656e+00
5.079415978482828997e+00
5.109119752356917843e+00
5.105208139160842151e+00
5.056743416196860075e+00
5.142529202660571563e+00
5.054564211449997124e+00
5.029119144648824147e+00
5.079195938006394684e+00
5.081708353160594882e+00
5.005557464263211465e+00
4.965883632890655264e+00
5.048841986630265843e+00
5.128719562958784728e+00
5.211246950723844584e+00
5.061383520916615808e+00
5.158925582904744900e+00
5.085044151413385727e+00
5.085836330938618310e+00
5.018328906791436950e+00
4.911103594115047599e+00
4.949644039066480872e+00
4.967882592515527662e+00
4.981705216894400934e+00
5.100775631656511599e+00
5.070164356605920908e+00
5.009329529454099372e+00
5.071512781551509974e+00
5.030043803567261662e+00
4.975122005523617830e+00
5.086557543574139473e+00
5.139240023931887613e+00
5.054691894874760116e+00
5.069208749860345975e+00
4.993259900914541305e+00
4.988554711728119706e+00
4.962053701874338252e+00
5.063562071364992256e+00
5.118009446804419049e+00
5.112062903869333930e+00
5.112738219498998760e+00
5.102731946688065179e+00
5.170321162893029232e+00
5.158468546966327395e+00
5.139060847442005198e+00
5.134266789700530964e+00
5.061044773398113428e+00
5.059927316425097743e+00
5.053974649881167736e+00
5.029795149435599910e+00
5.071241570949362121e+00
5.017493503134596189e+00
5.030490647083467159e+00
5.057499595462632946e+00
5.113344057392850139e+00
5.078844701034266329e+00
5.051252591424935545e+00
5.150735626159537617e+00
5.134868887986233865e+00
5.131736200340942133e+00
5.178632143253786069e+00
5.060199278557412583e+00
5.028387958728684382e+00
5.052010632122373224e+00
5.052980312910107408e+00
5.099189343409022079e+00
5.192534025136206211e+00
5.197578748376016300e+00
5.143192129914119448e+00
5.171345055171395977e+00
5.152666750635101600e+00
5.125428323924134055e+00
5.126387124728774225e+00
5.196373150331935697e+00
5.239140193741787854e+00
5.131352499479931772e+00
5.059383061687959149e+00
5.096730929049878789e+00
4.999785477179095494e+00
5.052764873249317112e+00
5.093868764628823875e+00
5.096900638727634991e+00
5.074430716689189325e+00
5.113011938559808733e+00
5.065903226889384214e+00
5.024302767214278376e+00
4.984635160827972200e+00
5.020560929475553991e+00
5.046384087750940495e+00
5.104991668974323105e+00
5.040801409528229193e+00
5.116220209732419200e+00
5.040572163721376064e+00
5.050352334992157743e+00
5.070986414418622523e+00
5.052565526125190054e+00
5.020613534807193190e+00
5.038672158140721002e+00
5.196765796765591361e+00
5.266344083963731215e+00
5.283688909931842481e+00
5.192564112824080702e+00
5.233412000765711447e+00
5.252616031282629550e+00
5.137286162892646502e+00
5.035340194205891962e+00
4.979645533306738869e+00
5.017816923650519456e+00
5.064838317564787751e+00
5.102466890684620893e+00
5.093776394876714519e+00
5.067570430833945316e+00
5.065149451999777064e+00
5.121271739165980996e+00
5.115983221737147701e+00
5.092842811679386017e+00
5.129758594964145324e+00
5.101706953186666560e+00
5.018635689786930421e+00
5.038288078417566318e+00
5.085186000599987821e+00
5.169581897759032429e+00
5.246858704700659182e+00
5.168892814862102725e+00
5.206685403122577327e+00
5.211062817226510546e+00
5.162108513910241392e+00
5.115891583701982270e+00
5.103485819889285402e+00
4.992233518731691966e+00
4.990053231171424741e+00
5.030541258279456862e+00
5.112384894778993605e+00
5.095128498234394065e+00
5.221256445164969229e+00
5.186422411812789512e+00
5.100673678247298781e+00
5.103463844763011181e+00
5.136137315019020377e+00
5.182880145505263769e+00
5.155516145878870304e+00
5.107738477394192067e+00
5.057991427985532695e+00
5.029527352596465661e+00
5.183082875057708705e+00
5.150863573897542125e+00
5.100883491869439901e+00
5.158452195789350547e+00
5.113998328669688398e+00
5.076026005828861543e+00
5.057138078200021702e+00
5.119115806303287997e+00
5.035945113643103710e+00
5.022413742371997003e+00
5.020582601456678340e+00
5.100202464114633294e+00
5.081928828462285885e+00
5.074263453105944066e+00
5.007927447846006963e+00
4.990288554119217679e+00
5.093555743008242764e+00
5.112696768674271475e+00
5.011506850063555341e+00
4.988263822609176223e+00
4.934006828355288476e+00
4.905483869966823285e+00
4.985399916793424424e+00
5.085219284423556196e+00
5.064858331201586239e+00
5.030835619091919675e+00
4.928969851983300288e+00
5.056898968709465869e+00
5.022641948432895909e+00
5.063169183972566323e+00
5.206749910298113626e+00
5.125004516479306993e+00
5.137396230253737706e+00
5.115564623322232052e+00
5.042503689030511715e+00
5.084848594519652210e+00
4.986757473042315425e+00
4.984958419450898681e+00
4.979654055176325755e+00
5.031436943076729840e+00
5.034506732072958179e+00
4.944449745053836942e+00
4.998092885288416554e+00
5.073988443534442006e+00
4.986391039591303809e+00
5.033244733702240126e+00
5.036272050780736365e+00
5.025355739040776371e+00
4.960633979373855418e+00
4.929188190051428720e+00
5.071412912725737243e+00
5.077175358787433090e+00
5.018452197775987500e+00
5.042694212642322427e+00
5.048029955422627779e+00
5.136857426185363451e+00
5.081371126121466908e+00
5.080591049628459643e+00
5.107816133292413241e+00
5.049237032638766998e+00
4.997947822913577198e+00
5.118303309233140475e+00
5.133018994374737964e+00
5.191318976581414724e+00
5.196455611686506160e+00
5.182496982267586816e+00
5.168688057236694888e+00
5.171874211949632816e+00
5.173532107283703496e+00
5.126107813248030887e+00
5.148879304143688884e+00
5.094728781909219961e+00
5.106162233257590444e+00
5.087124980022088572e+00
5.043905841799510625e+00
5.040408925723003364e+00
5.065564518559890317e+00
5.125510158346067158e+00
5.107277714249688572e+00
5.130917365271903563e+00
5.087106241607479262e+00
5.051624184790397543e+00
5.003174035648586759e+00
4.958907074393262171e+00
4.906894757855522649e+00
4.965427913474046662e+00
5.025274885487549525e+00
5.090444938351817328e+00
5.099112651175922828e+00
5.074027435589005819e+00
5.081817520651846110e+00
5.132198516277941103e+00
5.123161153714209881e+00
5.090069790882481904e+00
5.082539222475022100e+00
5.083811385864430932e+00
5.093366342546798542e+00
5.037573123093353367e+00
5.002931802674339679e+00
4.987352272163884770e+00
5.069821879676071674e+00
5.010200703487964979e+00
5.042771293182060077e+00
5.058770622606924228e+00
5.038393903603447299e+00
5.024725668308410498e+00
5.067373032430323221e+00
5.080661265927439274e+00
5.042175919408964369e+00
5.075823714278342003e+00
5.107746322455058774e+00
5.150151079976821755e+00
5.138069699541133240e+00
5.147372214307432969e+00
5.045876166107238880e+00
4.995338155478560971e+00
4.980303091616101518e+00
5.002694552322595634e+00
5.006302964448837933e+00
5.068861489416101485e+00
5.070674214358565912e+00
5.096390706377992963e+00
5.086312145681585406e+00
5.032846863650134672e+00
5.112453934422065416e+00
5.066475305020599507e+00
5.049622635131058246e+00
5.040640144413822910e+00
5.101222648415930649e+00
5.040291557390011334e+00
5.053668903999547268e+00
4.967446801965473391e+00
5.082703707660335191e+00
5.000602117611773423e+00
5.084730960774445307e+00
5.090790559673611604e+00
5.127487362495784851e+00
5.023740255156335266e+00
5.020368360742168967e+00
5.109311863068282555e+00
5.060338911991397737e+00
5.054979658578462320e+00
5.025737181293070677e+00
4.922446098043035789e+00
4.942423428978252709e+00
4.948523116393438670e+00
4.993828218597768043e+00
4.963934707598400387e+00
4.939249046040824709e+00
4.974089901245773326e+00
4.984349126064619107e+00
5.060992880826417739e+00
5.023896868547759631e+00
5.100066932260838293e+00
5.058884525087998796e+00
5.087304769841153096e+00
5.107651400226894012e+00
5.152755924391648534e+00
5.200717225295949930e+00
5.117907647765150614e+00
5.064644241528996282e+00
5.048260701459670763e+00
5.057298066784475132e+00
4.976174691201357803e+00
5.109834718891109517e+00
5.162597329928018119e+00
5.100149759804980754e+00
5.195205369012418473e+00
5.209096862393228555e+00
5.202607276540978098e+00
5.182676072777762322e+00
5.234692557155094406e+00
5.162704865452500513e+00
5.164448418058422696e+00
5.237212196326880509e+00
5.124691790601352714e+00
5.166123268774108546e+00
5.117837138973369449e+00
5.181836244813155190e+00
5.076381792798370540e+00
5.103650589566862905e+00
5.084099705935900104e+00
5.039638233854538463e+00
5.090746742249528722e+00
5.043191470700987722e+00
5.115738192630040260e+00
5.084452346791294097e+00
5.182049626518770324e+00
5.184194118828247433e+00
5.213834976772866447e+00
5.151047367311778480e+00
5.064314362467355224e+00
5.097299061994994496e+00
5.025866019626215930e+00
5.071459926441704624e+00
5.050114052726735636e+00
5.054287116217047071e+00
5.029769485161716069e+00
5.036565543775855858e+00
5.110416473113232882e+00
5.068863434217787400e+00
5.171881657056496273e+00
5.183687258499931616e+00
5.157775226317171224e+00
5.053891772400306515e+00
4.983856804879484237e+00
5.133810915562800226e+00
5.043898255503816763e+00
4.979214280970789552e+00
5.016211704818198669e+00
5.081989634415782220e+00
5.121361035989183463e+00
5.121646748451858855e+00
5.082149125331373973e+00
5.076278401061565582e+00
5.051906286383736067e+00
5.044780378336112925e+00
4.982038214911816532e+00
5.016287736907755423e+00
4.994191829253773918e+00
5.067883957140984386e+00
5.055473139113035863e+00
4.907242306479409955e+00
5.033977602720010935e+00
4.956470080236885956e+00
5.075320923836516229e+00
5.068263212950959051e+00
5.094527415467539733e+00
5.019338483589834254e+00
5.024532172401811714e+00
5.066120912907837059e+00
5.058683960714367878e+00
5.043089536854120425e+00
5.027899440505887441e+00
5.106309722579817745e+00
5.157119724467778887e+00
5.149970262531420317e+00
5.094271683565631648e+00
5.032248919543763854e+00
5.037368653109568939e+00
5.071301019734003823e+00
5.101823540689381709e+00
5.137046101872503101e+00
5.136566872663052230e+00
5.143973933469981219e+00
5.104165908319256317e+00
5.086478013104857254e+00
5.029419254266210615e+00
5.057281576946151880e+00
5.039319046964381599e+00
5.054600722494339671e+00
4.996692552494832462e+00
4.997436461964376520e+00
5.071066281380013585e+00
5.056937911821249187e+00
5.115398563537015164e+00
5.062528735193632556e+00
5.030193481953216583e+00
4.975445063443676652e+00
4.931560059985380384e+00
4.913178111176899954e+00
4.942320281298052009e+00
5.041733322131889850e+00
5.035822573884742859e+00
5.036384567792099531e+00
5.029658841607340669e+00
5.037973247746691641e+00
5.027549388789394058e+00
5.074128266440444790e+00
5.096482470973233703e+00
5.072090141955068354e+00
5.109981627223856293e+00
5.090195880494765568e+00
5.184424727366886643e+00
5.112075690625821345e+00
5.076148820831962283e+00
5.014848699903651230e+00
5.001029861776892460e+00
5.094395162859862936e+00
5.059574528232387181e+00
5.209252480055378776e+00
5.157551940160606030e+00
5.152001678715878441e+00
5.149605864090352370e+00
5.109050969240174211e+00
5.067160562951318781e+00
5.020301753146424240e+00
5.085353070613647830e+00
5.072074006880604280e+00
5.190587285654237881e+00
5.159640040459501087e+00
5.183456288928275590e+00
5.133688768426040383e+00
5.239370276834692142e+00
5.173432864096794148e+00
5.133260258127430475e+00
5.095587062334915984e+00
5.060000439896240820e+00
5.110862071789244787e+00
5.081146349562755127e+00
5.098895817354605953e+00
5.123556380432692237e+00
5.031406951537639394e+00
5.044016888981982305e+00
5.030937805025193832e+00
5.089758545402697898e+00
5.069693131942084818e+00
5.134688777891524225e+00
5.097938158967009414e+00
5.172416030543683263e+00
5.217894414704473682e+00
5.145022300721876718e+00
5.228772471929379329e+00
5.158765701131079240e+00
5.140564423127873539e+00
5.147217902346963747e+00
5.116437260864779901e+00
5.132878942792868493e+00
5.167344778477091616e+00
5.046792503251597672e+00
5.038386151905285715e+00
5.024291399265869984e+00
5.063525607385088279e+00
5.091787242547646031e+00
5.121857878377078954e+00
5.133562699166010823e+00
5.084015807013932076e+00
5.135785257377995627e+00
5.137345022050319621e+00
5.141702930247324943e+00
5.181740117843167681e+00
5.097672303410529793e+00
5.089938321553301392e+00
5.038836737177425640e+00
5.136257153724350211e+00
5.097714319078410661e+00
5.111096858973124490e+00
5.094722477667239957e+00
5.007320548960016104e+00
5.054203778923292312e+00
5.179773706572976977e+00
5.115923458034268734e+00
5.204150785619916064e+00
5.076568026552451762e+00
5.039637623735965910e+00
4.921484396133225303e+00
5.038356427013899186e+00
4.999730082803352182e+00
4.978954143544011224e+00
5.062631225891082387e+00
5.043080514763290445e+00
5.021634864749903393e+00
5.073022405280545044e+00
5.164176924807645896e+00
5.105356242572280934e+00
5.137974331389285609e+00
5.110362399632049524e+00
5.063416841032597482e+00
5.052872545562331119e+00
5.118759372519019912e+00
5.155994572504480900e+00
5.127719296713811659e+00
5.140306977094144081e+00
5.110509421489187076e+00
5.054373874882340800e+00
5.070456763441106851e+00
5.093664422423053395e+00
5.102514504558802955e+00
5.137058314858945707e+00
5.185706550167465956e+00
5.134740940641048468e+00
5.078198078871630550e+00
5.106920642306761238e+00
5.185867887100911844e+00
5.168499623064424675e+00
5.174202681581006047e+00
5.163098122286691627e+00
5.038983307642795673e+00
5.021522788255938785e+00
5.011372003983638024e+00
5.093959965647709254e+00
5.124796040624549853e+00
5.128652141083907878e+00
5.137204334530705907e+00
5.128878053026532768e+00
5.142813746820117160e+00
5.133825585563551286e+00
5.057314997213966379e+00
5.079951257218168870e+00
5.079426687277930341e+00
5.038750000287043562e+00
5.068171379398660470e+00
5.118044153938449803e+00
5.144158002807307284e+00
5.111456725455303385e+00
5.013089661814500886e+00
5.110936750997786326e+00
5.078512362641081523e+00
5.077018402643152406e+00
5.119466783226090278e+00
5.132582981453749582e+00
5.147616671932834898e+00
5.154265747670046416e+00
5.059883463439128093e+00
5.039111641957715548e+00
5.042851937508684657e+00
5.113812553372972580e+00
4.999706173138083187e+00
5.007297843218285749e+00
5.068425777921608422e+00
5.077025913187910078e+00
5.086205363167076499e+00
5.226670374753469517e+00
5.188575423812133103e+00
5.149628924353563342e+00
5.119861211206147900e+00
5.079341129661983700e+00
5.037834813762097852e+00
5.108517805638816967e+00
5.087961196048230939e+00
5.111850107104314311e+00
5.088247944560553293e+00
5.080358858826519608e+00
5.167725121779910502e+00
5.156148297920020163e+00
5.176116183618928446e+00
5.149662785282258071e+00
5.127456324829927858e+00
5.095284637631332103e+00
5.145231947894664870e+00
5.216124309270765202e+00
5.127919112282662617e+00
5.122224229335794021e+00
5.098978905855084065e+00
5.077876344840959177e+00
4.976788757166082711e+00
5.055911644919180326e+00
5.021913897720557962e+00
5.033200363911075392e+00
5.005337891792344784e+00
5.083875003595687225e+00
5.044614934873462353e+00
5.010494381937149022e+00
5.022213422251827097e+00
4.963951882464753496e+00
5.080724056680334222e+00
5.104359138996504619e+00
5.030025428708672308e+00
4.993887358693635647e+00
5.021677285639317923e+00
4.991655814967803195e+00
4.988004902409195473e+00
4.985528905929472288e+00
4.959521196442866042e+00
4.972501682132677736e+00
5.017997663254547547e+00
5.042484218327156320e+00
4.976578583131149536e+00
4.961730633813414393e+00
4.978771311130723909e+00
4.950016100160908650e+00
4.963760322358481858e+00
5.023762593268896737e+00
5.044449626926236441e+00
5.107964049935188378e+00
5.052522580909509564e+00
4.997996397034388139e+00
5.141897634206305412e+00
5.172027028175179453e+00
5.089295389666338210e+00
5.040092358516494286e+00
5.060944490502030213e+00
4.977030851765259278e+00
5.035831441131490394e+00
5.094066243434754782e+00
5.035395355022987296e+00
4.981798829255470018e+00
5.020940446453021622e+00
5.082744140932958565e+00
5.101325083620380951e+00
5.110105619219059925e+00
5.052285809998437571e+00
5.017236378516551021e+00
4.989918563575280075e+00
4.938059969597976107e+00
4.985341339636281788e+00
5.056186380394757762e+00
5.076543265689213769e+00
5.130459648945204343e+00
5.090420282902766047e+00
5.030077922845793026e+00
5.043490225043449904e+00
5.052865861468381681e+00
5.106026555496953279e+00
5.073322811031396817e+00
5.164276351161379175e+00
5.157527900061176673e+00
5.152090576377861275e+00
5.012521108996214281e+00
5.008846419809917627e+00
5.050583538911050496e+00
5.115386911801322434e+00
5.065469187158323727e+00
5.117378206144899799e+00
5.150757075780572514e+00
5.145525494138685652e+00
5.093332871682221707e+00
5.153977875513218621e+00
5.157847365988811994e+00
5.043997958465312514e+00
5.121177339875859325e+00
5.129734091228769444e+00
5.013414186490722457e+00
5.110822506314972813e+00
5.122231686284783869e+00
5.164221704856550410e+00
5.128324287088181777e+00
5.064556951883082192e+00
5.067269065821004226e+00
5.057589163343630290e+00
5.122467424010043402e+00
5.033651358268763865e+00
5.045075921141669362e+00
4.963156940635358616e+00
5.022961691056227806e+00
5.102657037420622821e+00
5.070509769912386666e+00
5.127085185797175981e+00
5.066987124904760442e+00
5.071919170643984565e+00
5.054144065452377710e+00
5.117932332071877255e+00
5.045131495527711785e+00
5.079250076976443040e+00
5.043436437734885480e+00
5.079432345129999860e+00
5.068194216257704277e+00
5.003880894722160910e+00
5.171892642790455241e+00
5.196569626318169099e+00
5.179300155595185196e+00
5.066103115266511914e+00
5.127036942890467408e+00
5.100000975207910514e+00
5.185793628673507349e+00
5.079687204623146712e+00
4.988060297148939171e+00
4.976612981861928020e+00
5.020412037271666961e+00
4.955749451220452073e+00
4.928897898478785677e+00
4.990003108078925109e+00
4.994561072481223718e+00
5.001456316480867414e+00
4.941778301041313881e+00
4.944067202109678760e+00
5.017176759685668230e+00
5.070219671926372129e+00
5.119442843121047915e+00
5.171098557727957790e+00
5.127685876063622139e+00
5.135582978969039480e+00
5.166897255503874575e+00
5.178726446981336551e+00
5.115649685297455562e+00
5.051576661124436818e+00
5.038448457517564982e+00
5.026136342426214654e+00
5.065374532371083482e+00
5.129336654586063915e+00
5.066859099193345095e+00
5.133483599140750364e+00
5.040731023602722516e+00
5.068713529514339733e+00
5.097044882498622975e+00
5.045052465986952228e+00
5.070485883598935928e+00
5.125010262035177178e+00
5.006099416543825065e+00
5.065887866245163629e+00
5.061599099770491605e+00
5.035589705618557232e+00
5.012874137792992180e+00
5.038701137200808589e+00
4.962611075492185719e+00
5.130437745557726359e+00
5.099732606151930803e+00
5.017870052982125628e+00
5.063178704659207163e+00
5.024677811112293391e+00
5.077271153480050536e+00
5.080004840906415353e+00
5.040685023913453300e+00
5.018172607306489397e+00
5.069147326359466632e+00
5.065742166055333229e+00
5.151991039514684623e+00
5.103502747558595232e+00
5.066720973221987556e+00
5.114125974000458541e+00
5.070736306379561853e+00
5.072584175623449099e+00
5.084567841801827193e+00
5.195971886995489619e+00
5.071333872062681714e+00
5.105569784553871671e+00
5.148055725290629603e+00
5.139742117261606680e+00
5.112314490187666038e+00
5.115527094693832488e+00
5.062735238554780359e+00
5.080230664378720284e+00
5.114181594492015037e+00
5.165826345052222379e+00
5.151419342614856234e+00
5.119487842701328617e+00
5.105096274563618586e+00
5.107792633327913556e+00
5.118364513484301881e+00
5.046452457312860851e+00
5.150142882110951170e+00
5.155280296210251301e+00
5.190051306737511361e+00
5.130299670855870353e+00
5.114345386977131369e+00
5.179692567110784296e+00
5.168607534395698089e+00
5.134788460291968448e+00
5.142771665141442128e+00
5.112281325282580724e+00
4.992164263759139686e+00
4.998666639627955099e+00
5.038644464920545296e+00
5.102217357724531333e+00
5.136282219869354293e+00
5.017880468460893972e+00
5.096586739744517480e+00
5.138066190671308320e+00
5.025858367151894157e+00
5.031237040769315882e+00
5.052703163399772102e+00
5.068309001192652374e+00
5.148413985154820516e+00
5.213076355938595974e+00
5.056626850297685216e+00
4.940111043467091179e+00
4.956321570652884922e+00
5.009290602132143277e+00
4.957079597508403879e+00
5.034236275679727868e+00
5.037983549123980609e+00
5.044367881923236929e+00
5.035717763124425872e+00
4.972120603507576675e+00
5.047152033881659783e+00
5.115163592175700380e+00
5.101263589075732519e+00
5.067715326753408966e+00
5.098829754292805383e+00
5.168025090550851353e+00
5.111185901160319567e+00
5.132241581733632430e+00
5.167030884062389084e+00
5.150328684005477164e+00
5.165645504001942001e+00
5.195004604515884417e+00
5.235630352351500427e+00
5.229357112408962394e+00
5.097291931044466651e+00
5.103058505559187275e+00
5.152566358961522042e+00
5.155445051895373609e+00
5.111123766078291553e+00
5.150198536739979183e+00
5.039821533533827669e+00
5.077778711472642037e+00
5.016169303047927741e+00
5.039884849648907483e+00
5.100058132336847017e+00
5.032100880407242016e+00
5.138976921972044032e+00
5.122958618374938489e+00
5.018112835048901488e+00
4.980617796116709961e+00
5.028178572582087114e+00
5.039952902481399377e+00
5.011650664351861018e+00
4.984416939491432608e+00
5.014656958020003330e+00
4.968520936837421687e+00
4.931491130669825473e+00
4.995753017836580767e+00
5.072482010298891453e+00
5.089558592504586088e+00
5.101956428487100403e+00
5.047728049899020242e+00
5.009428219609469934e+00
5.060007518110283264e+00
5.062587200680111366e+00
5.147072806405436296e+00
5.080416158516172231e+00
4.980656836403205112e+00
5.039124498803159824e+00
5.129605595510859928e+00
5.062634187538707309e+00
5.067049633663913255e+00
5.035724464391547528e+00
5.079591093664857837e+00
5.148093461248696379e+00
5.108570560186280751e+00
5.171026107126767357e+00
5.239794188911240269e+00
5.196146377686824636e+00
5.151578358288440462e+00
5.179944622697465917e+00
5.123229259664787705e+00
5.082897679224381626e+00
5.071917238939463779e+00
5.090512545579478854e+00
5.095497928448264879e+00
5.095511473279152881e+00
5.043039875694717900e+00
5.057637077514487878e+00
5.119178414619814710e+00
5.102576117583875970e+00
5.175447772558882775e+00
5.120281576240444110e+00
5.114799357961303805e+00
4.995781818942759855e+00
5.013707130461228623e+00
5.054330437609312554e+00
5.036369137623497139e+00
4.974602866536423029e+00
4.975434721652487902e+00
4.978141586614281522e+00
5.038777934063170427e+00
5.018327630737597467e+00
5.040256810478826566e+00
5.068407906357085047e+00
5.135624512564000099e+00
5.107211435549594114e+00
5.142019449029391787e+00
5.148881643886366710e+00
5.132167723090105049e+00
5.112983240410883923e+00
5.171117648707243220e+00
5.146442078900087758e+00
5.115874675349310507e+00
5.143605895553947427e+00
5.180372205317224754e+00
5.170749516852664485e+00
5.162368321088834477e+00
5.126418621549297505e+00
5.144798356762970037e+00
5.189609109848283275e+00
5.113579189886674037e+00
5.170379335762991246e+00
5.144689320475067440e+00
5.073967566910974725e+00
5.056060562750303689e+00
5.043843478213425158e+00
5.084371311967965212e+00
