3.333333333333333148e-01
4.761904761904761640e-01
5.994291151284490970e-01
7.070775026910656180e-01
7.769056340484912226e-01
8.295431264085227907e-01
8.396153421023543340e-01
8.718188185851039051e-01
8.694007079213963429e-01
8.699562469615945703e-01
8.649789029535864815e-01
8.758903778824097541e-01
8.945263684078980093e-01
8.878017789072426558e-01
8.820358530775981309e-01
8.908772368915028883e-01
8.905403703237183555e-01
8.924257674886764136e-01
8.774314214463840855e-01
8.905466399197592420e-01
8.868692004576077537e-01
8.733657078819574426e-01
8.966431095406360852e-01
8.854540790148793805e-01
9.086532205595315714e-01
9.032517061421115878e-01
8.918989661039130601e-01
8.873672084986561348e-01
8.589268051434223450e-01
8.870947861456921490e-01
8.815822945815313672e-01
8.753761283851554387e-01
8.742004264392324586e-01
9.010041194644695661e-01
8.731744811683320728e-01
8.735231936326327551e-01
8.862948006057547179e-01
8.809584178498985896e-01
8.831987891019172920e-01
8.885044213763937382e-01
8.927178153446033715e-01
8.790322580645161255e-01
8.895541401273885374e-01
8.738750158448472805e-01
8.674668976611805693e-01
8.722537645025919550e-01
8.718870028497088809e-01
8.853551225644248346e-01
8.896402143403929763e-01
8.704488778054862985e-01
8.754628486793384345e-01
8.753421249066931642e-01
8.855527638190954232e-01
8.681114551083591868e-01
8.701566865055265776e-01
8.793759980346395055e-01
8.754519386610147835e-01
8.731785626080513785e-01
8.797861760318249624e-01
8.772698810269254910e-01
8.861174099269337745e-01
8.927973199329983789e-01
8.825645637928819509e-01
8.934500064341783787e-01
8.822158943826041710e-01
8.764743183259353643e-01
8.699837479684960906e-01
8.651311737898755849e-01
8.740685543964232807e-01
8.800557880055788207e-01
8.919340174048577818e-01
8.912756984712704167e-01
8.958333333333333703e-01
8.934919150073500349e-01
8.837178467250066394e-01
8.834339721711735871e-01
8.776464475905961793e-01
8.799378318870613169e-01
8.799220272904483275e-01
8.649028629856850836e-01
8.668941979522184482e-01
8.741544352265475659e-01
8.603070727410017104e-01
8.594427244582043546e-01
8.837090163934425702e-01
8.869679109364767555e-01
8.871328855524825974e-01
8.906270714569799463e-01
8.882282996432817601e-01
8.827468487394958263e-01
8.798389191997921799e-01
8.772246582409078952e-01
8.864402385273528751e-01
8.940990516332981697e-01
8.677792041078306040e-01
8.859959555106168283e-01
8.760383386581469534e-01
8.762470008839500224e-01
8.903110200947139674e-01
8.631831377003660322e-01
8.883293465944857026e-01
8.783627236452568043e-01
8.688483322844556822e-01
8.739251390996459756e-01
8.922673656618610449e-01
8.955164131305044517e-01
8.695822454308094196e-01
8.850634222107170990e-01
8.860559863319752427e-01
8.804900299752378423e-01
8.752092723760463988e-01
8.895084943587083792e-01
8.796972860125260585e-01
8.877040547656661618e-01
8.890959925442684098e-01
8.681937172774869538e-01
8.694202154951257144e-01
8.764599013755515200e-01
8.771906707076031484e-01
8.819178444062871769e-01
8.903632220881919634e-01
9.048009848173984571e-01
8.981137271100095854e-01
8.982446516730663300e-01
8.900502239717660302e-01
8.864640514125050608e-01
8.719263642340565612e-01
8.766013071895424336e-01
8.802442910249601571e-01
8.804449805656078265e-01
8.781991156371432572e-01
8.688696564384998933e-01
8.576180120250735950e-01
8.690843621399176877e-01
8.699452126271849384e-01
8.767484824491950102e-01
8.805268109125117260e-01
8.765597745874144087e-01
8.717336516779413680e-01
8.839489590329080437e-01
8.685414424111947973e-01
8.881676808654496158e-01
8.762099522835719023e-01
8.898744541484716608e-01
8.908387453364653430e-01
8.878954607977991298e-01
8.795164357511545683e-01
8.919731984137836411e-01
8.892409422785507722e-01
8.684316085038106259e-01
8.780166161149940418e-01
8.665257037134928009e-01
8.742578176540440893e-01
8.631909055272442011e-01
8.642071197411003158e-01
8.701298701298700866e-01
8.840445269016697916e-01
8.786381842456608693e-01
8.636127692706981884e-01
8.669975817742140434e-01
8.734421174354362050e-01
8.743353650628971074e-01
8.945695364238410718e-01
8.760863839873583858e-01
8.765544041450776813e-01
8.758220502901353788e-01
8.799688230709274972e-01
8.718842825778122529e-01
8.769389865563598230e-01
8.863456985003946853e-01
8.814391927774827273e-01
8.850099933377748584e-01
8.704731694422416233e-01
8.722157092614302165e-01
8.803587917161324050e-01
8.844866818364341965e-01
8.841184387617765372e-01
8.666490625825191696e-01
8.637356986759223698e-01
8.885254481224650336e-01
8.835378868729989454e-01
8.929963704799032120e-01
8.917232021709633472e-01
8.817707636752708522e-01
8.946303291958985771e-01
9.026450630106633843e-01
8.897886357397749579e-01
8.956141549391993806e-01
8.963531669865643092e-01
9.021648626144879168e-01
8.947880472550382436e-01
8.851479771925061524e-01
8.951010991993486599e-01
8.898109100802611415e-01
8.686362437351622390e-01
8.723047127178824578e-01
8.809679529103989770e-01
8.747200632327756242e-01
8.746397694524495892e-01
8.629323696437790625e-01
8.748383760020688182e-01
8.649592549476134984e-01
8.708317362974319353e-01
8.648235444005605288e-01
8.726366888094021501e-01
8.840109105078581830e-01
8.820606694560669814e-01
8.855042016806722316e-01
8.712258064516128497e-01
8.698284561049445252e-01
8.916160702751582123e-01
8.735856418259851930e-01
8.827470686767169283e-01
8.821391484942886496e-01
8.766326134747187693e-01
8.855959622104309092e-01
8.781725888324872775e-01
8.659701872850044113e-01
8.796590764533774864e-01
8.787566103443827936e-01
8.631352173362057956e-01
8.957874270900842983e-01
9.028586912342501103e-01
8.934879331266010194e-01
8.992757510729614268e-01
8.849380743108270497e-01
8.774528914879792252e-01
8.885121919415830405e-01
9.018454132120887756e-01
9.098865034869411117e-01
8.960140997830802201e-01
8.869944488501189106e-01
8.653797307594615074e-01
8.714339105518873474e-01
8.758368068712896193e-01
8.774889029803424334e-01
8.723889099886061871e-01
8.741479424387781361e-01
8.991313367042654825e-01
8.935436828847937996e-01
8.760139049826187740e-01
8.784916201117318746e-01
8.793586154237719166e-01
8.895176848874598585e-01
8.812556284574810661e-01
8.814918533604888529e-01
8.980809128630705684e-01
8.817887232663642605e-01
8.918185343156261879e-01
8.704530950861518734e-01
8.855444542810168018e-01
8.751749586461381458e-01
8.761904761904761862e-01
8.896525391370752045e-01
9.078341013824884342e-01
8.834028139656070477e-01
8.801165885185654458e-01
8.745014955134595702e-01
8.711564795219718382e-01
8.677451222524079633e-01
8.615722656250000000e-01
8.806747705284048156e-01
8.798836768238715855e-01
8.806673458991339798e-01
8.794888178913737864e-01
8.677602523659305733e-01
8.796167906214547028e-01
8.838136901698404602e-01
8.753981398904319144e-01
8.797500637592451378e-01
8.743288161595499375e-01
8.776859504132231704e-01
9.079592107005695079e-01
9.034013605442177131e-01
8.801424050632911111e-01
8.789540816326530948e-01
8.748887476160203125e-01
8.753791708796764270e-01
9.042981430982989233e-01
9.016985421960679314e-01
8.913300881462965508e-01
9.119946984758118269e-01
9.082568807339449490e-01
9.108683926645091411e-01
8.934231378763867193e-01
8.909823284823285006e-01
8.683782091421414773e-01
8.825416409623688674e-01
8.659362304567278512e-01
8.709130540082344885e-01
8.611512524084778963e-01
8.730447435431065717e-01
8.859353550480468797e-01
8.848346636259977194e-01
8.876390293225480121e-01
8.892421159715158119e-01
8.866675155991340374e-01
8.934593765968318335e-01
8.802334432885055016e-01
8.813857160788250988e-01
8.821603927986906291e-01
8.867637745408486483e-01
8.848160875652284485e-01
8.855452027197179277e-01
8.875456491625739464e-01
8.730001240233163928e-01
8.780188794900085636e-01
8.873362445414847421e-01
8.878197011901747260e-01
8.908928114607316262e-01
8.960113960113960108e-01
8.847726111394992321e-01
9.102498068503733775e-01
8.816583237068412737e-01
8.897067997504678472e-01
8.980907826526741689e-01
8.913319776309099884e-01
8.871230133900638304e-01
8.746597376886908748e-01
8.932014833127317477e-01
8.799053195465305066e-01
8.780577299412916092e-01
8.822953627798849618e-01
8.828950602113541102e-01
8.758882626807155125e-01
8.904549950544016212e-01
8.828614382360310264e-01
8.832405689548546990e-01
8.814126394052044233e-01
8.798516687268231884e-01
8.764531288647043894e-01
8.843656343656343122e-01
8.833206783092888426e-01
8.903119452193760663e-01
8.762588116817724426e-01
8.770991416842890409e-01
8.890849508444668148e-01
8.784765722876471949e-01
8.801250000000000462e-01
8.737417671181806345e-01
8.679083445656169404e-01
8.721130221130221072e-01
8.749069247952345751e-01
8.753120319520718562e-01
8.665761540360404913e-01
8.760197775030902356e-01
8.897617840851494986e-01
8.965829666062645753e-01
9.004863941106875380e-01
8.853246753246752920e-01
8.846498527717321370e-01
8.837806600744830821e-01
8.858681713259810575e-01
8.846402273608060529e-01
8.797786072853649442e-01
8.888458058679075124e-01
8.731276405069773316e-01
8.776804973988072689e-01
8.769780500255232036e-01
8.664491025480105524e-01
8.717597208374875395e-01
8.679459664183815093e-01
8.972620599739243863e-01
8.862540192926045002e-01
8.749347939488784087e-01
8.775035534306757645e-01
8.993359893758300361e-01
9.050171821305842412e-01
8.916222495558289163e-01
8.868826340945300535e-01
8.931715124033074993e-01
8.889778489458233235e-01
8.839984091210393302e-01
8.732191870343746221e-01
8.865257595772787491e-01
9.081702477076776248e-01
9.048017867113344881e-01
8.975978037062457560e-01
8.932051976177585173e-01
8.816473410635745633e-01
8.888156159324716032e-01
8.922788706008296655e-01
8.856103476151980791e-01
8.765432098765432167e-01
8.722708850830174221e-01
8.831478537360890613e-01
8.637555730396013765e-01
8.739932449987010132e-01
8.676681907250163306e-01
8.667623646091608958e-01
8.828877005347594009e-01
8.657290699217194963e-01
8.571428571428570953e-01
8.847417531870154228e-01
8.983331037332965563e-01
8.832599118942731087e-01
8.767747120278596151e-01
8.877400295420975196e-01
8.689417076085512726e-01
8.785329301958721970e-01
8.814308681672026191e-01
8.726182544970020327e-01
8.739918021948962501e-01
8.579796927883364122e-01
8.675693101225016024e-01
8.842203548085900700e-01
8.809203444564047691e-01
8.844915481620606590e-01
8.845998655010087752e-01
8.655186012882870594e-01
8.657718120805368844e-01
8.767642446419237068e-01
8.710571466279529718e-01
8.702370040591855815e-01
8.843564356435643647e-01
8.838926174496644084e-01
8.903130059363194571e-01
8.873678503659527816e-01
8.901875509649360696e-01
8.795959595959595978e-01
8.904239469050521105e-01
8.821375288213753052e-01
8.822654771559881315e-01
8.752182672934855079e-01
8.670558577683428192e-01
8.769312733084709821e-01
8.886606409202958412e-01
8.810143934201507543e-01
8.918658972245122607e-01
8.789445048966267882e-01
8.692724151591179060e-01
8.754453094075735908e-01
8.778503800506733956e-01
8.862041036717062115e-01
8.834673572304756473e-01
8.888584724883656918e-01
9.021998038391481067e-01
8.671832517672648510e-01
8.859402224902828138e-01
8.861072902338377189e-01
8.795775613770402401e-01
8.557781610720446297e-01
8.666404920821881852e-01
8.721552878179383850e-01
8.683254875588433119e-01
8.651069518716577589e-01
8.826092877570475004e-01
8.837144059475382507e-01
8.824028268551237231e-01
8.962090018458043206e-01
8.773769574944071392e-01
8.960618846694795581e-01
8.938787185354690745e-01
9.007765314926661215e-01
8.952298602104049596e-01
8.850607173114939386e-01
8.892324992971605280e-01
8.767428890128277086e-01
8.806321918757797906e-01
8.768677365799667500e-01
8.778085991678225009e-01
8.611111111111111605e-01
8.790311789107453366e-01
8.708367181153533476e-01
8.810752104262828954e-01
8.719727891156462407e-01
8.693500936079165964e-01
8.566186107470511457e-01
8.642875748892940857e-01
8.585753353301210922e-01
8.997966101694915286e-01
8.890457368718238662e-01
8.850048550423081917e-01
8.845994760788639111e-01
9.010387422796182211e-01
8.862579281183932123e-01
8.777077049629832262e-01
8.924538694574497555e-01
8.942893580841717593e-01
8.980060249605508194e-01
8.910494709751215492e-01
8.729605354901687209e-01
8.661705006765899606e-01
8.724290899314424141e-01
8.627635289378272621e-01
8.686626746506985741e-01
8.677084736629394612e-01
8.694070080862533745e-01
8.642722625773473499e-01
8.735445437313836825e-01
8.747945205479451536e-01
8.857382315965917075e-01
9.022750035770495947e-01
8.750527648796960767e-01
8.789502610607309308e-01
8.825246767690810845e-01
8.792694827826571524e-01
8.707764446283271509e-01
8.746571585298957840e-01
8.901451702959241041e-01
8.728789986091793907e-01
8.743146929824561209e-01
8.765992571192736671e-01
8.914890653294330614e-01
8.900508762012436792e-01
8.703652842625652086e-01
8.895596103717930969e-01
9.052781740370898778e-01
8.802039082412914661e-01
8.851146092239712271e-01
8.837371205792258211e-01
8.642632800764713519e-01
8.589350060056052394e-01
8.755393743257821049e-01
8.806402649372153668e-01
8.900406219358453219e-01
9.073941134242641260e-01
8.964160839160839611e-01
8.925643607076082509e-01
8.882562277580071664e-01
8.821132499648728365e-01
8.807708304450297954e-01
8.840256481739615646e-01
8.785902594699597223e-01
8.782536840655557064e-01
8.789051700304119086e-01
8.928170594837261387e-01
8.829337094499294381e-01
8.836327905670970928e-01
8.736187845303867716e-01
8.723693143245078163e-01
8.826899468012548988e-01
8.776295888904166453e-01
8.953083669775859788e-01
8.899264289756649848e-01
8.825989960959286229e-01
8.751875596780793742e-01
8.815464765560734328e-01
8.773403083700440641e-01
8.576379632098106720e-01
8.726790450928382237e-01
8.776034622667027163e-01
8.879227053140096304e-01
8.838691796008869561e-01
8.895112729309621047e-01
8.726571113561191195e-01
8.549284578696343395e-01
8.690036900369003670e-01
8.782147230915771097e-01
9.001264222503160273e-01
8.740896358543417399e-01
8.818919290526605614e-01
8.896311760612386488e-01
9.023143546784040403e-01
9.157048940832724915e-01
8.928623346416629802e-01
9.124383879385329355e-01
9.100412249705536194e-01
8.987231572838073612e-01
9.001726121979286566e-01
8.827343199436222809e-01
8.797075458683956128e-01
8.937621832358674245e-01
8.960227272727272485e-01
8.973195291448021749e-01
8.987721302113078625e-01
8.842223155536889090e-01
8.851575456053067947e-01
8.873767532287182291e-01
8.848131165763513106e-01
8.845833333333333881e-01
8.558170813718897207e-01
8.770612682665236415e-01
8.763536668951336095e-01
8.737387510226343190e-01
8.987324139852347349e-01
8.813368908861114459e-01
8.841278589143014566e-01
8.795575583777140993e-01
8.882336807460230466e-01
8.914996544574982362e-01
8.943829668020730761e-01
8.830157184587564823e-01
9.023093072078376409e-01
8.893593000282247196e-01
8.654599486694583010e-01
8.601206082852648205e-01
8.726671078755791067e-01
8.827210884353741127e-01
8.793528927885934099e-01
8.962198354024271119e-01
8.949964763918252242e-01
8.777945412151968441e-01
8.705351214978090946e-01
8.893530997304581742e-01
8.956013363028952901e-01
8.743512701447692104e-01
8.640031750231511598e-01
8.633872651356994110e-01
8.733613004719454898e-01
8.795148607223777226e-01
8.890392422192151534e-01
9.102258381259643594e-01
9.014666097109497178e-01
8.886259223165807741e-01
9.047285954113039042e-01
8.901701589087329669e-01
8.969671790610719286e-01
8.801153529250206331e-01
8.796769851951548036e-01
8.878796095444685399e-01
8.997923875432526364e-01
8.815159392529757776e-01
8.676818062483591110e-01
8.786803364879074429e-01
8.706737120211360814e-01
8.633964207544740921e-01
8.763019159058762497e-01
8.854084060269626910e-01
8.832038574872757009e-01
8.782469694951379191e-01
8.719623726156258137e-01
8.813892529488859262e-01
8.777704918032787074e-01
8.611324622085575475e-01
8.787451984635082924e-01
8.672086720867209220e-01
8.731506496848063792e-01
8.551201011378002370e-01
8.606536926147704269e-01
8.819875776397515521e-01
8.840848806366047308e-01
8.768239779150782676e-01
8.847725774555043055e-01
8.731988472622478348e-01
8.814795519666579482e-01
8.917518926816310199e-01
8.646851779429017837e-01
8.731371799770729636e-01
8.853403141361256834e-01
8.870154009559213515e-01
8.824232762056596346e-01
8.805694700764565841e-01
8.837762792542641632e-01
8.854543021544225567e-01
9.051475634866162912e-01
9.129508662311843770e-01
8.954257565095004034e-01
9.019009296517275232e-01
8.881281665069149511e-01
8.718016704229086811e-01
8.926425423955134386e-01
8.898432174505793713e-01
8.832460029557973602e-01
8.773834745762711940e-01
8.834186687672311855e-01
8.849358550456288830e-01
8.759526938239159399e-01
8.772822117892540295e-01
8.877443211833069281e-01
8.753955696202531112e-01
8.784031413612565231e-01
8.810911016949152241e-01
8.769856899041617027e-01
8.673482593503299976e-01
8.600203977562468349e-01
8.587065928535481119e-01
8.701629327902240529e-01
8.861412324781803296e-01
8.962962962962962576e-01
8.821345069453995213e-01
8.790050020278491472e-01
8.799249530956847476e-01
8.705179282868525936e-01
8.813310169718027165e-01
8.749156659020375093e-01
8.780783205490512167e-01
8.769021739130434812e-01
8.900220507166483053e-01
8.832755031228313181e-01
8.876621584322385017e-01
8.844462764495740759e-01
8.833902939166097257e-01
8.700254589307249153e-01
8.777391769107428798e-01
8.804887874311803087e-01
8.715388711395101184e-01
8.974741988049972363e-01
8.939520624303233243e-01
8.879262926292629254e-01
8.781182212581344348e-01
8.873182552504038645e-01
8.872468527640940961e-01
8.880678708264915233e-01
8.794479772696522923e-01
8.835950189496480922e-01
8.759500542888164487e-01
8.811508470018821759e-01
8.905712319339298411e-01
8.900180982876235714e-01
8.880680234178979227e-01
8.802758620689654645e-01
8.774316419534756717e-01
8.817028243962341527e-01
8.756617347631329151e-01
8.868388683886838653e-01
8.869867780097425713e-01
8.873200055920592577e-01
8.962795941375423237e-01
8.730533926585094529e-01
8.912017762975298352e-01
8.962614155251141801e-01
8.713826366559485059e-01
8.773132282385195380e-01
8.776131801190640846e-01
8.896203950133071414e-01
8.972514030795798456e-01
8.920446312128677002e-01
9.019636363636364118e-01
8.895483497394325312e-01
8.774447727592514790e-01
8.782318598832360435e-01
8.794994375703036882e-01
8.774048588681364613e-01
8.903527411814704529e-01
8.936723490320716001e-01
9.051965258354187638e-01
8.938381588715664794e-01
8.910014513788098167e-01
9.122023809523809312e-01
9.034555926038193574e-01
8.945185185185184906e-01
8.894083272461650314e-01
8.843645848427763578e-01
8.800000000000000044e-01
8.678233883481449862e-01
8.980031604654503674e-01
8.764371998253529528e-01
8.783226723525231483e-01
8.663750529137858036e-01
8.833570412517780523e-01
8.783706253585771284e-01
8.871572871572871444e-01
8.948680351906158625e-01
8.729745370370370905e-01
8.702642248007829151e-01
8.805779855503612641e-01
8.772935779816514179e-01
8.934557644658213116e-01
8.580220409331615894e-01
8.802497162315550128e-01
8.822760923210916095e-01
8.780103211009174791e-01
8.937093275488069422e-01
8.968583283935981365e-01
8.813485113835376472e-01
8.545302247661594741e-01
8.675799086757990386e-01
8.572222222222222188e-01
8.764598283382580846e-01
8.821144098479363205e-01
8.848857644991212634e-01
8.955978584176085278e-01
8.970809509479386046e-01
8.879502000889284430e-01
8.845029239766082352e-01
8.747300215982721783e-01
8.865401207937877448e-01
8.817984046410441978e-01
8.816302933949993204e-01
9.012691853600944825e-01
8.983812949640287426e-01
8.843956043956043844e-01
8.898095653437999575e-01
8.924542124542124144e-01
9.003115264797507677e-01
8.882640224951902086e-01
8.791208791208791062e-01
8.844120588655521864e-01
8.923656381283500139e-01
8.901322482197354669e-01
8.944920796395873230e-01
8.725813386842482533e-01
8.754542913055632924e-01
8.793103448275861878e-01
8.836518046709129770e-01
8.886191632157646181e-01
8.858284572570286342e-01
8.756491228070175659e-01
8.798933632664515114e-01
8.937204977828636654e-01
8.910675381263616357e-01
9.027777777777777901e-01
8.837712965636731477e-01
8.880533484676503830e-01
8.983926521239954388e-01
8.814667424673109375e-01
8.951658234963462135e-01
8.857102393428692988e-01
8.813677599441730459e-01
8.818582850840915865e-01
8.821171918186843097e-01
8.820604888827510148e-01
9.045176001140088351e-01
9.004518291794199047e-01
8.890969321618896748e-01
8.912395286099673575e-01
8.837473385379701618e-01
8.938053097345132203e-01
8.767705382436260519e-01
8.818600754084624516e-01
8.867871259175607035e-01
8.907980687304742906e-01
8.815733822078105630e-01
8.775228089576997403e-01
8.699631197923780590e-01
8.519884119041348791e-01
8.690491889753395593e-01
8.745941558441558961e-01
8.843518772266374395e-01
8.827442827442827378e-01
8.679039301310044197e-01
8.648431214802896339e-01
8.747633216121178945e-01
8.860584244773639373e-01
8.873835732430144230e-01
8.544569187068848937e-01
8.702795812905790296e-01
8.692484145189582900e-01
8.720108695652173392e-01
8.526976495726495964e-01
8.604067617538299073e-01
8.874880087707276433e-01
8.662184412733260341e-01
8.726929812744173010e-01
8.842032967032966706e-01
8.796180987961810249e-01
8.753745573413238557e-01
8.832653061224490232e-01
8.872097815634015783e-01
8.917382866648183581e-01
8.755146856986000259e-01
8.684245395521399402e-01
8.688996467355750708e-01
8.616123588212384332e-01
8.750815820388982980e-01
8.777763000398989268e-01
8.819959541469992725e-01
8.974077629954738677e-01
8.962702322308233605e-01
9.070426526852770621e-01
8.907196169553583953e-01
8.907666941467435873e-01
8.797829036635006483e-01
8.700384972786406879e-01
8.724187820597132381e-01
8.870169808797967459e-01
8.760285984082017974e-01
8.667981591058514512e-01
8.648229516670974393e-01
8.864148442677269868e-01
8.728746014877789561e-01
8.761281883584042252e-01
8.659181829913537021e-01
8.721277424380111665e-01
8.807120085015940347e-01
8.698756942607775988e-01
8.678949431595452957e-01
8.569954867827208611e-01
8.640288696997036055e-01
8.747702809136256308e-01
8.796891747052518751e-01
8.781512605042016695e-01
8.688700792691119723e-01
8.771600803750837505e-01
8.858777066594034633e-01
8.746571585298957840e-01
8.654876741693462439e-01
8.810068649885584025e-01
8.717532467532467244e-01
8.837841511485660106e-01
8.756104177970699398e-01
8.816592110614070998e-01
8.874500619920099309e-01
8.785942492012779326e-01
8.823285398230088505e-01
8.733242134062927375e-01
8.937105190881625694e-01
8.832459287882969967e-01
8.912122454557879214e-01
9.046283309957924290e-01
9.090258904305535959e-01
9.106315179606025989e-01
8.996722245974062560e-01
8.830917874396134737e-01
8.789637026042369516e-01
8.707962249102751962e-01
8.776645041705282146e-01
8.819425811644754365e-01
8.772940388479570917e-01
8.663764674845007008e-01
8.840811965811965489e-01
8.809166552994134314e-01
8.706654170571695994e-01
8.906398587148485202e-01
8.847270214236351293e-01
8.942442022911427646e-01
8.972505668934240841e-01
8.971134609888539169e-01
8.986853386681908917e-01
8.896020539152760254e-01
8.831187010078387356e-01
8.730463394570879831e-01
8.708888284860015760e-01
8.806112702960841032e-01
8.908327501749475630e-01
9.008039046798737015e-01
8.911232404481470581e-01
8.903464993583345422e-01
8.918454935622317503e-01
8.925100057175529011e-01
8.716525600111003635e-01
8.720930232558139483e-01
8.782644178454842576e-01
8.770075497597803471e-01
8.806438412222070689e-01
8.690427973538544792e-01
8.800271739130435256e-01
8.734576364134905013e-01
8.731820035340491781e-01
8.701560818083960980e-01
8.921999450700357492e-01
8.795912731289698971e-01
8.802769105470340527e-01
8.787262872628726074e-01
8.667470202223115372e-01
8.719244580396329214e-01
8.816840395289021748e-01
8.954727952374359479e-01
8.884053902302077033e-01
8.922231614539306577e-01
8.723433810251424170e-01
8.790876614454520288e-01
8.867767448314138878e-01
8.779005524861878129e-01
8.809849521203830802e-01
9.027308558558558849e-01
8.865950226244343479e-01
8.858567668652167493e-01
8.928022361984626620e-01
9.019997163522904815e-01
8.812823743525129983e-01
8.888888888888888395e-01
8.828978293930596077e-01
8.738971087281118821e-01
8.855782312925170041e-01
8.793127147766323093e-01
8.950062249273758042e-01
8.853892049396420161e-01
9.026709551111732344e-01
8.963130385647690712e-01
8.892282065519155898e-01
9.060150375939849399e-01
9.022215933210697703e-01
9.020574971815107368e-01
8.889815200778101723e-01
8.853668533952725461e-01
8.847731000546746882e-01
8.827754438270768444e-01
8.978583196046128201e-01
8.967867575462512564e-01
9.057474479093833297e-01
8.961947397873530896e-01
8.806556488756434042e-01
8.674242424242424310e-01
8.870798319327730663e-01
8.782076851482515378e-01
8.734391259105098726e-01
8.706730150559773840e-01
8.776115553262832103e-01
8.682190378710338274e-01
8.897372848453475314e-01
8.971221086605701833e-01
8.832933653077538194e-01
8.847262247838616478e-01
8.799482535575678943e-01
8.951003388063590860e-01
8.907651715039577311e-01
8.793728945322621948e-01
8.824884792626728203e-01
8.796770886724756267e-01
8.735705209656925430e-01
8.800714467976524791e-01
8.690807799442896719e-01
8.821081830790569178e-01
8.798272357723577741e-01
8.962178907964373220e-01
8.717193701190628641e-01
8.708588573571696134e-01
8.847328244274809128e-01
8.848508531978637182e-01
8.736774193548386691e-01
8.833999742035341107e-01
8.877497371188223241e-01
8.761443892231232100e-01
8.873738035925002876e-01
8.991854720256375888e-01
8.900775608451457765e-01
8.846102950906444828e-01
8.801463860933211869e-01
8.874475890985324966e-01
8.721932114882506859e-01
8.706140350877192846e-01
8.828875616722928754e-01
8.846918489065606073e-01
8.660737640596389841e-01
8.789103232533889143e-01
8.804807184363444561e-01
8.912579957356077109e-01
8.874190064794816868e-01
8.857604742018051480e-01
8.735586481113319923e-01
8.760611205432937698e-01
8.804664723032069595e-01
9.054221002059025247e-01
8.671159029649595507e-01
8.807495741056218241e-01
8.900187316028900231e-01
8.651951123374064245e-01
8.794838709677419430e-01
9.020866773675761952e-01
8.808630393996247365e-01
8.741998693664271292e-01
8.627125143806724239e-01
8.758496857765807331e-01
8.652017476227190640e-01
8.750643997939206997e-01
8.828063757512412124e-01
8.808120497707924157e-01
8.882971641592330991e-01
8.896850074354467619e-01
8.843712008645143730e-01
8.967015067191529409e-01
8.977790040005517724e-01
8.884342607746863463e-01
8.899417896304318010e-01
8.944587454274488536e-01
8.719133764690347732e-01
8.863903778271668976e-01
8.717847769028871374e-01
8.694926140012845250e-01
8.743190661478599246e-01
8.821272655113110428e-01
8.624739039665970664e-01
8.638610723792622403e-01
8.704815429812237104e-01
8.746260892183639335e-01
8.508069640360910180e-01
8.447768513977439442e-01
8.723590448806101127e-01
8.569072688062919774e-01
8.646321387868810548e-01
8.650793650793651146e-01
8.700206932229694878e-01
8.743816714397292245e-01
8.781799108313663726e-01
8.869380154296355734e-01
8.669821240799159279e-01
8.850919525238033492e-01
8.759547010797998912e-01
8.721862871927554828e-01
8.752416548524294404e-01
8.764015645371577845e-01
8.634957463263728261e-01
8.548407402744554462e-01
8.656998738965951956e-01
8.725793958171960130e-01
8.755246589716684236e-01
8.774999999999999467e-01
8.909678287791088502e-01
8.733630349669231352e-01
8.750165848480827568e-01
9.038302562689446429e-01
8.827048838180047152e-01
8.772143340094658015e-01
8.814085267134377233e-01
8.806595485876469454e-01
8.778451178451178727e-01
8.766242464835900527e-01
8.773699072206534444e-01
8.694259012016021249e-01
8.585607940446650099e-01
8.681663614962071840e-01
8.865853658536585469e-01
8.860671662503469825e-01
8.694358002976593225e-01
8.854619565217390909e-01
8.845458339129225189e-01
8.947294841325318382e-01
8.916584053250248276e-01
8.776779543883898027e-01
8.639147802929427744e-01
8.565695792880259063e-01
8.738691490756522740e-01
8.619963128785883555e-01
8.678529373282742876e-01
8.816019352237602913e-01
8.835504885993484825e-01
8.770525173022120091e-01
8.685691318327973809e-01
8.739270386266094759e-01
8.600370762711864181e-01
8.859168115554366674e-01
8.739898644021366625e-01
8.706166868198307318e-01
8.743301178992497480e-01
8.743420164664597038e-01
8.831401766004415288e-01
8.751388888888889106e-01
8.639771023579119191e-01
8.785724053056200855e-01
9.006140225617592643e-01
8.993747273520430463e-01
8.982044598899507903e-01
9.045328669290191304e-01
8.897239485474779386e-01
8.971223021582733770e-01
8.807131739068911891e-01
8.729059947390280794e-01
8.662758996728462391e-01
8.715646258503401134e-01
8.746911885808399401e-01
8.637413394919168930e-01
8.651144118827780449e-01
8.820324206511374054e-01
8.797398283974536826e-01
8.791423001949317806e-01
8.836885360078005069e-01
8.943741209563994543e-01
8.762728414004742339e-01
8.719312602291325875e-01
8.754603737552857368e-01
8.722826086956522174e-01
8.718227538398803933e-01
8.714886687474555638e-01
8.835964310226492868e-01
8.621435329098526834e-01
8.651879399654668346e-01
8.815430752453653485e-01
8.904243439419319284e-01
8.822111977321048792e-01
8.768397667314634658e-01
8.830863000415569708e-01
8.819997207093981384e-01
8.851513019000704086e-01
8.686434806706387901e-01
8.777566022325075101e-01
8.864924650905571246e-01
8.718548054447957663e-01
8.790311607021363827e-01
8.669098770436427515e-01
8.792127258021029679e-01
8.803312629399585587e-01
8.819849874895746566e-01
8.827961490163248603e-01
8.799554875504242979e-01
8.889977603583426591e-01
9.027897612884671075e-01
8.830044015334375107e-01
8.884072157740176001e-01
8.811276211637272260e-01
8.774556944635252265e-01
8.804808086327003958e-01
8.923055321538893025e-01
8.803982052720135121e-01
8.949224259520451863e-01
8.737727910238428652e-01
8.846314035818408916e-01
8.890147225368063566e-01
8.816303740926856314e-01
8.866583019657047204e-01
8.866946778711484178e-01
8.891532540237928606e-01
8.750858870413632529e-01
8.722774939499865487e-01
8.761455525606468564e-01
8.790432182658330929e-01
8.751360174102285061e-01
8.772336652571273152e-01
8.753236135713312605e-01
8.730072953255876289e-01
8.704354882337029808e-01
8.608521970705725890e-01
8.707022434621001228e-01
8.704149933065595812e-01
8.743095783375993690e-01
8.893920680664196832e-01
8.737943214237195999e-01
8.954095656954370597e-01
8.846315789473684355e-01
8.982739105829088411e-01
8.855242677232205706e-01
8.728579325594251204e-01
8.792984394420659822e-01
8.705622323525348261e-01
8.818383782282699368e-01
8.824358612912320821e-01
8.825360883102179033e-01
8.835324232081911422e-01
8.991900491755857594e-01
8.757021460463776386e-01
8.740761400083670862e-01
8.655796108522882948e-01
8.615384615384615863e-01
8.903441549393896759e-01
8.806054604611684988e-01
8.910638297872340852e-01
8.952091474887827749e-01
8.617829021372328535e-01
8.706672146869434137e-01
8.770388958594730333e-01
8.744042612839921791e-01
8.840253342716396512e-01
8.806713127577869837e-01
9.054387237128354027e-01
8.974662913024151756e-01
8.951162106501912019e-01
8.886131386861313430e-01
9.034217153014367785e-01
8.859338061465721337e-01
8.833937635968093227e-01
9.019867549668874052e-01
8.768379676808851775e-01
8.782214670065137119e-01
8.749116607773851362e-01
8.857345635202270584e-01
8.798622075498779838e-01
8.827037773359840411e-01
8.840931827926253872e-01
8.790414066931366843e-01
8.683991106170094731e-01
8.890291806958473542e-01
8.926822241428983284e-01
8.868713071047701346e-01
9.041356130352184994e-01
8.920979328544201836e-01
8.943291435252850308e-01
8.913107080163839013e-01
8.851792713020757430e-01
8.782151485007815284e-01
8.787368421052631495e-01
8.893786435376084265e-01
8.893223522612339060e-01
8.846924177396280342e-01
8.707722660653889335e-01
8.824438202247191221e-01
8.819523269012485844e-01
8.848848848848849258e-01
8.781877760364724672e-01
8.942265952828823972e-01
9.047476858763809915e-01
8.905228758169934089e-01
9.009035698415049920e-01
8.919119833482009874e-01
8.926930487624129551e-01
8.896776101745045295e-01
8.593727827444302969e-01
8.818079730488489476e-01
8.878027429238400936e-01
8.831958315240989732e-01
8.809111880046136545e-01
8.620398988479910374e-01
8.640830449826989446e-01
8.684904874323010615e-01
8.840724369028946095e-01
8.881915048897971454e-01
8.947913583900561907e-01
8.791788856304985078e-01
8.811279826464207821e-01
8.797979797979798011e-01
8.736601400600256806e-01
8.704070096099491005e-01
8.776663370532561403e-01
8.745907473309608715e-01
8.758865248226950229e-01
8.638148667601682762e-01
8.747015030200870900e-01
8.870154200893500818e-01
8.771573604060913798e-01
8.901725650775080823e-01
8.780952380952380398e-01
8.795389048991354430e-01
8.785693683299682366e-01
8.777584204413472202e-01
8.916299559471365654e-01
8.856213979606916142e-01
8.716138328530259605e-01
8.733817043676198599e-01
8.875270367700072160e-01
8.830597889800703149e-01
8.913011588675370245e-01
8.973254086181278177e-01
8.935123042505592750e-01
8.931478466775195635e-01
8.795040116703136679e-01
8.939127889961955287e-01
9.039188984717808628e-01
9.104362571296439333e-01
8.856144614917210722e-01
8.625558276905345156e-01
8.716292134831460370e-01
8.749290176036342848e-01
8.796495763320407724e-01
8.854917796365734395e-01
8.953968722336972386e-01
8.906666666666667176e-01
8.826799297834990732e-01
8.717400598546387602e-01
8.721678321678321133e-01
8.733361356312175916e-01
8.551543550165380259e-01
8.709455744914788022e-01
8.996674859042937955e-01
8.983000298240382264e-01
8.750544820572424554e-01
8.954965357967666906e-01
8.845594649607444460e-01
8.758905671131376192e-01
8.596201486374897005e-01
8.743974659137859762e-01
8.735133622498950645e-01
8.745469751881795872e-01
8.602091359383599034e-01
8.520360166644268540e-01
8.741249142072752276e-01
8.909509423104589043e-01
8.903708046313938418e-01
8.757701676457945172e-01
8.759864712514092711e-01
8.711519710266053540e-01
8.666391412056152488e-01
8.618769523292136858e-01
8.768999041489798918e-01
8.746874131703250566e-01
8.623099054665022134e-01
8.770593936037657246e-01
8.847467273762094075e-01
8.814166905649555295e-01
8.701956919611432140e-01
8.965813188385066690e-01
8.975270250259144156e-01
8.756139843975729864e-01
8.594834768119966606e-01
8.801566214515452735e-01
8.726105563480741623e-01
8.820916905444126099e-01
8.751081626766656907e-01
8.865412445730824764e-01
8.714859437751003579e-01
8.858906272427156114e-01
8.775274407856730186e-01
8.792583009918067960e-01
8.683390022675736564e-01
8.941412405099555816e-01
9.038718291054739229e-01
8.978773934985898597e-01
8.963235294117647411e-01
9.103561807841963338e-01
9.212998613891884014e-01
9.104157079306641753e-01
9.005212211466865346e-01
9.016369267069753723e-01
8.946217752514210586e-01
8.610995128740431825e-01
8.653457339264051251e-01
8.664230613073488074e-01
8.904490476852495728e-01
8.888571428571429012e-01
8.568260568260568366e-01
8.716873985938344838e-01
8.739714755896873521e-01
8.610251580788376158e-01
8.682005585849181806e-01
8.616184508732168679e-01
8.695419233860166575e-01
8.693289866883998629e-01
8.765229295003422738e-01
8.716012084592145159e-01
8.665762711864406498e-01
8.757687576875768931e-01
8.944265056858065055e-01
8.937634408602150859e-01
9.071594877764842524e-01
9.018359490672194223e-01
8.936572592377073354e-01
8.676347388997486254e-01
8.696356275303643857e-01
8.871300757054370045e-01
8.892957746478873382e-01
8.818654305379969305e-01
8.663651315789473450e-01
8.667114996637524937e-01
8.716069489685125404e-01
8.930870417016513185e-01
8.950378950378949927e-01
8.854299928926794294e-01
8.953685399604631723e-01
8.830912424199689470e-01
8.794779227992224335e-01
8.966101694915253884e-01
8.928673732454883716e-01
8.713483146067415586e-01
8.688614540466392810e-01
8.705094932386285844e-01
8.714870395634379818e-01
8.620035244679409292e-01
8.674796747967479238e-01
8.643606155522266521e-01
8.747255762897914178e-01
8.747054747054746615e-01
8.854371661512510094e-01
8.948126801152738174e-01
8.968740870581360936e-01
8.984868517702365720e-01
8.781784226404252269e-01
8.845010615711252910e-01
8.821016659547201710e-01
8.925608011444920997e-01
8.778485491861287571e-01
8.790671693897500472e-01
8.871535106233291446e-01
8.984633060462444698e-01
8.881088825214900062e-01
8.935138987883107786e-01
8.907586993725042923e-01
8.774455002794857572e-01
9.045926347220247798e-01
8.984306887532693686e-01
8.787793559274363897e-01
8.906250000000000000e-01
8.818105616093880883e-01
8.989856297548605157e-01
8.712237226785465305e-01
8.765749898387752426e-01
8.811758211426994336e-01
8.729748127978216310e-01
8.785249457700651243e-01
8.769544527532291411e-01
8.925562767573539391e-01
9.004531294250920359e-01
8.942687747035573675e-01
8.743614524368356067e-01
8.714784008585994002e-01
8.599947117927022600e-01
8.678160919540229834e-01
8.668159662758530004e-01
8.651670612996580356e-01
8.738019169329073188e-01
8.856480850483848810e-01
8.706709956709957066e-01
8.749157568405445673e-01
8.684529419684933194e-01
8.747648481590970526e-01
8.650380456547857033e-01
8.824326154679669187e-01
8.834710743801652555e-01
8.883037694013303787e-01
8.838691796008869561e-01
8.784061344652882575e-01
8.707721331356960137e-01
8.914238592633314529e-01
8.940761636107192878e-01
8.741066520065969847e-01
8.739428111155860268e-01
8.737864077669902363e-01
8.719569603227975696e-01
8.657370517928286713e-01
8.852790509571313304e-01
8.830224904004387865e-01
8.927639708911162542e-01
8.929110105580694290e-01
8.821535123406563095e-01
8.835147118097541608e-01
8.781337980962595768e-01
8.866630814735143584e-01
8.688328912466843912e-01
8.633950537355949972e-01
8.728615863141524489e-01
8.820261870122999559e-01
8.824161073825503854e-01
8.805446946204664727e-01
8.850528025995125780e-01
8.648973059482528702e-01
8.771836950767601948e-01
8.606308565395275334e-01
8.837209302325581550e-01
8.851897520208247272e-01
8.920533481522645580e-01
8.968811463894352798e-01
8.986285875865969164e-01
8.965321205230244450e-01
8.893448422244233376e-01
9.005445686443106501e-01
8.976218097447795641e-01
8.927905976780851072e-01
8.981468179859215528e-01
8.991037872217403359e-01
8.804378731873756525e-01
8.662671932452675749e-01
8.716843947758179389e-01
8.817882611080636313e-01
8.904415874790385654e-01
8.874032371569317013e-01
8.903973978220902641e-01
8.864887759423972780e-01
8.748618784530386439e-01
8.697010869565217073e-01
8.842323651452281830e-01
8.756621131865068852e-01
8.705866190410770367e-01
8.893854748603351457e-01
8.804853957951178645e-01
8.859736207630123372e-01
8.822858771554795698e-01
8.851082004555809180e-01
8.747187851518559709e-01
8.553296028388153172e-01
8.754965073277632959e-01
8.631607929515417998e-01
8.724832214765100291e-01
8.601694915254237683e-01
8.826213189547905680e-01
8.920046016681046908e-01
8.933625091174325350e-01
9.004118858487790700e-01
9.058402860548271374e-01
9.169828502048869012e-01
8.847292098253921599e-01
8.850786453167067691e-01
8.851178642431127841e-01
8.918414248779086284e-01
8.859408795962508965e-01
8.840912351169128991e-01
8.766790511574735767e-01
8.781711337250966976e-01
8.747133027522935311e-01
8.853760646744622820e-01
8.651943209522443556e-01
8.695713880215725222e-01
8.654147104851329653e-01
8.743732989543044898e-01
8.834751981215145378e-01
8.779626085676431879e-01
8.801113879525135353e-01
8.878602359265342914e-01
8.781105647444493734e-01
8.809735826654793156e-01
8.568329718004338291e-01
8.646232439335888031e-01
8.773060029282576666e-01
8.849146961987428561e-01
8.855585831062670055e-01
8.957823960880195724e-01
8.799576142900393805e-01
8.777021024578027797e-01
8.940347721822542448e-01
8.740321620011911596e-01
8.868818477938998912e-01
8.888051830646376272e-01
8.892386091127097991e-01
8.719081272084805434e-01
8.601936218678815083e-01
8.801046359540763975e-01
8.731497927767910561e-01
8.762674504041145784e-01
8.774278987639788641e-01
8.812629706492736137e-01
8.807503349709692175e-01
9.001515151515151469e-01
8.664383561643835829e-01
8.813857897827362953e-01
8.890058655436907653e-01
8.889559444779722153e-01
9.095992544268406421e-01
9.041117388575016234e-01
8.882994846923309984e-01
8.813908943568586896e-01
8.842660416056254968e-01
8.814901730712818573e-01
8.801404946582760402e-01
8.853568800588668131e-01
8.790950492140443551e-01
8.777292576419214454e-01
8.646325741297807843e-01
8.634639696586599023e-01
8.946754194018964323e-01
9.060453784071874628e-01
9.055299539170507117e-01
9.145603969607690731e-01
8.970903522205206926e-01
8.905643475664377640e-01
8.740923613128086522e-01
8.767084683669156275e-01
8.869166905239049825e-01
8.800172637030643230e-01
8.708544125913434408e-01
8.638743455497381873e-01
8.533261368236405575e-01
8.824496506370735904e-01
8.781933662667608109e-01
8.806223479490806749e-01
8.718910657218285065e-01
8.636671635722997786e-01
8.756077795786061380e-01
8.840060614409698259e-01
8.934828311142256618e-01
8.834312902322978278e-01
8.895050603077776508e-01
8.940862480685489722e-01
8.676592224979321477e-01
8.714093959731543659e-01
8.891178895300906326e-01
8.853318614599144931e-01
8.765080656093262590e-01
8.779007015650296397e-01
8.788246394392775773e-01
8.749162983795366610e-01
8.849018280297901162e-01
8.950951785466166877e-01
8.874826147426981837e-01
8.820954725755710824e-01
8.855034840825248832e-01
8.845465804320902237e-01
8.805888767720828625e-01
8.570675800289816459e-01
8.605794102431453263e-01
8.647949281925216836e-01
8.511746031746031393e-01
8.697214734950583503e-01
8.734344100197758420e-01
8.798605524269240696e-01
8.876127973748975108e-01
8.967886691908568686e-01
8.894507655569602322e-01
8.745215965008201753e-01
8.788899366832817472e-01
8.852079072937968363e-01
8.682274247491639230e-01
8.846308455044887831e-01
8.748319440709868555e-01
8.718321013727560187e-01
8.797232570516232419e-01
8.742146771821949214e-01
8.771626297577854725e-01
8.748514851485148514e-01
8.861497680583168002e-01
8.833132610731968537e-01
8.827292110874200848e-01
8.820767373222431207e-01
8.874728850325379614e-01
8.772309356408869441e-01
8.943912448700410689e-01
8.870182273549463980e-01
8.959433175882189904e-01
9.093888018236215842e-01
9.068028189270818107e-01
9.046810917833404408e-01
8.821910266996971783e-01
8.958646103452981846e-01
8.846100948975381684e-01
8.868489052087583646e-01
8.837870784234050925e-01
8.819509580597615361e-01
8.795950985615343942e-01
8.760666929237233003e-01
8.790673165590831006e-01
8.709088538270961521e-01
8.722604072104784834e-01
8.668826960466623488e-01
8.783378924058876658e-01
8.823761335260875693e-01
8.813068106968778848e-01
8.773743377697377221e-01
8.741815380665040047e-01
9.005948446794448392e-01
8.853791816606690901e-01
8.803429907756268324e-01
8.751765763451907487e-01
8.916688160949187703e-01
8.804263062126331807e-01
8.854153210179563915e-01
8.687036563538736988e-01
8.804347826086956763e-01
8.975762314308053380e-01
8.748865551666018536e-01
8.842521694742215832e-01
8.810692148760330689e-01
8.870487773321257263e-01
8.932127882599580904e-01
8.728628358400822851e-01
8.956713322965267343e-01
8.833487633910858117e-01
8.969872385212471766e-01
8.746081504702194476e-01
8.715478484264611581e-01
8.924731182795698770e-01
8.892719798435221312e-01
8.913847780126850084e-01
8.769976421273251166e-01
8.819940283006620918e-01
8.873349888903411253e-01
8.810987573577501175e-01
8.763840041682948723e-01
8.954947813449597449e-01
8.786427145708582964e-01
9.011915919132413855e-01
9.020335256938719626e-01
8.981023102310230488e-01
9.050833448133351888e-01
9.028140013726836388e-01
8.894133513149021786e-01
8.979784366576819554e-01
9.027226706799835743e-01
8.740671641791044610e-01
8.922975641869651531e-01
8.804101744573178401e-01
8.677524429967427011e-01
8.745806451612903043e-01
8.735408560311284099e-01
8.939695162359178049e-01
8.773234200743494915e-01
8.725729715828726141e-01
8.932393630905768322e-01
8.899082568807339388e-01
8.862346575161673679e-01
8.740625808119989459e-01
8.810260376385666836e-01
8.800465838509317074e-01
8.788823911630929686e-01
8.825604180274330135e-01
8.755706273640276871e-01
8.735751295336787736e-01
8.882637707706397823e-01
8.813245033112582227e-01
8.798165137614678555e-01
8.761497603316491523e-01
8.787289234760051748e-01
8.808154730789335973e-01
8.810775295663600959e-01
8.812483469981486905e-01
8.757640180706882660e-01
8.890385133315378274e-01
8.958247775496235299e-01
8.787673092587564572e-01
8.796962430055955684e-01
8.888738494856524008e-01
9.031450041747842716e-01
8.875485302273987687e-01
8.982934214148087237e-01
8.910959855535490748e-01
9.031002363408869860e-01
8.723346090759978022e-01
8.970588235294117974e-01
8.934173669467787571e-01
8.966241770556100388e-01
8.919904614953009236e-01
8.818081282831075063e-01
8.799945637401467291e-01
8.899006622516556497e-01
8.861697664662284701e-01
8.991147955599269048e-01
8.941393500780473458e-01
9.006006864988558291e-01
8.994960403167746588e-01
8.968687158862396203e-01
8.779870677537250367e-01
8.927427218275525433e-01
8.756628523583589452e-01
8.806237924372067871e-01
8.859304932735425631e-01
8.861260243006499060e-01
8.766816143497757619e-01
8.881874298540964885e-01
8.981640849110729130e-01
8.968564392293205678e-01
8.815152378239817788e-01
8.745294855708908299e-01
8.899433427762040161e-01
8.689518973056848949e-01
8.822951739618406508e-01
8.787011872407380908e-01
8.653791936848040933e-01
8.764906303236796870e-01
8.822413541514665392e-01
9.001798561151078681e-01
8.844311377245509531e-01
8.676364683854241866e-01
8.812954772435440676e-01
8.931510875955320783e-01
9.014970059880239583e-01
8.875037102997922478e-01
8.801449275362318581e-01
9.090909090909090606e-01
8.851544837980407365e-01
8.934779378992719900e-01
8.898075766686710519e-01
8.813559322033898136e-01
8.791965987391877624e-01
8.656932196038744642e-01
8.679675259934481746e-01
8.718535469107551172e-01
8.766647365373479994e-01
8.698541094901054427e-01
8.823529411764705621e-01
8.812704066488572519e-01
8.748345344903661891e-01
8.706445993031358688e-01
8.788588149231895130e-01
8.720672864099159316e-01
8.785724863023841591e-01
8.764495985727029925e-01
8.891569898959432727e-01
8.812709030100334129e-01
8.665686994856722780e-01
8.801113879525135353e-01
8.752402069475240243e-01
8.801359739875850297e-01
8.740491515506143561e-01
8.787567805307139324e-01
8.808504355529307439e-01
9.004997728305316196e-01
8.871786978605510354e-01
8.784836679652382463e-01
8.893387314439945568e-01
8.757095906782192962e-01
8.885739856801909697e-01
8.943101866014071533e-01
8.851258581235698086e-01
9.072133168927249969e-01
9.039062500000000222e-01
8.929555895865237680e-01
8.844130467458289901e-01
8.916729182295574097e-01
8.903099608787240493e-01
8.940607526069215272e-01
8.902902294484120738e-01
8.747034400948991983e-01
8.767662053896576602e-01
8.707207857865086886e-01
8.894110735790865530e-01
8.855259214863649975e-01
8.763829473373654366e-01
8.800705467372134105e-01
8.869242199108469116e-01
8.837105419892793412e-01
8.881401617250673786e-01
8.734439834024896321e-01
8.821454812637766763e-01
8.816997334912644035e-01
8.849544300014940967e-01
8.892889288928892411e-01
8.696552744488830200e-01
8.770730288041896916e-01
8.724782800765719104e-01
8.725790010193680279e-01
8.737652527600232588e-01
8.683145417750794959e-01
8.700200630553167613e-01
8.674836135651182722e-01
8.734896943852167306e-01
8.738906384196964972e-01
8.793600461228019416e-01
8.875826598089640029e-01
8.928624869070777015e-01
8.853808169983540255e-01
8.759553203997648696e-01
8.674421944564124631e-01
8.640967923466517098e-01
8.628001685156578837e-01
8.777920045525678949e-01
8.821485449543940982e-01
8.725461893764434596e-01
8.884537278793153137e-01
8.902583902583902642e-01
8.841399851079672079e-01
8.970234515935057162e-01
9.020721412125863869e-01
8.945755439779343732e-01
8.925269061694709460e-01
8.842168493767833537e-01
8.782314923619271019e-01
8.565340909090909394e-01
8.754791992048842619e-01
9.000446894086101546e-01
8.909808685089584124e-01
8.964416058394160114e-01
8.770245950809838487e-01
8.853996130376544649e-01
8.773598929686338144e-01
8.965982316799040452e-01
8.630864561817644942e-01
8.792654713707345193e-01
8.832106038291605010e-01
8.688620136966340723e-01
8.765414188306978049e-01
8.870323820789590696e-01
8.960589651022864421e-01
8.876489217312623081e-01
8.800179077749589185e-01
8.884241971620612244e-01
8.958522555252800279e-01
8.778991470896304605e-01
8.840213840213839713e-01
8.792771441267960286e-01
8.822055137844611039e-01
8.930393039303929914e-01
8.895585354828988711e-01
8.791339166543081785e-01
9.137302551640340553e-01
8.921933085501858596e-01
9.008746355685131046e-01
9.020280811232449514e-01
8.946796959826275319e-01
8.980940670150630023e-01
9.008647313156269432e-01
8.885006835789154289e-01
8.790621753969432017e-01
8.902077151335311411e-01
8.840167614486680314e-01
8.842592592592593004e-01
8.788782816229117056e-01
8.750736593989393297e-01
8.964269561284486931e-01
8.841417059449596660e-01
8.906368174255029357e-01
8.793932111745268454e-01
8.773474178403756207e-01
8.780417149478563221e-01
8.989212354071227651e-01
8.955919963893486102e-01
8.872146799940324735e-01
8.707679008788359321e-01
8.685585204009600435e-01
8.926553672316384080e-01
8.872180451127819056e-01
8.842756183745582588e-01
8.827313934785787630e-01
8.566969353007946042e-01
8.717984801576132980e-01
8.649265440022820828e-01
8.587791591004330094e-01
8.698582058121577809e-01
8.676428774523742282e-01
8.645729714366917618e-01
8.685264663805436491e-01
8.587683117621960349e-01
8.544383676903659630e-01
8.767201834862384802e-01
8.877261175063536625e-01
9.040800615858352041e-01
8.767144163364827270e-01
8.805836807623586004e-01
8.814064362336114788e-01
8.772370951042745002e-01
8.770131771595900405e-01
8.866922395987016925e-01
9.032841217234106601e-01
8.983541603169765688e-01
8.798749627865436462e-01
8.829802775748721855e-01
8.712540005819028321e-01
8.759712230215827011e-01
8.806165479133343243e-01
8.871514972709839686e-01
8.918677390527256499e-01
9.019817073170731669e-01
8.910197869101978974e-01
8.916754796797099480e-01
8.637160385626643233e-01
8.836374084183307165e-01
8.810604950930129853e-01
8.827323365581940529e-01
8.874963137717487571e-01
8.634971561907539561e-01
8.629923491073958619e-01
8.708202343526721956e-01
8.901196278245459004e-01
8.863499699338545090e-01
8.931091427713556685e-01
8.759827918706423189e-01
8.936550491510276695e-01
8.708961845607808838e-01
8.650359712230215603e-01
8.653600340860673201e-01
8.740923613128086522e-01
8.789723789723790093e-01
8.766408114558472686e-01
8.718062324619701986e-01
8.919366993217784367e-01
8.949089210649229242e-01
