3.333333333333333148e-01
2.938643041812634138e+00
4.520091931897721516e+00
5.686328867354381700e+00
6.524107480373372958e+00
7.130669724621609973e+00
7.512819269406010747e+00
7.824684874229554055e+00
7.858652416716671141e+00
7.778616264921556223e+00
7.852599617585245717e+00
7.834104640183309876e+00
7.998743479604189410e+00
8.002792424812184890e+00
7.952459001484560197e+00
8.022098996468518095e+00
7.763929991907371431e+00
7.782271294665146222e+00
7.919542443226828432e+00
8.122087330430320051e+00
7.896406675218281990e+00
8.021512519531739827e+00
7.896247346428263647e+00
7.987342344000029293e+00
8.051150568513017802e+00
7.973059915798848429e+00
7.741219665795929572e+00
7.802009458396637953e+00
7.784341601713604675e+00
7.952830393737326808e+00
8.096012824159611654e+00
8.211037537926237917e+00
8.413632467549337690e+00
8.431406093736837803e+00
8.279202645076402689e+00
8.344778322070316889e+00
8.280926564415086233e+00
8.225364719381019540e+00
8.264467926826460697e+00
8.225215650876608109e+00
8.267340563177526747e+00
8.182852443469545989e+00
8.387000123006375318e+00
8.161181813808701335e+00
8.274513181565719577e+00
8.374297551647659432e+00
8.465518157942504729e+00
8.115175168703656183e+00
8.009658976729264523e+00
8.066345100782269739e+00
8.493618620222838089e+00
8.093499565698607512e+00
7.986626181882935605e+00
8.098586390428931026e+00
7.950717457019657708e+00
7.865479047924451628e+00
7.981835152814542589e+00
8.126138483377944866e+00
8.255410687676048909e+00
7.836063614146145717e+00
7.968456402051008247e+00
8.182859478658443209e+00
8.171056412500359301e+00
7.991557044916564045e+00
7.901500748952564379e+00
7.912267941082162359e+00
8.035068386425491482e+00
8.196185339978038442e+00
8.049694586740653079e+00
8.044320044535574254e+00
8.120721037896892369e+00
8.069954769433740793e+00
7.902241504120505411e+00
8.027989007737163618e+00
8.077770668147067568e+00
7.962467501257162183e+00
8.040481117408079470e+00
7.963126050757262320e+00
8.048914356014764238e+00
8.085427478301980386e+00
8.108145784245069265e+00
8.336250544875806412e+00
8.166827345999422505e+00
8.403803688106313174e+00
8.512785077619826168e+00
8.175480727810819914e+00
8.168959415420431469e+00
8.061233499513830836e+00
8.177118033037018563e+00
8.000068635669355999e+00
7.851871248276554915e+00
7.975955015863148034e+00
8.237415274084764150e+00
8.175533397172253913e+00
8.263940281973392032e+00
8.204411310642710120e+00
8.235354589638179235e+00
8.419534378166133592e+00
8.319955005285025962e+00
8.003593650337059273e+00
7.966574571832254925e+00
7.919308465561809562e+00
8.018866983420853245e+00
7.780743166450462489e+00
7.741525342811669930e+00
7.716409970169996413e+00
7.821615840909534434e+00
7.763237599926058330e+00
7.777544191548270369e+00
7.726380903165362746e+00
7.925490420879071962e+00
8.010050616051143990e+00
8.042048117428628018e+00
8.023201134995318284e+00
7.977090665815687487e+00
8.074158255861510369e+00
8.145846348345662236e+00
8.306837666956370825e+00
8.195019587093399949e+00
8.157717350559389402e+00
8.281850442882351615e+00
8.085377779680507970e+00
8.021893522165589374e+00
8.406822022125261640e+00
8.480783033857264286e+00
8.372401226030770971e+00
8.436895853990698413e+00
8.437769888720838551e+00
8.181130892515410480e+00
8.309647193437145418e+00
8.188081452611573496e+00
8.115428607509986847e+00
8.054270930118168081e+00
7.891112603914700152e+00
7.964980396078920499e+00
7.937683392836130558e+00
8.015417806502796338e+00
7.995781579373352876e+00
8.170293450239414668e+00
7.979964842002494230e+00
7.950714635932452090e+00
8.045006297561767994e+00
8.227547662435746645e+00
8.029296621621922370e+00
8.424531187265673182e+00
8.573732977601858707e+00
8.331252478645582826e+00
8.518516486557187406e+00
8.271740214148262993e+00
8.372699695886089089e+00
8.505873932737985754e+00
8.751385892885606310e+00
8.705032588232459290e+00
8.570447518635477380e+00
8.389477972311242482e+00
8.313900405906549551e+00
8.323025656788024307e+00
8.095513409732150834e+00
8.172310874808022874e+00
8.113223585850974473e+00
8.360513916192335415e+00
8.214584920755058306e+00
8.437335073949189024e+00
8.160771192955023068e+00
7.812502890935447475e+00
7.938526755099881704e+00
7.679171644939210672e+00
8.082409837964668498e+00
8.016216942768190634e+00
8.418078361868197135e+00
8.573135036742083770e+00
8.672094467708925336e+00
8.478886297349175649e+00
8.394298923183072247e+00
8.096423766001365152e+00
8.249772411002044947e+00
7.997646892143122521e+00
8.076194165269745540e+00
8.106521006487007242e+00
8.095232988808461982e+00
8.292380981342910573e+00
8.477726885602589135e+00
8.478864882430425354e+00
8.481893899264829173e+00
8.128159664675608909e+00
8.031828075709567472e+00
7.823265871572968599e+00
7.786979384560385853e+00
8.220965138248098825e+00
8.172809720268297440e+00
8.096654793777238623e+00
8.100287169647408803e+00
8.116614363888841055e+00
7.994179360550421443e+00
7.971542952762425749e+00
7.760492735176423018e+00
7.953015341369066959e+00
7.942652063869227064e+00
8.143668726301626748e+00
8.085456311548156805e+00
8.297059797734640085e+00
8.312382063242370833e+00
7.968392159845180345e+00
8.124337130502530258e+00
7.820508137552377725e+00
8.031045013663844045e+00
8.013462525598788133e+00
7.927722655603853141e+00
8.188901599176052315e+00
7.897117888153271537e+00
8.082570139221864736e+00
7.972540988029670928e+00
7.849497900431514630e+00
8.085619211971456721e+00
8.199877616124673807e+00
8.088764003525083623e+00
8.244585381050860917e+00
8.148198783922316224e+00
7.972831368197313751e+00
8.246325946619226244e+00
7.821205082865991365e+00
7.941694133145131396e+00
8.109316078434664732e+00
7.968441895533642239e+00
7.932803448865558771e+00
7.966886349648468091e+00
8.072262472182925919e+00
8.035637988826803024e+00
8.263931004604364361e+00
8.373031837276798228e+00
8.062830351722022115e+00
8.096491137444825625e+00
8.149959643661972564e+00
8.049285720562343371e+00
8.222613879247957058e+00
8.100044301830502391e+00
8.238775154397972145e+00
8.431720700272990143e+00
8.219038015553454812e+00
8.145904290021920957e+00
7.966981086280005897e+00
7.843534984339851412e+00
7.776370347710716224e+00
7.746840866328146724e+00
7.978739325341575039e+00
7.899466227235106608e+00
7.968396852974962918e+00
8.120280597559631275e+00
7.986514655766195681e+00
8.045079346656580199e+00
8.182803575026195375e+00
8.278823599165127334e+00
8.244052636963466796e+00
8.289861230598965847e+00
8.310690264211860523e+00
8.448735342604319243e+00
8.510353524935828418e+00
8.354452277366688051e+00
8.300043068305198446e+00
8.527062696228622229e+00
8.282842895416129281e+00
8.174237774575455973e+00
8.272170098868292243e+00
8.306203320342515184e+00
8.259774235576800905e+00
8.091446060996618783e+00
7.891356548534312232e+00
7.809476792618607277e+00
7.625058358086688415e+00
7.815851719427717725e+00
7.884704747446055428e+00
7.969032679211252912e+00
7.841736659592527303e+00
7.959562230190937449e+00
8.064834683544459537e+00
8.118130531967368668e+00
8.439377425145512035e+00
8.402273867006403663e+00
8.531539687888038515e+00
8.280675081094118539e+00
8.319294086387170495e+00
8.312541660241222985e+00
7.914596484649596420e+00
7.946281287453002662e+00
7.928444280813274680e+00
7.800067585063438891e+00
8.023333364578213889e+00
8.038713227809301642e+00
8.033632648315249369e+00
8.042123311244834483e+00
8.294119085539993108e+00
8.230179130574393653e+00
8.232796443470553172e+00
7.934788817688540163e+00
7.899286211230924337e+00
8.018119733302098595e+00
8.182868045916052324e+00
8.187940293600298958e+00
8.656662637794768855e+00
8.536106414350939531e+00
8.395222892864250497e+00
7.977746352907544747e+00
8.058216006440973800e+00
8.106543427468299257e+00
8.174954027879447693e+00
8.132747742974089533e+00
8.004542842837953032e+00
8.137561895039592486e+00
7.966928287897365735e+00
8.384342039474502073e+00
8.518695360100553060e+00
8.871198349885681012e+00
8.782648398157519409e+00
8.614501618058916677e+00
8.471716409302892714e+00
8.228676788662907526e+00
8.271009327767716357e+00
8.397098242921220645e+00
8.271090536073797850e+00
8.280168139325951415e+00
8.048347824477366075e+00
7.980570130166700693e+00
7.943374240711846390e+00
7.870955743712226393e+00
7.859632375173809749e+00
7.714838280802297277e+00
7.870335129509951955e+00
8.016741081040175132e+00
8.061078472308391696e+00
8.101906606864819338e+00
7.957975325364434305e+00
8.196089251586620605e+00
8.164517758495257738e+00
8.084868576463929202e+00
8.050000898100996949e+00
8.134384281836195996e+00
8.112176134843000597e+00
7.804879798016060910e+00
8.217876366127828902e+00
8.077312441577525703e+00
8.098346951120589665e+00
7.901254943119219831e+00
8.226752675704823048e+00
8.032528275288688846e+00
8.106477833880919803e+00
8.122226545505053963e+00
7.907521636035933277e+00
7.917278266908957640e+00
7.998528797282861369e+00
7.664443757738053087e+00
7.780120072801591569e+00
7.930189756880409391e+00
8.216807781455214510e+00
8.059718801495462159e+00
8.245977060774798417e+00
8.219564658653322198e+00
8.042015690785358828e+00
8.003074888733578973e+00
8.140385995762597915e+00
8.118890368506045618e+00
8.246380548726611082e+00
8.037390016917319358e+00
8.200609071667606997e+00
8.216550679171929161e+00
8.370325549140268606e+00
8.536876523602453304e+00
8.188082565646190858e+00
8.175278286445552212e+00
8.394533764930697473e+00
8.121346624656839097e+00
8.012084037495391442e+00
7.743204567071241939e+00
7.911880413687114810e+00
8.067424725013975007e+00
8.247266356906912677e+00
8.056802481518225534e+00
7.963885181308003602e+00
7.990242361032436236e+00
7.836361028141078933e+00
7.846344848061878707e+00
7.966573882993443156e+00
7.859046722045779809e+00
7.808390618593412213e+00
7.831476539940340764e+00
7.972245445825669741e+00
8.235304018492664468e+00
8.258973069165426395e+00
8.076975229822009439e+00
7.944536878795961599e+00
7.897475178393152717e+00
8.062836971399800490e+00
8.105597143659174719e+00
7.883661604841398329e+00
8.044171122849181899e+00
8.140012020498746281e+00
8.020735173645924476e+00
8.092298779106393170e+00
7.966609225428877394e+00
8.369397981123306351e+00
7.815259720458850090e+00
7.810192231086677594e+00
8.203583550380484368e+00
8.407141110529009254e+00
8.076411782580541043e+00
8.255363600483478947e+00
8.383734223755251236e+00
8.122271126019597887e+00
8.123992296375512012e+00
8.364468216336671702e+00
7.897816923541560286e+00
7.973498361189626848e+00
7.981149805858057000e+00
8.137281788826275175e+00
8.255826284836725648e+00
8.275725354791621413e+00
8.303432165104956297e+00
8.361776413354503390e+00
8.169943169205414080e+00
8.169912143722651621e+00
8.318515178846855207e+00
8.060004175141575189e+00
7.787250940605185079e+00
7.882387020229456809e+00
8.067018984940112603e+00
8.138836934550736757e+00
8.136656942392191283e+00
8.178202011335075738e+00
8.218072800898919894e+00
8.185969438742134230e+00
8.060315704653392643e+00
8.009884951209757631e+00
8.034903425781187991e+00
7.858813603896310340e+00
7.783155623795004807e+00
7.764679848696673048e+00
7.917611013028976075e+00
8.244996678452565675e+00
8.153162846596110569e+00
8.167151970035762432e+00
7.981746136613612208e+00
7.862985903978439772e+00
7.938122237317431384e+00
7.837182150480202836e+00
7.816245508944008158e+00
7.755674729624606911e+00
7.830201522568885686e+00
7.884799476359205528e+00
7.967021868607552015e+00
7.892971733237676091e+00
8.166584869116285006e+00
8.052317764231087693e+00
7.851702705463977416e+00
8.014439794025623343e+00
7.894284020545789815e+00
7.942551065843540314e+00
7.959281698722602272e+00
8.301979334704437719e+00
8.356283854796146215e+00
8.266220719544135065e+00
8.296231064335175986e+00
8.203057180715017438e+00
8.310069276961280949e+00
8.374934299233819601e+00
8.122898664750197284e+00
8.010836676114266197e+00
8.249407613047665677e+00
8.175867784271225958e+00
8.198050086545288551e+00
8.128127188831195227e+00
8.084776394413113465e+00
7.739936725906773063e+00
8.139532916741963220e+00
7.832058100003350454e+00
7.869091341860577238e+00
8.042036283174866185e+00
8.065040268996478190e+00
7.921333583940269207e+00
8.125452261846138668e+00
8.132260308926682058e+00
8.069879905506262219e+00
8.110182741623644276e+00
8.092334826716337304e+00
8.288902398451376996e+00
8.262040240451662854e+00
8.205015485725636992e+00
8.423640689593312914e+00
8.163910287809621025e+00
7.956547069743495904e+00
8.018446584061228677e+00
7.924069009989574752e+00
7.923487062426827876e+00
8.152062586977599778e+00
8.171750172706088833e+00
8.220528253186186518e+00
8.346983333595973775e+00
8.504113908775101649e+00
8.537642675353435351e+00
8.350898173575870942e+00
8.192178012981759849e+00
8.262062249932357716e+00
8.099984315664089607e+00
7.972865335621603045e+00
8.014066571307104425e+00
8.074537276162171651e+00
7.934358404751541194e+00
7.912196000333970858e+00
8.303995292552501795e+00
8.177933838306600478e+00
8.110072142908826720e+00
8.050780837642694365e+00
8.070579368679306143e+00
8.257166985737805831e+00
8.036778615081882293e+00
8.101435438209886541e+00
8.154481121987718240e+00
8.261269684177710459e+00
8.241207665620724043e+00
8.305025607111003794e+00
8.429198510360604857e+00
8.434841770120332427e+00
8.237729090556818790e+00
8.399701263634661075e+00
8.091482806676479456e+00
7.885129723432609872e+00
7.780500188743390666e+00
8.049455747615992252e+00
7.827643156775678790e+00
7.818602925339539489e+00
8.295820551386240638e+00
8.191984592367202112e+00
8.440422968057546882e+00
8.376232948423174562e+00
8.532349287899240409e+00
8.311033021047467884e+00
8.174445708607185779e+00
8.029585857199460719e+00
8.014129527664788810e+00
8.177342549793699789e+00
7.837226821691237078e+00
7.899241760793166200e+00
8.169006614461499893e+00
8.425437243568023149e+00
8.477106006647288083e+00
8.256314071775340935e+00
8.296737184512833707e+00
8.322093340177602272e+00
8.134740027611208291e+00
7.973850631916371334e+00
8.123606458723177326e+00
8.119273762813582707e+00
8.252831952108136804e+00
8.145238884888874153e+00
8.137522458052014684e+00
8.018747968555082650e+00
8.041300091641224057e+00
8.228922915996705001e+00
8.201678482104561851e+00
8.017089772090637112e+00
8.163824868786313971e+00
8.052621746413070269e+00
8.396485708236966161e+00
8.278158415524691449e+00
8.211222935623828434e+00
8.258279071654824222e+00
8.127183617224483569e+00
8.114875610686334895e+00
8.173666162003112134e+00
8.170814080377438060e+00
8.007382127893697188e+00
8.057653415383002837e+00
8.005991297975075582e+00
8.009288699269752954e+00
8.111967253699031488e+00
8.026855374847082558e+00
8.063677490508654344e+00
8.080148234005708474e+00
8.479807575646157503e+00
8.355546806760697720e+00
8.220559106067089061e+00
7.921683804130204010e+00
7.953140057388584871e+00
7.970246428648914971e+00
7.884597113313353667e+00
7.961116775606322804e+00
7.748031970805643098e+00
7.849381448880655476e+00
8.102500130191071293e+00
7.980338039619071289e+00
8.142141868259823667e+00
7.904525261212159037e+00
8.291880814993859872e+00
8.231668806948082562e+00
8.184408525086402264e+00
8.109974560914697150e+00
8.057106691262923448e+00
8.153792986863896530e+00
8.133829671943113127e+00
8.094291081602165150e+00
8.482440954768579289e+00
8.237266361134356174e+00
8.211592324534818133e+00
8.201261695952331010e+00
8.216985146026344111e+00
8.389756957674320503e+00
8.324381087272943347e+00
8.242186044089271135e+00
8.549367512299147265e+00
8.524183449688738534e+00
8.274088616188954859e+00
8.317962932650445396e+00
8.368622581284430595e+00
8.441850005313737526e+00
8.240201758648176167e+00
8.138363143216276185e+00
8.424508345459301495e+00
8.401703724896631087e+00
7.988626981219734802e+00
8.170174436421968167e+00
8.071770961905349040e+00
8.088700473051803286e+00
8.018752950439171912e+00
8.069299672793658118e+00
7.758475617226042509e+00
7.857708803808487019e+00
7.678034228615207901e+00
7.627424547915342856e+00
7.848199716795627445e+00
7.927330375362772408e+00
7.885747902414856902e+00
8.104168283317052968e+00
8.125503541064128754e+00
8.192846112611047005e+00
8.010522888294751453e+00
8.281535122779542846e+00
8.146929835776354878e+00
7.937633046293554706e+00
7.931792954297092635e+00
7.646211000193507523e+00
7.657315224454877445e+00
7.555219360818286489e+00
7.529608737946327679e+00
7.719277438198258956e+00
7.768864344704049074e+00
7.960461803096118949e+00
7.903200870827709501e+00
7.936138698847378770e+00
8.068485447507306674e+00
7.904830665967860881e+00
8.180964012587013556e+00
8.110205996336789624e+00
8.354816136998636011e+00
8.330367334420014203e+00
7.741665915024765532e+00
7.800100896300420139e+00
8.074106839023071913e+00
8.373421988998703824e+00
8.568819104319027602e+00
8.317822220888835716e+00
8.616599331764650316e+00
8.557326020454048887e+00
8.619942224403596143e+00
8.405542322136113853e+00
8.664955275548352986e+00
8.796720429017282683e+00
8.587206362071118093e+00
8.487288202285048655e+00
8.395707873513114095e+00
8.363048395597818541e+00
8.499441834557490694e+00
8.477050407749795014e+00
8.135326567266533360e+00
8.086766810212614232e+00
8.175600076716138531e+00
8.237987786875914153e+00
7.888196782824568487e+00
7.818736476230275123e+00
7.867602347994866463e+00
8.134092023092005519e+00
8.207889314898178412e+00
8.099696572262901739e+00
8.300202171386208860e+00
8.153509556701669325e+00
8.307385341095525177e+00
8.097205961976186472e+00
8.455477615862509566e+00
8.584640266195668445e+00
8.465398148684563751e+00
8.288817064818369218e+00
8.434863303118856237e+00
8.171921056474420908e+00
8.456826511600352703e+00
8.438553867249677154e+00
8.436727033155410282e+00
8.310982148143008175e+00
8.279843814057272766e+00
8.296837113677598907e+00
8.188321812077793638e+00
7.975211136618355567e+00
8.203765027646767294e+00
8.064664673202253553e+00
8.017515117818749815e+00
7.785512950556389811e+00
8.047578690181323324e+00
7.950104130670506031e+00
7.955740671234990735e+00
8.290260791161315979e+00
8.238613647856475097e+00
8.492750840858581896e+00
8.175974365040239888e+00
7.950872844857689081e+00
8.219219012397463331e+00
8.056962529210860424e+00
8.194124196311385333e+00
8.155122376331433998e+00
8.411292654340238428e+00
8.287668458992948572e+00
8.483675285196035531e+00
8.200355019755175334e+00
8.203353706534041834e+00
8.078081713901354988e+00
8.032363634235048622e+00
8.067112452127007671e+00
8.098795174595547763e+00
8.002374686673865867e+00
8.136128461236120657e+00
7.983284245447143768e+00
8.099405053114111297e+00
8.039685082916250281e+00
8.084563508456579228e+00
8.223334912508532213e+00
8.277396326967956242e+00
8.078694010988028751e+00
7.983692220522542016e+00
7.900339465217244062e+00
7.853125394716180097e+00
7.919700963469288091e+00
8.279502790189845030e+00
8.248694440017786178e+00
8.244324297773349741e+00
8.059767258392946943e+00
7.866704801168845407e+00
7.865219312400616225e+00
7.970303020829138774e+00
7.729234004813357650e+00
7.871403213350457229e+00
8.079799126877940552e+00
8.401568408678677713e+00
8.516220296946725554e+00
8.249913777437132723e+00
8.139149382424077928e+00
8.215998507397351602e+00
8.109138307371413390e+00
8.126696312435610636e+00
8.347320193658475773e+00
8.187732950415638200e+00
7.945032362422164596e+00
7.948727468577954092e+00
8.021870256315786207e+00
8.042865579480336535e+00
8.228293409454515484e+00
8.260308272764817161e+00
8.289282968972738530e+00
8.001778627486732631e+00
7.955245317739208843e+00
8.086157060087817428e+00
8.256905683862859391e+00
8.338279585370065305e+00
8.159102104813433343e+00
8.050189003911773611e+00
7.938891037607208823e+00
7.918801738007439361e+00
8.054287236164135777e+00
8.016295262669714816e+00
8.050624019094893669e+00
7.859427169897420740e+00
8.011442971063537755e+00
8.032474661993029841e+00
8.286833126046715847e+00
8.150625402700315547e+00
8.192716915121842192e+00
7.947388229995596909e+00
8.076415658751043836e+00
8.249391500037953406e+00
8.118859246966724896e+00
7.898462019099577347e+00
8.144687975861909734e+00
8.230437075915203238e+00
8.106448170416406640e+00
8.184138611795557239e+00
8.441136167526257950e+00
8.270828445692684383e+00
8.233172875725353279e+00
8.139576082178699323e+00
8.220530710106803696e+00
8.136920485321070373e+00
8.123413410069824536e+00
8.042081795070814110e+00
7.809213005085086756e+00
7.978770231778048228e+00
8.117797563920079895e+00
7.826445148769368032e+00
7.769323788344706827e+00
8.022000546319581815e+00
7.799136976133819843e+00
8.096802531489620591e+00
7.930072982059005682e+00
8.148307179544977075e+00
8.283383120178370973e+00
8.360959973057264349e+00
8.198189034973095701e+00
8.170702423554375926e+00
7.892517566279653174e+00
8.005275047190362869e+00
8.049321884762191459e+00
8.138161771239303732e+00
8.153389687401325858e+00
8.033848550865196003e+00
7.996228784696117309e+00
8.019961121426561590e+00
7.945501392880215619e+00
7.990080775684585745e+00
7.900507267105840725e+00
8.038247127434264172e+00
8.192565514053331555e+00
7.967855301853748351e+00
7.919565856767543544e+00
8.179680074873758144e+00
8.034606634373016476e+00
8.126528338867403889e+00
7.955257368499723647e+00
8.204979867720048503e+00
8.273229512254600237e+00
8.078777171804269130e+00
8.335568694510440579e+00
8.226900596961234768e+00
8.564823392519349099e+00
8.235453102126156111e+00
8.228831341891320150e+00
8.153196478070899644e+00
8.393325669504447362e+00
8.197461660802556338e+00
8.019303252915694458e+00
8.232010927882981832e+00
8.050237260800775729e+00
8.068004773569068533e+00
7.953671045874911805e+00
8.034354465119017519e+00
8.086875425954033858e+00
8.157808860328778167e+00
8.298728940997776249e+00
8.268062423683470996e+00
8.287123646863099324e+00
8.287554206694299097e+00
8.460720754913140240e+00
8.193042518601918900e+00
8.211813400014028375e+00
7.950071815448610302e+00
8.166651388122080135e+00
8.150233999584715505e+00
8.175607893611699595e+00
8.281793331212320197e+00
8.227964231574842913e+00
8.395885286893767230e+00
8.280079091637457367e+00
8.313508329303633815e+00
8.383942575131447583e+00
8.180423442337790618e+00
8.301804570343890077e+00
8.076587141063171771e+00
7.958384139394935275e+00
7.871672009316317720e+00
8.079458103792145351e+00
8.219565790181587062e+00
8.151372234390935390e+00
7.941882780348168858e+00
7.794598470907788901e+00
7.957713188573753094e+00
7.958073697899358478e+00
7.796559992980113485e+00
7.681854383758476956e+00
7.906162932167202229e+00
7.997196269814483394e+00
8.064228620378012025e+00
8.094906542554280549e+00
7.792107297247294007e+00
8.159959598856767471e+00
8.247908877111932213e+00
8.394631893011389678e+00
8.332126566186238037e+00
8.413598686639554458e+00
8.209887146037704753e+00
8.280806091955620118e+00
8.080792637204632811e+00
7.972244226931097799e+00
7.961979158351971009e+00
7.966846681317299783e+00
8.089904474266154111e+00
8.291274988764531173e+00
8.269321512252426842e+00
8.149271877587798585e+00
8.083982149224265612e+00
8.140680307546823258e+00
8.069113117880831965e+00
8.187530666665843171e+00
8.439221082764477799e+00
8.476561590830581139e+00
8.116882656155960163e+00
7.952712595739203749e+00
7.961611039565232417e+00
8.068516286744815247e+00
8.121934892749296253e+00
8.252327732793066417e+00
8.150780386446600190e+00
8.340297965058685037e+00
8.086085747590146866e+00
8.202785383368139449e+00
8.061381767355614514e+00
7.985599981070762965e+00
8.018200985791931856e+00
8.007286081836664238e+00
7.980269906732706531e+00
7.896965856739578626e+00
8.254121859012018447e+00
8.490367674616075888e+00
8.051148603397880521e+00
8.204585223392689031e+00
7.917914247571018471e+00
8.053729381272175303e+00
8.053521793950794816e+00
8.235232624596035222e+00
8.302668459479502161e+00
8.407666750577822867e+00
8.429544280398907574e+00
8.419465707578410729e+00
8.135863696951199486e+00
8.136830141184942633e+00
7.953939436536211716e+00
7.923110466250355977e+00
7.697029352767303934e+00
7.758689175160751184e+00
7.717522725734742295e+00
8.005171336435548568e+00
8.195766656720484988e+00
7.936360311957249003e+00
7.902155602382589628e+00
7.973713799132636559e+00
7.886270558341614390e+00
7.953862174727123424e+00
8.116669928056575500e+00
7.989116284648122956e+00
7.903954476870661772e+00
7.819583823805036360e+00
7.884586695977803039e+00
7.893125703725135445e+00
8.019292502542279877e+00
7.764284822247366158e+00
7.750324481876199378e+00
7.860487322757015782e+00
8.074540878016389200e+00
8.204254838021039831e+00
8.019525816542111940e+00
8.019418434441837107e+00
7.865888401967566779e+00
7.969069178041251256e+00
8.252532185518363761e+00
8.004744971126267927e+00
8.017856963910217516e+00
7.859948036163007856e+00
8.043802474588849449e+00
8.108061804958314411e+00
7.992656391516469228e+00
8.193619069779993325e+00
8.244237779933474286e+00
8.120212152744475276e+00
8.141158735887488618e+00
7.972017365999057859e+00
8.172870632621579645e+00
7.951056610114650702e+00
8.144194002368292828e+00
8.228889836508399114e+00
8.249770419265239241e+00
8.266815510615961315e+00
8.181998489106387495e+00
7.994872767471462360e+00
8.068083962343765236e+00
7.643649340219468513e+00
7.747665955564497331e+00
7.818093242719957203e+00
7.696017271915158275e+00
7.576621638153435256e+00
7.735271014106498200e+00
7.932068771924924988e+00
7.922212632776499674e+00
7.964618582470048835e+00
7.858386999984912080e+00
7.921913240667561418e+00
8.215222028484243211e+00
7.811423341636046125e+00
7.944276420983396925e+00
7.898002811739146090e+00
7.997306516319605763e+00
8.144555311096514316e+00
7.954466733401644341e+00
7.947042928675210227e+00
8.319666660358159049e+00
7.962130337804267377e+00
7.939167151802688949e+00
8.181272173930928204e+00
7.833240849394282890e+00
7.978607293065899775e+00
8.247535425854175983e+00
8.374247047482070272e+00
8.193388507381730079e+00
8.155340645372458397e+00
8.156644285523016791e+00
8.346012727812349041e+00
8.150628633481833418e+00
8.282724123966477947e+00
8.248087740729786788e+00
7.989817059654357401e+00
8.031579357037474054e+00
8.236086724901253930e+00
8.188409643292208884e+00
7.961924395025817169e+00
7.988238387553885822e+00
8.069110237090688642e+00
8.052638254331762724e+00
8.268584233491434787e+00
8.345736805228227695e+00
8.532929984615945429e+00
8.452639450688698375e+00
8.515911086977558497e+00
8.368541898474706642e+00
8.368951639268381371e+00
8.045321270277410619e+00
8.160853204351001366e+00
8.033127633816015134e+00
8.011453842133459347e+00
8.116251356401102512e+00
8.056747893420636686e+00
7.980454219035092223e+00
8.273399010798947018e+00
8.148728641257255489e+00
8.351952475199803771e+00
8.189793907825315245e+00
8.009860900332476774e+00
7.871929059698244302e+00
7.988180218283739364e+00
8.178248738465409673e+00
8.114083701494720913e+00
7.978864916637512295e+00
7.806697398311274405e+00
8.069951199378593287e+00
8.098998054220546194e+00
8.194178346374213717e+00
8.086930512729976428e+00
8.185373814610223064e+00
8.354920117453723094e+00
8.333083683816626674e+00
8.314638272661390772e+00
8.203156021443575696e+00
8.393150966512761713e+00
8.315392058476005488e+00
8.090109717684441648e+00
8.061789402928390302e+00
8.179482152724409261e+00
8.388545399202532948e+00
8.401258283431038976e+00
8.222592762224985918e+00
8.495850540527083439e+00
8.178754593460292099e+00
8.268972524411587699e+00
8.278630447341202014e+00
8.153096063162418972e+00
7.832225819781426956e+00
8.061533839657593958e+00
7.830188603377059131e+00
7.957368885497469790e+00
8.173084295502212271e+00
8.570166462850655975e+00
8.421195095464442559e+00
8.238254688158164640e+00
8.221613204660764396e+00
8.286579556475802022e+00
7.993725899376765476e+00
7.869195930743973832e+00
7.926528178591290441e+00
8.182049084587950105e+00
7.884172525808164522e+00
7.792474320365901264e+00
7.893713140834187847e+00
8.192634070491898513e+00
8.207830615074117375e+00
7.956356886796474015e+00
8.034262122853842669e+00
7.975948661114330207e+00
7.994604458693973292e+00
8.149987961553847526e+00
7.975584925016282689e+00
8.266216981911805206e+00
8.334850407941539530e+00
8.118498825871570901e+00
8.325583431660575684e+00
8.196568976539255758e+00
7.984050181596599849e+00
8.049801119700299878e+00
8.072488771524460205e+00
8.167080552515434633e+00
8.032164145116810872e+00
8.118903748081786276e+00
7.876233671323224605e+00
7.909754464695875065e+00
7.898445075653160785e+00
8.006555542787110014e+00
8.081063046844498388e+00
8.250387909540185305e+00
8.104224144840124211e+00
8.028385225442743689e+00
7.910973729645947472e+00
8.052203969638801695e+00
7.873274940587013049e+00
8.293355306795787030e+00
8.196896031342550515e+00
8.250151524474986786e+00
8.039887294564195486e+00
8.003840257766121624e+00
8.141032097986999005e+00
8.299852904827007549e+00
8.238437275117483694e+00
8.248162311894340348e+00
7.870204486193860483e+00
8.038518578950345272e+00
8.248960577691670792e+00
8.313063964969900965e+00
8.212042943982460486e+00
8.064765207756433796e+00
8.255248183712518895e+00
8.163534607490610995e+00
8.016668498100170126e+00
8.079669064200590611e+00
8.194771418247800199e+00
8.177972151876334195e+00
8.516503284942887220e+00
8.103886147729786771e+00
8.171776929796859434e+00
8.262112964972164519e+00
8.159921268313773624e+00
8.082069041656348318e+00
7.989097643271881211e+00
8.078181619185430762e+00
7.962479160834437408e+00
8.005283405696220100e+00
7.988562745054542447e+00
8.078215122354945876e+00
8.192445639757403697e+00
8.014967960243220446e+00
8.077258740770552947e+00
8.117788468634799415e+00
8.073048903877982241e+00
8.302525554207171865e+00
8.024653753017130242e+00
8.034130021562758017e+00
7.820862851000475402e+00
8.078744894446648672e+00
8.084270251322328349e+00
8.061997511015428941e+00
8.011492321183402154e+00
8.277512600221397676e+00
8.287981260428228580e+00
8.031156966475339942e+00
7.931399758615252260e+00
7.851316569515435440e+00
8.065870779432035675e+00
7.849900518647320524e+00
8.039729971072972603e+00
8.016601376301910165e+00
8.062158125727393099e+00
7.986537822229768047e+00
8.080983489406591502e+00
7.993942439591164906e+00
7.812649526741257233e+00
7.798537961804776764e+00
7.907687391775437113e+00
8.156055094019654561e+00
8.113059371846810919e+00
8.267804593310119188e+00
8.096073326680594207e+00
8.118094157686165602e+00
8.097685805629147637e+00
8.474560087117708918e+00
8.377656493314654895e+00
8.305667778009185653e+00
8.045841686918315361e+00
7.987090507756753333e+00
7.869360778150943148e+00
8.140009793346910882e+00
8.009110336046422418e+00
7.989251808801415500e+00
8.072227640409339600e+00
8.261345919291752438e+00
7.894929926613914795e+00
8.021087257890066269e+00
7.932907417908176662e+00
7.872933784557049286e+00
7.874696331475116828e+00
8.258780456012482674e+00
8.205286530984631455e+00
8.039312952190261541e+00
8.147732989356471833e+00
8.190095349676001391e+00
7.911359714761355022e+00
7.816152434833377072e+00
7.924021805375914163e+00
7.771370180297422436e+00
8.032273050707104289e+00
8.241878058158855325e+00
8.243299962743673603e+00
8.100568838219237122e+00
8.238235021678271153e+00
8.305343941448255052e+00
7.946222770759796106e+00
7.727144962737023448e+00
7.773342787991419200e+00
7.754459266269070561e+00
7.716092434043859249e+00
7.891120154981098977e+00
7.820274531243756044e+00
7.820684752806036144e+00
7.966643016676773215e+00
7.923130883257020862e+00
7.911055472777017705e+00
8.067210205774843601e+00
8.144222133247637885e+00
7.974148848587574001e+00
7.946001255219604431e+00
7.940233160720296723e+00
7.952423130492883629e+00
8.026543174484046972e+00
8.116235606523821033e+00
8.081392337020920635e+00
8.029764643808977809e+00
8.264681677083368427e+00
7.973252303579579703e+00
8.283987344508847883e+00
8.386765914647527964e+00
8.276640130887448876e+00
8.192995565262002344e+00
8.369687434836961870e+00
8.409410443012205860e+00
7.966596955708529215e+00
8.045740495191672892e+00
7.936921061364153651e+00
7.767245489629285515e+00
7.758997991659734694e+00
8.067275779533879643e+00
8.268985899773619863e+00
8.141011826508577798e+00
8.273204245658783762e+00
8.303131687265345562e+00
8.403878800903143542e+00
8.428694593864266338e+00
8.080498287671646906e+00
8.243027516501964413e+00
8.565324088079282916e+00
8.073852827472071780e+00
8.160436600051937717e+00
8.234753897498798381e+00
8.152651494543869504e+00
7.981860491650753175e+00
8.293057945952286403e+00
8.364003525262695860e+00
8.562369712587617698e+00
8.298004484252864188e+00
8.445065087437910734e+00
8.282666427542705989e+00
8.176584804732765832e+00
8.128406323493765129e+00
8.159367600116578245e+00
7.942376986767924585e+00
8.149175567781805185e+00
8.202914017271192293e+00
8.220297012576326168e+00
7.990835836431170236e+00
8.011045295777522668e+00
8.244600759080642050e+00
7.987619606403357331e+00
7.988673367663845504e+00
8.178427587061245063e+00
8.222922485046201047e+00
7.986109123659054454e+00
7.849200397005873242e+00
7.609409122501882727e+00
7.814241526987945718e+00
8.160693455906054439e+00
8.446351442718759372e+00
8.131299479389031859e+00
8.157124383862310424e+00
8.038039182515310799e+00
8.034091832493629681e+00
8.136696154760404198e+00
8.202085033319468366e+00
8.260322123666004046e+00
8.377571482426811045e+00
8.299790850859585234e+00
8.296019902621615927e+00
8.219562908216691000e+00
8.089548374312828471e+00
7.948146058697614258e+00
7.825761404365034757e+00
7.710437899100340609e+00
7.940642454423070262e+00
7.830063376744574200e+00
7.953456031439666063e+00
7.831392971785467338e+00
7.841713128465862326e+00
8.066874605243675944e+00
7.905982991538824223e+00
8.063185918634202309e+00
8.073680256341646100e+00
8.006431270080595297e+00
8.167565804339728786e+00
8.301259749244039199e+00
8.246957002558490402e+00
8.394949411481142931e+00
8.329440301904243782e+00
8.211992132088223428e+00
8.326882399984667060e+00
8.317982131717498007e+00
8.378554144676323645e+00
8.496541807577091987e+00
8.378961875599685527e+00
8.419508350292861820e+00
8.138491826037199672e+00
8.273142278576898434e+00
8.203547930794396592e+00
8.066418237694193749e+00
8.208548462983971561e+00
8.300249726903347280e+00
7.997144206026106872e+00
7.948005329880636793e+00
8.041188442372527945e+00
7.997110016755476281e+00
8.334351785585154104e+00
8.311484081863039108e+00
8.285843675498377081e+00
8.201694946274612263e+00
8.217818042979702753e+00
8.197411227727180005e+00
8.192668372723979076e+00
8.149096008834998628e+00
8.310620584090063545e+00
8.386640286501251040e+00
8.289825482878883989e+00
8.176495869600277189e+00
7.873485883354615744e+00
8.051335817096667569e+00
7.974649646817487891e+00
7.871596842295640606e+00
8.087595051100908705e+00
7.921502928074696470e+00
7.959023245439904137e+00
8.087295619246720690e+00
7.935882758920547175e+00
8.121748305947996016e+00
8.103247556803070850e+00
8.022622045687095138e+00
8.269839157649144568e+00
8.327799948908356953e+00
8.141675344354853294e+00
8.127016980581364791e+00
8.334562067758220394e+00
8.054015163977885194e+00
8.201871908129398037e+00
8.103934651445378279e+00
8.185427675156764948e+00
7.972980874549191910e+00
8.051132508768432672e+00
8.360401100407816699e+00
8.113681622350275902e+00
8.135945374639630856e+00
8.121683316955257581e+00
8.195238142477487386e+00
8.183011081715489965e+00
8.133393547132584445e+00
8.358413495760647294e+00
8.341500340147014469e+00
8.382194952383224873e+00
8.222139902961750124e+00
8.126533099599091869e+00
8.094174327233892186e+00
8.048769431333846924e+00
8.102734029187661946e+00
7.969145153831959760e+00
7.988796113201588334e+00
8.020807169720791663e+00
7.953863907654358023e+00
7.983939183926983318e+00
8.024960355280670754e+00
7.932244092176941486e+00
7.736200718770416707e+00
7.903300049761136314e+00
8.024689774231832828e+00
7.864203155783581423e+00
7.937223163939425952e+00
7.929375467484518936e+00
7.873611002477116649e+00
7.865138071951082388e+00
7.796695123888394363e+00
8.071765671690871002e+00
7.928196579074792361e+00
7.964549154381971086e+00
7.959287537489685427e+00
8.183561828355694345e+00
8.379629184781784090e+00
8.362219136865572722e+00
8.312519546484679722e+00
8.494029937205185732e+00
8.423884586435811173e+00
8.298722518753107735e+00
8.172253483114046091e+00
8.095062728862176371e+00
7.953413872118277439e+00
8.059350426263236500e+00
8.084500767967934820e+00
8.096103828828837834e+00
8.243662754410703286e+00
8.209434839702703712e+00
8.333353492406008201e+00
8.077905229820355970e+00
8.369580479073128743e+00
8.174916286173397495e+00
8.075455219611455959e+00
8.434454385542903054e+00
8.376157793195224244e+00
8.331751961053228683e+00
8.053242226338655385e+00
7.749020407118763387e+00
8.040143185568384254e+00
8.366837612659852041e+00
8.124249858922176770e+00
8.135644204619170594e+00
8.195918528107876355e+00
8.132042287926063651e+00
8.041698138719196365e+00
7.853567882920375887e+00
7.837440796421298650e+00
8.055664953188552246e+00
8.018712347990311073e+00
7.999536092448869873e+00
7.991142591463521683e+00
7.952063645595931263e+00
7.674369589875492004e+00
7.727191974056856871e+00
8.021277922450007480e+00
8.068051209929084422e+00
8.033543220406929919e+00
8.253868547140392309e+00
8.096739798048943726e+00
7.861771521548678088e+00
8.061765566253045634e+00
8.234721787412746963e+00
8.185771127653351797e+00
8.241003154306122624e+00
8.187923777027330985e+00
8.076844790814114106e+00
7.921964056005360355e+00
7.818466759834262092e+00
7.747969856366570873e+00
7.809985179375654951e+00
7.839535081218094170e+00
7.792990062984515021e+00
7.886900805474422071e+00
7.798669293019177218e+00
8.152799646172354642e+00
8.188008298333850021e+00
8.135501803190887671e+00
8.027260935232080286e+00
8.270693528694637919e+00
8.376933858362002994e+00
8.385781606911558939e+00
8.198173525300342490e+00
8.346868513824860614e+00
8.108961927446063811e+00
8.075341668714106191e+00
8.121938433035934324e+00
8.348481111581884662e+00
8.298671543679532192e+00
8.054002866216620760e+00
8.157966811501070836e+00
8.066040986281667102e+00
8.124953984383035177e+00
7.899762434094436792e+00
8.136655011185448316e+00
7.897101787436158205e+00
7.717569753957943313e+00
7.986470214320566363e+00
7.996509751563342761e+00
8.083251598695138540e+00
7.899279710539900634e+00
7.977379708551873172e+00
8.031660148104213803e+00
8.096583663962615418e+00
8.158065686040048448e+00
8.287691370959031190e+00
8.252789128685890319e+00
8.035681738220501913e+00
8.162541104803265668e+00
8.081627198200100892e+00
7.931524743160906610e+00
8.065554319250068716e+00
8.147112463112275549e+00
8.136548808418885059e+00
7.906342075642310618e+00
7.850312746034472156e+00
7.672535206499777161e+00
7.873881064810650976e+00
8.082870421816796380e+00
7.959122198239929169e+00
8.274697379530445929e+00
8.271881453318350452e+00
8.318543844778401919e+00
8.199829636409159406e+00
7.995072584663357240e+00
7.863014083922093889e+00
7.996053485894637269e+00
8.081097108083568514e+00
7.979446607946257153e+00
8.077110801758161429e+00
8.438427432728634159e+00
7.968839497014855056e+00
7.875126293950303058e+00
7.909177783678680740e+00
8.325797909088983317e+00
8.323441525629931448e+00
8.471493255777653886e+00
8.352478096730825641e+00
8.329336726357029264e+00
8.179255838088032249e+00
8.219991763018361652e+00
8.126013154870479482e+00
8.050271153975891991e+00
7.985535753893716837e+00
7.985641832542856200e+00
7.883857241340558097e+00
7.957574703601576260e+00
7.888166341162555995e+00
8.034948214940406785e+00
8.175352763123985511e+00
8.031192610588462344e+00
7.987784475529469574e+00
8.146238690789335379e+00
8.216492618025439398e+00
8.151178611671790364e+00
8.124824750008375673e+00
8.259750414901340321e+00
8.230590296709216602e+00
8.266443716339324510e+00
8.093237387124835536e+00
8.047914370210223822e+00
8.163278436364842960e+00
7.909108186646456318e+00
8.344477794542829230e+00
8.559238710609987422e+00
8.412188449675454649e+00
8.405474186239997536e+00
8.509307644194628040e+00
8.530884689695358958e+00
8.598313727020626018e+00
8.709282676819064761e+00
8.355689069724441254e+00
8.266926565606899757e+00
8.105479352436475438e+00
8.146144890621567214e+00
8.077060621701441789e+00
8.121742514821333359e+00
8.195920601854894016e+00
8.170385901601154188e+00
8.125820111420889447e+00
7.801580717434056567e+00
7.923278223816242694e+00
7.833275906177104453e+00
7.994088681185480993e+00
7.855860937851332437e+00
8.114872741235110709e+00
8.271021941766445451e+00
8.178254938507791394e+00
8.011185853241908461e+00
7.980194910042922807e+00
7.993033229210944057e+00
7.964202979953320494e+00
7.952549060549096716e+00
7.928363140514758989e+00
7.907477770310889831e+00
8.100621515781709192e+00
8.259746653253666082e+00
8.224980069854352038e+00
8.174082434868763514e+00
8.097940217311949240e+00
8.211553553560678509e+00
8.170785570903033701e+00
7.970341427104576937e+00
7.982030911736298862e+00
7.991005017804486243e+00
7.745802271318424914e+00
7.900551377028138589e+00
7.717800588091135339e+00
7.826190654844736194e+00
7.938943979319568633e+00
8.055364253037788913e+00
8.244094330579969210e+00
8.348547163136133875e+00
8.152883639846537633e+00
8.197870337452936695e+00
8.034591921497542089e+00
7.942272951449407259e+00
7.957809404218108895e+00
7.924095549808495065e+00
7.700972437323454045e+00
7.877499387668382980e+00
7.991017410852187197e+00
7.888038213407988941e+00
7.961414781045241362e+00
8.162966597736168950e+00
8.168320330612838021e+00
7.982678312092014394e+00
8.141434267889202658e+00
8.079573060179139787e+00
8.325766389309016802e+00
7.974091728398117418e+00
8.079855381450439467e+00
8.279067690181513228e+00
8.193914134851715048e+00
8.183750960481946279e+00
8.295717405480477424e+00
8.579527653158928402e+00
8.490433680001704175e+00
8.387244186546672253e+00
8.299322031468033600e+00
8.206001577571733208e+00
7.916976635382447114e+00
7.943142807682701090e+00
8.074650076482429384e+00
7.936159270093002149e+00
8.168779505417592901e+00
8.196628936772423657e+00
7.951186853329263116e+00
8.104109376042915258e+00
8.048068833844665093e+00
8.135234145309430787e+00
8.060166622450925189e+00
8.150013442606908853e+00
8.209239949312319595e+00
8.140544816816712270e+00
7.954204224609308760e+00
8.098184597454585187e+00
8.116035728379122460e+00
8.105027699194939927e+00
8.236849803883407262e+00
8.161881270029455848e+00
8.305571749152313998e+00
8.374689626895035488e+00
8.344287818794825284e+00
8.141969729596187477e+00
8.037345927869667506e+00
8.154223724352331004e+00
8.260962021935743138e+00
8.080213509799321514e+00
8.117570123156298223e+00
8.081558825503652344e+00
8.027490920269151786e+00
8.147716326748083659e+00
7.978421286063288598e+00
8.031585172657832672e+00
8.095426599352101960e+00
8.243099231983345376e+00
8.303690557814977780e+00
8.308158382732425906e+00
8.540786073720061822e+00
8.456335899709932491e+00
8.345058574430817444e+00
8.233383435722638310e+00
8.270935387371311620e+00
8.278866522931430438e+00
8.191382372611466067e+00
8.174772656596122289e+00
8.165951158843379076e+00
8.047130384383379464e+00
8.022755883405016775e+00
7.963012829275772475e+00
7.904508552321933834e+00
8.213201951624125030e+00
8.318948554805791318e+00
8.047334279127550616e+00
8.154191037102103579e+00
8.207310874162057956e+00
8.312376091541697321e+00
8.308628281927575188e+00
8.323642748392249047e+00
8.269865458691750604e+00
8.212190492040376100e+00
8.292318528485015605e+00
8.626368663144919680e+00
8.227926914557899707e+00
8.448696007725160939e+00
8.239509124107918581e+00
8.125289315897109788e+00
8.151244449492681454e+00
8.179351030690979130e+00
8.157653511072583186e+00
8.301379166605849846e+00
8.252448164202043301e+00
8.220663087911825428e+00
8.229733229457828259e+00
8.041661815634446597e+00
7.942218377666669937e+00
8.142804168105962859e+00
7.966295475636552936e+00
7.879269975002397786e+00
7.873112804746210003e+00
7.984166973162669656e+00
8.024382699180197420e+00
8.071748071757612664e+00
8.009498241495846216e+00
8.052150000631657534e+00
8.383643445334101330e+00
8.150303512249141846e+00
8.177051175111422765e+00
7.846622187692673833e+00
7.917381489602842493e+00
7.721677746387264563e+00
7.866677536695774187e+00
7.794963505995711195e+00
7.892254792977978717e+00
7.830216806278344599e+00
8.050262016226380268e+00
8.140970103202914032e+00
8.443822813375270186e+00
8.261866895143679557e+00
8.192828110506914285e+00
8.251902346335583616e+00
8.260414877184070193e+00
8.312480972058864381e+00
8.164516060311566292e+00
8.493814548186186641e+00
8.126577027128259800e+00
8.208344313623921806e+00
8.268218685593591744e+00
7.895705337813009983e+00
8.490725002044458236e+00
8.307372370580509369e+00
8.256164577849268937e+00
8.277985810974811898e+00
8.068726994148683218e+00
8.161780942520316273e+00
8.329212154371424148e+00
8.137443403808534370e+00
8.062552940420864900e+00
8.431052226005295580e+00
8.432794883864000113e+00
8.061139035378634077e+00
7.913472329631054514e+00
8.178274226945857706e+00
7.954156434224738170e+00
7.954041361021759293e+00
7.903130854552101958e+00
8.138038219019380293e+00
7.905607536097061683e+00
7.951154524136891055e+00
8.216369632731179706e+00
8.070533389499480847e+00
8.066132755943733912e+00
8.104393437887999596e+00
7.938875081825486291e+00
7.854508662344006353e+00
7.818727190822111872e+00
8.124489774572733580e+00
8.064720649533910546e+00
8.274206875401436179e+00
8.356769725705671448e+00
8.200792576428687752e+00
8.187168320409297095e+00
8.290919456455725367e+00
8.083555069345417010e+00
8.118113716920847267e+00
8.265837441122897644e+00
8.004281974219461304e+00
8.020197393985119660e+00
8.081022352553342003e+00
8.183019076573444295e+00
7.947806624585062707e+00
8.020520721596350100e+00
7.992529767297529730e+00
7.974386208058166225e+00
8.039318471511498032e+00
8.272099055217452701e+00
8.281678684559421910e+00
8.235790838245106826e+00
8.253302372829528721e+00
8.032797339264803327e+00
8.109568184155595105e+00
7.996813367773778047e+00
8.073552055765238933e+00
8.082245689585816351e+00
7.974969485126742086e+00
8.078715134708794210e+00
8.120168765794721466e+00
7.966587157905610894e+00
8.224405244831160644e+00
8.099609651611787697e+00
8.091664615756840817e+00
8.093768912844923946e+00
8.331483442802943173e+00
8.510502785077283860e+00
8.335674186007890896e+00
7.949154898465334185e+00
8.087441810559397481e+00
8.118603584082617175e+00
8.171935018706330212e+00
8.100045376282080767e+00
8.359266925411812821e+00
8.345909487026107243e+00
8.155508702870971405e+00
8.181241954807113359e+00
8.015722476959734166e+00
8.165166750153293407e+00
8.051848425555371946e+00
7.855154911843577281e+00
7.701410860006084214e+00
8.143528582325494369e+00
8.002212683312325936e+00
8.137886871866863103e+00
8.177536011757391421e+00
8.111809677818884623e+00
8.148671953908698029e+00
8.078792795458957343e+00
8.051487950390303183e+00
7.712062999022298193e+00
7.996465982391105953e+00
8.015489118792885392e+00
7.948650467432369915e+00
7.876164869569295846e+00
7.979162757914249227e+00
8.068363008172475759e+00
8.208060664630794534e+00
8.312529960704573284e+00
8.428576541847123238e+00
8.399852116273329727e+00
8.618218045004068628e+00
8.433705993460662853e+00
8.109331485813065399e+00
8.059968374596559570e+00
7.889700690438701258e+00
7.872840935008384555e+00
8.050455023826380341e+00
7.960510732891778574e+00
8.152044350861576305e+00
8.129743935325091542e+00
8.331374397913267060e+00
8.068593429442547205e+00
8.005693798106996439e+00
8.120129348792197277e+00
8.297146858031384298e+00
8.245416732270518523e+00
8.237689905611723873e+00
8.007455587516501438e+00
8.150414939461827046e+00
8.143514981922084672e+00
8.080034596895217192e+00
8.001810395596411496e+00
7.942207243263275984e+00
8.017736452168426453e+00
7.947012683035723946e+00
8.289164909090393607e+00
8.177861170294592696e+00
8.196401503370793762e+00
8.297823362292486848e+00
8.266830799253957807e+00
7.971040380210028253e+00
8.011612202118527648e+00
8.216828505793412063e+00
8.207240191181059075e+00
8.202893146151042814e+00
7.976339030654851392e+00
7.890340757916675329e+00
7.984411126581769658e+00
8.219887953878625808e+00
8.465028618996649712e+00
8.191964272018996240e+00
8.223748718428982585e+00
8.238984815532246486e+00
8.540576894385701223e+00
8.717783936653390242e+00
8.793011385478445519e+00
8.514079881257886839e+00
8.612792569593832326e+00
8.356046571136703349e+00
8.336735542011792788e+00
7.913724837323352190e+00
7.847226611542176933e+00
7.990262281835695646e+00
8.101803684949119955e+00
7.985518437372823186e+00
8.002772397887945033e+00
7.983737549018524504e+00
8.271503706644100617e+00
8.220585019029787333e+00
8.262253959345043697e+00
8.404191988624740262e+00
8.089115100997648966e+00
8.097301652522771676e+00
8.037595861021658905e+00
7.995750753536078115e+00
8.097620920731365857e+00
8.043529461278797754e+00
7.934403571098088470e+00
8.164766458547177308e+00
8.218780491591411774e+00
8.335127100855828530e+00
8.217166001481686521e+00
7.994027809053298128e+00
7.934113006371464216e+00
7.757665234358432471e+00
7.729253849452945246e+00
8.061617206282988946e+00
8.198907590367156217e+00
8.129723384322332436e+00
8.154930902445036267e+00
8.191110848033606118e+00
7.960518471795441364e+00
8.104644775055813710e+00
8.182555099507645480e+00
7.921642365683374543e+00
7.925007905600944369e+00
8.177456191037942190e+00
8.215269272913920062e+00
8.051012949707041955e+00
8.082927357878695318e+00
8.251524244462483892e+00
8.150333845301110713e+00
8.061551590116676991e+00
7.902570280589300999e+00
7.987226889707345734e+00
8.002043325917016503e+00
8.088704706445987824e+00
8.021358872619481772e+00
8.122516177493405820e+00
8.144943397014815289e+00
7.990754707067593721e+00
7.979832388261835163e+00
8.272724905492921721e+00
8.316780109463923765e+00
8.282757803550405029e+00
8.299532189314353658e+00
8.426720908385902931e+00
8.338117948797076906e+00
8.096581990616947166e+00
7.852730199238141751e+00
7.782172776668728531e+00
7.853392067499303408e+00
7.714962197750732997e+00
7.849227021087792799e+00
7.945880127360944734e+00
8.003444204213414181e+00
8.003221025440096170e+00
8.345563592503404848e+00
8.221121250325007068e+00
8.210586351421145679e+00
8.106695797576513485e+00
8.065761964211120016e+00
8.128786771355812846e+00
8.309255689849035065e+00
8.154972612836520085e+00
8.044890908301258747e+00
7.792804230656641629e+00
7.922007829457693440e+00
7.816161761287248488e+00
8.172900057022852494e+00
8.057675659849392602e+00
8.228873090473102891e+00
8.285421532689960955e+00
8.399142786757952450e+00
8.538629527751414372e+00
8.739558377764335972e+00
8.925132382963196775e+00
8.707307046584581656e+00
8.554621656945347041e+00
8.406904538200519639e+00
8.310516910973078097e+00
8.209762179219465494e+00
7.872397835971034041e+00
8.267034074155509060e+00
8.074970419998031446e+00
8.186942867841153770e+00
8.236608286951721425e+00
8.103778829585248644e+00
8.128891123840860544e+00
8.041789771600646120e+00
7.980842837391290523e+00
7.839182812891434260e+00
7.890996465461485698e+00
