3.333333333333333148e-01
4.054054054054054279e-01
5.731990704879937892e-01
6.498213117229576508e-01
6.951950116151118797e-01
7.243155326646787406e-01
7.385367256001149627e-01
7.520543851785447265e-01
7.598541278708876856e-01
7.717598475222363641e-01
7.693478609197244023e-01
7.648229208117787170e-01
7.729859719438877397e-01
7.796706879686990943e-01
7.680749656676629789e-01
7.690046866311859297e-01
7.757264408412265499e-01
7.841363006440041916e-01
7.757283930466007948e-01
7.784086300592100161e-01
7.713525284297120255e-01
7.732347979757410172e-01
7.740276438444230189e-01
7.666320581423209379e-01
7.636420820883786931e-01
7.673635580612324647e-01
7.781177038885758179e-01
7.772534982102180523e-01
7.754032258064516014e-01
7.818930041152263311e-01
7.755019756471251968e-01
7.631370686926242097e-01
7.752127324298770938e-01
7.703166121700295577e-01
7.797003925338460428e-01
7.774835499919755533e-01
7.773418734987990186e-01
7.656114994894351877e-01
7.643541586814871502e-01
7.741335194231216965e-01
7.762413576367064305e-01
7.712962236005338479e-01
7.824228028503562582e-01
7.782573940847322680e-01
7.651239930500710607e-01
7.716902064255781735e-01
7.784785179345683481e-01
7.711317487801039317e-01
7.654407200496585739e-01
7.688923195677345168e-01
7.642139185145400138e-01
7.715474081491180414e-01
7.711085361143298345e-01
7.731313287470047424e-01
7.739460632362058501e-01
7.684388444990780664e-01
7.747852333410726322e-01
7.765806857502359772e-01
7.768836291913214787e-01
7.623408879230052504e-01
7.603355755422870343e-01
7.586206896551723755e-01
7.645554385437038913e-01
7.640951803576842005e-01
7.716487373159380825e-01
7.687466421060710209e-01
7.737068965517240882e-01
7.717692307692307629e-01
7.685285471143431524e-01
7.733561324420954453e-01
7.760798378294090361e-01
7.879099170288423881e-01
7.705243118902197486e-01
7.795944033956925256e-01
7.744835199495347933e-01
7.727843137254901684e-01
7.705415499533146972e-01
7.902630734680782254e-01
7.781633311814073473e-01
7.734350424661843304e-01
7.740042256827607270e-01
7.747218304341012551e-01
7.636265515380463720e-01
7.749421742482652808e-01
7.707457574342208018e-01
7.781596625527261724e-01
7.739529100940244488e-01
7.735497398462374274e-01
7.764714981823807038e-01
7.723708487084870455e-01
7.644568750472446883e-01
7.660037523452157826e-01
7.633238252514636946e-01
7.619261926192619772e-01
7.720834602497715915e-01
7.711668719211822731e-01
7.724196277495769536e-01
7.722397963120130049e-01
7.749787497102232914e-01
7.647238560843327981e-01
7.635374971678876577e-01
7.622467493196249944e-01
7.778720777717769153e-01
7.708447079010997127e-01
7.707723138584862133e-01
7.756936909006355574e-01
7.719829258828094787e-01
7.697016067329762734e-01
7.704880644670822898e-01
7.602418745275888456e-01
7.647675376207232478e-01
7.784012298232129146e-01
7.901937524713325001e-01
7.707612456747404694e-01
7.645896656534953983e-01
7.717117804041174756e-01
7.777259656485583372e-01
7.734308158979543713e-01
7.675505824647455011e-01
7.709527083810833181e-01
7.750801649106733304e-01
7.736748980690821842e-01
7.763846153846153397e-01
7.740866348080777115e-01
7.784060103787467932e-01
7.791572902925428812e-01
7.718543555077584939e-01
7.733537519142419381e-01
7.881237369811907589e-01
7.862836398074343203e-01
7.770301987169456748e-01
7.593854072055706839e-01
7.744536548605878146e-01
7.810573366214550450e-01
7.830844993355741135e-01
7.743133462282398849e-01
7.812164853684694377e-01
7.828513838282037396e-01
7.711200669150635179e-01
7.673792794139632223e-01
7.703979174414280484e-01
7.545864880605707148e-01
7.657383231795764633e-01
7.572115384615384359e-01
7.615479741034407724e-01
7.646710136336691832e-01
7.588156524326736818e-01
7.791962532104547146e-01
7.745620128116076364e-01
7.624651127706117970e-01
7.647277872942578325e-01
7.741197988111568895e-01
7.871539487099050714e-01
7.790386130811662868e-01
7.853160581075775415e-01
7.770515041738856876e-01
7.811526479750778851e-01
7.758553805570641559e-01
7.748941085868309431e-01
7.691080382920528757e-01
7.658327698895650570e-01
7.802348635046515435e-01
7.714636768545538592e-01
7.727481970231702135e-01
7.758048328572531016e-01
7.665090742717706185e-01
7.627246071723930987e-01
7.660467906418716444e-01
7.595844854644645538e-01
7.662076665426126310e-01
7.717061323618700230e-01
7.672465960665657558e-01
7.684107061847875730e-01
7.704268292682926456e-01
7.660394468374518429e-01
7.747624477385024466e-01
7.674507407973117923e-01
7.611694152923538237e-01
7.694454922670690422e-01
7.691544566544566974e-01
7.817426747673613674e-01
7.758875165074186064e-01
7.788699690402476339e-01
7.760707635009310712e-01
7.759435790126326671e-01
7.765718272734321026e-01
7.766967621419675893e-01
7.763065659319261513e-01
7.736155093844133690e-01
7.731235053614132768e-01
7.821851620947630757e-01
7.796302149178255814e-01
7.838415841584158716e-01
7.929501172285552402e-01
7.823775773195876804e-01
7.817635903919090135e-01
7.751992498827942057e-01
7.798406436141409603e-01
7.756712837576413833e-01
7.758501040943789340e-01
7.682834118899194431e-01
7.718956208758248616e-01
7.726963489303801946e-01
7.695810564663023712e-01
7.799006495987772514e-01
7.795857988165680874e-01
7.815511345974510693e-01
7.738962044926414041e-01
7.711492571780463878e-01
7.786300945296761311e-01
7.864616360177552057e-01
7.750157828282828731e-01
7.748853834796798346e-01
7.782466010314111893e-01
7.606382978723403854e-01
7.636046687888433659e-01
7.681926232650870823e-01
7.751895991332611313e-01
7.749146227879540882e-01
7.731040359439150800e-01
7.745294662141314346e-01
7.694322471304213540e-01
7.780187437069165934e-01
7.724368962293549634e-01
7.762330097087378755e-01
7.758995037220843827e-01
7.888932963109877017e-01
7.792937399678973032e-01
7.808458303578512671e-01
7.677788220551378107e-01
7.710225949219660091e-01
7.628571428571429003e-01
7.677859552284574951e-01
7.624254473161033996e-01
7.581486803297284860e-01
7.668134203734628951e-01
7.750231696014828753e-01
7.645879904416865713e-01
7.686624009750152586e-01
7.717607465198103034e-01
7.748715195213622398e-01
7.760384376937383699e-01
7.795171339563863322e-01
7.752870420995079392e-01
7.805277951280449322e-01
7.683528685996298124e-01
7.733140947752126237e-01
7.729287679608682904e-01
7.697704567985967916e-01
7.716220375500153494e-01
7.716020910209102635e-01
7.615717868815079505e-01
7.743573957211020709e-01
7.683972560024945331e-01
7.746073705489037176e-01
7.780223235340355536e-01
7.705033164260631784e-01
7.707035755478661709e-01
7.803967327887981753e-01
7.811862545112192580e-01
7.659722222222222765e-01
7.761735639283507959e-01
7.740077821011672743e-01
7.722810543402643946e-01
7.671327068530827686e-01
7.639969488939740705e-01
7.887014515496273415e-01
7.749364675984752315e-01
7.766524932354078592e-01
7.640947288006111338e-01
7.703400121432908421e-01
7.741960125276907689e-01
7.662505708631450752e-01
7.752335732884055863e-01
7.663459352981286665e-01
7.717817304793488375e-01
7.700672053160160235e-01
7.682422785000375676e-01
7.821542190577185361e-01
7.716025885039969889e-01
7.765097120399062636e-01
7.818069115140244829e-01
7.783720930232558288e-01
7.693773340446612430e-01
7.686043881474780015e-01
7.693823417961348499e-01
7.642197009542415209e-01
7.540479155982122705e-01
7.714728453364817495e-01
7.740168859815927949e-01
7.789425357716733833e-01
7.692773822148158969e-01
7.700550677184104797e-01
7.806845597104945522e-01
7.772277227722772519e-01
7.741107167132391664e-01
7.784399517199758201e-01
7.662221560008939392e-01
7.600671140939597725e-01
7.647187249836256973e-01
7.850837821663674276e-01
7.839396969463887643e-01
7.712258753528110633e-01
7.772720376270672027e-01
7.788675197302888931e-01
7.824439288476411347e-01
7.707539984767707297e-01
7.781247619773021817e-01
7.849996121926626769e-01
7.842785914615144627e-01
7.780877111421043990e-01
7.813051146384479839e-01
7.832743498999845677e-01
7.801978679346576184e-01
7.681969193597100176e-01
7.624851367419738235e-01
7.660666468313002131e-01
7.558327219369038730e-01
7.622000145889561429e-01
7.471056439942113103e-01
7.580598733448474791e-01
7.620946894157618612e-01
7.694948138198641763e-01
7.687367784829253203e-01
7.778375057594839603e-01
7.693078464621551094e-01
7.679100509002506625e-01
7.702272727272727604e-01
7.808841651263093153e-01
7.759313649714020267e-01
7.740216232678543973e-01
7.727930535455861394e-01
7.758423103369241902e-01
7.751556614651394783e-01
7.702651371267947855e-01
7.719617660446063123e-01
7.756523069859974084e-01
7.666515289131092814e-01
7.662630668571858150e-01
7.789136405248703321e-01
7.780435118037339892e-01
7.775728229959265603e-01
7.830961954840705008e-01
7.780955325398052347e-01
7.695529662630417045e-01
7.784901915884283596e-01
7.641509433962264675e-01
7.766432191210952407e-01
7.832470442778765030e-01
7.806446673302197548e-01
7.814099136943405410e-01
7.651418731751141733e-01
7.714391691394658634e-01
7.764350453172205180e-01
7.722218019517361753e-01
7.659033078880407297e-01
7.773014440433213545e-01
7.660280585306984413e-01
7.672710924621609641e-01
7.669043151969980876e-01
7.714808043875686083e-01
7.739589712186160098e-01
7.687852461515013447e-01
7.746468117602137715e-01
7.766855019738370114e-01
7.732661759008135904e-01
7.766148558931500467e-01
7.706011615131063142e-01
7.693975530432088927e-01
7.741609695463020913e-01
7.821703580217511664e-01
7.733997942875227016e-01
7.611201361491451989e-01
7.681159420289854767e-01
7.648902821316614364e-01
7.708140610545790583e-01
7.737984496124030720e-01
7.703144458281444562e-01
7.809329033273028076e-01
7.766159695817490549e-01
7.732312978291425720e-01
7.765682512334560750e-01
7.716566241489944966e-01
7.773602630342884012e-01
7.668995838894558936e-01
7.641033599751687611e-01
7.636293436293436487e-01
7.736981602743997488e-01
7.760371565771865265e-01
7.747144545096494861e-01
7.905889936346789382e-01
7.902775496797503907e-01
7.783735478105451300e-01
7.795823665893271137e-01
7.755490367081582237e-01
7.732892353728639812e-01
7.652887443876761342e-01
7.695049198109552568e-01
7.805490196078431753e-01
7.755503144654087855e-01
7.712761785238058110e-01
7.630397771242841687e-01
7.716778627133039636e-01
7.742238946378174891e-01
7.729096200739400402e-01
7.697241326018081642e-01
7.733271590645982574e-01
7.742361812951877864e-01
7.773884606400374153e-01
7.846935535090504565e-01
7.843105670103093230e-01
7.792655548428479850e-01
7.865429234338746634e-01
7.783900335409679183e-01
7.930140205851365920e-01
8.004839786381842126e-01
7.833456153279292344e-01
7.764350453172205180e-01
7.670326247761426464e-01
7.669634633097942578e-01
7.691655751598736046e-01
7.679149329634766818e-01
7.708557382086341780e-01
7.599727499810763343e-01
7.599222662381344140e-01
7.755727530457435792e-01
7.630949625858212126e-01
7.776918914740665878e-01
7.779434850863422568e-01
7.759365428414356503e-01
7.708365910867865933e-01
7.640587737518270695e-01
7.713160333642261612e-01
7.799793928826186384e-01
7.739802421924792952e-01
7.723449414354217613e-01
7.682964567538295153e-01
7.732670961732516224e-01
7.676226004507654688e-01
7.653674318286858291e-01
7.661252900232018437e-01
7.643415653789579212e-01
7.728371947889850491e-01
7.670321064996085125e-01
7.724681814632622379e-01
7.677676894176581612e-01
7.750938086303940100e-01
7.925871975398559588e-01
7.772450223486387921e-01
7.746925823086077134e-01
7.748558793334913153e-01
7.667374714813940395e-01
7.689065792554437007e-01
7.644399407592173956e-01
7.809162117256112090e-01
7.725493329072461446e-01
7.736324281778826917e-01
7.837773169564523634e-01
7.786819207218820260e-01
7.795105566218809567e-01
7.783109404990402602e-01
7.770056854074541830e-01
7.756315007429420705e-01
7.708966269377580671e-01
7.768949131416997833e-01
7.631762247504063623e-01
7.636892015907005282e-01
7.613808801213960420e-01
7.646566164154103840e-01
7.774171110595873291e-01
7.757016713970356081e-01
7.619674670797831340e-01
7.720854872309235173e-01
7.745969327565866980e-01
7.642913077525450571e-01
7.597993827160494096e-01
7.760025062656641381e-01
7.643596986817325911e-01
7.651856454870281654e-01
7.731336260978669550e-01
7.725055083412023516e-01
7.806605650616792458e-01
7.729236677868458472e-01
7.789085663915378266e-01
7.733633585330544902e-01
7.720369626355966242e-01
7.698520591763294840e-01
7.772591936911563693e-01
7.703691787983591999e-01
7.801197604790419682e-01
7.827244132591337777e-01
7.734630412247827103e-01
7.782612135115892782e-01
7.811021095692628480e-01
7.790192926045016453e-01
7.730401075864251625e-01
7.597192224622030254e-01
7.648361720003055142e-01
7.638492950150242988e-01
7.659508489030157907e-01
7.709365416371786184e-01
7.802679853246131669e-01
7.776789324706834261e-01
7.775528382865009025e-01
7.789090909090908843e-01
7.778952504879635965e-01
7.700891065264510171e-01
7.819985482700217982e-01
7.673689289160501303e-01
7.811601150527325288e-01
7.858950289772262954e-01
7.829686091303991180e-01
7.706000805477245530e-01
7.767671932344024643e-01
7.655335968379446410e-01
7.723281385966299650e-01
7.809987819732033820e-01
7.722998937126972496e-01
7.826015727391874011e-01
7.691062176165802677e-01
7.650926952939312020e-01
7.642558561400741857e-01
7.675539056946528715e-01
7.713944223107569442e-01
7.659946023178282326e-01
7.671940844398504877e-01
7.725342520631359733e-01
7.699677938808373590e-01
7.750000000000000222e-01
7.838916133322251234e-01
7.796224506994775538e-01
7.880817156904297294e-01
7.861494894018707935e-01
7.799863504521412638e-01
7.709273182957393500e-01
7.836686983384820726e-01
7.818382228251653521e-01
7.838784049184527314e-01
7.941151016875811486e-01
7.811939533692031645e-01
7.825612621685129611e-01
7.802446380697051209e-01
7.899131314835118323e-01
7.837199493884436929e-01
7.713484998351467503e-01
7.610959782086204051e-01
7.679355199106217000e-01
7.696102215752870235e-01
7.743177907072031907e-01
7.705684521368222351e-01
7.667073667073667220e-01
7.746559166055867474e-01
7.705906650144568326e-01
7.736669401148482672e-01
7.877520287793858822e-01
7.831325301204818956e-01
7.759748323536717063e-01
7.618241882201273185e-01
7.663558849310702081e-01
7.582174462705436602e-01
7.661233167965981750e-01
7.544371696773685132e-01
7.641993838375858994e-01
7.584331651954602238e-01
7.590714625257486414e-01
7.617311350665820768e-01
7.730302786924745373e-01
7.787450722733245678e-01
7.816025215660251657e-01
7.740293852088976356e-01
7.789777411376751504e-01
7.731805818841176459e-01
7.640595751607389685e-01
7.692806221646143472e-01
7.710853220006538278e-01
7.707993474714518456e-01
7.730461739272311839e-01
7.749649542343530761e-01
7.759383707588919377e-01
7.880827723759661341e-01
7.688185340918459731e-01
7.672621921776919818e-01
7.642043190692485721e-01
7.621849407648882968e-01
7.724271219197939020e-01
7.777504105090311537e-01
7.670676202860857718e-01
7.700056410669675611e-01
7.780312907431551350e-01
7.781182706642372215e-01
7.761378627968337218e-01
7.814869765908341037e-01
7.763702599768173007e-01
7.825583319543273353e-01
7.892572387746538132e-01
7.798149705634986883e-01
7.791522348672274001e-01
7.852326646133355181e-01
7.699042631535880643e-01
7.779136104319478440e-01
7.763827342852454017e-01
7.766543362104397774e-01
7.740981181691182211e-01
7.825152867294662418e-01
7.704081632653061451e-01
7.771809895833333703e-01
7.781252571804789797e-01
7.854821235102925625e-01
7.822031762036804059e-01
7.783453357896499281e-01
7.747621017790649045e-01
7.667423382519863440e-01
7.629960871995528082e-01
7.760733706679652233e-01
7.820288405434692169e-01
7.842100775854718986e-01
7.731958762886598224e-01
7.715284133455362348e-01
7.812578301177649509e-01
7.685688027404127265e-01
7.755767301905717170e-01
7.769868520224436637e-01
7.749727417596242729e-01
7.726208396052851590e-01
7.782759495812536787e-01
7.706017143342103193e-01
7.668553354419843648e-01
7.733689750229721938e-01
7.721389645776566280e-01
7.770831549199280763e-01
7.763953689303612071e-01
7.799121371349815313e-01
7.731560891938250579e-01
7.719447035874820173e-01
7.675879396984924830e-01
7.670340681362725066e-01
7.722254992837279675e-01
7.743855770048473364e-01
7.771817794806300528e-01
7.802226027397259900e-01
7.663607003229644388e-01
7.602057749751078841e-01
7.535043856053774691e-01
7.699735886431164911e-01
7.622923588039867138e-01
7.746373808537090344e-01
7.672845691382765843e-01
7.540159013467466753e-01
7.599158167395175800e-01
7.572451970042330949e-01
7.691099909098421117e-01
7.635356333417274710e-01
7.588851323493032153e-01
7.672784391534391846e-01
7.782843633907463587e-01
7.766882673942701043e-01
7.726460831844857990e-01
7.716158306024704094e-01
7.748884961710006403e-01
7.743830787309048391e-01
7.765993265993266226e-01
7.651781234320120806e-01
7.863987110998049701e-01
7.793067409858909222e-01
7.723237152125661531e-01
7.775697753573860282e-01
7.631755061067425627e-01
7.671300893743793203e-01
7.717745302713987510e-01
7.718553726022746586e-01
7.633517495395948371e-01
7.676458419528341404e-01
7.666694345262807797e-01
7.709987463435018507e-01
7.721423164269493045e-01
7.670578373847443121e-01
7.759378168300101741e-01
7.837231379994822333e-01
7.736352677802651456e-01
7.627965043695380531e-01
7.676675514266755318e-01
7.711714742242031795e-01
7.794569672131147486e-01
7.684644452078324139e-01
7.686510288762807841e-01
7.649184736930576545e-01
7.798758186612231302e-01
7.827380952380952328e-01
7.721047156726768002e-01
7.650836572587459417e-01
7.556579705374043554e-01
7.626545754328112325e-01
7.684325965918676893e-01
7.729697178251893064e-01
7.543369721587542820e-01
7.777872051586628421e-01
7.674258702191663062e-01
7.617926511393257050e-01
7.670611936539913911e-01
7.690945877592311186e-01
7.727815699658703297e-01
7.778065854290899805e-01
7.764164059784497418e-01
7.754065915153601773e-01
7.688236298446303740e-01
7.720977944947854388e-01
7.736239124816952639e-01
7.746660922016371797e-01
7.896457284212385908e-01
7.802372941384806415e-01
7.877237851662404200e-01
7.857206524645690138e-01
7.704674530362604079e-01
7.686835790195406526e-01
7.875857218216986144e-01
7.717246877491362733e-01
7.672993960310612316e-01
7.745614793052795211e-01
7.762616985917957235e-01
7.588250450914713063e-01
7.628059550845319725e-01
7.739190234677211233e-01
7.637652346788832425e-01
7.795769130321232865e-01
7.717058669231441348e-01
7.719616480953614968e-01
7.595595766473198784e-01
7.744219776469584149e-01
7.728102983386970770e-01
7.695430595145547059e-01
7.748418955210950587e-01
7.789695797432741875e-01
7.563958026190269468e-01
7.722422990879366234e-01
7.645880508622191485e-01
7.775024338437029892e-01
7.738563259471050726e-01
7.671402100061766038e-01
7.791132478632478708e-01
7.782316630355845533e-01
7.945091514143094447e-01
7.787029327412341440e-01
7.792952745151597860e-01
7.764716602879533358e-01
7.728993869455463850e-01
7.862200435729846948e-01
7.825246294079735154e-01
7.733695652173913082e-01
7.633869691374307598e-01
7.749051442689490754e-01
7.726259473918858367e-01
7.757851534618129818e-01
7.810140237324703083e-01
7.756128221244500409e-01
7.780062583817612953e-01
7.803687635574837467e-01
7.741352840242030631e-01
7.793047696038803984e-01
7.688742312149032809e-01
7.647419609217559477e-01
7.712643678160919780e-01
7.657444005270092058e-01
7.783119658119658224e-01
7.656993980774413622e-01
7.697835344215755438e-01
7.778179844400217036e-01
7.733297022512708452e-01
7.714852556587609156e-01
7.659001077973409677e-01
7.804878048780488076e-01
7.723413966225467497e-01
7.732616422127038813e-01
7.765251386489681051e-01
7.731742851939537031e-01
7.747796856545834387e-01
7.610579930301134555e-01
7.693886657742079471e-01
7.608637458731150049e-01
7.581358330385568056e-01
7.519643792561550022e-01
7.703374777975132703e-01
7.664762940803191427e-01
7.703414456956048095e-01
7.866417561886969168e-01
7.718921943485964610e-01
7.689014392421206212e-01
7.600570867897600280e-01
7.745308310991957379e-01
7.635512335674410345e-01
7.773430391264786188e-01
7.712839392544869055e-01
7.771639042357274541e-01
7.816541073588241240e-01
7.774259638666418670e-01
7.864241515094693158e-01
7.818710161229845967e-01
7.924187725631769430e-01
7.860629845888772449e-01
7.778612336869777932e-01
7.740326899990765952e-01
7.804630569135688756e-01
7.847457627118643586e-01
7.807604126862820459e-01
7.703259647808168298e-01
7.761873780091086417e-01
7.564267352185090054e-01
7.690702947845804438e-01
7.685349249277254602e-01
7.654297967555472315e-01
7.671730823003075628e-01
7.637193701667753798e-01
7.740726863994005225e-01
7.732662935205388832e-01
7.631038985263943752e-01
7.724350013978193985e-01
7.524047354790972530e-01
7.791733058393476297e-01
7.889063112504900444e-01
7.677388382141142609e-01
7.719116956317519929e-01
7.782145939207977259e-01
7.707042790431716250e-01
7.772813688212927286e-01
7.598089708774229400e-01
7.667998884654707581e-01
7.697787776527934556e-01
7.736737962875718244e-01
7.755102040816326259e-01
7.731171646715053747e-01
7.834267794355221914e-01
7.768429104120853079e-01
7.813039309683604827e-01
7.823899371069182873e-01
7.635779729857372633e-01
7.752673175267317252e-01
7.671117751424035847e-01
7.567494111252038858e-01
7.559111111111110892e-01
7.612367080689840249e-01
7.754597858907493757e-01
7.734594493350814837e-01
7.755695134527046397e-01
7.779143424411458785e-01
7.760249385981484727e-01
7.860814927646611050e-01
7.857696781698332300e-01
7.980778660390310808e-01
7.867488745351340906e-01
7.881012169209966611e-01
7.792467186608331708e-01
7.819706498951781715e-01
7.695705290856122982e-01
7.790157845868151965e-01
7.850253079935058942e-01
7.673561915556814661e-01
7.679430262671106400e-01
7.693947539160256310e-01
7.540204678362573132e-01
7.611288120163859361e-01
7.632209323751611985e-01
7.721744011976048316e-01
7.725078102811701042e-01
7.669243824250424613e-01
7.769633507853402898e-01
7.823082911638770121e-01
7.758821248545948457e-01
7.895560336397418055e-01
7.803622686330793368e-01
7.763285964570760811e-01
7.847161145314179853e-01
7.719315308305777501e-01
7.678080242815138456e-01
7.708214217648179378e-01
7.650751379113562844e-01
7.663161883110731765e-01
7.714722461068118653e-01
7.731197237145049916e-01
7.698619557872381503e-01
7.764271127102985171e-01
7.761354737666406045e-01
7.803239826155670134e-01
7.861358407522256453e-01
7.795228628230616019e-01
7.749533810972617509e-01
7.653745263771495333e-01
7.690542220522138539e-01
7.721032926946337360e-01
7.775531812493984285e-01
7.691723614274866838e-01
7.707687975218248111e-01
7.776101103461284803e-01
7.620605833956619612e-01
7.668557611829256437e-01
7.728813559322034177e-01
7.693767194763305728e-01
7.824368613842298537e-01
7.811331890615778040e-01
7.726741922927209405e-01
7.694097121256179284e-01
7.813939809822566529e-01
7.645910599258247675e-01
7.685514063549966357e-01
7.775159548355424777e-01
7.649009852697298273e-01
7.775077760497667301e-01
7.776137034849379681e-01
7.660333686951490417e-01
7.670261066969352726e-01
7.695668693009118932e-01
7.699216510605770836e-01
7.622146764761366100e-01
7.589786756453422711e-01
7.678015655946430762e-01
7.756764620308408409e-01
7.700185311616112305e-01
7.713313896987366025e-01
7.791100981072243137e-01
7.707250073579907657e-01
7.859330238071717822e-01
7.842500507408158850e-01
7.579132473622508526e-01
7.728764478764478252e-01
7.779426310583580362e-01
7.743914506233920969e-01
7.786698384379027171e-01
7.779781585011521505e-01
7.701777027697805922e-01
7.751455927351692532e-01
7.709464127109444398e-01
7.656619385342789963e-01
7.670286278381046596e-01
7.627335299901671917e-01
7.654296682744364810e-01
7.729362382570458267e-01
7.613794474259590883e-01
7.617834394904459128e-01
7.690784915371672303e-01
7.870493310182821167e-01
7.793812292358803795e-01
7.730417090539165592e-01
7.748064743138635135e-01
7.695617370422253023e-01
7.776096822995461899e-01
7.772004889975550057e-01
7.937139863803037709e-01
7.790089901735312017e-01
7.775735294117647189e-01
7.684634760705290057e-01
7.613749254917544507e-01
7.635700916165895080e-01
7.663857213683689107e-01
7.556431739773287193e-01
7.662453091052735532e-01
7.626862666129682333e-01
7.759424402107822916e-01
7.831475887928340818e-01
7.759834368530020843e-01
7.604905736874113531e-01
7.724484665661136562e-01
7.650681474003028226e-01
7.783871622994109618e-01
7.592815572948022895e-01
7.652600588812561444e-01
7.650774849471917438e-01
7.741192954363490530e-01
7.731490821061125507e-01
7.614385614385614787e-01
7.858602370249284652e-01
7.788250078542255928e-01
7.622356186778379561e-01
7.880945011864232130e-01
7.772592278319898629e-01
7.705699481865284639e-01
7.824355481031229909e-01
7.785050675675675436e-01
7.754161867867238600e-01
7.778127293698228195e-01
7.757009345794392274e-01
7.778012238868959871e-01
7.660708686108498311e-01
7.717903107669771279e-01
7.708377294787930323e-01
7.656037637219027525e-01
7.700490144957764516e-01
7.708835551828948640e-01
7.668533499274009513e-01
7.641867624422781224e-01
7.744066047471620529e-01
7.726372824841095666e-01
7.771254848516615521e-01
7.781187175960215807e-01
7.750500474133389384e-01
7.801975990651226489e-01
7.842110885589146374e-01
7.812000426302888600e-01
7.732392883461417510e-01
7.762128325508607096e-01
7.764693512774681894e-01
7.700366684127815109e-01
7.642569866969165515e-01
7.724286594128515482e-01
7.782404997397188717e-01
7.725473859612580485e-01
7.782762938230384231e-01
7.878949047973620168e-01
7.741765758181626822e-01
7.790505675954592091e-01
7.826993225638353424e-01
7.748761354252683420e-01
7.609179134654265875e-01
7.612666269604924096e-01
7.671659796923695485e-01
7.809917355371900349e-01
7.722567287784679602e-01
7.711115677008424374e-01
7.769167183302335689e-01
7.738033702057273144e-01
7.722650231124806863e-01
7.696324357530459626e-01
7.678881290190874287e-01
7.669310555216595215e-01
7.746754584792912013e-01
7.764385284561367007e-01
7.767500525541307654e-01
7.726984126984126622e-01
7.701028763384422104e-01
7.732013062256399838e-01
7.727368199957992401e-01
7.650895537840356475e-01
7.750545227957212902e-01
7.631551417512292268e-01
7.778247096092925084e-01
7.668926074984113717e-01
7.751479289940828021e-01
7.848238482384823911e-01
7.816066725197541309e-01
7.624986675194541652e-01
7.722886511432767165e-01
7.725975261655566584e-01
7.676300578034681577e-01
7.690073643812882498e-01
7.882787750791974135e-01
7.795992714025501424e-01
7.723209590913870937e-01
7.720588235294117974e-01
7.819321148825065793e-01
7.752240379546652127e-01
7.789264828738512447e-01
7.727791023115994085e-01
7.824510514865844479e-01
7.902713013988977853e-01
7.701675861351098273e-01
7.976982367226269632e-01
7.782752371815371273e-01
7.806202359820403336e-01
7.653735039207594237e-01
7.788046826863832539e-01
7.837355718782791358e-01
7.730341747169419131e-01
7.861319966583124597e-01
7.693262961813100986e-01
7.649667405764967176e-01
7.677153482762086867e-01
7.789710545157001453e-01
7.701232032854209431e-01
7.693778941010670502e-01
7.753733617799450917e-01
7.749058715783047058e-01
7.759046052631578538e-01
7.718272288909407974e-01
7.744345512230068618e-01
7.806223332292642203e-01
7.717988595127008855e-01
7.700715015321757395e-01
7.747840394899218053e-01
7.731318567584350987e-01
7.752241574770689647e-01
7.769110764430576799e-01
7.707813798836242736e-01
7.772930300197361531e-01
7.904772049424797498e-01
7.804329189884269269e-01
7.845480738448404878e-01
7.775045439965786453e-01
7.799873069600169462e-01
7.721890390862412579e-01
7.620016273393002137e-01
7.585759872357399347e-01
7.631843800322061222e-01
7.672527695904055589e-01
7.669149913256454454e-01
7.729751981064114652e-01
7.646092225531477826e-01
7.716245265636195727e-01
7.801967762193845468e-01
7.864088043594401611e-01
7.781329923273657689e-01
7.648938363224077053e-01
7.645869147537668331e-01
7.568482916625162149e-01
7.780345659163987460e-01
7.702149437052200343e-01
7.783888379672064817e-01
7.765825403392635495e-01
7.832660246453350128e-01
7.836798336798336262e-01
7.799505969534787919e-01
7.741283476503284522e-01
7.652980655349388428e-01
7.610516066212268393e-01
7.626350308641974829e-01
7.760621557828482064e-01
7.721393034825870805e-01
7.854987932421561014e-01
7.764112903225806051e-01
7.740552398045668081e-01
7.699760287654814350e-01
7.612934835864771932e-01
7.657059110893991161e-01
7.776894014714654801e-01
7.803700724054706273e-01
7.687475069804546868e-01
7.822661081188908572e-01
7.760144636400160278e-01
7.759120439780109457e-01
7.766212970376300539e-01
7.864895019778882501e-01
7.694402420574886214e-01
7.773890443822470964e-01
7.585663647105159724e-01
7.675974403723094808e-01
7.685795846047839275e-01
7.635016572431273518e-01
7.698622104954558898e-01
7.616872387987170256e-01
7.689177405290185119e-01
7.736072698538126735e-01
7.762830094668660141e-01
7.639146115605809362e-01
7.707705762316586773e-01
7.645233246047909992e-01
7.741651160513172147e-01
7.764135062877512983e-01
7.795987286452125131e-01
7.815931323617488768e-01
7.707182320441988699e-01
7.600651840490797451e-01
7.741284932296168542e-01
7.745670460168233573e-01
7.707369871101052983e-01
7.676956350766810377e-01
7.731331567068981947e-01
7.786885245901639108e-01
7.840531561461794308e-01
7.813703628623556163e-01
7.802953671859195195e-01
7.796029426584701882e-01
7.651761918862896028e-01
7.597760060744115362e-01
7.809375909929147097e-01
7.665725688698530327e-01
7.832643406268480213e-01
7.839506172839506570e-01
7.838944029468944974e-01
7.755661622829288504e-01
7.842302624911320352e-01
7.819426003472577102e-01
7.773848019401778942e-01
7.828994022895350291e-01
7.787835638730675747e-01
7.875716625716625563e-01
7.900229597161344541e-01
7.876561351947097833e-01
7.808134119838558984e-01
7.789105138502728787e-01
7.703559738134205803e-01
7.771249113564988598e-01
7.896870776588003071e-01
7.736668044646548559e-01
7.724151857835218626e-01
7.704143201930812035e-01
7.686797333598647253e-01
7.742965475952903187e-01
7.672611338049217800e-01
7.687148633987572754e-01
7.686611374407582575e-01
7.734958710184821618e-01
7.700991459703543374e-01
7.689393939393939226e-01
7.723545490042952322e-01
7.712354266679729564e-01
7.667830811020566184e-01
7.700992797352540498e-01
7.601827549334111422e-01
7.730886249877318983e-01
7.728130275047164766e-01
7.713635013367660109e-01
7.615034389227937073e-01
7.610712577714012772e-01
7.656369915579431806e-01
7.686595949855351551e-01
7.853629746212866802e-01
7.815720347544958813e-01
7.834697383045367003e-01
7.787798946088366758e-01
7.829300394856737455e-01
7.790981109079829769e-01
7.796713329275715143e-01
7.722077401243232497e-01
7.637632717263075355e-01
7.687252343674495503e-01
7.707402370312803619e-01
7.686538461538461320e-01
7.838738120897423833e-01
7.706862745098038703e-01
7.795383411580594224e-01
7.673373705801914690e-01
7.815249266862169808e-01
7.701149425287355799e-01
7.811394891944990482e-01
7.721794111835605934e-01
7.801376597836774396e-01
7.817420769384093582e-01
7.787926926131850669e-01
7.852748361069087357e-01
7.724137931034482651e-01
7.772740711540356839e-01
7.751432523216755799e-01
7.736888713962413178e-01
7.699658703071672328e-01
7.784102060843964832e-01
7.758688783570300007e-01
7.595375722543352692e-01
7.617741630414223142e-01
7.694455140546784255e-01
7.774738692976458365e-01
7.803255906293428135e-01
7.779424844352208490e-01
7.739037015333528613e-01
7.678554263193310137e-01
7.703261810834215462e-01
7.719957598535222010e-01
7.617456073338426670e-01
7.732580398162327562e-01
7.692159506838759375e-01
7.746151611966308748e-01
7.630665380906460626e-01
7.685910915694895706e-01
7.755241345685032206e-01
7.806801379990142564e-01
7.864630128781072704e-01
7.738881767084113683e-01
7.700994112537400405e-01
7.562683319140883764e-01
7.792750047447333239e-01
7.807318748160502198e-01
7.813948900069054293e-01
7.687432972604075765e-01
7.775838665891021684e-01
7.701718613457617657e-01
7.947202521670606590e-01
7.993421052631578538e-01
7.852580350806043219e-01
7.815457413249211616e-01
7.736086872212526444e-01
7.727185398655139759e-01
7.780457220025079890e-01
7.646442518335079264e-01
7.761122780217681871e-01
7.778639271176585046e-01
7.838077415542203941e-01
7.874887758156240425e-01
7.818199940197348985e-01
7.745117380153876407e-01
7.733908102282747166e-01
7.832492831009592038e-01
7.781563126252505347e-01
7.695335563865380868e-01
7.838613861386138915e-01
7.761909517627084698e-01
7.805414044550993413e-01
7.868969019807008358e-01
7.708584035298836623e-01
7.730769230769231060e-01
7.726240994769564274e-01
7.603112840466925704e-01
7.586504361161698906e-01
7.641010858076294765e-01
7.766492456365250430e-01
7.733319995998799712e-01
7.784515868202951383e-01
7.643884892086331151e-01
7.643137254901960498e-01
7.800280729897733911e-01
7.705575611712796036e-01
7.762362501238727619e-01
7.807438512297540933e-01
7.792431774373541620e-01
7.802264456126162262e-01
7.687244440011967717e-01
7.728353477313255615e-01
7.950475800675329552e-01
7.645384302562017176e-01
7.705923069316721330e-01
7.701195219123505575e-01
7.756897241103558605e-01
7.707687693691892550e-01
7.743460764587525302e-01
7.648052464228934921e-01
7.638235294117646790e-01
7.656450182319897158e-01
7.672912098863863273e-01
7.669728434504792247e-01
7.638210977188962802e-01
7.613993710691824290e-01
7.598278896929395732e-01
7.687711611232822539e-01
7.722340533414461250e-01
7.742730915442309625e-01
7.744755244755244794e-01
7.721545135302623208e-01
7.656534954407294702e-01
7.735444330949948766e-01
7.673226732267323102e-01
7.685774946921444251e-01
7.725923651622147448e-01
7.844166754174104472e-01
7.651956702747709782e-01
7.748208802456499900e-01
7.814701861394468541e-01
7.733513625962138427e-01
7.856172258806313202e-01
7.797707493101252441e-01
7.800000000000000266e-01
7.666219977321925283e-01
7.791032496914850336e-01
7.782866659727282199e-01
7.773620205799812721e-01
7.741298701298701124e-01
7.764227642276422259e-01
7.674202539485909247e-01
7.713430370599773100e-01
7.505285412262155953e-01
7.769580596260737826e-01
7.742972720672129938e-01
7.864098000209401862e-01
7.836096736719823097e-01
7.713573061733527414e-01
7.755440414507771552e-01
7.731048805815160518e-01
7.764460656591974930e-01
7.669610389610389545e-01
7.707668553782810461e-01
7.812993576919027294e-01
7.876277568585260402e-01
7.825010761945759841e-01
7.761319466330497407e-01
7.737995824634655850e-01
7.767596834652228388e-01
7.867358830384574286e-01
7.813367499466153943e-01
7.879567127397406612e-01
7.784589366874538063e-01
7.754742406965896562e-01
7.588486574450773459e-01
7.649542575650950527e-01
7.831548599670510313e-01
7.810173046670162433e-01
7.724273045988864217e-01
7.796766270978305879e-01
7.734302980641196701e-01
7.780390553113178953e-01
7.610345516277211564e-01
7.672949768084476041e-01
7.655220602914752925e-01
7.798462161068393517e-01
7.887003311258278249e-01
7.783038287361053742e-01
7.767266809073339884e-01
7.862712907859634726e-01
7.672756966418291524e-01
7.612768910478834306e-01
7.751104861390116785e-01
7.693167954453029589e-01
7.686468980872381840e-01
7.760751864337521733e-01
7.786647314949202148e-01
7.721413721413721287e-01
7.641307668805377151e-01
7.702301790281329552e-01
7.827868852459016757e-01
7.652669777086573699e-01
7.698428892062844087e-01
7.763280521901211317e-01
7.919548792167713236e-01
7.749737118822291881e-01
7.725506238494579403e-01
7.753608457003455801e-01
7.713303679741204677e-01
7.625920764483375969e-01
7.679706115965051483e-01
7.738693467336683618e-01
7.702485966319165822e-01
7.671327977784389018e-01
7.695665112588037093e-01
7.798146655922643111e-01
7.810263749744428274e-01
7.777665282980662509e-01
7.743100852985449478e-01
7.667560321715817251e-01
7.595084844938561064e-01
7.664994590341300817e-01
7.674625978400871906e-01
7.680758593441328053e-01
7.618023653601798673e-01
7.730788056779246409e-01
7.691622984867965140e-01
7.566363107924820586e-01
7.531699876060634624e-01
7.690739662201514504e-01
7.725142116286027871e-01
7.713917014095691416e-01
7.740336967294351167e-01
7.832195905258931834e-01
7.846075433231396445e-01
7.792142207857791769e-01
7.689719996042346795e-01
7.616795366795366951e-01
7.792995499902172218e-01
7.785955838472249368e-01
7.745292368681863104e-01
7.799660101969408954e-01
7.891787242714489725e-01
7.779698942229454905e-01
7.780446312418692889e-01
7.808150595774506764e-01
7.748007968127490486e-01
7.732861217664994680e-01
7.807017543859648967e-01
7.790522185330516214e-01
7.802197802197802234e-01
7.784791103095881626e-01
7.782112845138055013e-01
7.769207950163156129e-01
7.671393643031785281e-01
7.745642224169831946e-01
7.722026604068857880e-01
7.709693132001947946e-01
7.636626506024096761e-01
7.599434495758717878e-01
7.543631637578908089e-01
7.647767278117472145e-01
7.803253734183236423e-01
7.716209716209716518e-01
7.624578493817909530e-01
7.672293201529423179e-01
7.568623801991253286e-01
7.728586075123496935e-01
7.740772369294999233e-01
7.680651576853868567e-01
7.649361543480287517e-01
7.721317611828560912e-01
7.671852899575671847e-01
7.705761316872428157e-01
7.737453926850014208e-01
7.772144633633059074e-01
7.709603658536585691e-01
7.710191687227178070e-01
7.748376003056935968e-01
7.696592089115453783e-01
7.660313585578818474e-01
7.672944071164947699e-01
7.710222391906079720e-01
7.640022783368141113e-01
7.699819853986915597e-01
7.712643678160919780e-01
7.714285714285714635e-01
7.911947207721855557e-01
7.818382058470164653e-01
7.805530776092773904e-01
7.744807121661720917e-01
7.821831618895436211e-01
7.650781095511172136e-01
7.671578131058549577e-01
7.600155960619943141e-01
7.649912672229769450e-01
7.589576547231270398e-01
7.663059093956517964e-01
7.631578947368421462e-01
7.692533515999608884e-01
7.691103063521581573e-01
7.637032732907224064e-01
7.648190916089299130e-01
7.798246478179490238e-01
7.742322696809043059e-01
7.719263707057780755e-01
7.771974773354355381e-01
7.817579771222155083e-01
7.700148441365660679e-01
7.807391261270186789e-01
7.662107645380301646e-01
7.631859092228782115e-01
7.778981581798483091e-01
7.822271535202743875e-01
7.741183623834616556e-01
7.764365522745411141e-01
7.673316215682401964e-01
7.744028310232969892e-01
7.748015873015873245e-01
7.720238095238095566e-01
7.804317409554267782e-01
7.755874153723616438e-01
7.776116427432216982e-01
7.673198733174980690e-01
7.710239008557095985e-01
7.718293164757012992e-01
7.700650759219088703e-01
7.640196078431372717e-01
7.650038971161340351e-01
7.511993859144118213e-01
7.680601040261991752e-01
7.726275917065390519e-01
7.828104509230303654e-01
7.737248526722211306e-01
7.696172008439666756e-01
7.661282330789812578e-01
7.667753730605790796e-01
7.640460493948637577e-01
7.807362581946545310e-01
7.738580750407830777e-01
7.771323754203607326e-01
7.773647253201156904e-01
7.827492699207342364e-01
7.680815990109211011e-01
7.665158371040724505e-01
7.688058652204479149e-01
7.582778164462563586e-01
7.636149543715042842e-01
7.744979919678715019e-01
7.681734880879658167e-01
7.590409590409590290e-01
7.577947144412551239e-01
7.534773601657295261e-01
7.606863036794604405e-01
7.708524289642529892e-01
7.690950601909506412e-01
7.529161172532711221e-01
7.573322619525914012e-01
7.707780273636920532e-01
7.815671095302856308e-01
7.768638616471580383e-01
7.784198361000209676e-01
7.802846599894570634e-01
7.758183738120379980e-01
7.638673690734428812e-01
7.687276443536024129e-01
7.741402457915934621e-01
7.790107799619531148e-01
7.783356479008652906e-01
7.818201330757673650e-01
7.678324651855001903e-01
7.790242353688221488e-01
7.755602988260406061e-01
7.720984264441862477e-01
7.841672890216579983e-01
7.851499079987012131e-01
7.710415994840373877e-01
7.840456453870169318e-01
7.640949554896142581e-01
7.768716018402341827e-01
7.783078880407124922e-01
7.823523104964082986e-01
7.881198910081743669e-01
7.843459222769567640e-01
7.783182014699524531e-01
7.750454399657863425e-01
7.767894959762812190e-01
7.673034763545255599e-01
7.806267806267805920e-01
7.728679688333867093e-01
7.811076988245261310e-01
7.640837696335078810e-01
7.648989639963073017e-01
7.666047854785478233e-01
7.592592592592593004e-01
7.614886398684075353e-01
7.611054247697032205e-01
7.675043954907435628e-01
7.690939527097718775e-01
7.716543730242360066e-01
7.656595431098009996e-01
7.721532420672821972e-01
7.712731925783748999e-01
7.799377080872086365e-01
7.738428417653391289e-01
7.693209679138685031e-01
7.790103317020119489e-01
7.864444444444443905e-01
7.872171945701357254e-01
7.863471149477510025e-01
7.742186631075519410e-01
7.858579088471849827e-01
7.845944103612815246e-01
7.760044642857142350e-01
7.736894602682035105e-01
7.721741037166977017e-01
7.651843817787418178e-01
7.636756756756756248e-01
7.735070575461454601e-01
7.677440489189779615e-01
7.712160979877514810e-01
7.755215268530847306e-01
7.656903765690377117e-01
7.695792880258899293e-01
7.612100407637846233e-01
7.593984962406015171e-01
7.671695326511235313e-01
7.779701363341268161e-01
7.772517066725390666e-01
7.747904647871992623e-01
7.717391304347825942e-01
7.687407092801019637e-01
7.601421999163530119e-01
7.689259645464024961e-01
7.690594846781889649e-01
7.633378932968536423e-01
7.725804771330346821e-01
7.748636172891313345e-01
7.722326846620631846e-01
7.707624058598988581e-01
7.686009620304984358e-01
7.779381443298969412e-01
7.654639175257731409e-01
7.744737379930513033e-01
7.701779801324503127e-01
7.703075508327372756e-01
7.806117159149819074e-01
7.727177773135575078e-01
7.738886580805982573e-01
7.716852540272615135e-01
7.736744377965751873e-01
7.778586278586278047e-01
7.750958251320833048e-01
7.697826978269782794e-01
7.699716139497161382e-01
7.777434630430306584e-01
7.750618811881188064e-01
7.738775510204081165e-01
7.719191303464391085e-01
7.883902840675175439e-01
7.948035352997551151e-01
7.828389830508474256e-01
7.949861907796897942e-01
7.868852459016393297e-01
7.848739495798319199e-01
7.739193531667876158e-01
7.635353535353535115e-01
7.675376884422110413e-01
7.724813718485250558e-01
7.794222721241196306e-01
7.821833161688980240e-01
7.760994656802301384e-01
7.791953904722708213e-01
7.848927572272302866e-01
7.791993396615765066e-01
7.659638554216867679e-01
7.671748168679469737e-01
7.700476379515680536e-01
7.702246074339097470e-01
7.869446962828648973e-01
7.786181520850368187e-01
7.774855871346212366e-01
7.819871336669049766e-01
7.732021503195050105e-01
7.695591739475774462e-01
7.859305611626967725e-01
7.703383004430124359e-01
7.706830087970741872e-01
7.721733919296843718e-01
7.614894659480646588e-01
7.574500916192496991e-01
7.709208085147934986e-01
7.556056007049838374e-01
7.717530864197530427e-01
7.712636695018225685e-01
7.683610166099660299e-01
7.621058835084961736e-01
7.633385641428011015e-01
7.692080378250590877e-01
7.619282821298034580e-01
7.640855385216287488e-01
7.704656496161133017e-01
7.620751341681574198e-01
7.769698177109274351e-01
7.724173027989822415e-01
7.812755519215045519e-01
7.711743044189852681e-01
7.583786455758774192e-01
7.557237097400077985e-01
7.633007600434310591e-01
7.668949091991663636e-01
7.746407609795588067e-01
7.697375088679436761e-01
7.758673313663648763e-01
7.614477104579083777e-01
7.664854176964903676e-01
7.679371081699671864e-01
7.619471653309587422e-01
7.798660401879435877e-01
7.788314469256653050e-01
7.655483224837256184e-01
7.771405574001408745e-01
7.730236348818255721e-01
7.697128993125758045e-01
7.714918461848198072e-01
7.721774193548387455e-01
7.694834278889221002e-01
7.820097244732576725e-01
7.799283154121864348e-01
7.733739837398373451e-01
7.665303680063827452e-01
7.586883958374238679e-01
7.759730613053382742e-01
7.753914090726615749e-01
7.831190038783425456e-01
7.787492285537954695e-01
7.786810283507773489e-01
7.760480260480260295e-01
7.835997937080969589e-01
7.819324268644416431e-01
7.874211234095376266e-01
7.744021348660576898e-01
7.873604424869404816e-01
7.822706065318818514e-01
7.827066898883311419e-01
7.647176812756995012e-01
7.795440911817635987e-01
7.809183673469387577e-01
7.858022158391464451e-01
7.720817806425621654e-01
7.783751493428913149e-01
7.765615585458927050e-01
7.676535307061411739e-01
7.715534366309098058e-01
7.681578160805021538e-01
7.649806220808903490e-01
7.752865473557208897e-01
7.772322798404418531e-01
7.746018783176806810e-01
7.744414113840865088e-01
7.751133501259446223e-01
7.702811244979920202e-01
7.770441848654139338e-01
7.593052109181140930e-01
7.782818818423907770e-01
7.595963593193509888e-01
7.672992700729927007e-01
7.791344054000397534e-01
7.723414877683474344e-01
7.672980665423495550e-01
7.834999999999999742e-01
7.844390342868735599e-01
7.829873417721519013e-01
7.745039085989176009e-01
7.750372948781700799e-01
7.859364028488313725e-01
7.739656912209889050e-01
7.726141904667130911e-01
7.787512588116817236e-01
7.807982081042557088e-01
7.691387559808612329e-01
7.741649423588531365e-01
7.734228452956856126e-01
7.850793967841805943e-01
7.582794434646286108e-01
7.598071651384818992e-01
7.562476334721696114e-01
7.634787578586397228e-01
7.775921375921376333e-01
7.843335694767735733e-01
7.863492387861449329e-01
7.816772087329116880e-01
7.810777709736681507e-01
7.827554464559680625e-01
7.772347790673996837e-01
7.801794453507341354e-01
7.864502029347486545e-01
7.886646449858830676e-01
7.692622113222971070e-01
7.775085806581869541e-01
7.807008529441989975e-01
7.811884268381209528e-01
7.755816347539633560e-01
7.767130345182895468e-01
7.781114102298613000e-01
7.724329324699352739e-01
7.731811697574892950e-01
7.701208273602293541e-01
7.615236551514537044e-01
7.864057672502574592e-01
7.767558528428093467e-01
7.749819531813962881e-01
7.818900093564820075e-01
7.774893572837711098e-01
7.722529158993247655e-01
7.623156416173372252e-01
7.616744002369434385e-01
7.726771574621629224e-01
7.604772408261479821e-01
7.829260873973435952e-01
7.736604393348388564e-01
7.797302819779321492e-01
7.740585774058577062e-01
8.011417697431018059e-01
7.874811787481178493e-01
7.799516145997685834e-01
7.685423310359016380e-01
7.670294236195082105e-01
7.638049173720273810e-01
7.683920929284695500e-01
7.765880778338309920e-01
7.712135271677492687e-01
7.733278282411230053e-01
7.673741156887223802e-01
7.666529605263158187e-01
7.859175714135132607e-01
7.781930798803929905e-01
7.633817427385891641e-01
7.809464117831400598e-01
7.640929457122017654e-01
7.767030681227249378e-01
7.793147478186848165e-01
7.729045861887190449e-01
7.665735856862136988e-01
7.667384394545267989e-01
7.701220773846472190e-01
7.623415438524168142e-01
7.848395270270269730e-01
7.810586176727909447e-01
7.875385292822545402e-01
7.871845949535192233e-01
7.758092738407699196e-01
7.723271790468011488e-01
7.658328898350186265e-01
7.614833544037084012e-01
7.699399656946827042e-01
7.720500271886895360e-01
7.609089939187027030e-01
7.574490329325666016e-01
7.680668712305576129e-01
7.874808492011381444e-01
7.834401945611320084e-01
7.842746400885935998e-01
7.692224034801522503e-01
7.695283120232083718e-01
7.804825038035210216e-01
7.807960971282846829e-01
7.645263272647988551e-01
7.561948761024779309e-01
7.730067854113655823e-01
7.827236668135743036e-01
7.762723066754791956e-01
7.799027194340040214e-01
7.818646516279587066e-01
7.719801434087147918e-01
7.800570425625273918e-01
7.759586858586968727e-01
7.739272134709397344e-01
7.721205597416577193e-01
7.759694156198798654e-01
7.805874558303886879e-01
7.899589025880262572e-01
8.008662943120938849e-01
7.900445256307797592e-01
7.880690737833595527e-01
7.853696847301694373e-01
7.817553250808519927e-01
7.929127637964112907e-01
7.685565294574503437e-01
7.671379605826906811e-01
7.623846398642197819e-01
7.552904564315352509e-01
7.778479679932617241e-01
7.665348862057912438e-01
7.628607277289837230e-01
7.634285714285714564e-01
7.581767210050877059e-01
7.603586889301174878e-01
7.817548305353183569e-01
7.707505637281220068e-01
7.757938629316796231e-01
7.682430986518297145e-01
7.667822250236369097e-01
7.732994816460383447e-01
7.729735472219271264e-01
7.744265080713679250e-01
7.716744581385465152e-01
7.708202223620725935e-01
7.771464646464646409e-01
7.784265845631170855e-01
7.766002543450614137e-01
7.763784527463223339e-01
7.750606092547697168e-01
7.756356815339724431e-01
7.769238757918787153e-01
7.716600020506511060e-01
7.775828258850242536e-01
7.667284331892114668e-01
7.733812949640287426e-01
7.725335273936999592e-01
7.741868440195365242e-01
7.725152865581925710e-01
7.844323873121870072e-01
7.895522388059701413e-01
7.801478352692713392e-01
7.688483844241922327e-01
7.842362483102838233e-01
7.816067653276955740e-01
7.684560274114837775e-01
7.662404619509176618e-01
7.705002578648788569e-01
7.788641564385271332e-01
7.773911209532847755e-01
7.725510738606600203e-01
7.801919628731146528e-01
7.742173500579740963e-01
7.805827285158304374e-01
7.822683030046551078e-01
7.750554440806843859e-01
7.825442220103802082e-01
7.605033277870216768e-01
7.672023073753605482e-01
7.695357329160146254e-01
7.841757304329280975e-01
7.812262615301139856e-01
7.637878308552146223e-01
7.721479639415604890e-01
7.557259713701431902e-01
7.660728910728911156e-01
7.700790678318768512e-01
7.676956657312129506e-01
7.799539170506912811e-01
7.757704569606801437e-01
7.756056098597534643e-01
7.756206238064926595e-01
7.658101730466702062e-01
7.684626586228416878e-01
7.725453013063632302e-01
7.721757322175731852e-01
7.774496361143339307e-01
7.708574434508153050e-01
7.694781616350243603e-01
7.700828157349896008e-01
7.729538845035314187e-01
7.671034980910123036e-01
7.881570614312856105e-01
7.586605080831408943e-01
7.698761895016883461e-01
7.539965380307503962e-01
7.576919197014021501e-01
7.561643835616438380e-01
7.713723866694266462e-01
7.687289562289562062e-01
7.736737469917338572e-01
7.800759814267623771e-01
7.693367238821784415e-01
7.651750569712036931e-01
7.714523166424267497e-01
7.627687467226009765e-01
7.526078952751074080e-01
7.561496239072982295e-01
7.631387996268269580e-01
7.706334984715926817e-01
7.710727969348658561e-01
7.692307692307692735e-01
7.751117897262514989e-01
7.770918311101311371e-01
7.794541823829598259e-01
7.708656187735222209e-01
7.710580799825651477e-01
7.650113599480687920e-01
7.684187850064627678e-01
7.732105666995505722e-01
7.805341378925019225e-01
7.819803545218471097e-01
7.766651665166516283e-01
7.692222468424551041e-01
7.634877384196184780e-01
7.621154883971937855e-01
7.750793129854501862e-01
7.645377597010003523e-01
7.731558513588463466e-01
7.794663964876731299e-01
7.721461703812648736e-01
7.619523017193565728e-01
7.635090789761540542e-01
7.715741663897197622e-01
7.828760104747808368e-01
7.671772921829240754e-01
7.743491921005386525e-01
