3.333333333333333148e-01
2.104890111944594633e+00
3.459351840578544390e+00
4.415813073830483049e+00
5.051886799571667197e+00
5.517987664361219124e+00
5.841823353322078027e+00
6.112748854393672993e+00
6.275786470521196314e+00
6.211396598692853210e+00
6.183217801589258933e+00
6.214588584671479232e+00
6.115520779044212318e+00
6.324111975047881806e+00
6.181988223167103946e+00
6.160101948014290230e+00
6.005440230730688000e+00
6.137587877089321076e+00
6.221121778177939987e+00
6.258277434791919447e+00
6.359853610746069918e+00
6.263910491278910975e+00
6.264971742927197162e+00
6.370189838462323451e+00
6.317708308840319198e+00
6.142565071661075571e+00
6.060147674960195019e+00
6.165424019296101399e+00
6.279961107383045693e+00
6.402508915531813116e+00
6.455783558905223707e+00
6.369135256291388103e+00
6.320785681143348711e+00
6.358531011140935441e+00
6.390922763409013108e+00
6.533709004477967319e+00
6.284341122246678957e+00
6.283015370759742702e+00
6.129339696913986835e+00
6.099864397305482022e+00
6.061413286648639875e+00
5.997283837911456139e+00
6.179109675806901514e+00
6.247210501933575522e+00
6.100001550964951669e+00
6.045436476730041697e+00
6.281991334433796759e+00
6.119910752435616885e+00
6.278020475099530096e+00
6.208155997853566532e+00
6.353541957763368941e+00
6.308427245616385903e+00
6.170540997334065914e+00
6.072628931105930938e+00
5.988632405426762340e+00
6.134004321066067966e+00
6.073279757060604744e+00
5.974372615332725012e+00
6.033772213553330488e+00
6.149436481064342708e+00
6.250286162589420158e+00
6.416852461945105723e+00
6.417557954424271571e+00
6.355521248245779020e+00
6.544495155140800158e+00
6.251166547210599056e+00
6.265418446890905990e+00
6.177917138602261105e+00
6.247853689429321733e+00
6.145201908291077153e+00
6.276129934325172854e+00
6.385356607400093587e+00
6.220253642035149966e+00
6.070572389064170515e+00
6.109605584371273324e+00
6.289034531110148762e+00
6.298517462845990345e+00
6.131607534899895739e+00
6.185925058610643568e+00
6.196089070038595992e+00
6.335660982847312717e+00
6.293532760157531492e+00
6.173407193436376339e+00
6.000278925840846433e+00
6.046720401066339790e+00
6.162697690466433009e+00
6.247709630133835290e+00
6.180117521531226288e+00
6.302196058359270658e+00
6.262259449293900104e+00
6.275226851725499877e+00
6.062009161628428622e+00
6.173046836195695164e+00
6.150553698421402871e+00
6.238017404867759019e+00
6.242642421059739100e+00
6.303282627980597574e+00
6.410975135076916409e+00
6.332497000863530623e+00
6.397032860725803793e+00
6.557285552350517577e+00
6.389435848181184596e+00
6.441998298658444533e+00
6.377577895306169253e+00
6.277696009922134834e+00
6.245123872943223908e+00
6.378624982020675738e+00
6.390675461359144549e+00
6.390763597089383907e+00
6.276802182967295529e+00
6.410559646735695338e+00
6.371735782571828821e+00
6.374299223132640968e+00
6.300104608601607481e+00
6.162196628038867807e+00
6.074948740317448248e+00
6.277654674915795319e+00
6.118299103940899819e+00
6.216915808660882448e+00
6.214817834278360209e+00
6.255498741288429088e+00
6.168530564471228494e+00
6.281067667793801768e+00
6.346840152042237726e+00
6.197664570044689292e+00
6.188388502896939869e+00
6.372961303113827469e+00
6.390515160262231653e+00
6.235607250331938189e+00
6.247655775230427366e+00
6.335693059919710102e+00
6.254871901053713046e+00
6.262808194962362407e+00
6.262947354606553496e+00
6.188624932483666186e+00
6.163551842110732260e+00
6.213749798228723087e+00
6.138632017342446900e+00
6.319478035734304555e+00
6.151266549873579237e+00
6.070987391409111922e+00
6.279767107797633585e+00
6.199660707467912424e+00
6.298287929609273306e+00
6.243973087815053447e+00
6.308059702286690218e+00
6.280231827117805921e+00
6.183306334033155771e+00
6.190742596566559008e+00
6.252325029777796139e+00
6.045605398757785132e+00
6.156236237610491990e+00
6.108538076566603969e+00
6.161909576858744408e+00
6.198593379631875955e+00
6.298844904082336882e+00
6.209320610726309475e+00
6.231603420182161734e+00
6.103611655934932934e+00
6.205059997352792678e+00
6.369808651578985348e+00
6.459588002121101624e+00
6.360930197832793453e+00
6.481936901642248117e+00
6.413435609737066834e+00
6.425927770998060673e+00
6.468455328475323896e+00
6.294576677081520799e+00
6.128984579372475316e+00
6.155313894943237329e+00
6.303548997073108673e+00
6.453219787935482898e+00
6.444824649078329415e+00
6.309010334682067622e+00
6.642163013521695802e+00
6.285112440769561992e+00
6.095930941381605628e+00
6.159125904835520693e+00
6.306660108321667124e+00
6.197138443892988846e+00
6.311718055317193432e+00
6.131784383929828053e+00
6.207213601589201879e+00
6.104455835255852669e+00
6.107033498397464122e+00
6.129972846250480778e+00
6.187282993501691308e+00
6.006663107664929058e+00
6.207881817496647692e+00
6.171691372984438928e+00
6.196614061186010325e+00
6.226753598847342808e+00
6.303064121828067634e+00
6.238828915793324548e+00
6.168712429836051392e+00
6.305527715168556036e+00
6.448926826674980184e+00
6.195401052403918030e+00
6.289926748474334417e+00
6.180685613797706424e+00
6.152135850538232198e+00
6.190607352567970345e+00
6.283861632053215018e+00
6.135906675877729199e+00
6.215651541105824407e+00
6.213631316489629519e+00
6.183405241861831492e+00
5.971842818010889786e+00
6.290918509448646390e+00
6.224930930650027783e+00
6.285729554503066474e+00
6.307297258518105743e+00
6.271910452298801175e+00
6.287714240503857965e+00
6.176267222873994989e+00
6.201132237391753677e+00
6.132352117060159813e+00
6.201033604117609954e+00
6.269138970466726413e+00
6.236897601846147943e+00
6.312433336333475253e+00
6.331283959111190462e+00
6.386191243146106089e+00
6.362969608596327653e+00
6.288156849840704332e+00
6.345805751590011035e+00
6.308223473213823596e+00
6.411891918660733047e+00
6.453918377006720775e+00
6.300450345942537389e+00
6.238181016521306965e+00
6.301862793074711533e+00
6.293408073243948131e+00
6.320711754444167774e+00
6.335306769457655029e+00
6.244858696885833282e+00
6.327925101921132445e+00
6.205631241625716221e+00
6.261767497876588706e+00
6.386182728516598850e+00
6.146087506663046263e+00
6.330336903866810694e+00
6.331447782628925935e+00
6.239342088238440276e+00
6.218279307448243642e+00
6.194830028198889948e+00
6.220348021647026826e+00
6.268194434073238952e+00
6.164911800455231017e+00
6.078441601420855989e+00
6.214692160174063673e+00
6.288125999482630846e+00
6.317138531599998608e+00
6.319302528208192271e+00
6.422108850110034517e+00
6.266233026641820025e+00
6.150032604853445051e+00
6.129617922912395933e+00
6.199415669093915504e+00
6.195686911183594603e+00
6.264197567165097347e+00
6.285910794860703810e+00
6.303112542835642707e+00
6.266869371839786318e+00
6.429756142416255926e+00
6.565663714022976549e+00
6.428954075164473814e+00
6.399175275517426265e+00
6.142321471545306721e+00
6.366786795115719322e+00
6.407345226504045144e+00
6.265273532067333839e+00
6.200191100459859328e+00
6.213293922395390467e+00
6.446835045827398858e+00
6.492421947086186584e+00
6.420883834129763379e+00
6.425594910760513478e+00
6.507431027948847202e+00
6.486508236282344519e+00
6.251883835605477557e+00
6.177890419857583026e+00
6.203109518383096876e+00
6.268720832324710557e+00
6.315159708619945356e+00
6.312436663081592236e+00
6.373129374589662000e+00
6.360872644250450847e+00
6.365249726980714229e+00
6.334241000607015337e+00
6.329992868979429588e+00
6.456923233177042754e+00
6.387876097311206536e+00
6.587589340280349148e+00
6.366248307209343871e+00
6.365931681208783388e+00
6.315491263758933549e+00
6.166009343171931611e+00
6.146650571820925890e+00
6.231707885331943864e+00
6.235495682366980041e+00
6.145942337955433210e+00
6.145437397791028822e+00
6.218091870888131645e+00
6.327066010186718437e+00
6.329119166343682323e+00
6.276141991543973120e+00
6.233887199823276326e+00
6.123377138493976801e+00
5.951085606155905872e+00
6.050086970078616844e+00
6.079088174291876534e+00
6.333968547255498294e+00
6.343476437282942193e+00
6.210533102530874316e+00
6.239462574199889922e+00
6.296649127580930205e+00
6.229359433533066870e+00
6.351332151944568238e+00
6.445578474533061986e+00
6.446963405945365544e+00
6.508784238588711801e+00
6.420823504257016978e+00
6.396506239388806137e+00
6.349603029110973296e+00
6.200549945373490246e+00
5.985635135854746380e+00
6.192450550045681013e+00
6.116814304346643638e+00
6.067292017953923811e+00
6.012797155647705338e+00
5.994234729252614358e+00
6.044664921721841111e+00
6.310031589443177324e+00
6.352667637297508385e+00
6.444612867653421340e+00
6.467226647064761025e+00
6.283613963497932886e+00
6.360912690515288404e+00
6.441602809291292253e+00
6.425908214432262788e+00
6.542626937093822370e+00
6.291045433371358797e+00
6.060420141315566056e+00
6.125214158425246858e+00
6.155743481411649398e+00
6.195953862148196656e+00
6.267063649879204057e+00
6.333339564884801653e+00
6.323336310035545083e+00
6.151475069140699858e+00
6.139150407828235068e+00
6.294556693953497373e+00
6.233076728703839109e+00
6.278817360501946609e+00
6.239499932913587621e+00
6.099593583869812541e+00
6.203115776484178667e+00
6.454558488728608268e+00
6.463848122850855304e+00
6.576612908903356924e+00
6.352596339668061809e+00
6.375228738139062656e+00
6.350331801198587200e+00
6.257886904581045684e+00
6.341616899186695022e+00
6.409529294632515750e+00
6.344359822585048825e+00
6.141011628863258132e+00
6.364275985045211748e+00
6.099094686852803093e+00
6.039339466252262589e+00
6.175576522579767413e+00
6.331790063531578916e+00
6.462919273680880039e+00
6.436762288162954704e+00
6.348257455068842425e+00
6.383746402653070362e+00
6.215845047715239602e+00
6.027024570526957170e+00
6.177313130130867691e+00
6.161114768900096905e+00
6.275904060725989275e+00
6.250600154357872640e+00
6.184688430146285221e+00
6.091288385324062915e+00
6.112263808238068030e+00
6.107552899340563002e+00
6.108000009918586493e+00
6.291226336972744804e+00
6.118013268518252445e+00
6.263038236556322857e+00
6.104434155341994739e+00
6.158864815763626765e+00
6.299507285464089001e+00
6.254870850902205071e+00
6.093376748594542036e+00
6.250841864748715615e+00
6.369964467532464703e+00
6.405757041660447904e+00
6.295431856639726931e+00
6.261977695280183553e+00
6.382891682975246006e+00
6.527287978522113399e+00
6.454282566187591108e+00
6.192114836935822098e+00
6.036743807807976481e+00
6.258683446172895515e+00
6.149829841249786710e+00
6.293791734917435932e+00
6.175161259820748150e+00
6.271744676927368367e+00
6.239739794598194500e+00
6.161430764455569253e+00
6.131605955866159974e+00
6.141408448224028760e+00
6.204537700934876554e+00
6.190617831180141195e+00
6.005561401170602664e+00
6.071277510141227296e+00
6.272834527770979385e+00
6.163743987570872385e+00
6.185359429189903224e+00
6.177962482181713177e+00
6.139229787954139539e+00
6.226306246662869803e+00
6.298342824118767780e+00
6.185837927830945659e+00
6.298730007105751483e+00
6.134515391160650921e+00
6.301101887009180835e+00
6.300262313063094588e+00
6.490017555505494862e+00
6.479325201948794799e+00
6.491283843603240733e+00
6.172314836756122247e+00
6.251588256604699190e+00
6.183989869967673414e+00
6.290755669131283589e+00
6.011878676077134109e+00
6.150274346872284248e+00
6.127761865160774590e+00
6.152085193503302740e+00
6.188362260740809973e+00
6.196986825698804324e+00
6.363099252050163912e+00
6.269749959144370166e+00
6.107451377671016424e+00
6.181411177499474441e+00
6.112071408878317236e+00
6.092205157554250405e+00
6.305846670490415029e+00
6.180931599098882678e+00
6.154045803041448437e+00
6.036032841446742125e+00
6.195183507418745350e+00
6.132671476604072858e+00
6.191385836643272356e+00
6.255248318529505802e+00
6.132891364040471416e+00
6.348126668119624227e+00
6.322397592849472225e+00
6.186527586274772617e+00
6.285140373305283745e+00
6.378786652825583658e+00
6.423046604887111322e+00
6.330736464182276535e+00
6.444668745341181726e+00
6.361478355814519148e+00
6.296137805408936750e+00
6.297669864478778301e+00
6.307390245287049169e+00
6.422037196381079838e+00
6.386793635092096189e+00
6.307647244190786928e+00
6.420060546768032061e+00
6.476098919669708742e+00
6.362201453950714125e+00
6.112253366314718939e+00
6.210802447768023704e+00
6.096078719728917683e+00
6.036064665029991616e+00
6.050123663506719041e+00
6.014535964703007664e+00
6.189873129807901719e+00
6.265394238162452112e+00
6.266147918895396352e+00
6.219647157087083045e+00
6.088381614326219271e+00
6.364474528603511594e+00
6.368436378679789733e+00
6.305089113188046213e+00
6.400970379668575738e+00
6.302055545389905866e+00
6.192014053522568950e+00
6.149946597280221638e+00
6.127947531150038429e+00
6.350974145057329601e+00
6.422982593021955289e+00
6.377988911104142566e+00
6.257695572985074506e+00
6.202454786185453983e+00
6.216923235311946350e+00
6.323494859440574878e+00
6.324581564102437881e+00
6.230285553336797122e+00
6.277092518630953855e+00
6.201381887442847685e+00
6.118506011398056721e+00
6.229811154981263144e+00
6.220980336298725710e+00
6.235138212059121443e+00
6.069419150981904210e+00
6.058714915028970971e+00
6.254024575727768820e+00
6.206248452136927440e+00
6.256665681707734628e+00
5.989857765514326360e+00
6.006666240874838358e+00
6.340473255275556497e+00
6.240269148106448505e+00
6.262537798112012943e+00
6.371617693122499482e+00
6.352399937108984318e+00
6.316530719420778262e+00
6.191266652593369280e+00
6.188607957593851516e+00
6.239025206474800633e+00
6.113532381930026460e+00
6.252813731842216782e+00
6.182877849754547128e+00
6.229995209654756394e+00
6.215220202722347764e+00
6.185094957372094804e+00
6.244538143244648509e+00
6.214251651246663677e+00
6.161015131218595009e+00
6.110856972216905270e+00
6.183183417022262596e+00
6.440954001302030107e+00
6.090853058031096445e+00
5.941311733103751713e+00
5.990242332603818554e+00
6.085360881626952434e+00
6.243044753502949185e+00
6.172138176536658527e+00
6.132377370536017835e+00
6.242925092268023946e+00
6.098173491005129065e+00
6.246642241994718958e+00
6.359592535502100574e+00
6.259326347893647835e+00
6.122127173958384461e+00
5.955176789330828058e+00
6.147583496209334974e+00
6.160767590019688100e+00
6.197120295913961741e+00
6.041985228576691291e+00
6.244528158538601659e+00
6.409622673305260143e+00
6.222986955568714507e+00
6.254531142767168816e+00
6.150335117594101675e+00
6.104192231673939872e+00
6.244375870590189948e+00
6.417763867087615814e+00
6.169623874001128883e+00
6.010452641623134973e+00
6.214750908401677876e+00
6.187931804047924089e+00
6.335912705808773637e+00
6.432267903878191362e+00
6.303208208788910305e+00
6.185924691663669428e+00
6.252342883094685000e+00
6.164102104768510948e+00
6.080196594709631697e+00
5.815464142136526959e+00
6.044129843918916833e+00
6.041221443107123612e+00
6.121105910291877450e+00
6.325149286284456274e+00
6.307230254615553200e+00
6.636551200946177786e+00
6.536701954835075767e+00
6.422414430159780530e+00
6.604924456333672644e+00
6.466456440850357090e+00
6.391006983023797439e+00
6.187756319945327377e+00
5.937009969985085789e+00
6.049465083032881552e+00
5.965321233414621283e+00
6.102752642546199979e+00
6.051362387839875900e+00
6.162675340648403832e+00
6.202313808793933347e+00
5.966533131871653239e+00
5.866031574937043302e+00
6.142240176453634071e+00
6.214268488140067603e+00
6.149259024932324458e+00
6.002090324081388317e+00
6.171779281195164835e+00
6.303940034623625621e+00
6.356128415806233889e+00
6.426751328983161926e+00
6.521136764320049295e+00
6.422159028918835055e+00
6.450815671680311780e+00
6.019145341671888971e+00
6.064873357824376754e+00
5.908968298026749721e+00
6.008867337298156031e+00
6.009054106865866274e+00
6.076797449005787222e+00
6.109470438209242182e+00
6.095806690630357849e+00
6.185410109274979362e+00
6.402045397930273829e+00
6.497972366976163094e+00
6.390306364695986119e+00
6.386031277184526012e+00
6.134897809246982803e+00
6.182036614679748965e+00
6.299233580380380282e+00
6.380110971087349370e+00
6.322479143900586074e+00
6.384541287921026154e+00
6.265207056070924985e+00
6.063817516865583457e+00
6.157427942654626563e+00
6.179816371053848734e+00
6.375101121610224020e+00
6.272769906701561204e+00
6.160248325794193569e+00
5.984937977956453992e+00
5.935267214640330025e+00
5.929141695776242393e+00
6.009726575674239513e+00
6.139850155090959660e+00
6.334043997368356216e+00
6.414795450063631499e+00
6.472238273592060942e+00
6.289324212610734932e+00
6.257049913159725918e+00
6.431162228554271998e+00
6.059132710810079203e+00
6.321329356380395836e+00
6.162754441452420018e+00
6.330947663745006615e+00
6.237930517790272411e+00
6.168831061155519713e+00
6.292712189188689464e+00
6.129976693974511726e+00
6.058725176491093656e+00
6.310571436426839931e+00
6.309689122211349144e+00
6.316920838410847061e+00
6.102583166571611706e+00
6.186373564832692296e+00
6.163351047082740841e+00
6.366559449871494358e+00
6.550543469307273270e+00
6.317046019921276567e+00
6.379885494004656543e+00
6.223966837090205040e+00
6.336530347734530721e+00
6.315068639494704428e+00
6.188877282416462400e+00
6.349376453694787870e+00
6.481549972125945303e+00
6.409862232162025997e+00
6.345942787909574889e+00
6.324678707988374171e+00
6.387326760834030281e+00
6.433767983933678991e+00
6.259182151452871601e+00
6.169919747236720653e+00
6.126032710419325511e+00
6.263519216293969905e+00
6.401853165679285418e+00
6.345002332371239007e+00
6.521077991298080967e+00
6.298928849886062942e+00
6.274914245816264113e+00
6.178871786490390150e+00
6.096094244271736073e+00
6.060409580679039898e+00
6.169057151450042298e+00
6.150342770049881835e+00
6.238302255624614823e+00
6.292359850714101199e+00
6.187642988232254559e+00
6.516246256766908829e+00
6.334269521971503281e+00
6.078924787531493124e+00
6.234404842335650621e+00
6.189505607582311164e+00
6.047410306512770894e+00
5.989573141659187527e+00
6.118278240245050625e+00
6.222914350891400659e+00
6.062009201014404880e+00
6.160744304428302343e+00
6.220622766365834444e+00
6.144777958470287516e+00
6.184453695930308470e+00
6.422214167768824922e+00
6.189896374128819545e+00
6.081703468796053613e+00
6.248404986272801054e+00
6.344940163869488892e+00
6.225468663650581824e+00
6.344534149899507369e+00
6.357553082075005690e+00
6.360367124752488444e+00
6.079975706786078682e+00
6.421770897432888425e+00
6.113167752446574177e+00
6.279629175345907477e+00
6.308773090153784402e+00
6.153064919476904926e+00
6.238952376277721257e+00
6.139926095427235886e+00
6.074228259029521126e+00
6.080262010056997291e+00
6.168469765092758017e+00
6.219901666124351358e+00
6.150295492759984661e+00
6.219192727495311601e+00
6.176997187931989153e+00
6.273220473955877452e+00
6.322487171159768771e+00
6.283816054547155083e+00
6.225217589886805847e+00
6.183160237806463400e+00
6.266010273719776258e+00
6.320107480957542379e+00
6.335150132438797321e+00
6.195270129258043212e+00
6.297255908321863771e+00
6.422951489362353605e+00
6.366753970446002775e+00
6.239607542981766564e+00
6.303705284946526710e+00
6.001910172989906478e+00
6.108688652747179759e+00
6.188053237664582262e+00
6.067808515706762940e+00
5.861662028251238610e+00
6.014625036510796718e+00
6.004329665188667065e+00
6.198144056896868648e+00
6.224646576798664732e+00
6.128397837453367636e+00
6.152493614195502225e+00
6.100978362240244479e+00
6.110154087065918560e+00
6.341926918888889375e+00
6.320461062876074898e+00
6.194636562729417761e+00
6.234127325673718190e+00
6.205924459107026614e+00
6.473691446122862736e+00
6.220899292436888217e+00
6.271095840515243935e+00
6.284472710792059047e+00
6.297465889865439870e+00
6.467961589694063207e+00
6.191744891734682454e+00
6.404643322175780362e+00
6.332649197338333202e+00
6.373543259852223919e+00
6.356164580626161964e+00
6.312612322526838682e+00
6.282497631389809989e+00
6.346563467287738902e+00
6.444096106014928438e+00
6.452466250068066067e+00
6.522396666884946903e+00
6.416598900223830171e+00
6.402635105412473493e+00
6.324243495580787133e+00
6.458410649905957257e+00
6.424370872773709884e+00
6.449532280981104648e+00
6.562776937700921742e+00
6.706105081590194139e+00
6.420877910266310273e+00
6.371064595874472936e+00
6.519686888117579571e+00
6.492207371231921265e+00
6.528748536739838570e+00
6.569412895754615178e+00
6.525262174380356051e+00
6.356830839501611763e+00
6.161792472497692685e+00
6.226214009304479546e+00
6.194949528529106075e+00
6.028622213012522657e+00
6.154607485960603697e+00
6.107625651842595538e+00
6.078566277620107705e+00
6.183522445634760167e+00
6.129640781027854146e+00
6.176524564550883056e+00
6.181628853994078021e+00
5.951504029025737275e+00
6.080251901343022958e+00
5.910562686383660669e+00
5.944533464098272546e+00
6.056691116393156271e+00
6.160244509244177991e+00
6.278959941552868074e+00
6.371118360138646963e+00
6.192718118265919003e+00
6.427418341255076939e+00
6.213576094347029510e+00
6.184696163792334112e+00
6.272210232088977655e+00
6.183936028363741677e+00
6.136812109439692797e+00
6.171446977566179548e+00
6.312473446858128057e+00
6.266258195078776794e+00
6.290630005299777672e+00
6.148463138176833986e+00
6.218281559169358097e+00
6.146319512339611713e+00
6.268799725258600297e+00
6.371620770175521642e+00
6.451040786441163633e+00
6.345783324547716653e+00
6.363993411131333211e+00
6.349317232312269965e+00
6.305434938952683588e+00
6.417432896310127255e+00
6.337201648552285960e+00
6.432319336587958070e+00
6.352215338778054665e+00
6.386778359899409452e+00
6.203162828953236563e+00
6.458274666013124943e+00
6.390196994462307600e+00
6.430061512927233380e+00
6.365135907984459607e+00
6.071785942936146263e+00
6.091465954579595277e+00
6.016381028842589629e+00
5.885026984532299998e+00
6.127761028777316099e+00
6.111154159214100545e+00
6.101928732661661137e+00
6.011670476778726346e+00
6.210011954256779099e+00
6.302875214978228335e+00
6.087818368553666204e+00
6.172990507240466940e+00
6.192450703546773738e+00
6.156227862644173321e+00
5.978210067347866641e+00
6.195676854365097519e+00
6.120479259493413871e+00
6.136704866054249585e+00
6.251365366341407714e+00
6.224056082540362134e+00
6.195289762859885307e+00
6.223618898901802865e+00
6.136800055046727209e+00
6.075638133152696518e+00
6.120435928035988127e+00
6.094555867151005835e+00
6.018271317600539128e+00
6.100498139778042450e+00
6.220076205970368477e+00
6.218935879813363599e+00
6.136190499804107468e+00
6.156292994136199681e+00
6.136066256713892386e+00
6.243507600203408892e+00
6.265292720700509577e+00
5.941165272097491012e+00
6.043026610932107801e+00
6.065302565078703800e+00
6.269831060129650524e+00
6.094620237572628163e+00
6.190284275333602260e+00
6.067515102658902926e+00
6.333838346436606592e+00
6.348731556986086488e+00
6.527774007536340406e+00
6.434173658324693790e+00
6.467951503007333791e+00
6.443125160647968031e+00
6.496306802428279958e+00
6.314579427714360982e+00
6.198365007488856548e+00
6.144355638190675428e+00
6.471799909944878415e+00
6.303445532474256652e+00
6.264577082500921712e+00
6.087184100058503411e+00
6.074214251246027985e+00
6.225661013199788485e+00
6.199829448733337856e+00
6.186387273686456467e+00
5.967698521952233826e+00
6.170939674516427331e+00
6.368771494081452822e+00
6.207698831201358125e+00
6.161220312232223328e+00
6.072176111228690054e+00
6.203672051540988441e+00
6.362921071224879377e+00
6.432198943020461357e+00
6.404912307313758824e+00
6.350716403411408528e+00
6.276460462328514289e+00
6.501017453737551577e+00
6.431088408483200958e+00
6.331703283652462488e+00
6.272882755499067819e+00
6.266585893477684799e+00
6.282311091597559738e+00
6.232727365516570472e+00
6.329615043568209920e+00
6.431966145505383814e+00
6.308035863527935660e+00
6.137690866796527089e+00
6.067634995879130244e+00
6.138794899660719118e+00
6.189397750451563596e+00
6.226595705854210294e+00
6.291658185906090495e+00
6.306136502117830389e+00
6.423500350234485623e+00
6.319722339978705250e+00
6.224890760850200877e+00
6.197824909621494349e+00
6.189031737087264062e+00
6.182349634819093609e+00
6.150344906007521928e+00
6.446323321068622825e+00
6.559355513392083559e+00
6.545278556859533303e+00
6.210066359375572276e+00
6.117436021119360134e+00
6.146335547154169632e+00
6.197017777209830491e+00
6.221148416415424265e+00
6.222372368494787587e+00
6.191504008258874592e+00
6.196903929866070193e+00
6.183759949515953203e+00
6.382201043941349461e+00
6.466089990594706904e+00
6.291998924861813336e+00
6.282059115287665030e+00
6.199051751016509293e+00
6.363639482216400189e+00
6.010185566913021304e+00
5.860009003111783521e+00
5.980564655232495141e+00
5.923851620224025893e+00
5.783609219503167864e+00
5.944674230681626703e+00
5.944761565571698547e+00
6.109773815330826530e+00
6.010146353030248356e+00
6.206619593938541790e+00
6.380298049204403910e+00
6.201066705373635912e+00
6.270272969199806923e+00
6.248486906226790261e+00
6.572745472219186702e+00
6.785805970328442349e+00
6.659214862717409922e+00
6.683588001341436602e+00
6.596776233825618618e+00
6.571990062353493478e+00
6.327532149140581375e+00
6.003850883936392435e+00
5.854419361609040529e+00
5.812830596333396826e+00
6.005611173426560256e+00
6.129710687415406589e+00
6.134942227179457142e+00
6.182332319156991218e+00
6.141361616335855089e+00
6.189699399849978079e+00
6.229642723523733494e+00
6.090150322837485142e+00
6.251958160837615353e+00
6.222939925021461427e+00
6.337150616960528282e+00
6.197992105849911226e+00
6.061332289902094494e+00
6.178488333617065287e+00
6.280778741647766061e+00
6.103645804179337553e+00
6.093054385690589214e+00
5.898205142200435347e+00
6.030837232958636385e+00
6.195258522141793733e+00
6.303362853645418262e+00
6.102535877675909326e+00
6.086876643719535629e+00
6.025025786482963497e+00
5.989055603424418450e+00
6.104156931117451279e+00
6.101407052951382859e+00
6.097027758821050192e+00
6.287409235957778897e+00
6.196451288195544471e+00
6.325827707540427447e+00
6.239678179953942028e+00
6.287156707202476547e+00
5.976065807667025886e+00
6.222763505469545819e+00
6.217036286967720038e+00
6.250008970834945110e+00
6.286161725695353475e+00
6.347639302278421880e+00
6.292172536715780140e+00
6.497342011859417177e+00
6.531679289787343912e+00
6.270466425090231333e+00
6.182424710908728471e+00
6.126544707925508426e+00
6.046529423325818442e+00
6.118092487935765433e+00
6.062900252699741976e+00
6.118283626007561260e+00
6.070056462966360478e+00
6.198860592388092172e+00
6.138016244018660750e+00
6.291972747771307439e+00
6.170983436437351699e+00
6.202780875511878733e+00
6.202722805819037788e+00
6.275926123609785634e+00
6.280110571978074319e+00
6.218691395289515533e+00
6.303299425933615474e+00
6.266271535783672242e+00
6.417430172401657806e+00
6.292599592995421709e+00
5.991161572532407220e+00
6.018243775147587016e+00
5.922585905473928491e+00
6.191957907515297066e+00
6.470477422537863177e+00
6.098453977153449834e+00
6.154622887916858964e+00
6.251000426878664307e+00
6.349761251863630385e+00
6.353408380984175707e+00
6.393863527681908465e+00
6.322056906630176165e+00
6.355746875074426150e+00
6.233424254214875226e+00
6.209609264845925125e+00
6.187184800471936086e+00
6.251695345484487021e+00
6.218225583951268121e+00
6.403906918495427369e+00
6.105906776272354897e+00
6.002313434622355004e+00
6.226803482603452622e+00
6.412692556932296561e+00
6.302560048185412711e+00
6.183565603599254779e+00
6.032194945974352684e+00
6.080872935002801682e+00
6.262296718766933168e+00
6.269747295735115244e+00
6.079523816706039696e+00
5.934230893175554300e+00
5.915831214010976780e+00
6.083875831328670714e+00
6.142471249009919809e+00
6.106634062832759113e+00
6.263496742469699008e+00
6.231342998204181249e+00
6.108038322620388705e+00
6.168901047783878155e+00
6.301615235837297213e+00
6.274659039886960166e+00
6.216011838496331876e+00
6.104997603976762832e+00
6.210088557968773237e+00
6.213960785975603862e+00
6.168217169971614844e+00
6.222770618137821508e+00
6.188884882468128623e+00
6.131597241672081644e+00
6.031679666626478920e+00
5.966283783298760746e+00
6.086650120122392593e+00
6.113655947863595230e+00
6.229835819082101267e+00
6.470084112331035975e+00
6.320366924941214215e+00
6.340196215054146656e+00
6.126118772925296163e+00
6.110091068255557367e+00
6.106497168519755547e+00
6.105545394507860379e+00
6.046626268655614922e+00
6.204137347817594517e+00
6.175321418462602630e+00
6.398748451105968016e+00
6.322938000746650467e+00
6.088020758275220601e+00
6.285732217127373289e+00
6.345931627195222191e+00
6.526761893661250369e+00
6.448012748562217844e+00
6.443294262854997179e+00
6.450183242158618491e+00
6.329709528233843585e+00
6.374400753457488911e+00
6.445941478989714923e+00
6.449918224400515321e+00
6.338475538999417402e+00
6.266572373160733456e+00
6.403232519309911552e+00
6.411839278818659338e+00
6.623589006192759143e+00
6.543982866820264199e+00
6.469700396602650727e+00
6.444059096034839840e+00
6.538317879476164052e+00
6.532696828725359062e+00
6.577159175799772939e+00
6.618182579161673296e+00
6.475505241868567019e+00
6.399949979491979413e+00
6.551535259864663452e+00
6.453684945535153261e+00
6.365247142492826526e+00
6.218067328811011762e+00
6.419569667205843544e+00
6.424916922909048367e+00
6.566048849327732029e+00
6.378077109392452648e+00
6.388320937633607421e+00
6.329268619675285201e+00
6.206382087728826491e+00
6.175319363344063284e+00
6.189658134051671645e+00
6.072920955699979473e+00
6.355400670549672171e+00
6.413242782070799564e+00
6.456164388470814863e+00
6.304395209756615159e+00
6.352622214418432556e+00
6.349848428475861617e+00
6.240037945543397413e+00
6.135620866428480369e+00
6.170141185365150882e+00
6.190117626264409090e+00
6.261604341421360687e+00
6.284292748582153365e+00
6.348597166775044265e+00
6.265656929423751187e+00
6.306666035748688337e+00
6.067406413585798575e+00
6.007437633325446669e+00
6.040545734084052931e+00
5.961279972665121996e+00
6.056952079283600909e+00
5.995474431015385797e+00
6.013142366435832997e+00
6.099375878539383677e+00
6.117784041563240294e+00
6.072229820714288628e+00
6.112637568472166549e+00
6.091834459461595408e+00
6.187401151846390057e+00
6.057628486235280718e+00
6.177290627569180792e+00
6.067080759864188266e+00
6.201666853392858947e+00
6.128675574906548462e+00
6.415444643904950617e+00
6.282616901798345310e+00
6.202171743915811497e+00
6.034776650244569218e+00
6.146052784971908878e+00
6.382844281954560550e+00
6.326124829046677611e+00
6.293959882869532230e+00
6.314762538463412511e+00
6.427282585882873711e+00
6.342530875806586366e+00
6.254951364187518514e+00
6.160368983173555968e+00
6.263671080934250845e+00
6.145206744886048789e+00
6.184560527904807259e+00
6.285769748839653559e+00
6.276505997364670186e+00
6.115568222257642184e+00
6.277059899992409875e+00
6.416180834101635533e+00
6.371238440980486750e+00
6.308584258330200534e+00
6.145306299833348085e+00
6.181362399892174508e+00
6.045486555733992518e+00
6.101789366775067336e+00
6.127052856064467257e+00
6.245270870451563816e+00
6.100074264543380309e+00
6.419161683593418211e+00
6.587890620079393855e+00
6.575916953788107477e+00
6.790617629970833846e+00
6.597226518747733692e+00
6.562445163733972464e+00
6.565487990278148445e+00
6.460597578750122416e+00
6.334612578837588437e+00
6.254938436570147253e+00
6.320273459907959079e+00
6.492189600655148496e+00
6.480025136289551568e+00
6.334918677837049650e+00
6.197233139519886969e+00
6.138432285383633058e+00
6.248567915147739349e+00
6.188837469445254591e+00
6.268767737835818643e+00
6.326183359576880605e+00
6.199269928806568686e+00
6.164072787535419984e+00
6.163931369967143858e+00
6.094871190838694552e+00
6.185491775011616511e+00
6.202208194745756131e+00
6.133422434019747627e+00
6.254625399037772482e+00
6.358481869832329991e+00
6.398100149180794283e+00
6.419732738106286973e+00
6.232654356061393841e+00
6.164838431766444415e+00
6.219985218209749256e+00
6.394697182462842910e+00
6.332094272080555086e+00
6.342808079172893798e+00
6.388215935473335882e+00
6.387387417604068141e+00
6.447823965857887529e+00
6.347892868321635795e+00
6.313343369524915261e+00
6.171057211183796909e+00
6.220656140697469638e+00
6.194427249644854250e+00
5.951428260300216877e+00
6.171653664893420377e+00
6.249827557238437414e+00
6.059192125017833774e+00
6.177880493852051735e+00
6.236229539046345138e+00
6.263261661622585130e+00
6.100072531808649501e+00
6.186433608835320008e+00
6.172625772027148905e+00
6.149211093110211301e+00
6.146487007213047526e+00
6.044003984441860489e+00
6.397875871808766490e+00
6.255622281321986833e+00
6.555079301449894480e+00
6.341266671917463960e+00
6.156774442769331834e+00
6.330508174337965421e+00
6.422558618379770046e+00
6.446633116570383848e+00
6.582516128864088323e+00
6.419737606220882853e+00
6.361084111626305493e+00
6.347484044114899859e+00
6.438924784635539744e+00
6.593929493929714170e+00
6.727074359602323028e+00
6.387974000427466770e+00
6.253436967890322329e+00
6.136537388307499619e+00
5.965439737962222821e+00
5.954872403645082635e+00
6.089934004946720769e+00
6.199784103277242941e+00
6.287761474755447111e+00
6.238169855374215977e+00
6.216594654212340920e+00
6.165644947103477769e+00
6.228004905209751918e+00
6.407332306083073803e+00
6.440552278891895632e+00
6.464693966731950070e+00
6.438246266287370290e+00
6.453504838312063896e+00
6.226826929187889270e+00
6.396269999343973112e+00
6.311869611974637806e+00
6.212818797769833701e+00
6.507752663769439394e+00
6.461000608502431852e+00
6.483327671947342274e+00
6.580328154497101067e+00
6.435617241172697511e+00
6.113989838952002209e+00
6.309802726629189173e+00
6.336547754057256121e+00
6.347302014734628628e+00
6.235564646962024504e+00
6.201132351344545768e+00
6.417549754603935064e+00
6.206747069010740248e+00
6.213002303476804045e+00
6.452871283776591582e+00
6.365482748624604170e+00
6.353844394138173257e+00
6.314796851498978292e+00
6.176723425229569742e+00
6.311431716066370434e+00
6.391819760571301856e+00
6.389625108557099864e+00
6.359801119252404433e+00
6.422771828636405722e+00
6.327198248875957276e+00
6.369204156539471029e+00
6.176080455142067827e+00
6.231680150212119962e+00
6.064995680222238228e+00
6.036155132362098996e+00
5.933031140356400890e+00
5.998530787368900441e+00
6.037591724694052253e+00
6.015263226000326924e+00
6.251677924370691031e+00
6.385012501760770398e+00
6.473296284874994200e+00
6.593820318537101599e+00
6.622882196207384276e+00
6.233990110013807318e+00
6.209485265146979849e+00
6.364021577683849351e+00
6.307092467347728437e+00
6.414941386074088037e+00
6.293533993378408908e+00
6.391923278099884698e+00
6.523622975281773151e+00
6.297075973312150410e+00
6.153488423699005061e+00
6.386499874968357027e+00
6.293737062428602869e+00
6.160714998606966475e+00
6.122941081431970467e+00
6.083831145100190518e+00
6.057422058149930066e+00
6.163494055632479984e+00
6.114048703633654824e+00
6.489890099976128646e+00
6.241476096809304153e+00
6.142829914994710983e+00
5.916574467714610819e+00
6.100424727745827447e+00
6.223241652561967818e+00
6.252904855549185292e+00
6.367177134299780050e+00
6.246902829048014638e+00
6.319191366273426702e+00
6.344933815338593242e+00
6.258768316184230684e+00
6.280204624062869279e+00
6.223680478720130971e+00
6.323263953429660411e+00
6.278736932428698125e+00
6.487714087432847165e+00
6.433327357333677554e+00
6.430591888676687518e+00
6.327739253056846813e+00
6.419695433230204529e+00
6.660420232922982464e+00
6.572624142571454442e+00
6.478217254942971515e+00
6.360128710185021461e+00
6.276678861492038131e+00
6.430161526067108113e+00
6.405036398235441020e+00
6.158332206659113517e+00
6.307292726486541490e+00
6.201728934535286619e+00
6.030041525607572339e+00
6.096745521706581350e+00
6.381457833994114814e+00
6.266862589892538082e+00
6.416374007672726698e+00
6.528243744537959081e+00
6.403853555955778099e+00
6.202707391533863301e+00
6.209922929163831817e+00
6.192292400077473502e+00
6.110057013884945043e+00
6.206112706223279929e+00
6.322856908212238558e+00
6.374513873688457899e+00
6.350937487094999057e+00
6.277200941911803334e+00
6.409374856172886048e+00
6.406859898781475771e+00
6.164812481259796861e+00
6.211335650177090884e+00
6.297870780768507259e+00
6.367389656606473380e+00
6.312913779132103720e+00
6.370949001413038104e+00
6.397749425872061302e+00
6.498863907417693042e+00
6.299144380807020660e+00
6.079078836648131201e+00
6.258976287290118456e+00
6.268124122366442563e+00
6.378916300149395369e+00
6.336277889271434205e+00
6.284161668934913791e+00
6.136426065044529921e+00
6.110712803614333666e+00
6.185894245796271562e+00
6.051479676673835684e+00
6.076996007127472232e+00
6.129072545081820422e+00
6.282539274404752128e+00
6.444410347250238758e+00
6.455427697619843030e+00
6.363671002104026364e+00
6.217618628600511954e+00
6.174681827263089673e+00
6.141073787962340269e+00
6.246741819196507173e+00
6.232945941093238851e+00
6.220990913089523566e+00
6.403845777139631323e+00
6.359559881093219680e+00
6.296225762326827180e+00
6.234494719033620846e+00
6.154699364638545056e+00
6.131585191904910914e+00
6.174393946613289330e+00
6.325393899567512968e+00
6.254807660620651077e+00
6.244266707848972864e+00
6.316955622617816068e+00
6.379937778382084979e+00
6.520683029784658302e+00
6.440017380578274775e+00
6.370476396369375571e+00
6.279664561219039598e+00
6.354382902087567508e+00
6.222549113334796544e+00
6.344883184409775723e+00
6.241137834014192975e+00
6.123284591339945848e+00
6.293506494464899070e+00
6.232720432822746126e+00
6.198959637109471288e+00
6.236375430188012992e+00
6.084534416454452810e+00
6.177365515818530994e+00
6.322308227051212981e+00
6.317511373928732965e+00
6.254860617539379497e+00
6.113206353185813846e+00
6.143234828586674467e+00
6.173955324618687790e+00
6.251144934303040301e+00
6.303653197200283387e+00
6.393030192098123621e+00
6.223665440932584225e+00
6.094350251694372389e+00
6.151763349869332487e+00
6.329537942671280781e+00
6.349328872043676242e+00
6.541988491672523942e+00
6.701644302434595524e+00
6.461083192157473398e+00
6.582325910027829075e+00
6.444027587678023750e+00
6.313226053426635787e+00
6.293684566556836835e+00
6.280388886780660762e+00
6.187550267859143638e+00
6.043017326354532592e+00
6.104339481008847379e+00
6.253561101091695384e+00
6.131336609864725951e+00
6.074035245197267230e+00
6.087009878913850258e+00
5.993631726791157632e+00
5.933069406754791331e+00
5.962551822524921441e+00
5.993571557899943336e+00
5.938750790691480042e+00
5.918477431192100013e+00
6.120140213990674205e+00
6.103980422767606662e+00
6.337888366199849521e+00
6.139916477260318750e+00
6.230507406012510963e+00
6.284827334746225347e+00
6.634256643431379885e+00
6.691816118824341686e+00
6.311184685904421166e+00
6.243268939992893785e+00
6.463379489425288504e+00
6.389234827172672659e+00
6.324611221938019945e+00
6.463034672707334671e+00
6.352198088572336587e+00
6.191910056067809975e+00
6.051355873212695968e+00
5.880495343781844575e+00
6.150983356577850891e+00
6.325092360023269578e+00
6.130444700169941363e+00
6.249663403773321413e+00
6.300552067156200309e+00
6.183779579664199666e+00
6.378663071655081396e+00
6.371854591208713003e+00
6.433389524812093363e+00
6.164259757936582318e+00
6.128775956587053209e+00
6.113430899929647389e+00
5.950447732876379625e+00
6.187259747219874484e+00
6.218587533443301396e+00
6.043884337450409205e+00
6.097151583752083326e+00
6.258813042419848038e+00
6.314083125784231143e+00
6.180423707476868422e+00
6.089149619265953106e+00
6.128493410810261111e+00
6.186846071233317090e+00
6.323307971568957520e+00
6.370252172125686840e+00
6.461638149944821663e+00
6.342735448994169190e+00
6.353621625344995749e+00
6.406311295355015645e+00
6.415845185775357784e+00
6.314368399427279677e+00
6.070104281774463040e+00
5.933968036801553048e+00
6.003591771447654324e+00
6.078018833821103861e+00
6.222588200006726744e+00
6.068167540638028434e+00
6.208952273674569255e+00
6.305620891124373628e+00
6.080615539033801475e+00
6.174792163788015209e+00
5.983750601876974606e+00
6.152415938621736302e+00
6.205920232510475643e+00
6.261264030751761744e+00
6.334297005727610674e+00
6.433375573278711457e+00
6.427676091211362852e+00
6.511495370026404217e+00
6.399126298352243225e+00
6.462729828727669990e+00
6.382629837069671908e+00
6.313449280002600084e+00
6.182286828222957276e+00
6.335153133635283318e+00
6.200191297000404056e+00
6.226955400548362718e+00
6.121390649190010080e+00
6.150588861165859456e+00
6.047197629718308320e+00
6.058492799966807674e+00
5.997492676686389856e+00
6.128996037148648490e+00
6.231153303888509853e+00
6.149255701981974020e+00
6.053831718021576158e+00
6.208719665829656620e+00
5.890347405418308924e+00
5.963436243885722021e+00
5.987933968674181706e+00
6.185546678299715495e+00
6.161118485724833782e+00
6.340344131539195516e+00
6.310406183830475690e+00
6.360537389097716598e+00
6.443325243162319360e+00
6.256328569666352202e+00
6.175907946782640323e+00
6.429410741593561518e+00
6.508904599980022354e+00
6.366473671013619828e+00
6.300924957145465299e+00
6.393692557512530961e+00
6.556777052857158061e+00
6.346701491102108683e+00
6.488152707994789381e+00
6.256290919208083778e+00
6.346899006687596767e+00
6.234807761583931907e+00
6.266256061176986414e+00
6.301255042717518684e+00
6.289483580574508181e+00
6.054098938607898717e+00
6.151806875252636253e+00
6.266197328037638847e+00
6.371994836943767559e+00
6.262198871496997832e+00
6.183606485193676505e+00
6.275535055420617958e+00
6.311149248039003901e+00
6.192577326014093053e+00
6.173003845900660203e+00
6.189871511834762252e+00
6.245246545983786035e+00
6.086485359500827919e+00
6.023553697286659236e+00
6.052699800242785422e+00
6.260078526135659516e+00
6.184157837292774573e+00
6.036009782745872521e+00
6.163345437190154819e+00
6.175724443653180629e+00
6.337571889624113552e+00
6.472976747834584543e+00
6.327263989000921462e+00
6.256159784069932783e+00
6.156028406476949044e+00
6.283565035006501098e+00
6.397491028311147687e+00
6.516217624538951370e+00
6.086570475007754055e+00
6.077202083070284644e+00
6.117042973684625906e+00
6.021945806548570701e+00
6.115299213883228724e+00
5.959033560932991413e+00
5.952589050952976635e+00
6.158607769812086907e+00
6.038735566728636428e+00
6.230495238803501756e+00
6.215171151967312291e+00
6.342266462843852537e+00
6.206210661018157104e+00
6.228511860427530245e+00
6.492417627288959103e+00
6.515940713104325432e+00
6.461841696128002077e+00
6.396161686473550212e+00
6.513371802199328542e+00
6.399557931221913520e+00
6.387590948954609438e+00
6.294351286742115192e+00
6.259489197848700393e+00
6.347568001762473600e+00
6.243480227121961157e+00
6.300696611827658167e+00
6.392676425411469410e+00
6.089677553657995013e+00
6.144369186962276075e+00
6.175880002099272126e+00
6.368682935469180961e+00
6.352884349507680994e+00
6.183251497597979984e+00
6.290440632264178156e+00
6.184748033907919051e+00
6.283044435945149608e+00
6.342426659972929315e+00
6.397762139219701716e+00
6.426932850525393093e+00
6.311513583391762161e+00
6.509635590093891366e+00
6.502663417741443297e+00
6.607675825458938945e+00
6.568581485249438856e+00
6.260988924459208071e+00
6.370329717348978349e+00
6.364063190543171267e+00
6.349781963440584320e+00
6.138990945333234528e+00
6.091856254521691660e+00
6.340982635540672874e+00
6.205874369405786517e+00
6.096675441614266333e+00
6.223505356540883326e+00
6.447166698441479049e+00
6.366833687128855779e+00
6.360934163775227468e+00
6.575355717129133915e+00
6.306154512742997653e+00
6.191027119407949364e+00
6.251643541731347398e+00
6.159310709736904421e+00
6.154105422391325853e+00
6.269462132855996295e+00
6.212736496577514700e+00
6.205136155190697167e+00
6.160453186400948411e+00
6.259571934481075850e+00
6.358694388312253309e+00
6.151615332383452817e+00
6.175956258884207628e+00
6.415587714195352120e+00
6.482048600937030614e+00
6.631003754661194627e+00
6.582567973717381449e+00
6.479639772868760694e+00
6.531788577663721007e+00
6.462166197454296324e+00
6.672654646263575628e+00
6.745806202603004564e+00
6.773320827277251155e+00
6.813443547813663237e+00
6.661199255177080225e+00
6.459910621091376370e+00
6.579226586679978617e+00
6.618081989646907637e+00
6.668487909539408953e+00
6.589916543936165105e+00
6.440154425454601039e+00
6.387284118882157635e+00
6.193936669822813101e+00
6.247817563751413061e+00
6.411874295816526015e+00
6.298400237293084736e+00
6.237477683771173176e+00
6.244096765741368849e+00
6.373046193669791748e+00
6.388500449566937966e+00
6.416514242525631850e+00
6.571604691829677769e+00
6.471744574795469163e+00
6.658967385557005514e+00
6.548435305581251420e+00
6.666392511329326531e+00
6.565670951857219606e+00
6.516670532995799014e+00
6.426534014881890577e+00
6.511203699764218200e+00
6.306094563847125301e+00
6.171340140113707129e+00
6.153469846206060190e+00
6.050155666299732893e+00
6.175582814415438548e+00
6.071570553860603070e+00
6.211170836574723353e+00
6.154033331638669502e+00
6.075629725417946325e+00
6.092970939301892486e+00
6.101420466017639654e+00
6.057441489367895393e+00
6.213266014140265803e+00
6.070708124569298647e+00
6.092613357378867889e+00
6.368363465135416845e+00
6.250317928628767561e+00
6.156533447706880047e+00
6.257514568642430497e+00
6.424353182809616314e+00
6.285275299184293729e+00
6.278085532747038400e+00
6.347299598988339397e+00
6.166053926272909713e+00
6.197403604604014404e+00
6.096473287387750517e+00
6.330195734259164375e+00
6.164870513448130751e+00
6.058193012400466593e+00
6.018293329176471751e+00
6.043879805431858543e+00
6.041887417105809455e+00
5.917414172931108496e+00
6.296665897845279858e+00
6.071579241859313747e+00
6.009804965652585373e+00
6.228302822924350224e+00
6.218658732699678282e+00
6.079475177142763087e+00
5.981292318646628914e+00
6.114640659480111040e+00
6.060421388075199367e+00
6.261746112824817523e+00
6.259594466122329059e+00
6.316517673206941019e+00
6.477501353070866053e+00
6.397540156144602363e+00
6.449862855195716449e+00
6.429891490875115245e+00
6.191094886505871031e+00
6.097168923108299055e+00
6.345162138274413444e+00
6.199306907772243136e+00
6.347023437156765091e+00
6.235448598446977186e+00
6.146048514170859178e+00
6.121320884756793923e+00
6.127746794948066622e+00
6.191347543751407834e+00
6.203170295472765439e+00
6.435778148477270477e+00
6.345538335757217929e+00
6.224899096382786823e+00
6.236129851642248312e+00
6.550978255827265784e+00
6.400203448980834153e+00
6.294268537262818874e+00
6.448638524328246469e+00
6.362791970188045987e+00
6.352885107953801125e+00
6.258362818087808144e+00
6.286861353629849880e+00
6.415574451427312752e+00
6.216266491170704178e+00
6.209762862410446616e+00
6.154615022791019463e+00
6.202262617592036342e+00
6.443239806399058800e+00
6.250457744228112844e+00
6.248901388285900360e+00
6.242175367966934729e+00
6.253863849353225923e+00
6.204395025801378694e+00
6.080159760069165031e+00
6.072598140019894508e+00
5.933690736221344686e+00
6.061448141751372809e+00
6.165071464210726049e+00
6.066003664550249752e+00
6.167304937414165522e+00
6.260321405755401081e+00
6.270486353170291238e+00
6.344024279946410161e+00
6.493864363505998050e+00
6.467733321746677255e+00
6.503750055371575023e+00
6.374481410429384987e+00
6.476995027085421519e+00
6.559571921966063535e+00
6.397636839462357727e+00
6.286863531981092379e+00
6.367863640150797977e+00
6.336950431424969388e+00
6.229424192807295313e+00
6.221865111397791637e+00
6.247701948288064244e+00
6.421611380679940417e+00
6.406556378744544311e+00
6.382166534420874449e+00
6.218280744126818860e+00
6.192508795965117052e+00
6.185490414893567213e+00
6.285046241100054942e+00
6.336946087828001062e+00
6.438153715300376057e+00
6.403124236573185080e+00
6.453114583851268016e+00
6.663523485482271802e+00
6.406772368848700161e+00
6.360338579073609999e+00
6.384698800073689284e+00
6.347657088181086316e+00
6.418498684951546629e+00
6.438806691021758510e+00
6.462567769643325910e+00
6.268703226971727993e+00
6.229089985296024423e+00
6.418648079905333148e+00
6.333708905978459924e+00
6.222035931558022703e+00
6.250653723985186261e+00
6.239436707677157301e+00
6.197931231091093451e+00
6.143143944559605885e+00
6.190418727503066876e+00
6.208846719376836631e+00
6.160030845949762579e+00
6.266242096193971101e+00
6.307939303528917740e+00
6.061329375943089737e+00
6.215295650206143385e+00
6.167594376304796455e+00
6.231612434277002066e+00
6.318613290016987349e+00
6.354310776596882704e+00
6.402923125577020258e+00
6.370710967492521526e+00
6.348224368250380500e+00
6.419324767820143052e+00
6.160297513195724939e+00
6.191036338227500657e+00
6.221823146323202103e+00
6.345050650063103426e+00
6.223180888031188296e+00
6.275317133734798603e+00
6.184029146953756495e+00
6.354329398776422444e+00
6.252599331762557000e+00
6.501861448782413788e+00
6.718405411056576071e+00
6.590322386861807047e+00
6.502587632981709831e+00
6.488601285467983537e+00
6.310253297198351596e+00
6.368730694277712878e+00
6.246104312490865063e+00
6.257609003959305305e+00
6.140794558157538496e+00
6.166930377788866657e+00
6.324610059332704814e+00
6.411102732594827103e+00
6.471855185217226136e+00
6.228140251133326366e+00
6.330258496575276617e+00
6.335628252460252519e+00
6.051189284266813573e+00
5.946059589262767453e+00
6.162205220394097793e+00
6.210429577055482042e+00
6.216466392670338514e+00
6.118625960740821768e+00
6.169283689098769230e+00
6.012575931130066387e+00
6.149265175803578565e+00
6.002289986921717890e+00
5.934548025984372366e+00
5.804581070240241836e+00
6.011228438484362613e+00
6.182102765785278287e+00
6.156067570634494501e+00
6.188405568367101317e+00
6.328288487166523701e+00
6.497345589956946554e+00
6.538526636729313779e+00
6.303741919155086748e+00
6.194338287274176125e+00
6.256750406103535056e+00
6.172117526142229416e+00
6.259226215914138081e+00
6.207267585715719349e+00
5.987741538284042875e+00
6.049330214040870679e+00
5.989986525072814594e+00
6.021145980292936351e+00
6.327484714867302351e+00
6.251367675085524489e+00
6.207457913836154084e+00
6.160307067263513403e+00
6.250270996395661527e+00
6.325877238009338654e+00
6.261429262279628816e+00
6.197255306514378503e+00
6.324065486814118842e+00
6.251222491841576634e+00
6.335127478205461848e+00
6.218580768372717671e+00
6.363999876827672431e+00
6.518668823784042665e+00
6.145042739894229555e+00
5.992770026940729799e+00
6.021967384348917207e+00
6.155042049410223370e+00
6.126640210002467946e+00
6.108807844252181596e+00
6.117657346575025024e+00
6.039151035802966305e+00
6.213959534488743053e+00
6.076446221883956333e+00
5.977186296150033051e+00
5.909129811045765734e+00
6.142225126641188915e+00
6.248538019092460871e+00
6.397440650529974349e+00
6.283609978796965478e+00
6.161902164050264474e+00
6.157916066792450849e+00
6.056127563854823315e+00
6.089661605290520363e+00
6.125874052456143026e+00
6.222087035480583062e+00
6.091469779522602046e+00
6.136989567592454620e+00
6.039379456581288608e+00
6.062808000041225220e+00
6.277271969091508197e+00
